日付,始値,高値,安値,終値,出来高,終値調整値,5日平均,10日平均,25日平均,75日平均,200日平均,ゴールデンクロス（25日）,ゴールデンクロス_A（25日）,デッドクロス（25日）,ゴールデンクロス（終値）,ゴールデンクロス_A（終値）,デッドクロス（終値）,25日平均上昇場,75日平均上昇場,25日平均急上昇ポイント,25日平均上昇陰りポイント,10日平均急上昇ポイント,5営業日後騰落率,10営業日後騰落率,20営業日後騰落率,40営業日後騰落率,乖離率（25日平均）,乖離率（75日平均）,25営業日後騰落率,75営業日後騰落率,75日平均変動率,75営業日後騰落率（10日平均）,40営業日前株価,60営業日前株価,出来高変化率,25日平均変動率,25日平均変動率差,75日平均変動率差
1997-01-28,680.0,680.0,680.0,680.0,254000.0,680.0,,,,,,False,False,False,False,False,False,False,False,False,False,False,-0.0764705882352941,-0.1176470588235294,,,,,-0.2058823529411764,-0.1911764705882352,,,,,1.0,,,
1997-01-29,650.0,650.0,600.0,640.0,60000.0,640.0,,,,,,False,False,False,False,False,False,False,False,False,False,False,-0.03125,-0.078125,,,,,-0.1578125,-0.1390625,,,,,0.2362204724409448,,,
1997-01-30,640.0,640.0,610.0,610.0,16000.0,610.0,,,,,,False,False,False,False,False,False,False,False,False,False,False,0.0163934426229508,-0.0327868852459016,,,,,-0.1327868852459016,-0.0950819672131147,,,,,0.2666666666666666,,,
1997-01-31,600.0,619.0,590.0,595.0,14000.0,595.0,,,,,,False,False,False,False,False,False,False,False,False,False,False,0.0252100840336134,-0.0084033613445378,,,,,-0.1092436974789916,-0.1411764705882353,,,,,0.875,,,
1997-02-03,605.0,610.0,600.0,610.0,15000.0,610.0,627.0,,,,,False,False,False,False,False,False,False,False,False,False,False,-0.0049180327868852,-0.0327868852459016,,,,,-0.1721311475409836,-0.1655737704918032,,,,,1.0714285714285714,,,
1997-02-04,610.0,628.0,610.0,628.0,15000.0,628.0,616.6,,,,,False,False,False,False,False,False,False,False,False,False,False,-0.0445859872611464,-0.0684713375796178,,,,,-0.1958598726114649,-0.1640127388535031,,,,,1.0,,,
1997-02-05,629.0,635.0,611.0,620.0,14000.0,620.0,612.6,,,,,False,False,False,False,False,False,False,False,False,False,False,-0.0483870967741935,-0.1290322580645161,,,,,-0.1774193548387097,-0.1451612903225806,,,,,0.9333333333333332,,,
1997-02-06,621.0,621.0,620.0,620.0,12000.0,620.0,614.6,,,,,False,False,False,False,False,False,False,False,False,False,False,-0.0483870967741935,-0.1290322580645161,,,,,-0.1774193548387097,-0.1854838709677419,,,,,0.8571428571428571,,,
1997-02-07,610.0,610.0,610.0,610.0,5000.0,610.0,617.6,,,,,False,False,False,False,False,False,False,False,False,False,False,-0.0327868852459016,-0.081967213114754,,,,,-0.1311475409836065,-0.1475409836065573,,,,,0.4166666666666667,,,
1997-02-10,610.0,610.0,607.0,607.0,2000.0,607.0,617.0,622.0,,,,False,False,False,False,False,False,False,False,False,False,False,-0.0280065897858319,-0.0444810543657331,,,,,-0.0362438220757825,-0.1680395387149917,,-0.1546623794212219,,,0.4,,,
1997-02-12,600.0,600.0,599.0,600.0,5000.0,600.0,611.4,614.0,,,,False,False,False,False,False,False,False,False,False,False,False,-0.025,-0.0166666666666666,,,,,-0.0566666666666666,-0.1583333333333333,,-0.1509771986970684,,,2.5,,,
1997-02-13,595.0,595.0,590.0,590.0,6000.0,590.0,605.4,609.0,,,,False,False,False,False,False,False,False,False,False,False,False,-0.0847457627118644,-0.0186440677966101,,,,,-0.0338983050847457,-0.1016949152542373,,-0.147454844006568,,,1.2,,,
1997-02-14,590.0,590.0,590.0,590.0,3000.0,590.0,599.4,607.0,,,,False,False,False,False,False,False,False,False,False,False,False,-0.0847457627118644,-0.0338983050847457,,,,,-0.0338983050847457,-0.1016949152542373,,-0.1482701812191103,,,0.5,,,
1997-02-17,590.0,590.0,590.0,590.0,1000.0,590.0,595.4,606.5,,,,False,False,False,False,False,False,False,False,False,False,False,-0.0508474576271186,-0.0677966101694915,,,,,-0.0338983050847457,-0.1016949152542373,,-0.1444352844187964,,,0.3333333333333333,,,
1997-02-18,590.0,590.0,590.0,590.0,2000.0,590.0,592.0,604.5,,,,False,False,False,False,False,False,False,False,False,False,False,-0.0169491525423728,-0.0677966101694915,,,,,-0.035593220338983,-0.1016949152542373,,-0.1381306865177833,,,2.0,,,
1997-02-19,585.0,590.0,585.0,585.0,4000.0,585.0,589.0,600.2,,,,False,False,False,False,False,False,False,False,False,False,False,0.0085470085470085,-0.0769230769230769,,,,,-0.0444444444444444,-0.094017094017094,,-0.1311229590136621,,,2.0,,,
1997-02-20,580.0,580.0,540.0,540.0,4000.0,540.0,579.0,592.2,,,,False,False,False,False,False,False,False,False,False,False,False,0.0722222222222222,-0.0018518518518518,,,,,0.0351851851851851,-0.0185185185185185,,-0.1193853427895981,,,1.0,,,
1997-02-21,540.0,540.0,540.0,540.0,9000.0,540.0,569.0,584.2,,,,False,False,False,False,False,False,False,False,False,False,False,0.0555555555555555,-0.0203703703703703,,,,,0.0351851851851851,-0.0185185185185185,,-0.1030469017459774,,,2.25,,,
1997-02-24,540.0,560.0,540.0,560.0,5000.0,560.0,563.0,579.2,,,,False,False,False,False,False,False,False,False,False,False,False,-0.0178571428571428,-0.0535714285714285,,,,,-0.0017857142857142,-0.0178571428571428,,-0.0901243093922652,,,0.5555555555555556,,,
1997-02-25,555.0,590.0,555.0,580.0,9000.0,580.0,561.0,576.5,,,,False,False,False,False,False,False,False,False,False,False,False,-0.0517241379310344,-0.1293103448275862,,,,,-0.0517241379310344,-0.1379310344827586,,-0.0867302688638334,,,1.8,,,
1997-02-26,590.0,590.0,580.0,590.0,11000.0,590.0,562.0,575.5,,,,False,False,False,False,False,False,False,False,False,False,False,-0.0847457627118644,-0.1440677966101695,,,,,-0.0677966101694915,-0.1694915254237288,,-0.0877497827975673,,,1.2222222222222223,,,
1997-02-27,579.0,579.0,579.0,579.0,1000.0,579.0,569.8,574.4,,,,False,False,False,False,False,False,False,False,False,False,False,-0.0690846286701209,-0.1191709844559585,,,,,-0.0500863557858376,-0.153713298791019,,-0.0929665738161559,,,0.0909090909090909,,,
1997-02-28,560.0,570.0,560.0,570.0,3000.0,570.0,575.8,572.4,,,,False,False,False,False,False,False,False,False,False,False,False,-0.0719298245614035,-0.1052631578947368,,,,,-0.0701754385964912,-0.1403508771929824,,-0.0967854647099929,,,3.0,,,
1997-03-04,550.0,550.0,550.0,550.0,2000.0,550.0,573.8,568.4,,,,False,False,False,False,False,False,False,False,False,False,False,-0.0363636363636363,-0.0363636363636363,,,,,-0.0363636363636363,-0.0363636363636363,,-0.0904292751583391,,,0.6666666666666666,,,
1997-03-05,550.0,550.0,550.0,550.0,3000.0,550.0,567.8,564.4,592.96,,,False,False,False,False,False,False,False,False,False,False,False,-0.0818181818181818,0.0636363636363636,,,-0.0781090909090909,,-0.0272727272727272,-0.0909090909090909,,-0.0892983699503897,,,1.5,,,
1997-03-06,540.0,540.0,540.0,540.0,1000.0,540.0,557.8,559.9,587.36,,,False,False,False,False,False,False,False,False,False,False,False,-0.0648148148148148,0.0481481481481481,,,-0.0877037037037037,,0.0203703703703703,-0.074074074074074,,-0.087337024468655,,,0.3333333333333333,-0.0095341868700626,,
1997-03-10,539.0,539.0,539.0,539.0,1000.0,539.0,549.8,559.8,583.32,,,False,False,False,False,False,False,False,False,False,False,False,-0.0538033395176252,0.0575139146567718,,,-0.082226345083488,,0.0389610389610389,-0.072356215213358,,-0.0925330475169702,,,1.0,-0.0069258725913734,0.0026083142786892,
1997-03-11,529.0,529.0,529.0,529.0,1000.0,529.0,541.6,558.7,580.08,,,False,False,False,False,False,False,False,False,False,False,False,-0.0359168241965973,0.0775047258979206,,,-0.0965595463137997,,0.0964083175803402,-0.0170132325141776,,-0.0925362448541257,,,1.0,-0.0055854364915184,0.001340436099855,
1997-03-12,505.0,530.0,505.0,530.0,7000.0,530.0,537.6,555.7,577.48,,,False,False,False,False,False,False,False,False,False,False,False,0.0,0.0754716981132075,,,-0.0895849056603774,,0.0754716981132075,-0.0188679245283018,,-0.0930358106892208,,,7.0,-0.0045023204266814,0.0010831160648369,
1997-03-13,520.0,520.0,505.0,505.0,8000.0,505.0,528.6,548.2,573.28,,,False,False,False,False,False,False,False,False,False,True,False,0.1584158415841584,0.1267326732673267,,,-0.1352079207920791,,0.1683168316831683,0.0,,-0.0797154323239694,,,1.1428571428571428,-0.0073262629081775,-0.0028239424814961,
1997-03-14,505.0,505.0,505.0,505.0,1000.0,505.0,521.6,539.7,568.36,,,False,False,False,False,False,False,False,False,False,True,False,0.1207920792079207,0.1069306930693069,,,-0.1254653465346535,,0.1188118811881188,-0.0495049504950495,,-0.0670743005373356,,,0.125,-0.0086564853262016,-0.001330222418024,
1997-03-18,510.0,510.0,510.0,510.0,1000.0,510.0,515.8,532.8,563.96,,,False,False,False,False,False,False,False,False,False,False,False,0.1176470588235294,0.096078431372549,,,-0.1058039215686275,,0.1078431372549019,-0.0784313725490196,,-0.0587462462462461,,,1.0,-0.0078019717710475,0.000854513555154,
1997-03-19,511.0,511.0,510.0,510.0,2000.0,510.0,512.0,526.8,559.56,,,False,False,False,False,False,False,False,False,False,True,False,0.1176470588235294,0.096078431372549,,,-0.0971764705882351,,0.1176470588235294,-0.0215686274509803,,-0.0463173880030371,,,2.0,-0.007863321180928,-6.134940988048506e-05,
1997-03-24,522.0,530.0,522.0,530.0,2000.0,530.0,512.0,524.8,556.36,,,False,False,False,False,False,False,False,False,False,False,False,0.0754716981132075,0.0547169811320754,,,-0.0497358490566038,,0.0754716981132075,-0.1132075471698113,,-0.0541158536585365,,,1.0,-0.0057516715795526,0.0021116496013753,
1997-03-25,550.0,585.0,550.0,585.0,16000.0,585.0,528.0,528.3,555.48,,,False,False,False,False,True,False,False,False,False,False,True,-0.0273504273504273,-0.0598290598290598,,,0.0504615384615384,,0.0256410256410256,-0.2341880341880342,,-0.0702252508044671,,,8.0,-0.0015842154533016,0.004167456126251,
1997-03-26,570.0,570.0,566.0,566.0,4000.0,566.0,540.2,530.9,554.12,,,False,False,False,False,False,False,False,False,False,True,False,-0.0123674911660777,-0.0282685512367491,,,0.0209893992932862,,0.0600706713780918,-0.2226148409893993,,-0.0860802411000188,,,0.25,-0.0024543420197791,-0.0008701265664774,
1997-03-27,561.0,575.0,561.0,570.0,6000.0,570.0,552.2,534.0,553.32,,,False,False,False,False,False,False,False,False,False,False,False,-0.019298245614035,-0.0350877192982456,,,0.0292631578947367,,0.0508771929824561,-0.2105263157894736,,-0.100749063670412,,,1.5,-0.0014458179715173,0.0010085240482618,
1997-03-28,570.0,580.0,570.0,570.0,5000.0,570.0,564.2,538.1,552.52,,,False,False,False,False,False,False,False,False,False,True,False,-0.019298245614035,-0.0701754385964912,,,0.0306666666666667,,0.0508771929824561,-0.2105263157894736,,-0.1206095521278573,,,0.8333333333333334,-0.0014479113878231,-2.0934163058850502e-06,
1997-03-31,570.0,570.0,570.0,570.0,2000.0,570.0,572.2,542.1,551.72,,,False,False,False,False,False,False,False,False,False,True,False,-0.019298245614035,-0.0701754385964912,,,0.0320701754385964,,0.0526315789473684,-0.175438596491228,,-0.1363217118612802,,,0.4,-0.0014500108750814,-2.0994872582918555e-06,
1997-04-02,569.0,569.0,569.0,569.0,1000.0,569.0,569.0,548.5,550.88,,,False,False,False,False,False,False,False,False,False,True,False,-0.0333919156414762,-0.0597539543057996,,,0.0318453427065026,,0.0544815465729349,-0.437609841827768,,-0.1801276207839562,,,0.5,-0.0015248329944816,-7.482211940013387e-05,
1997-04-04,559.0,559.0,559.0,559.0,1000.0,559.0,567.6,553.9,549.84,,,False,False,False,False,False,False,False,False,False,True,False,-0.0161001788908765,-0.0143112701252236,,,0.0163864042933809,,0.0787119856887298,-0.3738819320214669,,-0.2115905398086297,680.0,,1.0,-0.0018914593336242,-0.0003666263391426,
1997-04-07,559.0,559.0,559.0,559.0,6000.0,559.0,565.4,558.8,550.6,,,False,False,False,False,False,False,True,False,True,False,False,-0.0161001788908765,0.0017889087656529,,,0.0150268336314847,,0.0787119856887298,-0.3202146690518783,,-0.2346098783106656,640.0,,6.0,0.0013803123864874,0.0032717717201117,
1997-04-08,559.0,559.0,559.0,559.0,2000.0,559.0,563.2,563.7,551.36,,,False,False,False,False,False,False,True,False,False,True,False,-0.0518783542039356,0.0375670840787119,,,0.0136672629695885,,0.0787119856887298,-0.2844364937388193,,-0.2588256164626575,610.0,,0.3333333333333333,0.0013784097504352,-1.902636052181e-06,
1997-04-09,559.0,559.0,559.0,559.0,1000.0,559.0,561.0,566.6,551.32,,,False,False,False,False,False,False,False,False,False,True,False,-0.0518783542039356,0.0196779964221824,,,0.0137388193202145,,0.0966010733452593,-0.3738819320214669,,-0.2837980938933992,595.0,,0.5,-7.255314517877751e-05,-0.001450962895614,
1997-04-14,550.0,550.0,550.0,550.0,1000.0,550.0,557.2,563.1,550.12,,,False,False,False,False,False,True,False,False,False,True,False,-0.0272727272727272,0.0727272727272727,,,-0.0002181818181818,,0.1145454545454545,-0.4818181818181818,,-0.3082933759545374,610.0,,1.0,-0.0021813422525995,-0.0021087891074207,
1997-04-15,550.0,550.0,550.0,550.0,1000.0,550.0,555.4,561.5,548.52,,,False,False,False,False,False,False,False,False,False,True,False,0.0018181818181818,0.0272727272727272,,,0.0026909090909091,,0.0545454545454545,-0.4963636363636363,,-0.3353517364203028,628.0,,1.0,-0.0029169401298038,-0.0007355978772043,
1997-04-16,550.0,550.0,550.0,550.0,2000.0,550.0,553.6,559.5,547.36,,,False,False,False,False,False,False,False,False,False,False,False,0.0181818181818181,0.0272727272727272,,,0.0047999999999999,,0.0345454545454545,-0.5454545454545454,,-0.368722073279714,620.0,,2.0,-0.0021192633732826,0.0007976767565212,
1997-04-17,550.0,550.0,530.0,530.0,4000.0,530.0,547.8,555.5,545.76,,,False,False,False,False,False,False,False,False,False,True,False,0.0943396226415094,0.0754716981132075,,,-0.0297358490566037,,0.0566037735849056,-0.5471698113207547,,-0.401980198019802,620.0,,2.0,-0.0029316915860451,-0.0008124282127625,
1997-04-18,530.0,530.0,530.0,530.0,1000.0,530.0,542.0,551.5,544.96,,,False,False,False,False,False,False,False,False,False,False,False,0.0754716981132075,0.0754716981132075,,,-0.0282264150943396,,0.0377358490566037,-0.5283018867924528,,-0.4375339981867634,610.0,,0.25,-0.0014679976512036,0.0014636939348415,
1997-04-21,535.0,535.0,535.0,535.0,2000.0,535.0,539.0,548.1,544.36,,,False,False,False,False,False,False,False,False,False,False,False,0.102803738317757,0.1214953271028037,,,-0.0174953271028037,,0.02803738317757,-0.514018691588785,,-0.4449917898193761,607.0,,2.0,-0.0011022117716217,0.0003657858795819,
1997-04-22,551.0,551.0,551.0,551.0,1000.0,551.0,539.2,547.3,544.8,,,False,False,False,False,True,False,True,False,False,False,False,0.0254083484573502,0.0889292196007259,,,0.0112522686025409,,-0.0018148820326678,-0.484573502722323,,-0.4562397222729763,600.0,,0.5,0.0008076358296621,0.0019098476012839,
1997-04-23,560.0,560.0,560.0,560.0,2000.0,560.0,541.2,547.4,545.64,,,False,False,False,False,False,False,True,False,True,False,False,0.0089285714285714,0.0696428571428571,,,0.0256428571428571,,-0.0160714285714285,-0.4285714285714285,,-0.4672999634636463,590.0,,2.0,0.0015394765779635,0.0007318407483013,
1997-04-24,580.0,580.0,580.0,580.0,2000.0,580.0,551.2,549.5,547.68,,,False,False,False,False,False,False,True,False,False,False,True,-0.0172413793103448,0.0327586206896551,,,0.0557241379310345,,-0.0482758620689655,-0.396551724137931,,-0.4784349408553229,590.0,,1.0,0.0037248028045573,0.0021853262265937,
1997-04-25,570.0,580.0,570.0,570.0,10000.0,570.0,559.2,550.6,549.28,,,False,False,False,False,False,False,True,False,False,True,False,0.0,0.0526315789473684,,,0.0363508771929825,,-0.1035087719298245,-0.3859649122807017,,-0.4794769342535416,590.0,,5.0,0.0029129041654529,-0.0008118986391043,
1997-04-28,580.0,590.0,580.0,590.0,8000.0,590.0,570.2,554.6,552.68,,,False,False,False,False,False,False,True,False,False,False,False,0.0169491525423728,0.0169491525423728,,,0.0632542372881356,,-0.1372881355932203,-0.4050847457627118,,-0.4713306887847097,590.0,,0.8,0.0061518419338495,0.0032389377683965,
1997-04-30,600.0,600.0,565.0,565.0,3000.0,565.0,573.0,556.1,555.08,,,False,False,False,False,False,False,True,False,False,True,False,0.0619469026548672,0.0672566371681415,,,0.0175575221238937,,-0.0707964601769911,-0.3787610619469027,,-0.4594497392555295,585.0,,0.375,0.0043237010881316,-0.0018281408457179,
1997-05-01,565.0,565.0,565.0,565.0,1000.0,565.0,574.0,557.6,557.28,,,False,False,False,False,False,False,True,False,False,True,False,0.0601769911504424,0.0672566371681415,,,0.0136637168141593,,-0.0619469026548672,-0.3787610619469027,,-0.4427905308464849,540.0,,0.3333333333333333,0.003947746195808,-0.0003759548923235,
1997-05-08,570.0,570.0,570.0,570.0,1000.0,570.0,572.0,561.6,559.68,,,False,False,False,False,False,False,True,False,False,False,False,0.0508771929824561,0.0578947368421052,,,0.0181052631578948,,-0.1140350877192982,-0.3859649122807017,,-0.4271723646723647,540.0,,1.0,0.0042881646655231,0.000340418469715,
1997-05-09,570.0,570.0,570.0,570.0,2000.0,570.0,572.0,565.6,561.28,,,False,False,False,False,False,False,True,False,False,True,False,0.0526315789473684,0.075438596491228,,,0.0152982456140351,,-0.087719298245614,-0.387719298245614,,-0.4137199434229137,560.0,,2.0,0.0028506271379703,-0.0014375375275527,
1997-05-13,600.0,600.0,600.0,600.0,2000.0,600.0,574.0,572.1,561.88,,,False,False,False,False,False,False,True,False,False,True,False,0.0,0.0216666666666666,,,0.0635333333333333,,-0.1583333333333333,-0.4183333333333333,,-0.4048243314105926,580.0,,1.0,0.001067843667687,-0.0017827834702833,
1997-05-14,600.0,600.0,600.0,600.0,3000.0,600.0,581.0,577.0,563.24,,,False,False,False,False,False,False,True,False,False,False,False,0.005,-0.0333333333333333,,,0.0612666666666666,,-0.1583333333333333,-0.4183333333333333,,-0.3986135181975737,590.0,680.0,1.5,0.0024146012357077,0.0013467575680206,
1997-05-15,599.0,600.0,599.0,599.0,5000.0,599.0,587.8,580.9,564.4,,,False,False,False,False,False,False,True,False,False,True,False,0.006677796327212,-0.0500834724540901,,,0.057762938230384,,-0.1151919866444073,-0.4173622704507512,,-0.3976588053021174,579.0,640.0,1.6666666666666667,0.0020552799433025,-0.0003593212924051,
1997-05-16,599.0,599.0,599.0,599.0,6000.0,599.0,593.6,582.8,565.56,,,False,False,False,False,False,False,True,False,False,True,False,0.006677796327212,-0.0651085141903172,,,0.0558263772954925,,-0.1151919866444073,-0.4173622704507512,,-0.3997940974605353,570.0,610.0,1.2,0.0020510644317136,-4.215511588922388e-06,
1997-05-19,610.0,610.0,600.0,600.0,3000.0,600.0,599.6,585.8,566.76,,,False,False,False,False,False,False,True,False,False,False,False,0.0216666666666666,-0.0833333333333333,,,0.0554,,-0.1166666666666666,-0.42,,-0.4032092864458859,550.0,595.0,0.5,0.0021172983273344,6.623389562075829e-05,
1997-05-20,600.0,600.0,600.0,600.0,3000.0,600.0,599.6,586.8,568.0,,,False,False,False,False,False,False,True,False,False,False,False,0.0216666666666666,-0.0833333333333333,,,0.0533333333333333,,-0.1166666666666666,-0.42,,-0.404737559645535,550.0,610.0,1.0,0.0021830985915493,6.58002642149099e-05,
1997-05-21,603.0,603.0,603.0,603.0,1000.0,603.0,600.2,590.6,569.76,,,False,False,False,False,False,False,True,False,False,False,False,-0.0381426202321724,-0.087893864013267,,,0.0551243781094527,,-0.12106135986733,-0.4228855721393035,,-0.4090755164239756,540.0,628.0,0.3333333333333333,0.0030890199382195,0.0009059213466702,
1997-05-22,603.0,603.0,603.0,603.0,3000.0,603.0,601.0,594.4,571.52,,,False,False,False,False,False,False,True,False,False,True,False,-0.0563847429519071,-0.0862354892205638,,,0.0522056384742952,,-0.12106135986733,-0.4212271973466003,,-0.4131897711978465,539.0,620.0,3.0,0.0030795072788353,-9.512659384214911e-06,
1997-05-23,610.0,610.0,603.0,603.0,3000.0,603.0,601.8,597.7,573.28,,,False,False,False,False,False,False,True,False,False,True,False,-0.0713101160862354,-0.0845771144278607,,,0.0492868988391376,,-0.12106135986733,-0.4212271973466003,,-0.4165969549941443,529.0,620.0,1.0,0.0030700530281886,-9.454250646717677e-06,
1997-05-26,610.0,613.0,610.0,613.0,11000.0,613.0,604.4,602.0,575.44,,,False,False,False,False,False,False,True,False,False,False,False,-0.1027732463295269,-0.166394779771615,,,0.0612724306688416,,-0.1027732463295269,-0.4143556280587275,,-0.4191029900332226,530.0,610.0,3.6666666666666665,0.0037536493813431,0.0006835963531544,
1997-05-27,616.0,618.0,613.0,613.0,10000.0,613.0,607.0,603.3,577.96,,,False,False,False,False,False,False,True,False,False,False,False,-0.1027732463295269,-0.1696574225122349,,,0.0571615008156606,,-0.1843393148450244,-0.5122349102773246,,-0.4286424664346096,505.0,607.0,0.9090909090909092,0.0043601633331026,0.0006065139517594,
1997-06-02,580.0,580.0,580.0,580.0,1000.0,580.0,602.4,601.3,579.16,,,False,False,False,False,False,False,True,False,False,True,False,-0.0517241379310344,-0.0948275862068965,,,0.001448275862069,,-0.1551724137931034,-0.5172413793103449,,-0.4382171960751704,505.0,600.0,0.1,0.0020719662960148,-0.0022881970370878,
1997-06-03,569.0,569.0,569.0,569.0,1000.0,569.0,595.6,598.3,579.92,,,False,False,False,False,False,False,True,False,False,True,False,-0.031634446397188,-0.0685413005272407,,,-0.0191915641476273,,-0.1388400702987697,-0.4727592267135325,,-0.4435901721544376,510.0,590.0,1.0,0.0013105255897364,-0.0007614407062783,
1997-06-06,560.0,560.0,560.0,560.0,3000.0,560.0,587.0,594.4,581.12,,,False,False,False,False,False,False,True,False,False,False,False,-0.0142857142857142,-0.0982142857142857,,,-0.0377142857142857,,-0.125,-0.2678571428571428,,-0.4296769851951547,510.0,590.0,3.0,0.0020649779735683,0.0007544523838318,
1997-06-10,555.0,555.0,550.0,550.0,3000.0,550.0,574.4,589.4,581.92,,,False,False,False,False,False,False,True,False,False,True,False,-0.0709090909090909,-0.0545454545454545,,,-0.0580363636363635,,-0.0363636363636363,-0.2181818181818181,,-0.4109263657957244,530.0,590.0,1.0,0.0013747594171019,-0.0006902185564664,
1997-06-11,555.0,555.0,550.0,550.0,3000.0,550.0,561.8,584.4,582.52,573.28,,False,False,False,False,False,False,True,False,False,True,False,-0.0745454545454545,-0.0818181818181818,,,-0.0591272727272726,-0.0423272727272726,-0.0909090909090909,-0.1818181818181818,,-0.3884325804243669,585.0,590.0,1.0,0.0010300075533887,-0.0003447518637131,
1997-06-13,550.0,550.0,550.0,550.0,1000.0,550.0,555.8,579.1,582.48,571.5466666666666,,False,False,False,False,False,False,False,False,False,True,False,-0.0454545454545454,-0.0818181818181818,,,-0.0590545454545454,-0.0391757575757574,-0.0909090909090909,-0.1818181818181818,,-0.3652218960455879,566.0,585.0,0.3333333333333333,-6.867188572991969e-05,-0.0010986794391186,
1997-06-17,551.0,551.0,551.0,551.0,1000.0,551.0,552.2,573.9,582.12,570.36,,False,False,False,False,False,False,False,False,False,True,False,-0.0381125226860254,-0.0381125226860254,,,-0.0564791288566243,-0.0351361161524501,-0.0925589836660617,-0.219600725952813,-0.002080557308834,-0.3453563338560725,570.0,540.0,1.0,-0.0006184291898577,-0.0005497573041278,0.0009521492651406
1997-06-19,552.0,552.0,552.0,552.0,1000.0,552.0,550.6,568.8,581.0,569.5866666666667,,False,False,False,False,False,False,False,False,False,True,False,-0.0851449275362318,-0.0398550724637681,,,-0.0525362318840579,-0.0318599033816425,-0.0579710144927536,-0.2210144927536232,-0.0013577096842154,-0.3252461322081574,570.0,540.0,1.0,-0.0019277108433735,-0.0013092816535157,0.0007228476246186
1997-06-20,511.0,511.0,511.0,511.0,1000.0,511.0,542.8,558.6,578.64,568.4666666666667,,False,False,False,False,False,False,False,False,False,True,False,0.0176125244618395,0.0371819960861056,,,-0.1323679060665361,-0.1124592302674495,0.0176125244618395,-0.1585127201565557,-0.0019702122669168,-0.3002148227712138,570.0,560.0,1.0,-0.0040785289644684,-0.0021508181210949,-0.0006125025827014
1997-06-24,511.0,511.0,509.0,509.0,2000.0,509.0,534.6,548.2,575.4,567.12,,False,False,False,False,False,False,False,False,False,True,False,-0.0078585461689587,0.0412573673870334,,,-0.1304518664047151,-0.1141846758349705,-0.0078585461689587,-0.1552062868369351,-0.0023745709314901,-0.2630426851514046,569.0,580.0,2.0,-0.00563086548488,-0.0015523365204116,-0.0004043586645732
1997-06-25,525.0,525.0,525.0,525.0,17000.0,525.0,529.6,542.7,573.8,565.7466666666667,,False,False,False,False,False,False,False,False,False,False,False,-0.0380952380952381,0.0095238095238095,,,-0.0929523809523808,-0.0776126984126984,-0.0857142857142857,-0.1428571428571428,-0.0024274704814875,-0.2242491247466372,559.0,590.0,8.5,-0.0027884280237016,0.0028424374611784,-5.2899549997446806e-05
1997-06-26,545.0,550.0,530.0,530.0,12000.0,530.0,525.4,538.8,572.4,564.5466666666666,,False,False,False,False,False,False,False,False,False,False,False,0.0,0.0,,,-0.0799999999999999,-0.0651823899371068,-0.1132075471698113,-0.1490566037735849,-0.002125599300914,-0.1906087602078692,559.0,579.0,0.7058823529411765,-0.0024458420684835,0.0003425859552181,0.0003018711805735
1997-06-30,505.0,505.0,505.0,505.0,1000.0,505.0,516.0,533.3,569.8,563.0133333333333,,False,False,False,False,False,False,False,False,False,True,False,0.0495049504950495,0.0495049504950495,,,-0.1283168316831682,-0.1148778877887788,-0.0118811881188118,-0.1485148514851485,-0.0027234405342679,-0.1785111569473091,559.0,570.0,0.0833333333333333,-0.0045630045630046,-0.002117162494521,-0.0005978412333538
1997-07-03,520.0,520.0,520.0,520.0,2000.0,520.0,517.8,530.3,567.8,561.8133333333334,,False,False,False,False,False,False,False,False,False,False,False,0.0192307692307692,0.0576923076923076,,,-0.0919230769230768,-0.0804102564102565,-0.0961538461538461,-0.173076923076923,-0.0021359407632427,-0.173863850650575,559.0,550.0,2.0,-0.0035223670306445,0.00104063753236,0.0005874997710252
1997-07-04,505.0,505.0,505.0,505.0,2000.0,505.0,517.0,525.8,564.0,560.4533333333334,,False,False,False,False,False,False,False,False,False,True,False,0.0495049504950495,-0.0099009900990099,,,-0.1168316831683168,-0.1098085808580859,-0.1128712871287128,-0.1306930693069307,-0.0024266070324023,-0.1688855077976416,550.0,550.0,1.0,-0.0067375886524821,-0.0032152216218375,-0.0002906662691596
1997-07-07,505.0,505.0,505.0,505.0,3000.0,505.0,513.0,521.3,560.2,559.1866666666666,,False,False,False,False,False,False,False,False,False,True,False,0.0495049504950495,-0.0297029702970297,,,-0.1093069306930693,-0.1073003300330031,-0.1287128712871287,-0.0891089108910891,-0.0022651946875225,-0.159792825628237,550.0,540.0,1.5,-0.0067832916815422,-4.570302906003586e-05,0.0001614123448798
1997-07-10,530.0,530.0,530.0,530.0,1000.0,530.0,513.0,519.2,557.44,558.3866666666667,,False,False,True,False,False,False,False,False,False,False,False,0.0,-0.0754716981132075,,,-0.0517735849056604,-0.0535597484276729,-0.1509433962264151,-0.1320754716981132,-0.0014326989660688,-0.1506163328197227,550.0,539.0,0.3333333333333333,-0.0049512055109069,0.0018320861706352,0.0008324957214536
1997-07-11,530.0,530.0,530.0,530.0,1000.0,530.0,518.0,517.0,554.68,557.5866666666667,,False,False,False,False,False,False,False,False,False,True,False,0.0,-0.0754716981132075,,,-0.0465660377358489,-0.0520503144654088,-0.1509433962264151,-0.1320754716981132,-0.0014347545374111,-0.1411992263056092,530.0,529.0,1.0,-0.0049758419268769,-2.463641596995962e-05,-2.055571342311508e-06
1997-07-16,530.0,530.0,530.0,530.0,1000.0,530.0,520.0,518.9,551.88,556.7866666666666,,False,False,False,False,False,False,False,False,False,True,True,0.0377358490566037,0.0,,,-0.0412830188679245,-0.0505408805031445,-0.1132075471698113,-0.2169811320754717,-0.0014368160157093,-0.1472345345924069,530.0,530.0,1.0,-0.0050735667174022,-9.77247905253045e-05,-2.061478298168249e-06
1997-07-17,530.0,530.0,530.0,530.0,2000.0,530.0,525.0,521.0,549.08,555.9866666666667,,False,False,False,False,False,False,False,False,False,True,False,-0.0566037735849056,-0.0566037735849056,,,-0.036,-0.0490314465408805,-0.3962264150943396,-0.2452830188679245,-0.0014388834264609,-0.1564299424184261,535.0,505.0,2.0,-0.0050994390617031,-2.5872344300878307e-05,-2.0674107516732536e-06
1997-07-18,530.0,530.0,530.0,530.0,1000.0,530.0,530.0,521.5,546.16,555.2533333333333,,False,False,False,False,False,False,False,False,False,True,False,-0.0754716981132075,-0.0566037735849056,,,-0.0304905660377357,-0.0476477987421383,-0.3396226415094339,-0.2452830188679245,-0.0013207184708481,-0.1668264621284755,551.0,505.0,0.5,-0.0053464186319028,-0.0002469795701997,0.0001181649556128
1997-07-22,530.0,530.0,530.0,530.0,3000.0,530.0,530.0,521.5,543.24,555.12,,False,False,False,False,False,False,False,False,False,True,False,-0.0754716981132075,-0.0566037735849056,,,-0.0249811320754717,-0.0473962264150943,-0.2830188679245283,-0.2452830188679245,-0.0002401883076331,-0.1766059443911793,560.0,510.0,3.0,-0.0053751564685957,-2.873783669288428e-05,0.0010805301632149
1997-07-23,530.0,530.0,530.0,530.0,2000.0,530.0,530.0,524.0,540.32,554.9866666666667,,False,False,False,False,False,False,False,False,False,True,True,-0.0754716981132075,-0.0188679245283018,,,-0.0194716981132076,-0.0471446540880503,-0.2452830188679245,-0.2452830188679245,-0.0002402460119161,-0.1862595419847328,580.0,510.0,0.6666666666666666,-0.0054042049156054,-2.9048447009734184e-05,-5.770428301775875e-08
1997-07-25,550.0,550.0,550.0,550.0,13000.0,550.0,534.0,527.0,537.8,554.8533333333334,,False,False,False,False,True,False,False,False,False,False,False,-0.0363636363636363,-0.0545454545454545,,,0.0221818181818182,-0.0088242424242424,-0.3636363636363636,-0.2727272727272727,-0.0002403037439323,-0.196584440227704,570.0,530.0,6.5,-0.0046857567869098,0.0007184481286956,-5.7732016128271694e-08
1997-07-28,580.0,580.0,500.0,500.0,6000.0,500.0,528.0,526.5,533.28,553.7866666666666,,False,False,False,False,False,False,False,False,False,True,False,0.0,0.01,,,-0.0665599999999999,-0.1075733333333332,-0.43,-0.36,-0.0019261328068571,-0.2184235517568851,590.0,585.0,0.4615384615384615,-0.0084758475847584,-0.0037900907978486,-0.0016858290629248
1997-07-29,500.0,500.0,490.0,490.0,4000.0,490.0,520.0,525.0,529.68,552.4533333333334,,False,False,False,False,False,False,False,False,False,False,False,0.0204081632653061,-0.0204081632653061,,,-0.0809795918367345,-0.1274557823129252,-0.4346938775510204,-0.3469387755102041,-0.0024134768547568,-0.2428571428571428,565.0,566.0,0.6666666666666666,-0.0067965564114182,0.0016792911733401,-0.0004873440478996
1997-07-30,490.0,490.0,490.0,490.0,3000.0,490.0,512.0,521.0,526.52,551.2666666666667,,False,False,False,False,False,False,False,False,False,False,False,0.0204081632653061,-0.0408163265306122,,,-0.0745306122448979,-0.1250340136054421,-0.4897959183673469,-0.2653061224489796,-0.0021526182126013,-0.2562380038387716,565.0,570.0,0.75,-0.0060016713515155,0.0007948850599027,0.0002608586421554
1997-08-01,490.0,490.0,490.0,490.0,1000.0,490.0,504.0,517.0,523.72,550.2,,False,False,False,False,False,False,False,False,False,False,False,0.0612244897959183,0.0183673469387755,,,-0.0688163265306123,-0.1228571428571429,-0.5102040816326531,-0.2632653061224489,-0.0019386889615896,-0.26963249516441,570.0,570.0,0.3333333333333333,-0.0053463682883982,0.0006553030631172,0.0002139292510117
1997-08-05,530.0,530.0,530.0,530.0,4000.0,530.0,500.0,517.0,522.92,549.9333333333333,,False,False,False,False,True,False,False,False,False,False,False,-0.0188679245283018,-0.1132075471698113,,,0.0133584905660378,-0.0376100628930816,-0.5283018867924528,-0.2830188679245283,-0.0004849072614864,-0.2764023210831721,570.0,570.0,4.0,-0.0015298707259237,0.0038164975624745,0.0014537817001031
1997-08-25,500.0,500.0,500.0,500.0,13000.0,500.0,500.0,514.0,520.92,549.2666666666667,,False,False,False,False,False,False,False,False,False,True,False,0.01,-0.104,,,-0.0418399999999999,-0.0985333333333333,-0.48,-0.22,-0.0012137395314964,-0.274124513618677,600.0,569.0,3.25,-0.0038393611303079,-0.0023094904043841,-0.00072883227001
1997-08-26,500.0,500.0,500.0,500.0,2000.0,500.0,502.0,511.0,518.92,548.7333333333333,,False,False,False,False,False,False,False,False,False,True,False,-0.04,-0.12,,,-0.0378399999999999,-0.0974666666666667,-0.432,-0.2,-0.000971935366298,-0.2698630136986301,600.0,559.0,0.1538461538461538,-0.0038541586371695,-1.4797506861589146e-05,0.0002418041651983
1997-08-27,500.0,500.0,500.0,500.0,2000.0,500.0,504.0,508.0,516.88,548.2133333333334,,False,False,False,False,False,False,False,False,False,True,False,-0.06,-0.1,,,-0.0337599999999999,-0.0964266666666667,-0.36,-0.22,-0.0009485358497908,-0.26751968503937,599.0,559.0,1.0,-0.0039467574678841,-9.259883071465174e-05,2.339951650728346e-05
1997-08-28,520.0,520.0,520.0,520.0,1000.0,520.0,510.0,507.0,515.6,548.0933333333334,,False,False,False,False,True,False,False,False,False,False,False,-0.0403846153846153,-0.1346153846153846,,,0.0084615384615384,-0.054025641025641,-0.3269230769230769,-0.3057692307692308,-0.0002189408130002,-0.273767258382643,599.0,559.0,0.5,-0.0024825446082233,0.0014642128596607,0.0007295950367905
1997-08-29,520.0,520.0,520.0,520.0,2000.0,520.0,508.0,504.0,515.96,547.96,,False,False,False,False,False,False,True,False,False,False,False,-0.0961538461538461,-0.0961538461538461,,,0.0077692307692306,-0.0537692307692308,-0.3269230769230769,-0.3057692307692308,-0.0002433267635107,-0.2771825396825396,600.0,559.0,2.0,0.0006977285060857,0.0031802731143091,-2.4385950510477487e-05
1997-09-03,505.0,505.0,505.0,505.0,2000.0,505.0,509.0,504.5,515.8,547.96,,False,False,False,False,False,False,False,False,False,True,False,-0.1128712871287128,-0.3663366336633663,,,-0.0213861386138612,-0.0850693069306931,-0.3049504950495049,-0.2851485148514851,0.0,-0.2697720515361744,600.0,550.0,1.0,-0.0003101977510664,-0.0010079262571522,0.0002433267635107
1997-09-18,480.0,480.0,480.0,480.0,1000.0,480.0,505.0,503.5,514.0,547.6266666666667,,False,False,False,False,False,False,False,False,False,True,False,-0.0833333333333333,-0.2708333333333333,,,-0.0708333333333333,-0.1408888888888889,-0.26875,-0.2479166666666666,-0.0006086871834827,-0.2601787487586892,603.0,550.0,0.5,-0.0035019455252917,-0.0031917477742252,-0.0006086871834827
1997-09-22,470.0,470.0,470.0,470.0,1000.0,470.0,499.0,501.5,511.6,547.0933333333334,,False,False,False,False,False,False,False,False,False,True,False,-0.0425531914893617,-0.1914893617021276,,,-0.0885106382978723,-0.1640283687943263,-0.2531914893617021,-0.2319148936170212,-0.0009748488984206,-0.2570289132602193,603.0,550.0,1.0,-0.0046911649726348,-0.001189219447343,-0.0003661617149379
1997-09-24,480.0,499.0,480.0,499.0,19000.0,499.0,494.8,502.4,511.36,546.9466666666667,,False,False,False,False,False,False,False,False,False,False,False,-0.0981963927855711,-0.1983967935871743,,,-0.0247695390781563,-0.0960855043420174,-0.2985971943887776,-0.2985971943887776,-0.0002681553350722,-0.2605493630573248,603.0,530.0,19.0,-0.0004693366708385,0.0042218283017962,0.0007066935633484
1997-10-02,470.0,470.0,470.0,470.0,2000.0,470.0,484.8,496.4,509.36,546.1466666666666,,False,False,False,False,False,False,False,False,False,True,False,0.0,-0.2553191489361702,,,-0.0837446808510638,-0.162014184397163,-0.2574468085106383,-0.2978723404255319,-0.0014648079880863,-0.2616841257050765,613.0,530.0,0.1052631578947368,-0.003926495994974,-0.0034571593241355,-0.0011966526530141
1997-10-07,448.0,448.0,448.0,448.0,1000.0,448.0,473.4,491.2,507.08,544.32,,False,False,False,False,False,False,False,False,False,True,False,-0.2857142857142857,-0.3638392857142857,,,-0.1318749999999999,-0.2150000000000001,-0.2209821428571428,-0.2633928571428571,-0.0033558690966097,-0.2660830618892508,613.0,535.0,0.5,-0.0044963319397334,-0.0005698359447593,-0.0018910611085233
1997-10-08,440.0,440.0,440.0,440.0,1000.0,440.0,465.4,485.2,504.48,542.64,,False,False,False,False,False,False,False,False,False,True,False,-0.2045454545454545,-0.3704545454545455,,,-0.1465454545454546,-0.2332727272727272,-0.2068181818181818,-0.3522727272727273,-0.0030959752321982,-0.2807089859851607,580.0,551.0,1.0,-0.0051538217570567,-0.0006574898173232,0.0002598938644114
1997-10-27,450.0,450.0,450.0,450.0,18000.0,450.0,461.4,480.2,501.28,541.04,,False,False,False,False,False,False,False,False,False,True,False,-0.1555555555555555,-0.4444444444444444,,,-0.1139555555555554,-0.202311111111111,-0.2244444444444444,-0.3644444444444444,-0.002957267484844,-0.2948771345272802,569.0,560.0,18.0,-0.00638365783594,-0.0012298360788833,0.0001387077473542
1997-10-30,450.0,450.0,450.0,450.0,1000.0,450.0,451.6,473.2,498.08,539.44,,False,False,False,False,False,False,False,False,False,True,False,-0.1111111111111111,-0.4666666666666667,,,-0.1068444444444444,-0.1987555555555556,-0.2244444444444444,-0.2666666666666666,-0.0029660388551088,-0.2909974640743871,560.0,580.0,0.0555555555555555,-0.0064246707356247,-4.101289968469219e-05,-8.771370264786579e-06
1997-10-31,450.0,470.0,450.0,470.0,3000.0,470.0,451.6,468.2,495.68,538.1066666666667,,False,False,False,False,False,False,False,False,False,False,False,-0.2553191489361702,-0.4680851063829787,,,-0.0546382978723404,-0.1449078014184397,-0.2595744680851063,-0.4680851063829787,-0.0024778234798553,-0.3071337035454934,550.0,570.0,3.0,-0.0048418334409295,0.0015828372946951,0.0004882153752534
1997-11-27,315.0,320.0,315.0,320.0,6000.0,320.0,426.0,449.7,487.28,534.7866666666666,,False,False,False,False,False,False,False,False,False,True,False,-0.109375,-0.1875,,,-0.5227499999999999,-0.6712083333333332,0.0875,-0.28125,-0.0062080829738962,-0.3077607293751389,550.0,590.0,2.0,-0.017238548678378,-0.0123967152374484,-0.0037302594940408
1997-11-28,350.0,350.0,350.0,350.0,1000.0,350.0,408.0,436.7,480.08,532.0,,False,False,False,False,False,False,False,False,False,False,False,-0.2085714285714285,-0.1885714285714285,,,-0.3716571428571428,-0.52,-0.0057142857142857,-0.2857142857142857,-0.0052380952380951,-0.3125715594229448,550.0,565.0,0.1666666666666666,-0.0149975004165972,0.0022410482617807,0.000969987735801
1997-12-01,380.0,380.0,380.0,380.0,1000.0,380.0,394.0,427.7,474.08,529.6133333333333,,False,False,False,False,False,False,False,False,False,False,False,-0.3421052631578947,-0.1578947368421052,,,-0.247578947368421,-0.3937192982456141,-0.081578947368421,-0.3684210526315789,-0.004506432365751,-0.326397007248071,551.0,565.0,1.0,-0.0126560917988525,0.0023414086177446,0.000731662872344
1997-12-02,400.0,400.0,400.0,400.0,4000.0,400.0,384.0,417.8,468.88,527.4933333333333,,False,False,False,False,False,False,False,False,False,False,False,-0.4,-0.125,,,-0.1722,-0.3187333333333333,-0.1275,-0.3875,-0.0040190081391234,-0.3355672570607946,552.0,570.0,4.0,-0.0110902576352158,0.0015658341636367,0.0004874242266276
1997-12-10,350.0,350.0,350.0,350.0,1000.0,350.0,360.0,405.8,460.88,524.7066666666667,,False,False,False,False,False,False,False,False,False,True,False,-0.2857142857142857,0.0,,,-0.3167999999999999,-0.4991619047619048,0.0257142857142857,-0.3,-0.0053109038700987,-0.3368654509610645,511.0,570.0,0.25,-0.0173580975525082,-0.0062678399172924,-0.0012918957309753
1997-12-12,285.0,285.0,285.0,285.0,1000.0,285.0,353.0,389.5,452.28,521.1733333333333,,False,False,False,False,False,False,False,False,False,True,False,-0.087719298245614,0.231578947368421,,,-0.5869473684210526,-0.8286783625730992,0.0491228070175438,-0.0912280701754386,-0.0067795742939011,-0.3273427471116816,509.0,600.0,1.0,-0.0190147696117449,-0.0016566720592367,-0.0014686704238023
1997-12-25,277.0,277.0,277.0,277.0,9000.0,277.0,338.4,373.2,443.76,517.5333333333333,,False,False,False,False,False,False,False,False,False,True,False,0.0252707581227436,0.2671480144404332,,,-0.6020216606498194,-0.8683513838748494,0.0108303249097472,-0.0252707581227436,-0.0070333633904418,-0.3019828510182207,525.0,600.0,9.0,-0.0191995673336938,-0.0001847977219488,-0.0002537890965407
1998-01-09,250.0,250.0,250.0,250.0,1000.0,250.0,312.4,353.2,434.16,513.5333333333333,,False,False,False,False,False,False,False,False,False,True,False,0.28,0.404,,,-0.7366400000000001,-1.0541333333333331,0.2,0.236,-0.0077891730494612,-0.2559456398640996,530.0,599.0,0.1111111111111111,-0.0221116639027086,-0.0029120965690147,-0.0007558096590194
1998-01-12,240.0,240.0,240.0,240.0,1000.0,240.0,280.4,332.2,424.16,509.6666666666667,,False,False,False,False,False,False,False,False,False,True,False,0.4583333333333333,0.4583333333333333,,,-0.7673333333333334,-1.1236111111111111,0.7083333333333334,0.2291666666666666,-0.00758665794637,-0.2194461167971101,505.0,599.0,1.0,-0.0235760090531874,-0.0014643451504788,0.0002025151030911
1998-01-16,250.0,250.0,250.0,250.0,1000.0,250.0,260.4,310.2,412.96,505.9333333333333,,False,False,False,False,False,False,False,False,False,True,False,0.4,0.396,,,-0.6518399999999999,-1.0237333333333332,0.72,0.296,-0.0073791013308737,-0.1402321083172147,520.0,600.0,1.0,-0.0271212708252616,-0.0035452617720741,0.0002075566154963
1998-01-20,260.0,260.0,260.0,260.0,1000.0,260.0,255.4,304.2,403.36,502.26666666666665,,False,False,False,False,False,False,False,False,False,False,False,0.35,0.3423076923076923,,,-0.5513846153846155,-0.9317948717948716,0.7307692307692307,0.2923076923076923,-0.0073002389169099,-0.0884286653517422,505.0,600.0,1.0,-0.0238000793335976,0.0033211914916639,7.88624139638431e-05
1998-01-27,283.0,284.0,283.0,284.0,2000.0,284.0,256.8,297.6,394.72,498.70666666666665,,False,False,False,False,False,False,False,False,False,False,False,0.2359154929577464,0.2288732394366197,,,-0.3898591549295775,-0.7560093896713614,0.5845070422535211,0.1830985915492957,-0.0071384648290244,-0.0393145161290324,505.0,603.0,2.0,-0.0218889339278475,0.0019111454057501,0.0001617740878855
1998-02-02,320.0,320.0,320.0,320.0,1000.0,320.0,270.8,291.6,387.52,495.50666666666666,,False,False,False,False,False,False,False,False,False,False,False,0.096875,0.090625,,,-0.2109999999999999,-0.5484583333333333,0.34375,0.05,-0.0064580362188197,0.0133744855967077,530.0,603.0,0.5,-0.0185796862097441,0.0033092477181034,0.0006804286102046
1998-02-04,350.0,350.0,350.0,350.0,1000.0,350.0,292.8,286.6,380.72,492.44,,False,False,False,False,False,False,False,False,False,False,False,0.0,-0.0028571428571428,,,-0.0877714285714286,-0.4069714285714285,0.2285714285714285,-0.04,-0.0062274930279154,0.0628053035589672,530.0,603.0,1.0,-0.0178608951460389,0.0007187910637051,0.0002305431909043
1998-02-05,350.0,350.0,350.0,350.0,1000.0,350.0,312.8,286.6,373.92,489.50666666666666,,False,False,False,False,False,False,False,False,False,True,False,-0.0028571428571428,-0.0057142857142857,,,-0.0683428571428571,-0.3985904761904761,0.2285714285714285,-0.04,-0.0059924277503881,0.094556873691556,530.0,613.0,1.0,-0.0181857081728712,-0.0003248130268322,0.0002350652775272
1998-02-12,351.0,351.0,351.0,351.0,1000.0,351.0,331.0,293.2,367.76,486.32,,False,False,False,False,False,False,False,False,False,False,True,-0.0056980056980056,-0.0085470085470085,,,-0.0477492877492877,-0.3855270655270655,0.225071225071225,-0.0313390313390313,-0.006552612820091,0.0975443383356071,530.0,613.0,1.0,-0.0167500543832935,0.0014356537895777,-0.0005601850697028
1998-02-13,351.0,351.0,351.0,351.0,1000.0,351.0,344.4,300.6,362.6,483.4666666666666,,False,False,False,False,False,False,False,False,False,False,False,-0.0056980056980056,-0.0085470085470085,,,-0.0330484330484331,-0.3773979107312438,0.282051282051282,-0.0284900284900284,-0.0059018201875346,0.0941450432468394,530.0,580.0,1.0,-0.0142305570876998,0.0025194972955936,0.0006507926325563
1998-02-17,351.0,351.0,351.0,351.0,1000.0,351.0,350.6,310.7,357.84,480.6133333333333,,False,False,False,False,False,False,False,False,False,False,False,-0.0056980056980056,-0.0056980056980056,,,-0.0194871794871794,-0.3692687559354224,0.2849002849002849,-0.0313390313390313,-0.0059368584586361,0.0685548760862568,530.0,569.0,1.0,-0.0133020344287951,0.0009285226589047,-3.503827110147833e-05
1998-02-20,350.0,350.0,350.0,350.0,1000.0,350.0,350.6,321.7,351.88,477.68,,False,False,False,False,False,False,False,False,False,True,False,-0.0028571428571428,-0.0028571428571428,,,-0.0053714285714285,-0.3648,0.2285714285714285,-0.0142857142857142,-0.006140791603863,0.0475598383587193,530.0,560.0,1.0,-0.0169375923610321,-0.0036355579322369,-0.0002039331452268
1998-02-25,349.0,349.0,349.0,349.0,5000.0,349.0,350.4,331.6,347.04,474.73333333333335,,False,False,False,False,True,False,False,False,False,False,False,-0.0028653295128939,0.0286532951289398,,,0.0056160458452721,-0.3602674307545368,0.2320916905444126,0.0859598853868194,-0.0062069933998033,0.0328709288299154,550.0,550.0,5.0,-0.013946519133241,0.002991073227791,-6.620179594037535e-05
1998-02-26,349.0,349.0,349.0,349.0,2000.0,349.0,350.0,340.5,343.08,471.38666666666666,,False,False,False,False,False,False,False,False,False,False,False,-0.0028653295128939,-0.1432664756446991,,,0.0169627507163324,-0.3506781279847182,0.2578796561604584,0.0888252148997134,-0.00709962097641,0.0187958883994125,500.0,550.0,0.4,-0.0115424973767052,0.0024040217565358,-0.0008926275766066
1998-03-03,349.0,349.0,349.0,349.0,1000.0,349.0,349.6,347.0,339.44,468.04,,False,False,False,False,False,False,False,False,False,False,False,-0.0028653295128939,-0.1977077363896848,,,0.0273925501432664,-0.3410888252148997,0.318051575931232,0.0888252148997134,-0.0071503860068939,0.0123919308357349,490.0,550.0,0.5,-0.0107235446617958,0.0008189527149093,-5.076503048385191e-05
1998-03-05,349.0,349.0,349.0,349.0,3000.0,349.0,349.2,349.9,335.4,464.70666666666665,,False,False,False,False,False,False,False,False,False,True,False,0.0,-0.1404011461318051,,,0.0389684813753582,-0.3315377268385864,0.318051575931232,0.0888252148997134,-0.0071729836742892,0.0165761646184624,490.0,551.0,3.0,-0.0120453190220632,-0.0013217743602674,-2.259766739530836e-05
1998-03-17,349.0,349.0,349.0,349.0,1000.0,349.0,349.0,349.8,331.36,461.3733333333333,,False,False,False,False,False,False,False,False,False,True,False,0.0,0.1747851002865329,,,0.0505444126074498,-0.321986628462273,0.318051575931232,0.0888252148997134,-0.0072248070976505,0.0294453973699257,490.0,552.0,0.3333333333333333,-0.0121921776919361,-0.0001468586698728,-5.182342336133676e-05
1998-03-20,348.0,348.0,348.0,348.0,1000.0,348.0,348.8,349.6,326.48,458.0133333333333,,False,False,False,False,False,False,False,False,False,True,False,0.0316091954022988,0.2356321839080459,,,0.06183908045977,-0.3161302681992337,0.1925287356321839,0.1149425287356321,-0.0073360309743529,0.0449084668192219,530.0,511.0,1.0,-0.0149473168341092,-0.0027551391421731,-0.0001112238767023
1998-03-25,348.0,348.0,348.0,348.0,31000.0,348.0,348.6,349.3,327.6,454.6533333333333,,False,False,False,False,False,False,True,False,True,False,False,-0.1408045977011494,0.293103448275862,,,0.0586206896551723,-0.3064750957854405,0.1494252873563218,-0.0517241379310344,-0.0073902460482712,0.0429430289149728,500.0,509.0,31.0,0.0034188034188034,0.0183661202529127,-5.421507391833221e-05
1998-03-26,348.0,348.0,348.0,348.0,1000.0,348.0,348.4,349.0,327.52,451.2533333333333,,False,False,False,False,False,False,False,False,False,True,False,-0.1954022988505747,0.293103448275862,,,0.0588505747126437,-0.2967049808429117,0.1494252873563218,-0.0517241379310344,-0.0075345703817516,0.0406876790830945,500.0,525.0,0.032258064516129,-0.0002442598925257,-0.0036630633113292,-0.0001443243334804
1998-03-27,349.0,349.0,349.0,349.0,1000.0,349.0,348.4,348.8,326.28,447.8666666666667,,False,False,False,False,False,False,False,False,False,True,False,-0.1404011461318051,0.2320916905444126,,,0.0651002865329513,-0.2832855778414518,0.1461318051575931,-0.0401146131805157,-0.0075617743376003,0.0398509174311925,500.0,530.0,1.0,-0.0038004168199093,-0.0035561569273835,-2.720395584868314e-05
1998-03-31,349.0,349.0,349.0,349.0,1000.0,349.0,348.4,348.7,324.24,444.48,,False,False,False,False,False,False,False,False,False,True,False,0.1747851002865329,0.2320916905444126,,,0.0709455587392549,-0.2735816618911175,0.1461318051575931,-0.0544412607449856,-0.007619390448764,0.035847433323774,520.0,505.0,1.0,-0.0062916358253144,-0.0024912190054051,-5.761611116374913e-05
1998-04-03,359.0,359.0,359.0,359.0,2000.0,359.0,350.6,349.7,324.6,441.0933333333333,,False,False,False,False,False,False,True,False,True,False,True,0.1977715877437326,0.1977715877437326,,,0.0958217270194985,-0.2286722376973072,0.1142061281337047,-0.0668523676880222,-0.0076778913004051,0.0203031169573921,520.0,520.0,2.0,0.0011090573012939,0.0074006931266084,-5.850085164108444e-05
1998-04-24,299.0,299.0,299.0,299.0,6000.0,299.0,340.8,344.7,325.16,436.9066666666667,,False,False,False,False,False,False,True,False,False,False,False,0.5050167224080268,0.4381270903010033,,,-0.0874916387959867,-0.4612263099219622,0.0702341137123745,0.1672240802675585,-0.0095825195312498,0.0261096605744125,505.0,505.0,3.0,0.0017222290564645,0.0006131717551705,-0.0019046282308447
1998-05-13,280.0,280.0,280.0,280.0,1000.0,280.0,327.2,337.8,325.28,432.9066666666667,,False,False,False,False,False,False,True,False,False,True,False,0.6071428571428571,0.6071428571428571,,,-0.1617142857142856,-0.5460952380952382,0.1428571428571428,0.25,-0.0092398669459159,0.0381882770870336,480.0,505.0,0.1666666666666666,0.0003689129365468,-0.0013533161199177,0.0003426525853338
1998-05-22,265.0,300.0,265.0,300.0,9000.0,300.0,317.4,332.9,327.28,429.32,,False,False,False,False,False,False,True,False,True,False,False,0.4333333333333333,0.5033333333333333,,,-0.0909333333333332,-0.4310666666666666,0.2,0.2,-0.0083542967172894,0.0474617002102733,470.0,530.0,9.0,0.0061109753116597,0.0057420623751129,0.0008855702286265
1998-06-05,405.0,410.0,405.0,410.0,4000.0,410.0,329.6,339.0,334.08,427.32,,False,False,False,True,True,False,True,False,False,False,True,0.048780487804878,0.048780487804878,,,0.1851707317073171,-0.0422439024390243,-0.1195121951219512,-0.1268292682926829,-0.0046803332397266,0.0221238938053097,499.0,530.0,0.4444444444444444,0.0203544061302682,0.0142434308186084,0.0036739634775627
1998-06-08,410.0,430.0,410.0,430.0,2000.0,430.0,343.8,347.2,341.28,425.72,,False,False,False,False,False,False,True,False,False,False,False,0.0,0.0,,,0.2063255813953489,0.0099534883720929,-0.1162790697674418,-0.1674418604651162,-0.003758338814244,-0.0106566820276497,470.0,530.0,0.5,0.021097046413502,0.0007426402832338,0.0009219944254826
1998-06-15,430.0,450.0,430.0,450.0,3000.0,450.0,374.0,357.4,348.88,424.38666666666666,,False,False,False,False,False,False,True,False,False,False,False,-0.0444444444444444,-0.0244444444444444,,,0.2247111111111111,0.0569185185185185,-0.1333333333333333,-0.2044444444444444,-0.0031417889346194,-0.0310576385002797,448.0,530.0,1.5,0.0217839944966751,0.000686948083173,0.0006165498796245
1998-06-16,430.0,450.0,430.0,450.0,12000.0,450.0,408.0,367.6,355.52,423.0533333333333,,False,False,False,False,False,False,True,False,False,True,False,0.0,0.0222222222222222,,,0.2099555555555556,0.0598814814814815,-0.1111111111111111,-0.2022222222222222,-0.0031516908821583,-0.0500544069640915,440.0,530.0,4.0,0.0186768676867686,-0.0031071268099065,-9.901947538906372e-06
1998-06-17,430.0,430.0,430.0,430.0,2000.0,430.0,434.0,375.7,359.92,421.44,,False,False,False,False,False,False,True,False,False,True,False,0.0488372093023255,0.0697674418604651,,,0.1629767441860464,0.019906976744186,-0.0930232558139534,-0.1651162790697674,-0.0038281447734749,-0.0641469257386211,450.0,530.0,0.1666666666666666,0.0122249388753057,-0.0064519288114629,-0.0006764538913165
1998-06-18,430.0,430.0,430.0,430.0,5000.0,430.0,438.0,383.8,363.12,419.8133333333333,,False,False,False,False,False,False,True,False,False,True,False,0.0,0.0697674418604651,,,0.1555348837209302,0.0236899224806202,-0.1604651162790697,-0.1651162790697674,-0.0038747379787843,-0.0763418447107869,450.0,530.0,2.5,0.0088125137695527,-0.0034124251057529,-4.659320530939421e-05
1998-06-24,430.0,430.0,430.0,430.0,2000.0,430.0,438.0,390.9,366.32,418.73333333333335,,False,False,False,False,False,False,True,False,False,True,False,0.0,-0.0348837209302325,,,0.1480930232558139,0.0262015503875968,-0.1604651162790697,-0.1186046511627907,-0.002579207132622,-0.0818623688922998,470.0,550.0,0.4,0.0087355317754968,-7.698199405593159e-05,0.0012955308461623
1998-06-25,431.0,431.0,430.0,430.0,6000.0,430.0,434.0,404.0,369.48,417.68,,False,False,False,False,False,False,True,False,False,True,False,0.0209302325581395,-0.0697674418604651,,,0.1407441860465116,0.0286511627906976,-0.1604651162790697,-0.0697674418604651,-0.002521866819894,-0.099009900990099,320.0,500.0,3.0,0.0085525603550937,-0.000182971420403,5.734031272798231e-05
1998-07-02,450.0,450.0,450.0,450.0,1000.0,450.0,434.0,421.0,373.44,416.68,,False,False,False,False,False,False,True,False,False,False,False,0.0222222222222222,-0.1111111111111111,,,0.1701333333333333,0.0740444444444444,-0.1977777777777777,-0.0888888888888888,-0.0023999232024575,-0.1211401425178147,350.0,490.0,0.1666666666666666,0.0106041131105397,0.002051552755446,0.0001219436174365
1998-07-06,451.0,451.0,451.0,451.0,1000.0,451.0,438.2,436.1,377.44,415.62666666666667,,False,False,False,False,False,False,True,False,False,True,False,0.0199556541019955,-0.1130820399113082,,,0.1631042128603104,0.0784331116038433,-0.1995565410199556,-0.1130820399113082,-0.0025343256768895,-0.1423985324466865,380.0,490.0,1.0,0.0105977108944468,-6.402216092991561e-06,-0.000134402474432
1998-07-24,430.0,430.0,430.0,430.0,1000.0,430.0,438.2,438.1,380.64,414.62666666666667,,False,False,False,False,False,False,True,False,False,True,False,0.0697674418604651,-0.0697674418604651,,,0.1147906976744186,0.0357519379844961,-0.1860465116279069,-0.0697674418604651,-0.0024118082130109,-0.1367267747089706,400.0,490.0,1.0,0.0084068936527952,-0.0021908172416515,0.0001225174638786
1998-07-27,430.0,430.0,430.0,430.0,3000.0,430.0,438.2,438.1,383.88,413.4266666666667,,False,False,False,False,False,False,True,False,False,False,False,-0.0348837209302325,-0.0697674418604651,,,0.1072558139534883,0.0385426356589147,-0.2325581395348837,-0.1162790697674418,-0.0029025703873318,-0.1317050901620635,350.0,530.0,3.0,0.0084401375429822,3.3243890186943764e-05,-0.0004907621743209
1998-07-30,439.0,439.0,439.0,439.0,3000.0,439.0,440.0,437.0,387.48,412.5466666666667,,False,False,False,False,False,False,True,False,False,False,False,-0.0888382687927107,-0.2710706150341685,,,0.1173576309794988,0.0602581624905087,-0.2482915717539863,-0.0911161731207289,-0.0021330920138327,-0.120137299771167,285.0,500.0,1.0,0.0092908021059152,0.0008506645629329,0.000769478373499
1998-08-05,460.0,460.0,460.0,460.0,3000.0,460.0,442.0,438.0,391.92,411.94666666666666,,False,False,False,False,False,False,True,False,False,False,True,-0.1304347826086956,-0.3043478260869565,,,0.1479999999999999,0.104463768115942,-0.3804347826086957,-0.1304347826086956,-0.0014564992232004,-0.1127853881278538,277.0,500.0,1.0,0.011328842620943,0.0020380405150278,0.0006765927906322
1998-08-07,460.0,460.0,460.0,460.0,2000.0,460.0,443.8,441.0,396.36,411.0133333333333,,False,False,False,False,False,False,True,False,False,True,False,-0.1304347826086956,-0.217391304347826,,,0.1383478260869565,0.1064927536231884,-0.3782608695652174,-0.1739130434782608,-0.0022708103548952,-0.1140589569160998,250.0,500.0,0.6666666666666666,0.0112019376324553,-0.0001269049884877,-0.0008143111316947
1998-08-25,460.0,460.0,460.0,460.0,4000.0,460.0,449.8,444.0,400.8,410.08,,False,False,False,False,False,False,True,False,False,True,False,-0.1304347826086956,-0.2152173913043478,,,0.128695652173913,0.1085217391304348,-0.2826086956521739,-0.1739130434782608,-0.0022759786708284,-0.1153153153153152,240.0,520.0,2.0,0.0110778443113772,-0.000124093321078,-5.168315933237744e-06
1998-09-07,400.0,415.0,400.0,415.0,2000.0,415.0,446.8,442.5,403.48,408.5466666666667,,False,False,False,False,False,False,True,False,False,True,False,-0.036144578313253,-0.0843373493975903,,,0.0277590361445782,0.0155502008032128,-0.3975903614457831,-0.0795180722891566,-0.0037531412160176,-0.111638418079096,250.0,520.0,0.5,0.0066422127490829,-0.0044356315622942,-0.0014771625451892
1998-09-08,400.0,400.0,400.0,400.0,1000.0,400.0,439.0,439.5,405.56,406.8133333333333,,False,False,False,False,False,False,True,False,False,True,False,-0.2,-0.025,,,-0.0139,-0.0170333333333331,-0.425,-0.025,-0.004260758414998,-0.1078498293515357,260.0,505.0,0.5,0.0051287109182364,-0.0015135018308465,-0.0005076171989803
1998-09-17,400.0,400.0,400.0,400.0,1000.0,400.0,427.0,434.5,407.64,405.08,,False,True,False,False,False,False,True,False,False,True,False,-0.2,0.0,,,-0.0190999999999999,-0.0126999999999999,-0.375,-0.0025,-0.0042789901583225,-0.1001150747986191,284.0,480.0,1.0,0.0051025414581493,-2.6169460087164045e-05,-1.82317433244858e-05
1998-09-18,400.0,400.0,400.0,400.0,1000.0,400.0,415.0,429.4,409.68,403.3466666666667,,False,False,False,False,False,False,True,False,False,True,False,-0.1,-0.025,,,-0.0242,-0.0083666666666667,-0.4,0.1975,-0.0042973785990544,-0.0710293432696786,320.0,470.0,1.0,0.00497949619215,-0.0001230452659992,-1.838844073193992e-05
1998-09-25,399.0,400.0,399.0,400.0,4000.0,400.0,403.0,426.4,411.72,401.6133333333333,,False,False,False,False,False,False,True,False,False,True,False,-0.0975,-0.0975,,,-0.0293,-0.0040333333333332,-0.3875,0.2125,-0.004315925766077,-0.0445590994371482,350.0,499.0,4.0,0.0049548236665695,-2.4672525580458383e-05,-1.854716702253019e-05
1998-09-28,400.0,400.0,400.0,400.0,1000.0,400.0,400.0,423.4,413.36,399.6133333333333,,False,False,False,False,False,False,True,False,False,True,False,-0.05,-0.0975,,,-0.0334,0.0009666666666667,-0.3875,0.0,-0.0050048380100764,-0.0330656589513462,350.0,470.0,0.25,0.0039674859686471,-0.0009873376979224,-0.0006889122439994
1998-10-26,320.0,320.0,320.0,320.0,5000.0,320.0,384.0,411.5,414.2,397.2133333333333,,False,False,False,False,False,False,True,False,False,True,False,0.21875,0.128125,,,-0.2943749999999999,-0.2412916666666666,-0.190625,0.25,-0.006042093249639,-0.0048602673147023,351.0,448.0,5.0,0.0020280057943022,-0.0019394801743449,-0.0010372552395626
1998-10-27,320.0,320.0,320.0,320.0,1000.0,320.0,368.0,397.5,415.8,394.94666666666666,,False,False,False,False,False,False,True,False,False,False,False,0.25,0.128125,,,-0.299375,-0.2342083333333333,-0.15625,0.25,-0.0057391715337091,0.030188679245283,351.0,440.0,0.2,0.0038480038480039,0.0018199980537016,0.0003029217159299
1998-11-25,360.0,360.0,360.0,360.0,2000.0,360.0,360.0,387.5,418.2,393.2133333333333,,False,False,False,False,False,False,True,False,False,False,False,0.0833333333333333,0.0027777777777777,,,-0.1616666666666666,-0.0922592592592592,-0.1416666666666666,0.2083333333333333,-0.0044081245125631,0.0709677419354838,351.0,450.0,2.0,0.0057388809182208,0.0018908770702169,0.0013310470211459
1998-11-26,361.0,361.0,361.0,361.0,1000.0,361.0,352.2,377.6,416.24,391.4933333333333,,False,False,False,False,False,False,False,False,False,True,False,0.0,-0.0304709141274238,,,-0.1530193905817174,-0.0844690674053553,-0.1828254847645429,0.2465373961218836,-0.0043934336898032,0.1175847457627118,350.0,450.0,0.5,-0.0047088218335575,-0.0104477027517784,1.4690822759975963e-05
1998-11-30,380.0,380.0,380.0,380.0,1000.0,380.0,348.2,374.1,414.24,389.4933333333333,,False,False,False,False,False,False,False,False,False,True,False,-0.05,-0.131578947368421,,,-0.0901052631578947,-0.0249824561403507,-0.1473684210526315,0.2763157894736842,-0.0051348760783239,0.1555733761026463,349.0,470.0,1.0,-0.0048281189648512,-0.0001192971312937,-0.0007414423885207
1998-12-02,390.0,390.0,390.0,390.0,1000.0,390.0,362.2,373.1,411.84,388.0266666666666,,False,False,False,False,False,False,False,False,False,True,False,-0.0743589743589743,-0.1538461538461538,,,-0.0559999999999999,0.0050598290598292,-0.1384615384615384,0.4102564102564102,-0.0037798089478387,0.2015545430179576,349.0,320.0,1.0,-0.0058275058275059,-0.0009993868626546,0.0013550671304852
1998-12-03,400.0,400.0,400.0,400.0,1000.0,400.0,378.2,373.1,409.84,386.6933333333333,,False,False,False,False,False,False,False,False,False,False,False,-0.0975,-0.2875,,,-0.0245999999999999,0.0332666666666666,-0.16,0.4375,-0.00344803806634,0.2487268828732242,349.0,350.0,1.0,-0.0048799531524497,0.0009475526750561,0.0003317708814986
1998-12-08,390.0,390.0,390.0,390.0,2000.0,390.0,384.2,372.1,408.24,385.2266666666667,,False,False,False,False,False,False,False,False,False,False,False,-0.0743589743589743,-0.2666666666666666,,,-0.0467692307692307,0.0122393162393161,-0.1384615384615384,0.4102564102564102,-0.0038072822926761,0.2711636656812684,349.0,380.0,2.0,-0.0039192631785223,0.0009606899739273,-0.000359244226336
1998-12-09,361.0,361.0,361.0,361.0,1000.0,361.0,384.2,368.2,405.48,383.1066666666667,,False,False,False,False,False,False,False,False,False,True,False,-0.0304709141274238,-0.0858725761772853,,,-0.123213296398892,-0.0612373037857802,-0.0692520775623268,0.6066481994459834,-0.0055337068875509,0.3104291146116241,349.0,400.0,0.5,-0.0068067475584492,-0.0028874843799268,-0.0017264245948748
1998-12-15,361.0,361.0,361.0,361.0,1000.0,361.0,380.4,364.3,402.72,380.9866666666667,,False,False,False,False,False,False,False,False,False,True,False,-0.0858725761772853,-0.3074792243767313,,,-0.1155678670360111,-0.0553647276084949,-0.0692520775623268,0.6066481994459834,-0.0055644991950724,0.3738676914630798,348.0,350.0,1.0,-0.0068533969010726,-4.664934262346016e-05,-3.079230752154379e-05
1998-12-25,361.0,361.0,361.0,361.0,3000.0,361.0,374.6,368.4,399.96,379.06666666666666,,False,False,False,False,False,False,False,False,False,True,True,-0.0858725761772853,-0.3628808864265928,,,-0.1079224376731301,-0.0500461680517082,-0.0581717451523545,0.6066481994459834,-0.0050650721069293,0.4074375678610207,348.0,285.0,3.0,-0.006900690069007,-4.729316793433778e-05,0.0004994270881431
1998-12-28,361.0,361.0,361.0,361.0,1000.0,361.0,366.8,372.5,396.4,377.48,,False,False,False,False,False,False,False,False,False,True,False,-0.2105263157894736,-0.3074792243767313,,,-0.0980609418282547,-0.0456509695290859,-0.0554016620498614,0.5789473684210527,-0.0042033131998162,0.4375838926174497,348.0,277.0,0.3333333333333333,-0.0089808274470232,-0.0020801373780161,0.000861758907113
1999-01-07,361.0,361.0,361.0,361.0,1000.0,361.0,361.0,372.6,392.8,376.0266666666666,,False,False,False,False,False,False,False,False,False,True,False,-0.2077562326869806,-0.335180055401662,,,-0.0880886426592798,-0.041625115420129,-0.0581717451523545,0.5512465373961218,-0.0038649741153112,0.4707461084272678,349.0,250.0,1.0,-0.0091649694501017,-0.0001841420030785,0.000338339084505
1999-01-25,350.0,350.0,350.0,350.0,5000.0,350.0,358.8,371.5,389.6,374.04,,False,False,False,False,False,False,False,False,False,False,False,-0.0571428571428571,-0.3,,,-0.1131428571428572,-0.0686857142857143,-0.0142857142857142,0.6285714285714286,-0.0053113748975151,0.5074024226110363,349.0,240.0,5.0,-0.0082135523613962,0.0009514170887054,-0.0014464007822039
1999-02-01,330.0,330.0,330.0,330.0,1000.0,330.0,352.6,366.5,385.6,372.17333333333335,,False,False,False,False,False,False,False,False,False,True,False,-0.2424242424242424,-0.2575757575757575,,,-0.1684848484848485,-0.1277979797979798,0.1484848484848485,0.7575757575757576,-0.0050155841364239,0.5538881309686221,359.0,250.0,0.2,-0.0103734439834024,-0.0021598916220062,0.0002957907610912
1999-02-03,330.0,330.0,330.0,330.0,5000.0,330.0,346.4,360.5,381.24,370.6,,False,False,False,False,False,False,False,False,False,True,False,-0.303030303030303,-0.2151515151515151,,,-0.1552727272727273,-0.1230303030303031,0.1515151515151515,0.696969696969697,-0.0042453678719193,0.5825242718446602,299.0,260.0,5.0,-0.0114363655440143,-0.0010629215606118,0.0007702162645045
1999-02-25,285.0,285.0,285.0,285.0,2000.0,285.0,331.2,349.0,374.24,368.53333333333336,,False,False,False,False,False,False,False,False,False,True,False,-0.1228070175438596,-0.0526315789473684,,,-0.3131228070175439,-0.2930994152046784,0.3333333333333333,1.312280701754386,-0.0056078147612156,0.6587392550143266,280.0,284.0,0.4,-0.0187045746045318,-0.0072682090605175,-0.0013624468892962
1999-02-26,286.0,286.0,286.0,286.0,1000.0,286.0,316.2,338.6,367.28,366.3466666666667,,False,False,False,False,False,False,False,False,False,True,False,-0.1608391608391608,0.0804195804195804,,,-0.2841958041958041,-0.280932400932401,0.3286713286713286,1.2027972027972027,-0.005968845537924,0.7333136444181924,300.0,320.0,0.5,-0.018950119799608,-0.0002455451950761,-0.0003610307767083
1999-03-02,320.0,330.0,320.0,330.0,8000.0,330.0,312.2,335.5,362.08,364.7466666666666,,False,False,True,False,False,False,False,False,False,False,False,-0.2575757575757575,-0.106060606060606,,,-0.0972121212121211,-0.1052929292929291,0.1515151515151515,1.0303030303030305,-0.004386606228981,0.7761549925484351,410.0,350.0,8.0,-0.0143614670790985,0.0045886527205095,0.0015822393089429
1999-03-04,250.0,250.0,250.0,250.0,2000.0,250.0,296.2,324.4,355.48,361.8133333333333,,False,False,False,False,False,False,False,False,False,True,False,-0.02,0.296,,,-0.4219200000000001,-0.4472533333333331,0.552,1.96,-0.0081073113207547,0.8862515413070284,430.0,350.0,0.25,-0.0185664453696409,-0.0042049782905424,-0.0037207050917736
1999-03-05,250.0,250.0,230.0,230.0,10000.0,230.0,276.2,311.3,348.68,360.6133333333333,,False,False,False,False,False,False,False,False,False,True,False,0.1260869565217391,0.4608695652173913,,,-0.516,-0.5678840579710143,0.4347826086956521,2.652173913043478,-0.003327663979886,1.0491487311275296,450.0,351.0,5.0,-0.0195021222897786,-0.0009356769201376,0.0047796473408686
1999-03-10,250.0,250.0,250.0,250.0,1000.0,250.0,269.2,300.2,342.68,359.28,,False,False,False,False,False,False,False,False,False,False,False,0.08,0.344,,,-0.37072,-0.4371199999999999,0.32,2.76,-0.0037111259556148,1.248167888074617,450.0,351.0,0.1,-0.0175090463406093,0.0019930759491693,-0.0003834619757287
1999-03-11,245.0,245.0,240.0,240.0,2000.0,240.0,260.0,288.1,336.28,357.41333333333336,,False,False,False,False,False,False,False,False,False,True,False,0.2875,0.4,,,-0.4011666666666665,-0.4892222222222223,0.3958333333333333,3.333333333333333,-0.0052227113332834,1.5091981950711555,430.0,351.0,2.0,-0.0190317592482456,-0.0015227129076362,-0.0015115853776685
1999-03-15,245.0,245.0,245.0,245.0,1000.0,245.0,243.0,277.6,330.08,355.3466666666667,,False,False,False,False,False,False,False,False,False,False,False,0.2040816326530612,0.3714285714285714,,,-0.3472653061224489,-0.4503945578231293,0.3469387755102041,2.9183673469387754,-0.00581591685115,1.7445965417867433,430.0,350.0,0.5,-0.0187833252544837,0.0002484339937618,-0.0005932055178665
1999-03-16,245.0,245.0,245.0,245.0,1000.0,245.0,242.0,269.1,323.88,353.94666666666666,,False,False,False,False,False,False,False,False,False,True,False,0.3224489795918367,0.3714285714285714,,,-0.3219591836734694,-0.4446802721088435,0.3673469387755102,2.510204081632653,-0.0039553981767498,1.935340022296544,430.0,349.0,1.0,-0.0191428924292947,-0.000359567174811,0.0018605186744001
1999-03-17,259.0,259.0,259.0,259.0,2000.0,259.0,247.8,262.0,321.44,353.6,,False,False,False,False,False,False,False,False,False,False,False,0.2972972972972973,0.3127413127413127,,,-0.241081081081081,-0.3652509652509653,0.3474903474903475,2.200772200772201,-0.0009803921568626,2.117557251908397,430.0,349.0,2.0,-0.0075908412145345,0.0115520512147601,0.0029750060198872
1999-03-19,270.0,270.0,270.0,270.0,1000.0,270.0,251.8,260.5,319.44,353.50666666666666,,False,False,False,False,False,False,False,False,False,False,False,0.2444444444444444,0.2629629629629629,,,-0.1831111111111111,-0.3092839506172839,0.2962962962962963,2.0407407407407407,-0.0002640214234527,2.197696737044146,450.0,349.0,0.5,-0.0062609566741798,0.0013298845403547,0.0007163707334099
1999-03-23,309.0,309.0,309.0,309.0,1000.0,309.0,265.6,262.8,317.4,354.2933333333333,,False,False,False,False,False,False,False,True,False,True,True,0.087378640776699,0.1003236245954692,,,-0.0271844660194174,-0.1465803667745414,0.1650485436893204,1.3333333333333333,0.0022203823573685,2.2043378995433787,451.0,349.0,1.0,-0.0064272211720227,-0.0001662644978429,0.0024844037808212
1999-03-24,295.0,295.0,295.0,295.0,1000.0,295.0,275.6,259.3,314.76,355.02666666666664,,False,False,False,False,False,False,False,True,False,True,False,0.1389830508474576,0.1694915254237288,,,-0.0669830508474575,-0.2034802259887004,0.2135593220338983,1.3728813559322033,0.002065572539152,2.259159274971076,430.0,349.0,1.0,-0.0083873427373236,-0.0019601215653008,-0.0001548098182165
1999-03-25,324.0,324.0,324.0,324.0,3000.0,324.0,291.4,266.7,312.52,356.0133333333333,,False,False,False,False,True,False,False,True,False,False,True,0.037037037037037,0.1697530864197531,,,0.0354320987654321,-0.0988065843621398,0.1049382716049382,1.3703703703703705,0.0027714317815812,2.179227596550432,430.0,348.0,3.0,-0.0071675412773582,0.0012198014599653,0.0007058592424292
1999-03-26,336.0,336.0,336.0,336.0,1000.0,336.0,306.8,277.3,310.36,357.02666666666664,464.4,False,False,False,False,False,False,False,True,False,False,False,0.0119047619047619,0.1309523809523809,,,0.0763095238095237,-0.062579365079365,0.0654761904761904,1.5595238095238095,0.0028382567128505,2.0649116480346192,439.0,348.0,0.3333333333333333,-0.0069596597499676,0.0002078815273906,6.682493126929827e-05
1999-03-29,336.0,336.0,336.0,336.0,1000.0,336.0,320.0,285.9,307.8,357.72,462.68,False,False,False,False,False,False,False,True,False,True,False,0.0148809523809523,0.1309523809523809,,,0.0839285714285714,-0.0646428571428572,0.0684523809523809,1.5,0.0019382012001939,1.937740468695348,460.0,348.0,1.0,-0.0083170890188434,-0.0013574292688757,-0.0009000555126565
1999-04-02,336.0,336.0,336.0,336.0,1000.0,336.0,325.4,295.5,305.64,357.93333333333334,461.16,False,False,False,False,False,False,False,True,False,False,False,0.0119047619047619,0.1309523809523809,,,0.0903571428571429,-0.0652777777777778,0.0684523809523809,1.4404761904761905,0.0005960141553361,1.7678510998307952,460.0,349.0,1.0,-0.0070671378091873,0.001249951209656,-0.0013421870448578
1999-04-05,336.0,336.0,336.0,336.0,1000.0,336.0,333.6,304.6,304.64,357.74666666666667,459.79,False,False,False,False,False,False,False,False,False,False,False,0.0267857142857142,0.1309523809523809,,,0.0933333333333333,-0.0647222222222222,0.0684523809523809,1.2916666666666667,-0.0005217845030002,1.6227839789888376,460.0,349.0,1.0,-0.00328256302521,0.0037845747839772,-0.0011177986583363
1999-04-06,339.0,339.0,336.0,336.0,2000.0,336.0,336.0,313.7,303.64,357.56,458.495,False,False,False,False,False,False,False,False,False,True,False,0.1279761904761904,0.1547619047619047,,,0.0963095238095238,-0.0641666666666666,0.1279761904761904,1.1428571428571428,-0.0005220569042025,1.5020720433535224,415.0,359.0,2.0,-0.0032933737320511,-1.081070684102927e-05,-2.724012022971333e-07
1999-04-07,340.0,340.0,340.0,340.0,1000.0,340.0,336.8,321.8,302.8,357.41333333333336,457.145,False,False,False,False,False,False,False,False,False,False,False,0.1176470588235294,-0.0294117647058823,,,0.1094117647058823,-0.0512156862745098,0.1764705882352941,1.1176470588235294,-0.0004103558904722,1.4052206339341204,400.0,299.0,0.5,-0.0027741083223248,0.0005192654097262,0.0001117010137303
1999-04-08,341.0,341.0,341.0,341.0,1000.0,341.0,337.8,328.9,302.0,357.28,455.71,False,False,False,False,False,False,False,False,False,False,False,0.1143695014662756,-0.032258064516129,,,0.1143695014662756,-0.0477419354838708,0.2023460410557184,0.9648093841642228,-0.0003731900283625,1.3073882639100032,400.0,280.0,1.0,-0.0026490066225165,0.0001251016998082,3.71658621096471e-05
1999-04-13,340.0,340.0,340.0,340.0,2000.0,340.0,338.6,332.0,301.16,357.1333333333333,454.31,False,False,False,False,False,False,False,False,False,True,False,0.1176470588235294,-0.0147058823529411,,,0.1142352941176469,-0.050392156862745,0.1764705882352941,0.9705882352941176,-0.0004106776180697,1.2704819277108432,400.0,300.0,2.0,-0.0027892150351971,-0.0001402084126805,-3.7487589707179954e-05
1999-04-22,345.0,345.0,345.0,345.0,1000.0,345.0,340.4,337.0,300.96,357.06666666666666,452.935,False,False,False,False,False,False,False,False,False,False,False,0.1014492753623188,-0.0434782608695652,,,0.1276521739130435,-0.034975845410628,0.1594202898550724,0.8115942028985508,-0.000186706497386,1.214540059347181,400.0,410.0,0.5,-0.0006645401382244,0.0021246748969726,0.0002239711206836
1999-04-26,379.0,379.0,379.0,379.0,3000.0,379.0,349.0,342.5,302.92,357.46666666666664,451.78,False,False,False,False,False,False,True,True,True,False,False,0.0237467018469656,-0.1160949868073878,,,0.2007387862796833,0.056816182937555,0.0026385224274406,0.58311345646438,0.001118985453189,1.12992700729927,400.0,430.0,3.0,0.0064703552092963,0.0071348953475208,0.0013056919505751
1999-04-27,380.0,380.0,380.0,380.0,2000.0,380.0,357.0,346.9,304.92,357.88,450.645,False,False,False,False,False,False,True,True,False,False,False,-0.131578947368421,-0.081578947368421,,,0.197578947368421,0.0582105263157894,0.05,0.7631578947368421,0.0011549495175292,1.0481406745459787,320.0,450.0,0.6666666666666666,0.0065590974681883,8.874225889207287e-05,3.596406434016957e-05
1999-05-10,380.0,380.0,380.0,380.0,1000.0,380.0,364.8,351.3,308.72,358.2933333333333,449.545,False,False,False,False,False,False,True,True,False,False,False,-0.131578947368421,-0.0789473684210526,,,0.1875789473684209,0.0571228070175439,0.0526315789473684,0.7684210526315789,0.0011536171479606,0.9746655280387134,320.0,450.0,0.5,0.0123088883130345,0.0057497908448461,-1.3323695686091614e-06
1999-05-11,380.0,380.0,380.0,380.0,1000.0,380.0,372.8,355.7,312.48,358.70666666666665,448.495,False,False,False,False,False,False,True,True,False,True,False,-0.1184210526315789,-0.0526315789473684,,,0.1776842105263157,0.0560350877192982,0.0,0.8210526315789474,0.0011522878489388,0.9142535844813044,360.0,430.0,1.0,0.0120327700972861,-0.0002761182157483,-1.3292990217639471e-06
1999-05-13,380.0,380.0,380.0,380.0,2000.0,380.0,379.8,360.1,314.48,359.12,447.445,False,False,False,False,False,False,True,True,False,True,False,-0.131578947368421,-0.0578947368421052,,,0.1724210526315789,0.0549473684210526,0.0,0.7605263157894737,0.0011509616098612,0.862815884476534,361.0,430.0,2.0,0.0063597049096921,-0.005673065187594,-1.3262390776381736e-06
1999-05-25,387.0,388.0,387.0,388.0,4000.0,388.0,381.6,365.3,320.0,359.6533333333333,446.435,False,False,False,False,False,False,True,True,False,False,False,-0.1365979381443298,-0.0773195876288659,,,0.1752577319587628,0.0730584192439863,-0.0154639175257731,0.5463917525773195,0.0014829094683768,0.8034492198193264,380.0,430.0,2.0,0.0172499999999999,0.0108902950903077,0.0003319478585156
1999-06-02,330.0,330.0,330.0,330.0,1000.0,330.0,371.6,364.3,324.0,359.41333333333336,445.135,False,False,False,False,False,False,True,False,False,True,False,0.0575757575757575,0.0848484848484848,,,0.0181818181818181,-0.0891313131313132,0.1818181818181818,0.7272727272727273,-0.0006677548597713,0.7672248147131483,390.0,430.0,0.25,0.0123456790123456,-0.0049043209876542,-0.0021506643281482
1999-06-10,330.0,330.0,330.0,330.0,1000.0,330.0,361.6,363.2,327.2,359.17333333333335,443.86,False,False,False,False,False,False,True,False,False,True,False,0.0606060606060606,0.0878787878787878,,,0.0084848484848485,-0.0884040404040404,0.209090909090909,0.5787878787878787,-0.0006682010542727,0.7315528634361234,400.0,450.0,1.0,0.0097799511002444,-0.0025657279121012,-4.461945014532214e-07
1999-06-14,335.0,335.0,335.0,335.0,1000.0,335.0,352.6,362.7,331.0,358.9866666666667,442.835,False,False,False,False,False,False,True,False,False,False,False,0.0746268656716417,0.0716417910447761,,,0.0119402985074626,-0.0716019900497512,0.4298507462686567,0.4925373134328358,-0.0005199821720398,0.6870692031982355,390.0,451.0,1.0,0.0114803625377643,0.0017004114375199,0.0001482188822329
1999-06-15,330.0,330.0,330.0,330.0,1000.0,330.0,342.6,361.2,334.4,358.7333333333333,441.785,False,False,False,False,False,False,True,False,False,True,False,0.0848484848484848,0.0878787878787878,,,-0.0133333333333332,-0.0870707070707069,0.4696969696969697,0.4818181818181818,-0.0007061884408104,0.656423034330011,361.0,430.0,1.0,0.0101674641148324,-0.0013128984229319,-0.0001862062687705
1999-06-21,335.0,335.0,335.0,335.0,3000.0,335.0,332.0,356.8,338.0,358.41333333333336,440.66,False,False,False,False,False,False,True,False,False,False,False,0.0686567164179104,0.1313432835820895,,,-0.008955223880597,-0.0698905472636816,0.1940298507462686,0.3880597014925373,-0.000892823927681,0.639013452914798,361.0,430.0,3.0,0.0106508875739645,0.000483423459132,-0.0001866354868706
1999-06-22,350.0,350.0,349.0,349.0,2000.0,349.0,335.8,353.7,341.6,359.08,439.505,False,False,False,False,False,False,True,True,False,True,False,0.0257879656160458,0.1461318051575931,,,0.0212034383954154,-0.0288825214899713,0.1461318051575931,0.332378223495702,0.0018565964873193,0.5954198473282442,361.0,439.0,0.6666666666666666,0.0105386416861827,-0.0001122458877818,0.0027494204150004
1999-06-24,350.0,350.0,350.0,350.0,2000.0,350.0,339.8,350.7,344.8,360.0133333333333,438.305,False,False,False,False,False,False,True,True,False,True,False,0.0257142857142857,0.1714285714285714,,,0.0148571428571428,-0.0286095238095237,0.1428571428571428,0.2428571428571428,0.0025924965742009,0.5414884516680925,361.0,460.0,1.0,0.0092807424593967,-0.001257899226786,0.0007359000868816
1999-06-25,360.0,360.0,360.0,360.0,4000.0,360.0,344.8,348.7,346.84,360.8133333333333,437.21,False,False,False,False,False,False,True,True,False,True,False,-0.0027777777777777,0.1111111111111111,,,0.0365555555555556,-0.002259259259259,0.2083333333333333,0.3333333333333333,0.0022172129633049,0.4895325494694579,361.0,460.0,2.0,0.0058816745473416,-0.0033990679120551,-0.0003752836108959
1999-06-28,358.0,358.0,358.0,358.0,1000.0,358.0,350.4,346.5,349.36,360.12,436.15,False,False,False,False,False,False,True,False,False,False,False,0.0027932960893854,0.1173184357541899,,,0.0241340782122904,-0.0059217877094972,0.2569832402234637,0.3407821229050279,-0.0019252841645375,0.4444444444444444,350.0,460.0,0.25,0.0072131898328372,0.0013315152854956,-0.0041424971278425
1999-06-29,358.0,358.0,358.0,358.0,1000.0,358.0,355.0,343.5,350.72,359.16,435.19,False,False,False,False,False,False,True,False,False,True,False,0.0586592178770949,0.0614525139664804,,,0.0203351955307261,-0.0032402234636872,0.3547486033519553,0.3966480446927374,-0.0026729034413631,0.4279475982532751,330.0,415.0,1.0,0.0038777372262774,-0.0033354526065598,-0.0007476192768255
1999-06-30,358.0,358.0,358.0,358.0,2000.0,358.0,356.8,346.3,351.6,357.93333333333334,434.23,False,False,False,False,False,False,True,False,False,True,True,0.1173184357541899,0.1145251396648044,,,0.0178770949720669,0.0001862197392923,0.5363128491620112,0.3407821229050279,-0.0034270813931831,0.3904129367600346,330.0,400.0,2.0,0.0025028441410693,-0.001374893085208,-0.00075417795182
1999-07-01,359.0,359.0,359.0,359.0,2000.0,359.0,358.6,349.2,352.52,356.72,433.325,False,False,False,False,False,False,True,False,False,False,False,0.1420612813370473,0.1142061281337047,,,0.018050139275766,0.006350974930362,0.6016713091922006,0.3927576601671309,-0.0034013605442176,0.3728522336769759,285.0,400.0,1.0,0.0026097810053329,0.0001069368642635,2.572084896552626e-05
1999-07-02,359.0,360.0,359.0,359.0,5000.0,359.0,358.4,351.6,353.44,355.7733333333333,432.425,False,False,False,False,False,False,True,False,False,True,False,0.1142061281337047,0.0584958217270195,,,0.0154874651810585,0.0089879294336119,0.532033426183844,0.3955431754874652,-0.0026608702169922,0.3637656427758816,286.0,400.0,2.5,0.0026029877772748,-6.793228058084733e-06,0.0007404903272253
1999-07-05,359.0,359.0,359.0,359.0,4000.0,359.0,358.6,354.5,354.36,354.82666666666665,431.575,False,False,False,False,False,False,True,False,False,True,False,0.1142061281337047,0.0584958217270195,,,0.0129247910863509,0.0116248839368616,0.6155988857938719,0.2562674094707521,-0.0026679693371411,0.3418899858956276,330.0,400.0,0.8,0.0025962298227791,-6.7579544956908495e-06,-7.099120148886928e-06
1999-07-06,359.0,380.0,359.0,379.0,13000.0,379.0,362.8,358.9,356.08,354.14666666666665,430.82,False,True,False,False,False,False,True,False,False,False,False,0.0026385224274406,0.0079155672823219,,,0.0604749340369393,0.0655760773966579,0.5303430079155673,0.3060686015831134,-0.0019201084296525,0.3337977152410142,250.0,400.0,3.25,0.0048303751965849,0.0022341453738058,0.0007478609074885
1999-07-07,380.0,400.0,380.0,400.0,9000.0,400.0,371.2,364.0,358.48,353.74666666666667,430.295,False,False,False,False,False,False,True,False,False,False,False,-0.0025,-0.025,,,0.1037999999999999,0.1156333333333333,0.45,0.175,-0.0011307527043834,0.3164835164835164,230.0,320.0,0.6923076923076923,0.0066949341664807,0.0018645589698958,0.000789355725269
1999-07-08,401.0,410.0,401.0,410.0,7000.0,410.0,381.4,370.0,361.24,353.2133333333333,429.82,False,False,False,False,False,False,True,False,False,False,False,-0.024390243902439,-0.0268292682926829,,,0.1189268292682926,0.1385040650406504,0.3902439024390244,0.1463414634146341,-0.0015099467743762,0.3045945945945945,250.0,320.0,0.7777777777777778,0.0076403499058797,0.0009454157393989,-0.0003791940699927
1999-07-09,400.0,400.0,400.0,400.0,1000.0,400.0,389.6,374.0,363.64,352.53333333333336,429.27,False,False,False,False,False,False,True,False,False,True,False,-0.05,0.1975,,,0.0909,0.1186666666666666,0.4,0.125,-0.0019288956127078,0.2826203208556149,240.0,360.0,0.1428571428571428,0.0065999340006599,-0.0010404159052197,-0.0004189488383315
1999-07-12,400.0,400.0,400.0,400.0,1000.0,400.0,397.8,378.2,365.84,352.1333333333333,428.72,False,False,False,False,False,False,True,False,False,True,False,-0.05,0.2125,,,0.0854,0.1196666666666666,0.425,0.125,-0.0011359333585763,0.260444209413009,245.0,361.0,1.0,0.0060135578394926,-0.0005863761611672,0.0007929622541314
1999-07-13,380.0,380.0,380.0,380.0,1000.0,380.0,398.0,380.4,365.88,351.46666666666664,427.97,False,False,False,False,False,False,True,False,False,True,False,0.0052631578947368,0.0526315789473684,,,0.0371578947368421,0.0750877192982456,0.5263157894736842,0.1710526315789473,-0.001896813353566,0.2386961093585699,245.0,380.0,1.0,0.0001093254619001,-0.0059042323775925,-0.0007608799949896
1999-07-14,383.0,399.0,383.0,399.0,4000.0,399.0,397.8,384.5,366.64,350.93333333333334,427.04,False,False,False,False,False,False,True,False,True,False,False,-0.0225563909774436,0.0025062656641604,,,0.0811027568922306,0.1204678362573099,0.4035087719298245,0.1027568922305764,-0.0015197568389056,0.2150845253576072,259.0,390.0,4.0,0.0020728780274928,0.0019635525655927,0.0003770565146603
1999-07-15,398.0,400.0,398.0,400.0,7000.0,400.0,395.8,388.6,367.44,350.1333333333333,426.21,False,False,False,False,False,False,True,False,False,False,False,-0.0025,0.0,,,0.0814,0.1246666666666666,0.6475,0.125,-0.0022848438690023,0.1893978383942356,270.0,400.0,1.75,0.0021772262138036,0.0001043481863107,-0.0007650870300966
1999-07-16,398.0,399.0,380.0,380.0,6000.0,380.0,391.8,390.7,367.44,349.06666666666666,425.26,False,False,False,False,False,False,False,False,False,True,False,0.2605263157894736,0.1447368421052631,,,0.0330526315789473,0.0814035087719298,0.6578947368421053,0.1842105263157894,-0.0030557677616501,0.1699513693370873,309.0,390.0,0.8571428571428571,0.0,-0.0021772262138036,-0.0007709238926477
1999-07-19,380.0,380.0,380.0,380.0,2000.0,380.0,387.8,392.8,367.44,348.0,424.31,False,False,False,False,False,False,False,False,False,False,False,0.2763157894736842,0.1842105263157894,,,0.0330526315789473,0.0842105263157894,0.7631578947368421,0.3157894736842105,-0.0030651340996168,0.1761710794297352,295.0,361.0,0.3333333333333333,0.0,0.0,-9.366337966743802e-06
1999-07-21,381.0,390.0,381.0,382.0,5000.0,382.0,388.2,393.1,367.2,347.56,423.37,False,False,False,False,False,False,False,False,False,True,False,0.0471204188481675,0.2696335078534031,,,0.0387434554973822,0.0901570680628272,0.93717277486911,0.4397905759162304,-0.0012659684658763,0.1892648181124395,324.0,361.0,2.5,-0.0006535947712418,-0.0006535947712418,0.0017991656337404
1999-07-22,380.0,390.0,380.0,390.0,3000.0,390.0,386.4,392.1,369.6,347.4266666666667,422.475,False,False,False,False,False,False,True,False,True,False,False,0.0256410256410256,0.4102564102564102,,,0.0523076923076922,0.1091623931623931,1.1538461538461535,0.4846153846153846,-0.0003837740338488,0.2200969140525374,336.0,361.0,0.6,0.0064935064935065,0.0071471012647484,0.0008821944320275
1999-07-23,399.0,399.0,399.0,399.0,1000.0,399.0,386.2,391.0,372.36,347.41333333333336,421.675,False,False,False,False,False,False,True,False,False,False,False,0.0025062656641604,0.4411027568922305,,,0.066766917293233,0.1292898913951545,1.355889724310777,0.4285714285714285,-3.837887626646801e-05,0.2491048593350383,336.0,361.0,0.3333333333333333,0.0074121817595874,0.0009186752660808,0.0003453951575823
1999-07-26,399.0,479.0,398.0,479.0,19000.0,479.0,406.0,398.9,378.12,348.46666666666664,421.275,False,False,False,False,False,False,True,True,False,False,True,-0.0918580375782881,0.1482254697286012,,,0.2106054279749478,0.2725121781489214,1.1711899791231732,-0.0187891440501043,0.0030227664052036,0.2293807971922787,336.0,361.0,19.0,0.0152332592827673,0.0078210775231798,0.00306114528147
1999-07-27,500.0,500.0,485.0,485.0,11000.0,485.0,427.0,407.4,384.32,349.6,420.905,False,False,False,False,False,False,True,True,False,False,False,-0.0721649484536082,0.1958762886597938,,,0.2075876288659794,0.2791752577319587,0.979381443298969,-0.0206185567010309,0.0032418001525554,0.2098674521354933,336.0,350.0,0.5789473684210527,0.0161323896752705,0.0008991303925032,0.0002190337473518
1999-08-04,410.0,410.0,400.0,400.0,2000.0,400.0,430.6,409.4,386.92,349.6,420.11,False,False,False,False,False,False,True,False,False,True,False,0.2125,0.45,,,0.0326999999999999,0.1259999999999999,1.15,0.2,0.0,0.2125061064973131,336.0,330.0,0.1818181818181818,0.0067197353458079,-0.0094126543294626,-0.0032418001525554
1999-08-06,400.0,400.0,400.0,400.0,2000.0,400.0,432.6,409.5,388.96,350.6666666666667,419.36,False,False,False,False,False,False,True,True,False,True,False,0.375,0.45,,,0.0276,0.1233333333333332,1.0725,0.3,0.003041825095057,0.2317460317460317,340.0,330.0,1.0,0.0052447552447551,-0.0014749801010528,0.003041825095057
1999-08-09,400.0,400.0,400.0,400.0,1000.0,400.0,432.8,409.5,390.96,351.7333333333333,418.61,False,False,False,False,False,False,True,True,False,True,False,0.4375,0.425,,,0.0226,0.1206666666666667,1.0525,0.175,0.0030326004548898,0.2366300366300365,341.0,285.0,0.5,0.0051156128504194,-0.0001291423943356,-9.22464016712716e-06
1999-08-10,435.0,435.0,435.0,435.0,1000.0,435.0,424.0,415.0,393.96,352.7333333333333,418.035,False,False,False,False,False,False,True,True,False,False,True,0.264367816091954,0.2873563218390804,,,0.0943448275862069,0.1891187739463602,0.6574712643678161,0.025287356321839,0.0028350028350028,0.2192771084337349,340.0,286.0,1.0,0.0076149862930246,0.0024993734426051,-0.000197597619887
1999-08-16,450.0,450.0,450.0,450.0,2000.0,450.0,417.0,422.0,397.64,353.92,417.635,False,False,False,False,False,False,True,True,False,False,False,0.2888888888888888,0.2666666666666666,,,0.1163555555555555,0.213511111111111,0.5555555555555556,0.1111111111111111,0.0033529234478603,0.1990521327014218,345.0,330.0,2.0,0.0092546021527009,0.0016396158596762,0.0005179206128574
1999-08-17,461.0,485.0,461.0,485.0,7000.0,485.0,434.0,432.3,402.72,355.32,417.41,False,False,False,False,False,False,True,True,False,False,False,0.1958762886597938,0.1958762886597938,,,0.1696494845360824,0.267381443298969,0.5835051546391753,0.0288659793814433,0.0039401103230889,0.1586860976173952,379.0,250.0,3.5,0.0126142232816846,0.0033596211289836,0.0005871868752286
1999-08-18,490.0,550.0,490.0,550.0,11000.0,550.0,464.0,448.3,410.4,357.4533333333333,417.485,False,False,False,False,False,False,True,True,False,False,False,0.0545454545454545,0.0181818181818181,,,0.2538181818181819,0.3500848484848485,0.5636363636363636,-0.0818181818181818,0.0059681450259241,0.1008253401739906,380.0,230.0,1.5714285714285714,0.0187134502923975,0.0060992270107128,0.0020280347028351
1999-08-19,610.0,610.0,575.0,575.0,16000.0,575.0,499.0,465.9,419.04,359.7866666666667,417.605,False,False,False,False,False,False,True,True,False,False,False,-0.008695652173913,0.1460869565217391,,,0.2712347826086956,0.3742840579710144,0.4608695652173913,-0.217391304347826,0.0064853246368219,0.0334835801674179,380.0,250.0,1.4545454545454546,0.020618556701031,0.0019051064086334,0.0005171796108978
1999-08-20,600.0,600.0,550.0,550.0,4000.0,550.0,522.0,473.0,426.68,361.92,417.555,False,False,False,False,False,False,True,True,False,True,False,0.0181818181818181,0.1454545454545454,,,0.2242181818181818,0.3419636363636363,0.4909090909090909,-0.1818181818181818,0.0058944886531093,0.0137420718816067,380.0,240.0,0.25,0.0179056904471734,-0.0027128662538575,-0.0005908359837126
1999-08-23,599.0,599.0,575.0,580.0,5000.0,580.0,548.0,482.5,435.52,364.84,417.555,False,False,False,False,False,False,True,True,False,False,False,-0.0172413793103448,0.1551724137931034,,,0.2491034482758621,0.3709655172413793,0.3275862068965517,-0.2241379310344827,0.0080035083872381,-0.0113989637305699,380.0,245.0,1.25,0.0202975753122703,0.0023918848650968,0.0021090197341288
1999-08-24,599.0,599.0,580.0,580.0,4000.0,580.0,567.0,500.5,443.56,367.76,417.605,False,False,False,False,False,False,True,True,False,True,False,0.0,0.2758620689655172,,,0.2352413793103448,0.3659310344827586,0.2413793103448276,-0.25,0.0079399608440287,-0.0559440559440559,388.0,245.0,0.8,0.0181260708810533,-0.0021715044312169,-6.354754320937218e-05
1999-08-25,580.0,580.0,580.0,580.0,6000.0,580.0,573.0,518.5,450.76,370.68,417.555,False,False,False,False,False,False,True,True,False,True,False,-0.0344827586206896,0.4482758620689655,,,0.2228275862068965,0.3608965517241379,0.2413793103448276,-0.3103448275862069,0.0078774144814935,-0.111861137897782,330.0,259.0,1.5,0.0159730233383618,-0.0021530475426914,-6.254636253524327e-05
1999-08-30,570.0,570.0,570.0,570.0,4000.0,570.0,572.0,535.5,457.16,373.4666666666666,417.58,False,False,False,False,False,False,True,True,False,True,False,0.156140350877193,0.6491228070175439,,,0.1979649122807017,0.344795321637427,0.175438596491228,-0.2982456140350877,0.0074616208496962,-0.1531279178338002,330.0,270.0,0.6666666666666666,0.0139994750196868,-0.001973548318675,-0.0004157936317972
1999-08-31,571.0,580.0,560.0,560.0,8000.0,560.0,574.0,548.0,463.56,376.12,417.555,False,False,False,False,False,False,True,True,False,True,False,0.125,0.8571428571428571,,,0.1722142857142857,0.3283571428571428,0.1964285714285714,-0.2857142857142857,0.0070544861569005,-0.1808394160583942,335.0,309.0,2.0,0.0138061955302441,-0.0001932794894426,-0.0004071346927957
1999-09-01,572.0,572.0,570.0,570.0,4000.0,570.0,572.0,560.0,470.36,379.0533333333333,417.555,False,False,False,False,False,False,True,True,False,False,False,0.175438596491228,0.6842105263157895,,,0.1748070175438596,0.3349941520467837,0.0964912280701754,-0.3,0.0077385768053746,-0.2164285714285714,330.0,295.0,0.5,0.0144570116506505,0.0006508161204064,0.0006840906484741
1999-09-02,580.0,580.0,580.0,580.0,1000.0,580.0,572.0,569.5,478.36,382.38666666666666,417.605,False,False,False,False,False,False,True,True,False,False,False,0.2758620689655172,0.4827586206896552,,,0.1752413793103448,0.3407126436781609,0.0344827586206896,-0.396551724137931,0.0087171798179853,-0.2556628621597893,335.0,324.0,0.25,0.0167238063383226,0.002266794687672,0.0009786030126107
1999-09-03,570.0,570.0,560.0,560.0,2000.0,560.0,568.0,570.5,484.8,385.4533333333333,417.405,False,False,False,False,False,False,True,True,False,True,False,0.5,0.4803571428571428,,,0.1342857142857142,0.3116904761904762,0.1964285714285714,-0.375,0.0079559998616347,-0.284136722173532,349.0,336.0,2.0,0.0132838283828382,-0.0034399779554843,-0.0007611799563506
1999-09-06,572.0,659.0,572.0,659.0,5000.0,659.0,585.8,578.9,495.16,390.44,417.7,False,False,False,False,False,False,True,True,False,False,False,0.4264036418816389,0.2458270106221547,,,0.2486191198786039,0.4075265553869499,0.0197268588770864,-0.4764795144157815,0.0127719154458218,-0.3126619450682328,350.0,336.0,2.5,0.0209225300912836,0.0076387017084453,0.004815915584187
1999-09-07,600.0,630.0,595.0,630.0,4000.0,630.0,599.8,586.9,505.16,395.0266666666666,417.855,False,False,False,False,False,False,True,True,False,True,False,0.6507936507936508,0.1444444444444444,,,0.1981587301587301,0.3729735449735451,0.0984126984126984,-0.4523809523809524,0.0116110304789548,-0.3399216220821264,360.0,336.0,0.8,0.0197957082904426,-0.001126821800841,-0.001160884966867
1999-09-08,640.0,670.0,640.0,670.0,16000.0,670.0,619.8,595.9,516.76,399.56,418.21,False,False,False,False,False,False,True,True,False,False,False,0.4328358208955223,0.044776119402985,,,0.2287164179104477,0.4036417910447761,-0.0014925373134328,-0.5074626865671642,0.0113458137284348,-0.3700285282765564,358.0,336.0,4.0,0.0224475578605154,0.0026518495700728,-0.0002652167505199
1999-09-09,714.0,750.0,714.0,740.0,33000.0,740.0,651.8,611.9,531.08,406.0933333333333,418.91,False,False,False,False,False,False,True,True,False,False,False,0.1621621621621621,0.0378378378378378,,,0.2823243243243242,0.4512252252252253,-0.1891891891891892,-0.4594594594594595,0.0160882555734313,-0.3922209511358065,358.0,336.0,2.0625,0.0269639225728704,0.004516364712355,0.0047424418449965
1999-09-10,739.0,840.0,739.0,840.0,40000.0,840.0,707.8,637.9,549.08,414.2266666666667,420.11,False,False,False,False,False,False,True,True,False,False,False,-0.013095238095238,0.0238095238095238,,,0.3463333333333332,0.5068730158730158,-0.3214285714285714,-0.6071428571428571,0.0196349824572698,-0.427966765950776,358.0,340.0,1.2121212121212122,0.0327821082538063,0.0058181856809358,0.0035467268838385
1999-09-13,940.0,940.0,940.0,940.0,10000.0,940.0,764.0,674.9,570.72,423.4266666666667,421.795,False,False,False,False,False,False,True,True,False,False,False,-0.126595744680851,-0.1063829787234042,,,0.3928510638297872,0.54954609929078,-0.4457446808510638,-0.6808510638297872,0.0217274931511162,-0.4741443176766928,359.0,341.0,0.25,0.0379170171012054,0.0051349088473991,0.0020925106938463
1999-09-14,1040.0,1040.0,1040.0,1040.0,28000.0,1040.0,846.0,722.9,593.16,434.0933333333333,423.98,False,False,False,False,False,False,True,True,False,True,False,-0.3067307692307692,-0.2115384615384615,,,0.4296538461538461,0.5826025641025642,-0.5192307692307693,-0.6634615384615384,0.0245722886015295,-0.515977313598008,359.0,340.0,2.8,0.0378312765527006,-8.574054850477714e-05,0.0028447954504132
1999-09-16,1110.0,1110.0,950.0,960.0,35000.0,960.0,904.0,761.9,612.16,443.62666666666667,425.765,False,False,False,False,False,False,True,True,False,True,False,-0.2708333333333333,-0.1979166666666666,,,0.3623333333333333,0.5378888888888889,-0.490625,-0.6875,0.0214895407549892,-0.5537472109200683,359.0,345.0,1.25,0.0310376372190277,-0.0067936393336729,-0.0030827478465403
1999-09-17,959.0,959.0,860.0,860.0,10000.0,860.0,928.0,789.9,630.56,451.82666666666665,427.0,False,False,False,False,False,False,True,True,False,True,False,-0.1069767441860465,-0.1627906976744186,,,0.2667906976744186,0.4746201550387597,-0.4593023255813953,-0.6511627906976745,0.0181485525422728,-0.5758956829978478,379.0,379.0,0.2857142857142857,0.0291804110631819,-0.0018572261558458,-0.0033409882127164
1999-09-20,830.0,838.0,829.0,829.0,8000.0,829.0,925.8,816.8,647.72,459.4266666666667,428.08,False,False,False,False,False,False,True,True,False,True,False,0.0373944511459589,-0.1314837153196622,,,0.2186731001206272,0.445806192199437,-0.4390832328106152,-0.638118214716526,0.0165423571407842,-0.5959843290891282,400.0,380.0,0.8,0.0264929290434139,-0.0026874820197679,-0.0016061954014886
1999-09-21,828.0,828.0,821.0,821.0,3000.0,821.0,902.0,833.0,664.56,466.7733333333333,429.285,False,False,False,False,False,False,True,True,False,True,False,0.0231425091352009,-0.1839220462850182,,,0.1905481120584653,0.4314575720665854,-0.4701583434835566,-0.658952496954933,0.0157392595978061,-0.6116446578631453,410.0,380.0,0.375,0.0253400746358491,-0.0011528544075647,-0.000803097542978
1999-09-22,724.0,727.0,721.0,721.0,3000.0,721.0,838.2,842.1,676.0,472.26666666666665,430.045,False,False,False,False,False,False,True,True,False,True,False,0.1373092926490984,-0.0707350901525658,,,0.0624133148404993,0.3449838187702265,-0.3342579750346741,-0.5839112343966713,0.0116318464144551,-0.6211851324070775,400.0,380.0,1.0,0.016923076923077,-0.0084169977127721,-0.004107413183351
1999-09-24,621.0,700.0,621.0,700.0,3000.0,700.0,786.2,845.1,686.0,477.6666666666667,430.745,False,False,False,False,False,False,True,True,False,True,False,0.1,-0.1071428571428571,,,0.02,0.3176190476190476,-0.3142857142857143,-0.6,0.0113049546406141,-0.6284463377115135,400.0,380.0,1.0,0.0145772594752186,-0.0023458174478583,-0.0003268917738409
1999-09-27,767.0,768.0,766.0,768.0,3000.0,768.0,767.8,847.9,697.32,483.5866666666666,431.835,False,False,False,False,False,False,True,True,False,False,False,-0.0625,-0.21875,,,0.0920312499999999,0.3703298611111112,-0.3489583333333333,-0.6067708333333334,0.0122418594391902,-0.6412312772732635,380.0,388.0,1.0,0.0162335799919693,0.0016563205167506,0.0009369047985761
1999-09-28,860.0,860.0,860.0,860.0,1000.0,860.0,774.0,849.9,709.72,490.5733333333333,433.385,False,False,False,False,False,False,True,True,False,False,False,-0.1627906976744186,-0.2209302325581395,,,0.1747441860465116,0.4295658914728682,-0.4418604651162791,-0.6488372093023256,0.014241839480336,-0.6453700435345335,399.0,330.0,0.3333333333333333,0.0174716789719889,0.0012380989800195,0.0019999800411457
1999-09-29,850.0,857.0,810.0,840.0,8000.0,840.0,777.8,839.9,720.32,497.29333333333335,434.835,False,False,False,False,False,False,True,True,False,True,False,-0.2023809523809523,-0.2,,,0.1424761904761904,0.4079841269841269,-0.4047619047619047,-0.6428571428571429,0.0135131511917849,-0.6411477556852007,400.0,330.0,8.0,0.014715681919147,-0.0027559970528418,-0.0007286882885511
1999-09-30,820.0,820.0,820.0,820.0,2000.0,820.0,797.6,817.9,731.12,503.7466666666666,436.18,False,False,False,False,False,False,True,True,False,False,False,-0.1829268292682926,-0.1560975609756097,,,0.108390243902439,0.3856747967479675,-0.3890243902439024,-0.6097560975609756,0.0128106720309148,-0.6351632228878836,380.0,335.0,0.25,0.0147718568771199,5.61749579728963e-05,-0.00070247916087
1999-10-04,770.0,770.0,770.0,770.0,3000.0,770.0,811.6,798.9,738.72,509.53333333333336,437.27,False,False,False,False,False,False,True,True,False,True,False,-0.1883116883116883,-0.1311688311688311,,,0.0406233766233765,0.3382683982683982,-0.4142857142857143,-0.6883116883116883,0.0113567970692138,-0.633996745525097,380.0,330.0,1.5,0.0102880658436214,-0.0044837910334985,-0.001453874961701
1999-10-07,720.0,720.0,720.0,720.0,1000.0,720.0,802.0,784.9,744.32,514.6533333333333,438.315,False,False,False,False,False,False,True,True,False,True,False,-0.1666666666666666,-0.1666666666666666,,,-0.0337777777777778,0.2852037037037037,-0.3125,-0.6805555555555556,0.0099484442602138,-0.6363868008663525,382.0,335.0,0.3333333333333333,0.0075236457437661,-0.0027644200998552,-0.0014083528089999
1999-10-08,720.0,720.0,720.0,720.0,1000.0,720.0,774.0,774.0,749.92,519.72,439.37,False,False,False,False,False,False,True,True,False,True,False,-0.0694444444444444,-0.2083333333333333,,,-0.0415555555555555,0.2781666666666666,-0.3472222222222222,-0.6736111111111112,0.0097488391184998,-0.6396640826873385,390.0,349.0,1.0,0.0074674631960741,-5.618254769202465e-05,-0.000199605141714
1999-10-14,670.0,670.0,670.0,670.0,1000.0,670.0,740.0,758.9,753.92,524.1066666666667,440.095,False,False,False,False,False,False,True,True,False,True,False,0.0029850746268656,-0.2223880597014925,,,-0.1252537313432835,0.2177512437810945,-0.2985074626865671,-0.6134328358208955,0.0083697974966927,-0.6352615627882461,399.0,350.0,1.0,0.0053056027164685,-0.0021618604796055,-0.001379041621807
1999-10-15,670.0,670.0,670.0,670.0,1000.0,670.0,710.0,753.8,758.32,528.5066666666667,440.795,False,False,False,False,False,False,True,True,False,False,False,0.0328358208955223,-0.2537313432835821,,,-0.1318208955223881,0.21118407960199,-0.3283582089552239,-0.6119402985074627,0.0083253443665169,-0.6381002918546033,479.0,360.0,1.0,0.0058022998206563,0.0004966971041877,-4.445313017583004e-05
1999-10-19,625.0,625.0,625.0,625.0,1000.0,625.0,681.0,746.3,760.52,532.24,441.395,False,False,False,False,False,False,True,True,False,True,False,0.0704,-0.2176,,,-0.2168319999999999,0.148416,-0.28,-0.52,0.0070143794779297,-0.631783465094466,485.0,358.0,1.0,0.0028927575869141,-0.0029095422337421,-0.0013109648885871
1999-10-20,610.0,610.0,600.0,600.0,2000.0,600.0,657.0,729.5,761.32,535.1866666666666,441.795,False,False,False,False,False,False,True,True,False,True,False,0.0,-0.225,,,-0.2688666666666667,0.1080222222222223,-0.2583333333333333,-0.5,0.0055058671117864,-0.6235777930089101,400.0,358.0,2.0,0.0010508064939842,-0.0018419510929299,-0.0015085123661433
1999-10-25,670.0,670.0,670.0,670.0,1000.0,670.0,647.0,710.5,765.72,539.0533333333333,442.62,False,False,False,False,False,False,True,True,False,False,False,-0.1492537313432835,-0.3059701492537313,,,-0.1428656716417911,0.1954427860696518,-0.3432835820895522,-0.6567164179104478,0.0071730688367261,-0.6236453201970443,400.0,358.0,0.5,0.0057462257744344,0.0046954192804502,0.0016672017249397
1999-10-27,672.0,672.0,672.0,672.0,2000.0,672.0,647.4,693.7,766.24,542.9466666666667,443.455,False,False,False,False,False,False,True,True,False,True,False,-0.2247023809523809,-0.3526785714285714,,,-0.1402380952380952,0.1920436507936507,-0.3303571428571428,-0.5907738095238095,0.0071707472802732,-0.6181346403344385,400.0,359.0,2.0,0.0006786385466694,-0.005067587227765,-2.3215564528712013e-06
1999-10-28,692.0,692.0,692.0,692.0,1000.0,692.0,651.8,680.9,768.72,547.1066666666667,444.265,False,False,False,False,False,False,True,True,True,False,False,-0.2774566473988439,-0.3063583815028902,,,-0.1108670520231214,0.209383429672447,-0.3497109826589595,-0.5809248554913294,0.0076036360977749,-0.6153620208547511,435.0,359.0,0.5,0.0032261421583931,0.0025475036117237,0.0004328888175016
1999-10-29,669.0,669.0,669.0,669.0,1000.0,669.0,660.6,670.8,768.68,550.96,444.96,False,False,False,False,False,False,False,True,False,True,False,-0.2690582959641255,-0.2825112107623318,,,-0.148998505231689,0.1764424514200298,-0.2526158445440957,-0.5889387144992526,0.006993853153284,-0.6043530113297555,450.0,359.0,1.0,-5.203725867731346e-05,-0.0032781794170705,-0.0006097829444909
1999-11-05,600.0,600.0,600.0,600.0,1000.0,600.0,660.6,658.8,763.08,553.7866666666666,445.31,False,False,False,False,False,False,False,True,False,True,False,-0.225,-0.1666666666666666,,,-0.2718,0.0770222222222222,-0.0833333333333333,-0.4666666666666667,0.005104251938171,-0.583485124468731,485.0,379.0,1.0,-0.0073386800859672,-0.0072866428272899,-0.0018896012151129
1999-11-25,570.0,570.0,570.0,570.0,2000.0,570.0,640.6,643.8,752.28,556.9866666666667,445.51,False,False,False,False,False,False,False,True,False,True,False,-0.1842105263157894,-0.1578947368421052,,,-0.3197894736842104,0.0228304093567251,0.0157894736842105,-0.4631578947368421,0.0057452003638627,-0.5627524075799938,550.0,400.0,2.0,-0.0143563566757059,-0.0070176765897386,0.0006409484256917
1999-12-03,521.0,521.0,521.0,521.0,1000.0,521.0,610.4,628.9,735.52,559.5333333333333,445.465,False,False,False,False,False,False,False,True,False,True,False,-0.165067178502879,-0.0403071017274472,,,-0.411746641074856,-0.073960332693538,0.0940499040307101,-0.4241842610364683,0.0045514118908613,-0.5458737478136428,575.0,410.0,0.5,-0.0227865999564933,-0.0084302432807874,-0.0011937884730014
1999-12-16,500.0,500.0,500.0,500.0,1000.0,500.0,572.0,611.9,713.92,561.7333333333333,445.315,False,False,False,False,False,False,False,True,False,True,False,-0.04,0.002,,,-0.4278399999999999,-0.1234666666666667,-0.06,-0.57,0.0039164490861619,-0.5406112109821866,550.0,400.0,1.0,-0.0302554908112954,-0.007468890854802,-0.0006349628046993
1999-12-27,500.0,500.0,489.0,489.0,3000.0,489.0,536.0,598.3,695.08,563.8533333333334,445.11,False,False,False,False,False,False,False,True,False,False,False,-0.0184049079754601,-0.0777096114519427,,,-0.4214314928425359,-0.1530743012951602,-0.0286298568507157,-0.5439672801635992,0.0037598429851734,-0.543038609393281,580.0,400.0,3.0,-0.0271047936928122,0.0031506971184831,-0.0001566061009885
2000-01-12,465.0,465.0,465.0,465.0,2000.0,465.0,509.0,584.8,679.28,565.5866666666667,444.685,False,False,False,False,False,False,False,True,False,False,False,0.075268817204301,0.064516129032258,,,-0.4608172043010752,-0.21631541218638,0.032258064516129,-0.513978494623656,0.0030646644192461,-0.5451436388508891,580.0,380.0,0.6666666666666666,-0.0232599222706396,0.0038448714221726,-0.0006951785659273
2000-01-13,465.0,465.0,465.0,465.0,1000.0,465.0,488.0,564.3,664.72,567.1333333333333,444.51,False,False,False,False,False,False,False,True,False,False,False,0.032258064516129,0.010752688172043,,,-0.4295053763440861,-0.2196415770609318,0.1182795698924731,-0.4516129032258064,0.0027271658634065,-0.5241892610313662,580.0,399.0,0.5,-0.0219039595619207,0.0013559627087188,-0.0003374985558395
2000-01-25,434.0,435.0,434.0,435.0,2000.0,435.0,470.8,540.6,649.28,568.2666666666667,444.235,False,False,False,False,False,False,False,True,False,True,False,0.1494252873563218,0.0804597701149425,,,-0.4925977011494252,-0.3063601532567049,0.0804597701149425,-0.4137931034482758,0.0019943688409197,-0.5070292267850537,570.0,400.0,2.0,-0.0237801872843766,-0.0018762277224558,-0.0007327970224867
2000-01-26,438.0,480.0,438.0,480.0,7000.0,480.0,466.8,519.4,639.64,569.8666666666667,444.185,False,False,False,False,False,False,False,True,False,False,False,0.04375,-0.0625,,,-0.3325833333333333,-0.1872222222222222,-0.0708333333333333,-0.4375,0.0028076743097801,-0.4907585675779746,560.0,380.0,3.5,-0.0150709774248014,0.0087092098595751,0.0008133054688603
2000-01-27,480.0,480.0,480.0,480.0,4000.0,480.0,465.0,500.5,630.84,571.4933333333333,444.135,False,False,False,False,False,False,False,True,False,False,False,-0.0604166666666666,-0.0625,,,-0.3142500000000001,-0.1906111111111111,0.0416666666666666,-0.4395833333333333,0.0028463440810041,-0.4727272727272728,570.0,380.0,0.5714285714285714,-0.0139496544290152,0.0011213229957862,3.8669771224044986e-05
2000-01-28,481.0,500.0,481.0,500.0,5000.0,500.0,472.0,490.5,620.12,573.3866666666667,443.985,False,False,False,False,False,False,False,True,False,True,False,-0.01,-0.11,,,-0.24024,-0.1467733333333333,-0.002,-0.516,0.0033020184168914,-0.4778797145769622,580.0,382.0,1.25,-0.0172869767141843,-0.0033373222851691,0.0004556743358872
2000-01-31,480.0,480.0,480.0,480.0,2000.0,480.0,475.0,481.5,604.92,575.0133333333333,443.885,False,False,False,False,False,False,False,True,False,True,False,-0.0208333333333333,-0.0833333333333333,,,-0.2602499999999999,-0.1979444444444444,0.0520833333333333,-0.5083333333333333,0.0028289199091035,-0.4826583592938733,560.0,390.0,0.4,-0.02512728955895,-0.0078403128447656,-0.0004730985077878
2000-02-01,500.0,500.0,500.0,500.0,2000.0,500.0,488.0,479.4,591.32,576.8933333333333,443.885,False,False,False,False,False,False,False,True,False,False,False,-0.06,-0.1,,,-0.1826400000000001,-0.1537866666666666,-0.1,-0.544,0.0032588346776989,-0.4954109303295786,659.0,399.0,1.0,-0.0229993911925859,0.002127898366364,0.0004299147685953
2000-02-02,501.0,501.0,501.0,501.0,1000.0,501.0,492.2,479.5,578.56,578.7866666666666,443.89,False,False,True,False,False,False,False,True,False,False,False,-0.1017964071856287,-0.1017964071856287,,,-0.1548103792415168,-0.1552628077178974,-0.1017964071856287,-0.5289421157684631,0.0032712110391853,-0.4911366006256517,630.0,479.0,0.5,-0.0220547566371683,0.0009446345554176,1.2376361486462432e-05
2000-02-03,481.0,481.0,451.0,451.0,4000.0,451.0,486.4,475.7,565.8,580.0133333333333,443.545,False,False,False,False,False,False,False,True,False,True,False,-0.0022172949002217,0.1086474501108647,,,-0.2545454545454544,-0.286060606060606,-0.0022172949002217,-0.5011086474501109,0.0021148939104848,-0.4866512507883119,670.0,485.0,4.0,-0.0225521385648638,-0.0004973819276955,-0.0011563171287005
2000-02-04,470.0,495.0,470.0,495.0,3000.0,495.0,485.4,478.7,556.8,581.56,443.42,False,False,False,False,False,False,False,True,False,False,True,-0.101010101010101,0.1111111111111111,,,-0.1248484848484847,-0.1748686868686867,-0.1212121212121212,-0.5535353535353535,0.0026595134924455,-0.490912889074577,740.0,400.0,0.75,-0.0161637931034482,0.0063883454614156,0.0005446195819606
2000-02-09,470.0,470.0,470.0,470.0,1000.0,470.0,483.4,479.2,546.8,582.4933333333333,443.245,False,False,False,False,False,False,False,True,False,True,False,-0.0638297872340425,0.2319148936170212,,,-0.1634042553191488,-0.2393475177304964,-0.1489361702127659,-0.5297872340425532,0.0016023073225445,-0.4985392320534223,840.0,400.0,0.3333333333333333,-0.0182882223847842,-0.0021244292813359,-0.0010572061699009
2000-02-10,470.0,470.0,470.0,470.0,2000.0,470.0,477.4,482.7,538.8,583.2933333333333,443.195,False,False,False,False,False,False,False,True,False,False,False,-0.0425531914893617,0.2127659574468085,,,-0.1463829787234041,-0.2410496453900708,-0.1489361702127659,-0.4829787234042553,0.0013715226186937,-0.5046612802983219,940.0,400.0,2.0,-0.0148478099480326,0.0034404124367515,-0.0002307847038507
2000-02-14,450.0,450.0,450.0,450.0,1000.0,450.0,467.2,479.7,530.0,583.96,443.095,False,False,False,False,False,False,False,True,False,True,False,0.0,0.0444444444444444,,,-0.1777777777777777,-0.2976888888888889,-0.1111111111111111,-0.4444444444444444,0.0011416307052995,-0.5057327496351887,1040.0,435.0,0.5,-0.0166037735849055,-0.0017559636368729,-0.0002298919133941
2000-02-15,450.0,450.0,450.0,450.0,3000.0,450.0,467.0,476.7,523.0,584.6266666666667,442.85,False,False,False,False,False,False,False,True,False,False,False,0.1111111111111111,0.0555555555555555,,,-0.1622222222222222,-0.2991703703703703,-0.1133333333333333,-0.4177777777777778,0.0011403288708462,-0.5040906230333543,960.0,450.0,3.0,-0.0133843212237093,0.0032194523611962,-1.301834453292048e-06
2000-02-17,445.0,445.0,445.0,445.0,1000.0,445.0,457.0,471.2,516.8,585.4933333333333,442.725,False,False,False,False,False,False,False,True,False,False,False,0.2359550561797752,0.0786516853932584,,,-0.1613483146067414,-0.3157153558052434,-0.2134831460674157,-0.4112359550561797,0.00148023319366,-0.4940577249575552,860.0,485.0,0.3333333333333333,-0.0119969040247678,0.0013874171989414,0.0003399043228137
2000-02-21,445.0,445.0,440.0,440.0,4000.0,440.0,451.0,467.2,507.6,586.04,442.685,False,False,False,False,False,False,False,True,False,True,False,0.3159090909090909,0.1818181818181818,,,-0.1536363636363636,-0.3319090909090908,-0.2045454545454545,-0.4022727272727273,0.0009328145974107,-0.4839469178082192,829.0,550.0,4.0,-0.0181245074862094,-0.0061276034614415,-0.0005474185962492
2000-02-23,450.0,450.0,450.0,450.0,1000.0,450.0,447.0,462.2,498.72,586.7066666666667,442.735,False,False,False,False,False,False,False,True,False,False,False,0.2666666666666666,0.0444444444444444,,,-0.1082666666666667,-0.3037925925925926,-0.2333333333333333,-0.4022222222222222,0.0011362861623072,-0.4694937256598875,821.0,575.0,0.25,-0.017805582290664,0.0003189251955453,0.0002034715648964
2000-02-24,450.0,450.0,450.0,450.0,2000.0,450.0,447.0,457.1,489.04,587.64,442.735,False,False,False,False,False,False,False,True,False,True,False,0.0444444444444444,-0.0088888888888888,,,-0.0867555555555556,-0.3058666666666666,-0.2333333333333333,-0.3422222222222222,0.0015882739999545,-0.4504484795449573,721.0,550.0,2.0,-0.0197938818910518,-0.0019882996003877,0.0004519878376472
2000-02-25,495.0,500.0,495.0,500.0,4000.0,500.0,457.0,462.0,482.28,589.24,442.985,False,False,False,False,True,False,False,True,False,False,True,-0.05,0.0,,,0.03544,-0.17848,-0.34,-0.408,0.0027153621614283,-0.4409090909090908,700.0,580.0,2.0,-0.0140167537530066,0.0057771281380452,0.0011270881614737
2000-02-28,550.0,550.0,550.0,550.0,1000.0,550.0,478.0,467.5,480.28,591.48,443.385,False,False,False,False,False,False,False,True,False,False,False,-0.1272727272727272,-0.0927272727272727,,,0.1267636363636364,-0.0754181818181818,-0.2727272727272727,-0.509090909090909,0.0037871102995874,-0.4370053475935829,768.0,580.0,0.25,-0.0041642375281086,0.009852516224898,0.0010717481381591
2000-03-01,560.0,579.0,560.0,579.0,2000.0,579.0,505.8,478.4,480.64,594.0,444.68,False,False,False,False,False,False,True,True,False,False,False,-0.1018998272884283,-0.1278065630397236,,,0.1698791018998273,-0.0259067357512953,-0.4300518134715025,-0.5164075993091537,0.0042424242424242,-0.4374999999999999,860.0,580.0,2.0,0.0007490013315579,0.0049132388596665,0.0004553139428367
2000-03-06,570.0,570.0,570.0,570.0,1000.0,570.0,529.8,488.4,482.6,596.28,445.78,False,False,False,False,False,False,True,True,True,False,False,-0.175438596491228,-0.2105263157894736,,,0.1533333333333333,-0.0461052631578946,-0.4736842105263157,-0.543859649122807,0.0038237069832963,-0.4455364455364455,840.0,570.0,0.5,0.0040613344384584,0.0033123331069004,-0.0004187172591278
2000-03-21,470.0,470.0,470.0,470.0,1000.0,470.0,533.8,490.4,481.4,596.16,446.23,False,False,False,False,False,False,False,False,False,True,False,-0.051063829787234,-0.0425531914893617,,,-0.0242553191489361,-0.2684255319148935,-0.2553191489361702,-0.3957446808510638,-0.0002012882447665,-0.4408646003262643,820.0,560.0,1.0,-0.0024927295388451,-0.0065540639773035,-0.0040249952280629
2000-03-22,470.0,475.0,470.0,475.0,2000.0,475.0,528.8,492.9,480.84,596.0266666666666,446.605,False,False,False,False,False,False,False,False,False,False,False,0.0526315789473684,-0.0526315789473684,,,-0.0122947368421052,-0.2547929824561403,-0.3684210526315789,-0.4378947368421053,-0.0002237036374211,-0.4426861432339217,770.0,570.0,2.0,-0.0011646285666749,0.0013281009721701,-2.241539265461848e-05
2000-03-23,480.0,480.0,480.0,480.0,1000.0,480.0,514.8,496.4,481.44,597.0933333333334,447.255,False,False,False,False,False,False,True,True,True,False,False,0.0395833333333333,-0.09375,,,-0.0029999999999999,-0.2439444444444445,-0.375,-0.45625,0.001786432048591,-0.4468170829975825,720.0,580.0,0.5,0.0012462612163509,0.0024108897830259,0.0020101356860121
2000-03-28,595.0,595.0,520.0,520.0,3000.0,520.0,503.0,504.4,483.64,598.6933333333334,448.43,False,False,False,True,True,False,True,True,False,False,False,-0.0288461538461538,-0.2307692307692307,,,0.0699230769230769,-0.1513333333333334,-0.4230769230769231,-0.4596153846153846,0.0026724867489199,-0.4520222045995242,720.0,560.0,3.0,0.0045488379786617,0.0033025767623107,0.0008860547003288
2000-04-11,470.0,470.0,470.0,470.0,1000.0,470.0,483.0,506.4,485.04,599.6266666666667,449.395,False,False,False,False,False,False,True,True,False,True,False,-0.0425531914893617,-0.1489361702127659,,,-0.032,-0.2758014184397163,-0.4042553191489361,-0.425531914893617,0.0015565240594146,-0.4539889415481832,670.0,659.0,0.3333333333333333,0.0028863598878443,-0.0016624780908174,-0.0011159626895052
2000-05-01,446.0,446.0,446.0,446.0,1000.0,446.0,478.2,506.0,483.68,599.7733333333333,450.375,False,False,False,False,False,False,False,True,False,True,False,0.0089686098654708,-0.1031390134529148,,,-0.0844843049327354,-0.3447832585949177,-0.3273542600896861,-0.3946188340807174,0.0002445368250227,-0.4586956521739131,670.0,630.0,1.0,-0.0028117763810784,-0.0056981362689227,-0.0013119872343919
2000-05-08,500.0,500.0,500.0,500.0,2000.0,500.0,483.2,506.0,484.48,600.44,451.675,False,False,False,False,False,False,True,True,True,False,False,-0.1,-0.202,,,0.0310399999999999,-0.2008800000000001,-0.44,-0.45,0.0011102968933894,-0.4628458498023715,625.0,670.0,2.0,0.0016512549537648,0.0044630313348433,0.0008657600683666
2000-05-09,499.0,499.0,499.0,499.0,1000.0,499.0,487.0,500.9,484.44,600.6266666666667,452.92,False,False,False,False,False,False,False,True,False,True,False,-0.1282565130260521,-0.2985971943887776,,,0.0291783567134268,-0.2036606546426185,-0.3947895791583166,-0.4308617234468938,0.0003107865118652,-0.4545817528448792,600.0,740.0,0.5,-8.256956485843545e-05,-0.0017338245186233,-0.0007995103815241
2000-05-16,505.0,505.0,505.0,505.0,1000.0,505.0,484.0,493.5,485.44,600.0266666666666,454.145,False,False,False,False,False,False,True,False,True,False,False,-0.2079207920792079,-0.3069306930693069,,,0.0387326732673267,-0.1881716171617161,-0.401980198019802,-0.4653465346534653,-0.0009999555575308,-0.4484295845997973,670.0,840.0,1.0,0.0020599868160843,0.0021425563809428,-0.0013107420693961
2000-05-18,450.0,450.0,450.0,450.0,1000.0,450.0,480.0,481.5,483.44,598.36,454.975,False,False,False,False,False,True,False,False,False,True,False,-0.1111111111111111,-0.2333333333333333,,,-0.0743111111111111,-0.3296888888888889,-0.3333333333333333,-0.3444444444444444,-0.0027853911803373,-0.4274143302180685,672.0,940.0,1.0,-0.0041370180373986,-0.006197004853483,-0.0017854356228064
2000-05-23,450.0,450.0,450.0,450.0,1000.0,450.0,480.8,479.5,481.4,597.0266666666666,455.625,False,False,False,False,False,False,False,False,False,True,False,-0.1111111111111111,-0.2333333333333333,,,-0.0697777777777777,-0.3267259259259258,-0.2888888888888888,-0.3577777777777777,-0.0022332894119749,-0.4239833159541189,692.0,1040.0,1.0,-0.0042376402160366,-0.0001006221786379,0.0005521017683623
2000-05-25,450.0,450.0,450.0,450.0,3000.0,450.0,470.8,477.0,481.36,595.2933333333333,456.125,False,False,False,False,False,False,False,False,False,False,False,-0.1133333333333333,-0.2666666666666666,,,-0.0696888888888889,-0.322874074074074,-0.4666666666666667,-0.4133333333333333,-0.0029117297914753,-0.4215932914046122,669.0,960.0,3.0,-8.309788931353585e-05,0.004154542326723,-0.0006784403795004
2000-06-12,435.0,435.0,435.0,435.0,1000.0,435.0,458.0,472.5,478.96,593.36,456.55,False,False,False,False,False,False,False,False,False,True,False,-0.1954022988505747,-0.0804597701149425,,,-0.1010574712643677,-0.3640459770114942,-0.4712643678160919,-0.3816091954022989,-0.0032582805267178,-0.4143915343915344,600.0,860.0,0.3333333333333333,-0.0050108568565225,-0.004927758967209,-0.0003465507352424
2000-06-14,400.0,400.0,400.0,400.0,1000.0,400.0,437.0,460.5,476.16,590.96,456.795,False,False,False,False,False,False,False,False,False,True,False,-0.125,-0.175,,,-0.1904,-0.4774000000000001,-0.4125,-0.305,-0.0040611885745227,-0.3997828447339848,570.0,829.0,1.0,-0.0058803763440859,-0.0008695194875633,-0.0008029080478049
2000-06-15,400.0,400.0,400.0,400.0,1000.0,400.0,427.0,453.5,473.36,588.6933333333334,457.04,False,False,False,False,False,False,False,False,False,True,False,-0.1375,-0.25,,,-0.1834,-0.4717333333333334,-0.3525,-0.3025,-0.0038503352056531,-0.3885336273428886,521.0,821.0,1.0,-0.0059151597093121,-3.478336522624945e-05,0.0002108533688695
2000-06-16,400.0,400.0,400.0,400.0,1000.0,400.0,417.0,448.9,471.36,586.56,457.285,False,False,False,False,False,False,False,False,False,False,False,-0.1375,-0.125,,,-0.1784,-0.4663999999999998,-0.35,-0.35,-0.0036370249136208,-0.3844954332813544,500.0,721.0,1.0,-0.0042430414120841,0.0016721182972279,0.0002133102920323
2000-06-26,399.0,399.0,399.0,399.0,1000.0,399.0,406.8,438.8,469.32,584.28,457.53,False,False,False,False,False,False,False,False,False,True,False,-0.1729323308270676,-0.2481203007518796,,,-0.1762406015037594,-0.464360902255639,-0.2481203007518796,-0.3483709273182957,-0.0039022386527007,-0.373746581586144,489.0,700.0,1.0,-0.0043467143952953,-0.0001036729832111,-0.0002652137390798
2000-07-07,350.0,350.0,350.0,350.0,1000.0,350.0,389.8,423.9,465.52,581.2133333333334,457.535,False,False,False,False,False,False,False,False,False,True,False,0.1428571428571428,-0.1428571428571428,,,-0.3300571428571428,-0.6606095238095239,-0.1428571428571428,-0.2571428571428571,-0.0052763185061135,-0.3573956121726822,465.0,768.0,1.0,-0.0081629145901357,-0.0038162001948404,-0.0013740798534128
2000-07-10,350.0,350.0,350.0,350.0,1000.0,350.0,379.8,408.4,461.92,578.4133333333333,457.54,False,False,False,False,False,False,False,False,False,False,False,-0.0571428571428571,-0.1428571428571428,,,-0.3197714285714286,-0.6526095238095238,-0.3428571428571428,-0.2571428571428571,-0.0048408289343262,-0.3354554358472086,465.0,860.0,1.0,-0.0077935573259438,0.0003693572641919,0.0004354895717873
2000-07-12,345.0,345.0,345.0,345.0,2000.0,345.0,368.8,397.9,457.72,574.2266666666667,457.52,False,False,False,False,False,False,False,False,False,True,False,-0.1304347826086956,-0.1884057971014492,,,-0.3267246376811595,-0.6644251207729469,-0.2028985507246377,-0.2318840579710145,-0.007290965240207,-0.3254586579542599,435.0,840.0,2.0,-0.0091759154067988,-0.001382358080855,-0.0024501363058808
2000-07-13,345.0,345.0,345.0,345.0,1000.0,345.0,357.8,387.4,453.52,570.4266666666666,457.5,False,False,False,False,False,False,False,False,False,True,False,0.0144927536231884,-0.1304347826086956,,,-0.3145507246376811,-0.6534106280193235,-0.1594202898550724,-0.2,-0.0066616801458558,-0.3105317501290655,480.0,820.0,0.5,-0.0092608925736462,-8.497716684735535e-05,0.0006292850943511
2000-07-24,330.0,330.0,330.0,330.0,2000.0,330.0,344.0,375.4,446.72,565.8933333333333,457.405,False,False,False,False,False,False,False,False,False,True,False,-0.0909090909090909,-0.1515151515151515,,,-0.3536969696969698,-0.7148282828282828,-0.1666666666666666,-0.1666666666666666,-0.0080109325667969,-0.2855620671283964,480.0,770.0,2.0,-0.0152220630372491,-0.0059611704636029,-0.0013492524209411
2000-07-26,400.0,400.0,400.0,400.0,2000.0,400.0,354.0,371.9,440.72,561.36,457.665,False,False,False,False,False,False,False,False,False,False,False,-0.25,-0.245,,,-0.1018,-0.4034,-0.2,-0.4375,-0.0080756258610041,-0.2906695348211884,500.0,720.0,1.0,-0.0136140860410237,0.0016079769962254,-6.469329420718574e-05
2000-08-11,330.0,330.0,330.0,330.0,1000.0,330.0,350.0,364.9,430.76,554.56,457.575,False,False,False,False,False,False,False,False,False,True,False,-0.0909090909090909,-0.0848484848484848,,,-0.3053333333333333,-0.6804848484848484,-0.0727272727272727,-0.1818181818181818,-0.012261973456434,-0.2792545902987119,480.0,720.0,0.5,-0.0231219240412295,-0.0095078380002057,-0.0041863475954298
2000-08-15,300.0,300.0,300.0,300.0,1000.0,300.0,341.0,354.9,419.96,546.0266666666666,457.335,False,False,False,False,False,False,False,False,False,True,False,-0.0666666666666666,0.0,,,-0.3998666666666666,-0.8200888888888888,0.0,-0.08,-0.0156280523539753,-0.2597914905607213,500.0,670.0,1.0,-0.0257167349271359,-0.0025948108859064,-0.0033660788975412
2000-08-25,350.0,350.0,350.0,350.0,2000.0,350.0,342.0,349.9,415.16,536.8266666666667,457.34,False,False,False,False,False,False,False,False,False,False,False,-0.1428571428571428,-0.0857142857142857,,,-0.1861714285714286,-0.5337904761904764,-0.3857142857142857,-0.2314285714285714,-0.0171377477522228,-0.2466418976850527,501.0,670.0,2.0,-0.011561807495905,0.0141549274312308,-0.0015096953982474
2000-08-30,300.0,300.0,300.0,300.0,1000.0,300.0,336.0,340.0,408.16,528.0266666666666,457.095,False,False,False,False,False,False,False,False,False,True,False,-0.0666666666666666,-0.2,,,-0.3605333333333334,-0.7600888888888888,-0.2566666666666666,-0.13,-0.0166658249583355,-0.2244117647058824,451.0,625.0,0.5,-0.0171501372010976,-0.0055883297051925,0.0004719227938872
2000-08-31,300.0,300.0,300.0,300.0,2000.0,300.0,316.0,335.0,400.96,520.56,456.8,False,False,False,False,False,False,False,False,False,True,False,0.0066666666666666,-0.2333333333333333,,,-0.3365333333333332,-0.7351999999999999,-0.2466666666666666,-0.1666666666666666,-0.0143435274832232,-0.2158208955223881,495.0,600.0,2.0,-0.0179569034317638,-0.0008067662306662,0.0023222974751123
2000-09-11,300.0,300.0,300.0,300.0,1000.0,300.0,310.0,330.0,392.16,513.5066666666667,456.805,False,False,False,False,False,False,False,False,False,True,False,0.0066666666666666,-0.2166666666666666,,,-0.3072000000000001,-0.7116888888888888,-0.15,-0.1666666666666666,-0.0137356217381143,-0.206969696969697,470.0,670.0,0.5,-0.022439820481436,-0.0044829170496721,0.0006079057451089
2000-09-20,280.0,280.0,280.0,280.0,1000.0,280.0,306.0,323.5,384.56,506.29333333333335,456.805,False,False,False,False,False,False,False,False,False,False,False,0.0714285714285714,-0.075,,,-0.3734285714285714,-0.8081904761904762,-0.0892857142857142,-0.0892857142857142,-0.0142473401453702,-0.1941267387944359,470.0,672.0,1.0,-0.0197628458498024,0.0026769746316336,-0.0005117184072559
2000-09-25,300.0,300.0,300.0,300.0,5000.0,300.0,296.0,319.0,378.72,500.68,456.805,False,False,False,False,False,False,False,False,False,False,False,0.0666666666666666,-0.1333333333333333,,,-0.2624000000000001,-0.6689333333333334,-0.1,-0.15,-0.0112114191366408,-0.1893416927899685,450.0,692.0,5.0,-0.0154203633291085,0.0043424825206939,0.0030359210087293
2000-09-29,300.0,300.0,280.0,280.0,2000.0,280.0,292.0,314.0,369.92,495.08,456.155,False,False,False,False,False,False,False,False,False,True,False,-0.1428571428571428,0.0714285714285714,,,-0.3211428571428572,-0.7681428571428571,-0.0392857142857142,-0.1035714285714285,-0.0113113032237214,-0.1840764331210191,450.0,669.0,0.4,-0.0237889273356401,-0.0083685640065316,-9.988408708060809e-05
2000-10-25,302.0,302.0,302.0,302.0,3000.0,302.0,292.4,304.2,362.04,488.8666666666667,455.515,False,False,False,False,False,False,False,False,False,False,False,-0.23841059602649,-0.0066225165562913,,,-0.1988079470198676,-0.6187637969094923,-0.1986754966887417,-0.1258278145695364,-0.0127096686213009,-0.1449704142011833,445.0,600.0,1.5,-0.0217655507678709,0.0020233765677692,-0.0013983653975794
2000-10-26,302.0,302.0,302.0,302.0,1000.0,302.0,292.8,301.4,353.92,481.4266666666667,454.775,False,False,False,False,False,False,False,False,False,True,False,-0.2218543046357615,-0.23841059602649,,,-0.1719205298013245,-0.5941280353200883,-0.2185430463576159,-0.1688741721854304,-0.0154540670784058,-0.1433311214333112,440.0,570.0,0.3333333333333333,-0.0229430379746835,-0.0011774872068126,-0.0027443984571049
2000-10-27,300.0,300.0,300.0,300.0,1000.0,300.0,296.8,301.4,347.92,474.2266666666667,454.025,False,False,False,False,False,False,False,False,False,False,False,-0.1366666666666666,-0.0833333333333333,,,-0.1597333333333334,-0.5807555555555556,-0.24,-0.12,-0.0151826130964095,-0.1473125414731253,450.0,521.0,1.0,-0.0172453437571855,0.0056976942174979,0.0002714539819962
2000-10-31,320.0,320.0,320.0,320.0,2000.0,320.0,300.8,298.4,342.72,467.56,453.475,False,False,False,False,False,False,False,False,False,False,False,-0.1875,-0.09375,,,-0.071,-0.461125,-0.2625,-0.15,-0.0142584195967719,-0.137734584450402,450.0,500.0,2.0,-0.015172735760971,0.0020726079962145,0.0009241934996376
2000-11-17,240.0,240.0,240.0,240.0,1000.0,240.0,292.8,292.4,334.32,460.4933333333333,452.525,False,False,False,False,False,False,False,False,False,True,False,0.25,0.1458333333333333,,,-0.3929999999999999,-0.918722222222222,-0.0625,0.2416666666666666,-0.0153458609607089,-0.1073871409028727,500.0,489.0,0.5,-0.0251256281407036,-0.0099528923797326,-0.0010874413639369
2000-11-22,241.0,241.0,230.0,230.0,2000.0,230.0,278.4,285.4,326.12,453.96,451.525,False,False,False,False,False,False,False,False,False,True,False,0.3043478260869565,0.391304347826087,,,-0.4179130434782609,-0.9737391304347826,-0.0391304347826087,0.4347826086956521,-0.014391870061973,-0.0574632095304834,550.0,465.0,2.0,-0.025144118729302,-1.849058859844377e-05,0.0009539908987358
2000-11-24,235.0,235.0,235.0,235.0,1000.0,235.0,265.0,278.9,319.52,447.4933333333333,450.55,False,False,False,False,False,False,False,False,False,False,False,-0.0212765957446808,0.3021276595744681,,,-0.359659574468085,-0.9042269503546098,-0.0595744680851063,0.4042553191489361,-0.0144508670520231,-0.0068124775905341,579.0,465.0,0.5,-0.020655983975964,0.004488134753338,-5.8996990050101325e-05
2000-11-27,259.0,259.0,259.0,259.0,2000.0,259.0,256.8,276.8,313.88,442.0133333333333,449.595,False,False,False,False,False,False,False,False,False,False,False,0.0617760617760617,0.1583011583011583,,,-0.2118918918918918,-0.7066151866151865,-0.0617760617760617,0.2741312741312741,-0.0123978160538142,0.0278179190751444,570.0,435.0,2.0,-0.0179686504396584,0.0026873335363055,0.0020530509982089
2000-11-28,270.0,270.0,260.0,260.0,3000.0,260.0,244.8,272.8,308.28,436.5466666666667,448.64,False,False,False,False,False,False,False,False,False,True,False,0.1153846153846153,-0.173076923076923,,,-0.1856923076923076,-0.6790256410256411,-0.0384615384615384,0.25,-0.012522525274121,0.0685483870967741,470.0,480.0,1.5,-0.0181653042688465,-0.0001966538291881,-0.0001247092203067
2000-11-30,300.0,300.0,300.0,300.0,1000.0,300.0,256.8,274.8,304.32,432.2133333333333,447.99,False,False,False,False,False,False,False,False,False,False,True,-0.0833333333333333,-0.2566666666666666,,,-0.0143999999999999,-0.440711111111111,-0.1266666666666666,0.0,-0.0100259131293189,0.0786026200873361,475.0,480.0,0.3333333333333333,-0.0130126182965299,0.0051526859723166,0.0024966121448021
2000-12-11,300.0,300.0,300.0,300.0,1000.0,300.0,270.8,274.6,302.32,428.2133333333333,447.34,False,False,False,False,False,False,False,False,False,False,False,0.0666666666666666,-0.2466666666666666,,,-0.0077333333333333,-0.4273777777777777,-0.1266666666666666,0.0,-0.0093411383733964,0.0924981791697013,480.0,500.0,1.0,-0.0066155067478168,0.006397111548713,0.0006847747559225
2000-12-13,230.0,230.0,230.0,230.0,1000.0,230.0,269.8,267.4,297.52,422.3466666666667,446.295,False,False,False,False,False,False,False,False,False,True,False,0.3304347826086956,0.108695652173913,,,-0.2935652173913042,-0.8362898550724639,0.1434782608695652,0.3043478260869565,-0.0138906427579238,0.1402393418100224,520.0,480.0,1.0,-0.0161333691852648,-0.009517862437448,-0.0045495043845274
2000-12-18,275.0,275.0,275.0,275.0,1000.0,275.0,273.0,264.9,294.72,417.0533333333333,445.37,False,False,False,False,False,False,False,False,False,False,False,0.0909090909090909,-0.0727272727272727,,,-0.071709090909091,-0.5165575757575755,-0.0218181818181818,-0.0181818181818181,-0.0126922216183383,0.153265383163458,470.0,500.0,1.0,-0.0095005428881648,0.0066328262971,0.0011984211395855
2000-12-19,290.0,290.0,290.0,290.0,1000.0,290.0,279.0,261.9,292.52,411.6933333333333,444.52,False,False,False,False,False,False,False,False,False,False,False,-0.2586206896551724,-0.0689655172413793,,,-0.0086896551724137,-0.4196321839080459,0.0206896551724137,-0.0689655172413793,-0.0130193995530652,0.1657121038564339,446.0,501.0,1.0,-0.0075208532749899,0.0019796896131749,-0.0003271779347269
2000-12-25,275.0,275.0,275.0,275.0,4000.0,275.0,274.0,265.4,290.32,406.44,443.595,False,False,False,False,False,False,False,False,False,True,True,-0.1890909090909091,-0.0218181818181818,,,-0.0557090909090908,-0.4779636363636363,0.0763636363636363,-0.0909090909090909,-0.0129252370173539,0.1322532027128863,500.0,451.0,4.0,-0.0075778451364011,-5.69918614112732e-05,9.416253571135556e-05
2000-12-28,320.0,320.0,320.0,320.0,2000.0,320.0,278.0,274.4,287.12,402.70666666666665,443.12,False,False,False,False,True,False,False,False,False,True,False,-0.29375,-0.24375,,,0.1027499999999999,-0.2584583333333333,-0.15625,-0.21875,-0.0092706022580538,0.0659620991253645,499.0,495.0,0.5,-0.011145165784341,-0.0035673206479398,0.0036546347593
2001-01-25,306.0,306.0,306.0,306.0,3000.0,306.0,293.2,281.5,286.16,399.18666666666667,442.65,False,False,False,False,False,False,False,False,False,False,False,-0.1666666666666666,-0.2287581699346405,,,0.0648366013071894,-0.3045315904139433,-0.0849673202614379,-0.2352941176470588,-0.0088179297905741,0.0049733570159857,505.0,470.0,1.5,-0.0033547665641598,0.0077903992201811,0.0004526724674797
2001-01-31,300.0,300.0,300.0,300.0,1000.0,300.0,298.2,285.6,286.16,396.24,442.15,False,False,False,False,False,False,False,False,False,False,False,-0.15,-0.24,,,0.0461333333333332,-0.3208,-0.1333333333333333,-0.2666666666666666,-0.0074365704286963,-0.0479691876750701,450.0,470.0,0.3333333333333333,0.0,0.0033547665641598,0.0013813593618777
2001-02-08,235.0,235.0,215.0,215.0,3000.0,215.0,283.2,281.1,280.76,392.44,441.225,False,False,False,False,False,True,False,False,False,True,False,0.2558139534883721,0.0976744186046511,,,-0.305860465116279,-0.8253023255813954,0.3209302325581395,-0.1627906976744186,-0.0096830088675976,-0.0843116328708646,450.0,450.0,3.0,-0.0192335090468728,-0.0192335090468728,-0.0022464384389012
2001-02-13,223.0,223.0,223.0,223.0,1000.0,223.0,272.8,273.4,277.68,388.8933333333333,440.34,False,False,False,False,False,False,False,False,False,False,False,0.2062780269058296,0.0089686098654708,,,-0.2452017937219731,-0.7439162929745888,0.1973094170403587,-0.0134529147982062,-0.0091198957726197,-0.087783467446964,450.0,450.0,0.3333333333333333,-0.0110919043503312,0.0081416046965416,0.0005631130949778
2001-02-16,226.0,226.0,226.0,226.0,2000.0,226.0,254.0,266.0,274.72,385.70666666666665,439.47,False,False,False,False,False,False,False,False,False,False,False,0.0707964601769911,-0.0221238938053097,,,-0.2155752212389381,-0.7066666666666666,0.1548672566371681,0.1504424778761062,-0.0082618915929203,-0.0774436090225563,435.0,445.0,2.0,-0.0107746068724518,0.0003172974778793,0.0008580041796994
2001-02-22,255.0,255.0,255.0,255.0,1000.0,255.0,243.8,268.5,272.92,382.9066666666667,439.145,False,False,False,False,False,False,False,False,False,False,True,-0.0745098039215686,-0.1333333333333333,,,-0.0702745098039216,-0.5015947712418302,0.1019607843137254,0.0196078431372549,-0.0073124869419874,-0.1009310986964618,400.0,440.0,0.5,-0.0065953392935659,0.0041792675788859,0.0009494046509328
2001-02-23,255.0,255.0,255.0,255.0,1000.0,255.0,234.8,266.5,271.92,380.50666666666666,438.82,False,False,False,False,False,False,False,False,False,False,False,-0.1058823529411764,-0.0470588235294117,,,-0.0663529411764706,-0.4921830065359477,0.0588235294117647,-0.0352941176470588,-0.006307379634172,-0.1031894934333958,400.0,450.0,1.0,-0.0036775522212415,0.0029177870723243,0.0010051073078154
2001-02-26,270.0,270.0,270.0,270.0,4000.0,270.0,245.8,264.5,270.72,377.70666666666665,438.37,False,False,False,False,False,False,False,False,False,True,False,-0.1259259259259259,-0.074074074074074,,,-0.0026666666666667,-0.3989135802469135,0.0,-0.0925925925925925,-0.0074131601242587,-0.10586011342155,400.0,450.0,4.0,-0.0044326241134751,-0.0007550718922335,-0.0011057804900866
2001-02-28,269.0,269.0,269.0,269.0,2000.0,269.0,255.0,263.9,270.28,374.8933333333333,437.91,False,False,False,False,False,False,False,False,False,False,False,-0.1635687732342007,-0.0260223048327137,,,-0.0047583643122675,-0.3936555142503097,0.0223048327137546,-0.0334572490706319,-0.0075043567948216,-0.1000378931413413,399.0,500.0,0.5,-0.00162794139411,0.0028046827193651,-9.119667056292202e-05
2001-03-02,242.0,242.0,242.0,242.0,1000.0,242.0,258.2,256.1,267.88,371.4533333333333,437.22,False,False,False,False,False,False,False,False,False,True,False,-0.0867768595041322,0.0826446280991735,,,-0.1069421487603305,-0.5349311294765839,0.1735537190082644,0.0537190082644628,-0.0092609210668006,-0.070675517376025,350.0,550.0,0.5,-0.0089592354785724,-0.0073312940844623,-0.001756564271979
2001-03-06,236.0,236.0,236.0,236.0,1000.0,236.0,254.4,249.1,265.24,368.2,436.45,False,False,False,False,False,False,False,False,False,True,False,-0.0635593220338983,0.1144067796610169,,,-0.1238983050847458,-0.5601694915254237,0.1440677966101695,0.0932203389830508,-0.0088357776570704,-0.0349257326374949,350.0,579.0,1.0,-0.0099532498868948,-0.0009940144083224,0.0004251434097302
2001-03-09,228.0,228.0,228.0,228.0,1000.0,228.0,249.0,241.9,262.36,364.5733333333333,435.59,False,False,False,False,False,False,False,False,False,True,False,0.0657894736842105,0.1798245614035087,,,-0.1507017543859649,-0.5990058479532163,0.293859649122807,0.1929824561403508,-0.0099477014226675,0.0152955766845803,345.0,570.0,1.0,-0.0109772831224271,-0.0010240332355323,-0.0011119237655971
2001-03-13,224.0,236.0,224.0,236.0,2000.0,236.0,242.2,244.0,259.0,361.04,434.82,False,False,False,False,False,False,False,False,False,True,True,0.059322033898305,0.2542372881355932,,,-0.097457627118644,-0.5298305084745764,0.2245762711864407,0.1864406779661017,-0.0097865425806927,0.0475409836065573,345.0,470.0,2.0,-0.012972972972973,-0.0019956898505458,0.0001611588419748
2001-03-21,225.0,225.0,225.0,225.0,1000.0,225.0,233.4,244.2,258.4,358.02666666666664,434.14,False,False,False,False,False,False,False,False,False,False,False,0.1644444444444444,0.3155555555555555,,,-0.1484444444444443,-0.5912296296296295,0.1733333333333333,0.32,-0.0084165052882468,0.0782145782145783,330.0,475.0,0.5,-0.0023219814241486,0.0106509915488243,0.0013700372924459
2001-03-22,225.0,225.0,221.0,221.0,2000.0,221.0,229.2,243.7,258.04,354.37333333333333,433.44,False,False,False,False,False,False,False,False,False,False,False,0.1855203619909502,0.2217194570135746,,,-0.1676018099547512,-0.6034992458521871,0.2171945701357466,0.3303167420814479,-0.0103092783505153,0.0943783340172343,400.0,480.0,2.0,-0.0013951325375909,0.0009268488865577,-0.0018927730622685
2001-03-23,221.0,221.0,221.0,221.0,1000.0,221.0,226.2,240.3,257.48,351.05333333333334,432.74,False,False,False,False,False,False,False,False,False,True,False,0.1900452488687782,0.2669683257918552,,,-0.1650678733031675,-0.5884766214177979,0.2579185520361991,0.334841628959276,-0.0094572524592654,0.1244277985851018,330.0,520.0,0.5,-0.0021749262078608,-0.0007797936702699,0.0008520258912499
2001-03-26,243.0,243.0,243.0,243.0,4000.0,243.0,229.2,239.1,256.84,348.02666666666664,432.15,False,False,False,False,False,False,False,False,False,True,False,0.1069958847736625,0.0699588477366255,,,-0.0569547325102879,-0.4322085048010973,0.1481481481481481,0.037037037037037,-0.0086966515975788,0.1325805102467587,300.0,470.0,4.0,-0.0024918237034731,-0.0003168974956123,0.0007606008616866
2001-03-27,250.0,250.0,250.0,250.0,1000.0,250.0,232.0,237.1,256.44,345.36,431.595,False,False,False,False,False,False,False,False,False,False,False,0.184,0.136,,,-0.0257599999999999,-0.38144,0.04,0.172,-0.0077214114740173,0.1623787431463518,350.0,446.0,0.25,-0.0015598190609888,0.0009320046424843,0.0009752401235614
2001-03-30,262.0,262.0,262.0,262.0,2000.0,262.0,239.4,236.4,254.92,342.8533333333333,431.155,False,False,False,False,True,False,False,False,False,True,False,0.1297709923664122,0.0190839694656488,,,0.0270229007633588,-0.3086005089058523,-0.0076335877862595,-0.0229007633587786,-0.0073111923465817,0.1641285956006767,300.0,500.0,2.0,-0.0059626549505727,-0.0044028358895839,0.0004102191274355
2001-04-02,262.0,262.0,262.0,262.0,2000.0,262.0,247.6,238.4,253.4,340.41333333333336,430.815,False,False,False,False,False,False,False,False,False,True,True,0.0305343511450381,-0.0038167938931297,,,0.032824427480916,-0.2992875318066159,-0.0076335877862595,-0.0229007633587786,-0.00716775684462,0.1547818791946309,300.0,499.0,1.0,-0.0059984214680346,-3.5766517461886284e-05,0.0001434355019616
2001-04-23,263.0,263.0,263.0,263.0,1000.0,263.0,256.0,241.1,254.72,338.05333333333334,430.48,False,False,False,False,False,False,True,False,True,False,False,0.0646387832699619,0.0684410646387832,,,0.0314828897338403,-0.2853738910012675,-0.0114068441064638,-0.0228136882129277,-0.0069811469590597,0.1414350891746163,300.0,505.0,0.5,0.00518216080402,0.0111805822720547,0.0001866098855603
2001-04-24,269.0,269.0,269.0,269.0,1000.0,269.0,261.2,245.2,254.48,335.64,430.4,False,False,False,False,False,False,False,False,False,True,False,-0.0334572490706319,0.0037174721189591,,,0.0539776951672862,-0.2477323420074348,-0.0148698884758364,-0.0483271375464684,-0.0071902435148771,0.1158238172920066,280.0,450.0,1.0,-0.0009430996541968,-0.0061252604582169,-0.0002090965558173
2001-04-25,296.0,296.0,296.0,296.0,4000.0,296.0,270.4,251.2,254.72,333.58666666666664,430.45,False,False,False,False,False,False,True,False,False,False,False,-0.0405405405405405,-0.0878378378378378,,,0.1394594594594594,-0.1269819819819819,-0.0675675675675675,-0.1216216216216216,-0.0061553219553139,0.0812101910828026,300.0,450.0,4.0,0.0009422110552764,0.0018853107094732,0.0010349215595631
2001-04-27,296.0,296.0,296.0,296.0,1000.0,296.0,277.2,258.3,255.56,330.8666666666667,430.28,False,False,False,False,False,False,True,False,True,False,False,-0.0979729729729729,-0.0709459459459459,,,0.1366216216216216,-0.1177927927927928,-0.0709459459459459,-0.1216216216216216,-0.0082208341728792,0.0371660859465736,280.0,450.0,0.25,0.003286899358272,0.0023446883029956,-0.0020655122175652
2001-05-14,270.0,270.0,270.0,270.0,1000.0,270.0,278.8,263.2,253.56,327.1333333333333,430.38,False,False,False,False,False,False,False,False,False,True,False,-0.0333333333333333,0.0518518518518518,,,0.0608888888888888,-0.2116049382716049,-0.1666666666666666,0.0185185185185185,-0.0114122681883024,0.0106382978723404,302.0,435.0,1.0,-0.0078876794447073,-0.0111745788029794,-0.0031914340154232
2001-05-16,280.0,280.0,280.0,280.0,1000.0,280.0,282.2,269.1,252.52,323.14666666666665,430.63,False,False,False,False,False,False,False,False,False,False,False,0.0035714285714285,-0.0357142857142857,,,0.0981428571428571,-0.154095238095238,-0.0357142857142857,0.0,-0.0123370193101172,-0.0170940170940171,302.0,400.0,1.0,-0.0041184856645017,0.0037691937802055,-0.0009247511218147
2001-05-25,277.0,289.0,260.0,260.0,5000.0,260.0,280.4,270.8,250.92,319.0133333333333,430.68,False,False,False,False,False,False,False,False,False,True,False,0.0384615384615384,0.1346153846153846,,,0.0349230769230769,-0.2269743589743589,0.0615384615384615,0.0,-0.0129566162333862,-0.0203101920236336,300.0,400.0,5.0,-0.0063765343535789,-0.0022580486890771,-0.000619596923269
2001-05-31,284.0,284.0,284.0,284.0,2000.0,284.0,278.0,274.2,253.68,316.53333333333336,430.9,False,False,False,False,False,False,True,False,True,False,False,-0.0492957746478873,0.0176056338028169,,,0.1067605633802816,-0.1145539906103287,-0.0528169014084507,-0.0492957746478873,-0.0078348778433023,-0.0408460977388766,320.0,400.0,0.4,0.010879848628193,0.0172563829817719,0.0051217383900839
2001-06-14,267.0,267.0,267.0,267.0,1000.0,267.0,272.2,274.7,255.44,313.76,431.01,False,False,False,False,False,False,True,False,False,True,False,0.0299625468164794,-0.0112359550561797,,,0.0432958801498127,-0.175131086142322,-0.0224719101123595,0.048689138576779,-0.0088390277069523,-0.0338551146705497,240.0,399.0,0.5,0.0068900720325712,-0.0039897765956218,-0.00100414986365
2001-06-15,261.0,261.0,261.0,261.0,2000.0,261.0,270.4,274.6,256.84,310.84,431.09,False,False,False,False,False,False,True,False,False,True,False,0.0881226053639846,0.0306513409961685,,,0.0159386973180077,-0.1909578544061301,-0.0421455938697318,-0.003831417624521,-0.0093939003989191,-0.0320466132556446,230.0,350.0,2.0,0.005450864351347,-0.0014392076812241,-0.0005548726919667
2001-06-18,281.0,281.0,281.0,281.0,1000.0,281.0,270.6,276.4,257.88,307.6533333333333,431.2,False,False,False,False,False,False,True,False,False,True,True,-0.0391459074733096,-0.0106761565836298,,,0.0822775800711743,-0.0948517200474494,-0.1103202846975089,-0.0747330960854092,-0.0103579786772991,-0.0372648335745295,235.0,350.0,0.5,0.0040328835117109,-0.0014179808396361,-0.00096407827838
2001-06-20,270.0,270.0,270.0,270.0,3000.0,270.0,272.6,276.5,258.48,304.9866666666667,431.2,False,False,False,False,False,False,True,False,False,True,False,0.0925925925925925,0.0333333333333333,,,0.0426666666666665,-0.1295802469135803,-0.0555555555555555,0.0,-0.0087435516306722,-0.0325497287522604,259.0,345.0,3.0,0.0023212627669453,-0.0017116207447656,0.0016144270466268
2001-06-21,270.0,270.0,270.0,270.0,1000.0,270.0,269.8,273.9,258.48,302.64,431.005,False,False,False,False,False,False,False,False,False,True,False,0.0703703703703703,-0.037037037037037,,,0.0426666666666665,-0.1208888888888888,-0.0555555555555555,-0.037037037037037,-0.0077539871354305,-0.0233661920408907,260.0,345.0,0.3333333333333333,0.0,-0.0023212627669453,0.0009895644952417
2001-06-22,275.0,275.0,275.0,275.0,1000.0,275.0,271.4,271.8,258.72,299.64,430.905,False,False,False,False,False,False,True,False,False,False,False,-0.04,-0.0545454545454545,,,0.0591999999999999,-0.0895999999999999,-0.0872727272727272,0.0072727272727272,-0.0100120144173007,-0.0095658572479765,300.0,330.0,1.0,0.0009276437847866,0.0009276437847866,-0.0022580272818702
2001-06-25,284.0,284.0,284.0,284.0,4000.0,284.0,276.0,273.2,260.4,296.7733333333333,430.705,False,False,False,False,False,False,True,False,True,False,True,-0.0528169014084507,-0.0845070422535211,,,0.0830985915492958,-0.0449765258215961,-0.0704225352112676,-0.0316901408450704,-0.0096594482882559,-0.0146412884333821,300.0,400.0,4.0,0.0064516129032256,0.0055239691184389,0.0003525661290448
2001-06-28,270.0,270.0,270.0,270.0,2000.0,270.0,273.8,272.2,261.76,293.64,430.375,False,False,False,False,False,False,True,False,False,True,False,0.0296296296296296,-0.037037037037037,,,0.0305185185185185,-0.0875555555555555,-0.0703703703703703,0.0,-0.0106706624892157,-0.014695077149155,230.0,330.0,0.5,0.0051955990220049,-0.0012560138812206,-0.0010112142009598
2001-06-29,295.0,295.0,295.0,295.0,1000.0,295.0,278.8,275.7,264.44,291.5733333333333,430.17,False,False,False,False,False,False,True,False,False,False,True,-0.0542372881355932,-0.1016949152542373,,,0.103593220338983,0.0116158192090395,-0.1050847457627118,0.0,-0.0070879824400951,-0.0145085237577076,275.0,300.0,0.5,0.0101346241113296,0.0049390250893246,0.0035826800491206
2001-07-09,289.0,289.0,289.0,289.0,1000.0,289.0,282.6,276.2,266.56,289.4266666666667,429.935,False,False,False,False,False,False,True,False,False,True,False,-0.1003460207612456,-0.0449826989619377,,,0.0776470588235294,-0.0014763552479815,-0.0588235294117647,-0.0484429065743944,-0.0074169622702353,-0.0144822592324402,290.0,350.0,1.0,0.007953181272509,-0.0021814428388206,-0.0003289798301402
2001-07-10,264.0,264.0,264.0,264.0,1000.0,264.0,280.4,275.9,268.12,286.94666666666666,429.575,False,False,False,False,False,False,True,False,False,True,False,-0.0151515151515151,0.0416666666666666,,,-0.0156060606060606,-0.0869191919191918,0.1287878787878787,0.0227272727272727,-0.0086427210631476,-0.0170351576658209,275.0,300.0,1.0,0.0058182903177681,-0.0021348909547408,-0.0012257587929123
2001-07-24,267.0,269.0,267.0,269.0,2000.0,269.0,277.4,276.7,270.04,284.7333333333333,429.24,False,False,False,False,False,False,True,False,False,False,True,-0.0334572490706319,-0.1635687732342007,,,-0.0038661710037175,-0.0584882280049564,0.2267657992565055,0.0966542750929368,-0.0077733551861391,-0.0072280448138778,320.0,300.0,2.0,0.0071100577692194,0.0012917674514512,0.0008693658770084
2001-07-25,278.0,278.0,278.0,278.0,3000.0,278.0,279.0,276.4,272.32,283.1066666666667,428.93,False,False,False,False,False,False,True,False,False,False,False,-0.0647482014388489,-0.0287769784172661,,,0.020431654676259,-0.0183693045563549,0.1870503597122302,0.0611510791366906,-0.0057457730890592,0.0065123010130246,306.0,300.0,1.5,0.0083725029377202,0.0012624451685007,0.0020275820970799
2001-07-31,279.0,279.0,279.0,279.0,1000.0,279.0,275.8,277.3,273.76,281.49333333333334,428.62,False,False,False,False,False,False,True,False,False,True,True,-0.050179211469534,-0.010752688172043,,,0.0187813620071684,-0.0089366786140979,0.1827956989247312,0.057347670250896,-0.0057313376278893,0.0122610890732058,300.0,280.0,0.3333333333333333,0.005260081823495,-0.0031124211142252,1.4435461169887144e-05
2001-08-06,260.0,260.0,260.0,260.0,1000.0,260.0,270.0,276.3,274.16,279.62666666666667,428.22,False,False,False,False,False,False,True,False,False,True,False,0.0615384615384615,0.0346153846153846,,,-0.0544615384615385,-0.0754871794871794,0.25,0.1153846153846153,-0.006675567423231,0.0267824828085413,215.0,300.0,1.0,0.0014590020426029,-0.003801079780892,-0.0009442297953416
2001-08-17,250.0,260.0,250.0,260.0,4000.0,260.0,269.2,274.8,274.08,277.7733333333333,427.795,False,False,False,False,False,False,False,False,False,True,False,0.0576923076923076,0.0038461538461538,,,-0.054153846153846,-0.0683589743589742,0.1538461538461538,0.1153846153846153,-0.0066721067537081,0.0371179039301309,223.0,280.0,4.0,-0.0002918855808524,-0.0017508876234554,3.4606695228705728e-06
2001-08-20,260.0,260.0,260.0,260.0,1000.0,260.0,267.4,272.4,274.0,276.5733333333333,427.2,False,False,False,False,False,False,False,False,False,True,False,-0.1346153846153846,-0.0384615384615384,,,-0.0538461538461538,-0.0637435897435897,0.1538461538461538,0.0961538461538461,-0.0043388130935736,0.0499265785609398,226.0,302.0,0.25,-0.0002919708029196,-8.522206719469408e-08,0.0023332936601344
2001-08-21,260.0,260.0,260.0,260.0,1000.0,260.0,263.8,271.4,273.88,275.37333333333333,426.6,False,False,False,False,False,False,False,False,False,True,False,0.0384615384615384,-0.0384615384615384,,,-0.0533846153846153,-0.0591282051282051,0.1538461538461538,0.0,-0.0043577204280249,0.0501105379513633,255.0,302.0,1.0,-0.0004381480940558,-0.0001461772911361,-1.8907334451247378e-05
2001-08-24,265.0,265.0,265.0,265.0,1000.0,265.0,261.0,268.4,273.72,274.3066666666667,426.025,False,False,False,False,False,False,False,False,False,True,False,0.0415094339622641,-0.0377358490566037,,,-0.0329056603773585,-0.0351194968553459,0.0188679245283018,-0.0188679245283018,-0.0038885918436785,0.0488077496274218,255.0,300.0,1.0,-0.000584538944907,-0.0001463908508512,0.0004691285843463
2001-08-27,275.0,276.0,275.0,276.0,4000.0,276.0,264.2,267.1,272.92,273.38666666666666,425.505,False,False,False,False,True,False,False,False,False,True,False,-0.0253623188405797,-0.0760869565217391,,,0.011159420289855,0.0094685990338164,-0.0217391304347826,-0.0036231884057971,-0.0033651970347249,0.0539123923624109,270.0,320.0,4.0,-0.0029312619082515,-0.0023467229633444,0.0005233948089536
2001-08-31,275.0,275.0,275.0,275.0,2000.0,275.0,267.2,268.2,272.08,272.6533333333333,424.98,False,False,False,False,False,False,False,False,False,True,True,-0.0509090909090909,-0.0872727272727272,,,0.0106181818181818,0.0085333333333334,-0.0909090909090909,0.0545454545454545,-0.0026896180742335,0.0570469798657718,269.0,240.0,0.5,-0.0030873272566893,-0.0001560653484377,0.0006755789604914
2001-09-13,225.0,225.0,225.0,225.0,2000.0,225.0,260.2,263.8,270.28,270.32,424.165,False,False,False,False,False,False,False,False,False,True,False,0.1111111111111111,0.1733333333333333,,,-0.2012444444444443,-0.2014222222222222,0.1111111111111111,0.3288888888888889,-0.0086317450922362,0.0761940864291128,242.0,230.0,1.0,-0.006659760248631,-0.0035724329919417,-0.0059421270180027
2001-09-25,270.0,270.0,270.0,270.0,4000.0,270.0,262.2,263.0,269.88,269.52,423.865,False,True,False,False,False,False,False,False,False,False,False,-0.074074074074074,-0.0703703703703703,,,0.0004444444444444,0.0017777777777778,-0.1333333333333333,0.1111111111111111,-0.0029682398337786,0.0813688212927755,236.0,235.0,2.0,-0.0014821402104638,0.0051776200381672,0.0056635052584576
2001-09-26,275.0,276.0,275.0,276.0,3000.0,276.0,264.4,262.7,270.52,269.2,423.595,False,False,False,False,False,False,True,False,True,False,False,-0.0760869565217391,-0.0434782608695652,,,0.0198550724637681,0.0246376811594203,-0.2028985507246377,0.0326086956521739,-0.001188707280832,0.078797106966121,228.0,259.0,0.75,0.0023658139878751,0.0038479541983389,0.0017795325529465
2001-09-28,269.0,269.0,269.0,269.0,1000.0,269.0,263.0,263.6,269.92,268.12,423.265,False,False,False,False,False,False,False,False,False,True,True,-0.0520446096654275,0.0111524163568773,,,-0.0034200743494424,0.0032713754646839,-0.3308550185873606,0.0037174721189591,-0.0040280471430702,0.0675265553869497,236.0,260.0,0.3333333333333333,-0.0022228808535861,-0.0045886948414612,-0.0028393398622381
2001-10-04,261.0,261.0,261.0,261.0,1000.0,261.0,260.2,263.7,269.68,267.6,422.92,False,False,False,False,False,False,False,False,False,False,False,-0.0383141762452107,0.1417624521072797,,,-0.0332567049808429,-0.0252873563218391,-0.1570881226053639,-0.0421455938697318,-0.0019431988041852,0.0519529768676525,225.0,300.0,1.0,-0.000889943636903,0.001332937216683,0.0020848483388849
2001-10-09,250.0,250.0,250.0,250.0,1000.0,250.0,265.2,262.7,269.24,266.93333333333334,422.495,False,False,False,False,False,False,False,False,False,True,False,0.056,0.32,,,-0.07696,-0.0677333333333333,0.04,0.0,-0.0024975024975025,0.0426341834792538,221.0,300.0,1.0,-0.0016342296835536,-0.0007442860466506,-0.0005543036933172
2001-10-12,250.0,250.0,250.0,250.0,1000.0,250.0,261.2,261.7,268.0,266.26666666666665,422.0,False,False,False,False,False,False,False,False,False,True,False,0.004,0.32,,,-0.072,-0.0650666666666666,0.04,0.04,-0.0025037556334502,0.0466182651891478,221.0,230.0,1.0,-0.0046268656716418,-0.0029926359880881,-6.253135947677929e-06
2001-10-15,251.0,255.0,251.0,255.0,2000.0,255.0,257.0,260.7,267.4,265.93333333333334,421.525,False,False,False,False,False,False,False,False,False,False,False,0.0352941176470588,0.2941176470588235,,,-0.048627450980392,-0.042875816993464,-0.0352941176470588,0.0196078431372549,-0.0012534469791927,0.050632911392405,243.0,275.0,2.0,-0.0022438294689604,0.0023830362026813,0.0012503086542575
2001-10-16,255.0,255.0,255.0,255.0,1000.0,255.0,254.2,258.6,266.8,265.3333333333333,421.0,False,False,False,False,False,False,False,False,False,True,False,0.0666666666666666,0.2745098039215686,,,-0.0462745098039216,-0.0405228758169933,-0.0392156862745098,0.0196078431372549,-0.0022613065326634,0.0533642691415311,250.0,290.0,0.5,-0.0022488755622187,-5.046093258318039e-06,-0.0010078595534706
2001-10-18,251.0,251.0,251.0,251.0,1000.0,251.0,252.2,256.2,265.84,264.94666666666666,420.465,False,False,False,False,False,False,False,False,False,True,False,0.1872509960159362,0.1952191235059761,,,-0.0591235059760955,-0.0555644090305444,0.0358565737051792,0.0358565737051792,-0.0014594132152382,0.0515222482435596,262.0,275.0,1.0,-0.0036111947035812,-0.0013623191413624,0.0008018933174251
2001-10-23,268.0,268.0,264.0,264.0,2000.0,264.0,255.0,260.1,265.04,264.44,419.995,False,False,False,False,False,False,False,False,False,False,True,0.25,0.1363636363636363,,,-0.003939393939394,-0.0016666666666666,-0.034090909090909,0.0227272727272727,-0.0019159985882115,0.0246059207996923,262.0,320.0,2.0,-0.003018412315122,0.0005927823884591,-0.0004565853729732
2001-10-25,268.0,268.0,251.0,251.0,3000.0,251.0,255.2,258.2,264.28,263.76,419.46,False,False,False,False,False,False,False,False,False,False,False,0.3147410358565737,0.1952191235059761,,,-0.0529083665338644,-0.0508366533864541,0.0278884462151394,0.0358565737051792,-0.0025781013042159,0.0166537567776917,263.0,306.0,1.5,-0.0028757378537916,0.0001426744613304,-0.0006621027160044
2001-10-31,264.0,264.0,264.0,264.0,2000.0,264.0,257.0,257.0,263.04,263.28,418.985,False,False,True,False,True,False,False,False,False,True,False,0.25,0.0227272727272727,,,0.0036363636363635,0.0027272727272728,0.0303030303030303,0.0037878787878787,-0.0018231540565178,0.0136186770428015,269.0,300.0,0.6666666666666666,-0.0047141119221409,-0.0018383740683493,0.0007549472476981
2001-11-02,265.0,276.0,265.0,272.0,14000.0,272.0,260.4,257.3,262.36,262.64,418.55,False,False,False,False,False,False,False,False,False,False,False,0.1948529411764706,-0.0073529411764705,,,0.0354411764705881,0.0344117647058824,0.0294117647058823,-0.0441176470588235,-0.0024367956137678,0.0085503303536727,296.0,215.0,7.0,-0.0025918585150175,0.0021222534071233,-0.0006136415572499
2001-11-05,280.0,298.0,280.0,298.0,9000.0,298.0,269.8,261.0,263.72,263.41333333333336,418.245,False,False,False,False,False,False,True,True,True,False,False,0.0067114093959731,-0.1610738255033557,,,0.1150335570469797,0.116062639821029,-0.0033557046979865,-0.1275167785234899,0.0029358169669975,-0.0019157088122605,296.0,223.0,0.6428571428571429,0.005156984680722,0.0077488431957395,0.0053726125807653
2001-11-07,330.0,330.0,330.0,330.0,2000.0,330.0,283.0,269.0,266.16,264.74666666666667,418.0,False,False,False,False,False,False,True,True,False,False,False,-0.0909090909090909,-0.2424242424242424,,,0.1934545454545453,0.1977373737373737,-0.109090909090909,-0.2272727272727272,0.0050362610797743,-0.0297397769516728,270.0,226.0,0.2222222222222222,0.0091674180943793,0.0040104334136572,0.0021004441127768
2001-11-08,330.0,330.0,330.0,330.0,3000.0,330.0,298.8,277.0,268.24,266.0133333333333,417.65,False,False,False,False,False,False,True,True,False,True,False,-0.0909090909090909,-0.2909090909090909,,,0.1871515151515151,0.1938989898989899,-0.106060606060606,-0.2121212121212121,0.0047616660819005,-0.0577617328519855,280.0,255.0,1.5,0.0077542499254398,-0.0014131681689394,-0.0002745949978737
2001-11-09,330.0,330.0,330.0,330.0,1000.0,330.0,312.0,284.5,270.28,266.96,417.25,False,False,False,False,False,False,True,True,False,True,False,-0.1818181818181818,-0.3333333333333333,,,0.180969696969697,0.1910303030303031,-0.2363636363636363,-0.2121212121212121,0.0035460992907801,-0.0826010544815465,260.0,255.0,0.3333333333333333,0.0075477282817817,-0.0002065216436581,-0.0012155667911204
2001-11-13,329.0,329.0,325.0,325.0,6000.0,325.0,322.6,291.5,272.88,267.82666666666665,416.875,False,False,False,False,False,False,True,True,False,False,False,-0.1692307692307692,-0.4461538461538462,,,0.1603692307692308,0.1759179487179487,-0.0984615384615384,-0.1846153846153846,0.0032359237317668,-0.1029159519725557,284.0,270.0,6.0,0.0095279976546468,0.001980269372865,-0.0003101755590132
2001-11-14,300.0,300.0,300.0,300.0,1000.0,300.0,323.0,296.4,274.48,267.82666666666665,416.375,False,False,False,False,False,False,True,False,False,True,False,-0.1666666666666666,-0.2666666666666666,,,0.0850666666666666,0.1072444444444444,-0.1466666666666666,-0.1333333333333333,0.0,-0.1177462887989203,267.0,269.0,0.1666666666666666,0.0058292043136112,-0.0036987933410355,-0.0032359237317668
2001-11-15,300.0,300.0,300.0,300.0,1000.0,300.0,317.0,300.0,276.08,267.82666666666665,415.975,False,False,False,False,False,False,True,False,False,True,False,-0.1666666666666666,-0.1333333333333333,,,0.0797333333333333,0.1072444444444444,-0.1466666666666666,-0.1333333333333333,0.0,-0.1316666666666666,261.0,242.0,1.0,0.0057954216169225,-3.3782696688766135e-05,0.0
2001-11-26,300.0,300.0,300.0,300.0,3000.0,300.0,311.0,304.9,277.68,268.76,415.48,False,False,False,False,False,False,True,True,False,True,False,-0.22,-0.1333333333333333,,,0.0743999999999999,0.1041333333333333,-0.1433333333333333,-0.1333333333333333,0.0034727389988589,-0.1456215152509018,281.0,236.0,3.0,0.0057620282339384,-3.339338298407983e-05,0.0034727389988589
2001-11-30,295.0,295.0,270.0,270.0,2000.0,270.0,299.0,305.5,277.88,268.6933333333333,414.83,False,False,False,False,False,False,True,False,False,True,False,-0.1851851851851851,-0.0888888888888888,,,-0.0291851851851851,0.0048395061728395,-0.0518518518518518,-0.037037037037037,-0.0002481143310837,-0.1489361702127659,270.0,228.0,0.6666666666666666,0.0007197351374693,-0.005042293096469,-0.0037208533299427
2001-12-04,269.0,270.0,262.0,270.0,4000.0,270.0,288.0,305.3,277.64,268.4266666666667,414.28,False,False,False,False,False,False,False,False,False,True,False,-0.3333333333333333,-0.0925925925925925,,,-0.0282962962962962,0.0058271604938271,-0.037037037037037,-0.0185185185185185,-0.0009934432743889,-0.1467409105797576,270.0,236.0,2.0,-0.0008644287566633,-0.0015841638941327,-0.0007453289433052
2001-12-05,250.0,250.0,250.0,250.0,1000.0,250.0,278.0,300.5,276.64,268.0933333333333,413.63,False,False,False,False,False,False,False,False,False,True,False,-0.12,0.04,,,-0.1065599999999999,-0.0723733333333332,0.04,0.06,-0.0012433480877307,-0.1314475873544093,275.0,225.0,0.25,-0.0036148062463851,-0.0027503774897218,-0.0002499048133418
2001-12-07,250.0,250.0,250.0,250.0,1000.0,250.0,268.0,292.5,277.64,267.16,412.97,False,False,False,False,False,False,True,False,True,False,False,0.04,0.02,,,-0.1105599999999999,-0.0686400000000001,0.1,0.0,-0.00349353695663,-0.1094017094017094,284.0,221.0,1.0,0.0036017864860971,0.0072165927324822,-0.0022501888688992
2001-12-11,248.0,248.0,234.0,234.0,3000.0,234.0,254.8,282.9,276.2,266.2,412.19,False,False,False,False,False,False,False,False,False,True,False,0.1111111111111111,0.1025641025641025,,,-0.1803418803418802,-0.1376068376068375,0.1965811965811965,0.0042735042735042,-0.0036063110443277,-0.0880169671261929,270.0,221.0,3.0,-0.0052136133236784,-0.0088153998097755,-0.0001127740876976
2001-12-13,220.0,220.0,220.0,220.0,2000.0,220.0,244.8,271.9,273.96,265.1333333333333,411.295,False,False,False,False,False,False,False,False,False,True,False,0.1181818181818181,0.2363636363636363,,,-0.2452727272727271,-0.2051515151515151,0.1818181818181818,0.0909090909090909,-0.0040231330148352,-0.0584773813902169,295.0,243.0,0.6666666666666666,-0.0081763761133012,-0.0029627627896227,-0.0004168219705075
2001-12-19,180.0,180.0,180.0,180.0,1000.0,180.0,226.8,257.4,270.4,264.6666666666667,409.8,False,False,False,False,False,False,False,False,False,True,False,0.3611111111111111,0.5555555555555556,,,-0.5022222222222221,-0.4703703703703705,0.5,0.3333333333333333,-0.0017632241813601,-0.015151515151515,289.0,250.0,0.5,-0.0131656804733727,-0.0049893043600715,0.0022599088334751
2001-12-20,180.0,220.0,180.0,220.0,11000.0,220.0,220.8,249.4,268.76,264.62666666666667,408.475,False,False,False,False,False,False,False,False,False,False,False,0.1818181818181818,0.35,,,-0.2216363636363636,-0.2028484848484848,0.2727272727272727,0.0909090909090909,-0.0001511563460473,0.0084202085004009,264.0,262.0,11.0,-0.0061020985265664,0.0070635819468063,0.0016120678353127
2001-12-25,260.0,260.0,260.0,260.0,4000.0,260.0,222.8,245.4,269.16,265.08,407.775,False,False,False,False,False,False,True,True,True,False,False,-0.0192307692307692,0.1307692307692307,,,-0.0352307692307693,-0.0195384615384614,0.0,-0.0769230769230769,0.0017101755444896,0.0167074164629176,269.0,262.0,0.3636363636363636,0.0014861049190074,0.0075882034455738,0.0018613318905369
2001-12-28,260.0,260.0,260.0,260.0,2000.0,260.0,228.0,241.4,269.56,265.14666666666665,407.075,False,False,False,False,False,False,True,True,False,True,False,-0.0076923076923076,0.1346153846153846,,,-0.0367692307692307,-0.0197948717948717,0.0,-0.0769230769230769,0.0002514331690636,0.0252692626346312,278.0,263.0,0.5,0.0014838996883809,-2.205230626427376e-06,-0.001458742375426
2002-01-08,246.0,246.0,246.0,246.0,3000.0,246.0,233.2,239.0,269.2,265.02666666666664,406.305,False,False,False,False,False,False,False,False,False,True,False,0.1056910569105691,0.024390243902439,,,-0.0943089430894308,-0.0773441734417343,0.0975609756097561,-0.065040650406504,-0.0004527846254465,0.0230125523012552,279.0,269.0,1.5,-0.0013372956909361,-0.0028211953793171,-0.0007042177945101
2002-01-18,243.0,245.0,243.0,245.0,2000.0,245.0,246.2,236.5,268.8,264.6933333333333,405.355,False,False,False,False,False,False,False,False,False,True,False,0.1428571428571428,0.1959183673469387,,,-0.0971428571428571,-0.0803809523809523,0.0612244897959183,-0.0204081632653061,-0.0012593189603061,0.0232558139534883,260.0,296.0,0.6666666666666666,-0.0014880952380951,-0.0001507995471589,-0.0008065343348596
2002-01-25,261.0,261.0,260.0,260.0,3000.0,260.0,254.2,237.5,269.16,264.5733333333333,404.405,False,False,False,False,False,False,True,False,True,False,True,0.1423076923076923,-0.0153846153846153,,,-0.0352307692307693,-0.0175897435897435,0.0653846153846153,-0.0384615384615384,-0.0004535604495288,0.0126315789473684,260.0,296.0,1.5,0.0013374944271066,0.0028255896652017,0.0008057585107773
2002-01-31,255.0,255.0,255.0,255.0,2000.0,255.0,253.2,238.0,268.8,264.74666666666667,403.255,False,False,False,False,False,False,False,True,False,True,False,0.1529411764705882,0.0039215686274509,,,-0.0541176470588235,-0.0382222222222222,0.0784313725490196,0.1372549019607843,0.0006547139403707,0.0273109243697479,260.0,270.0,0.6666666666666666,-0.0013392857142857,-0.0026767801413923,0.0011082743898995
2002-02-21,258.0,258.0,258.0,258.0,1000.0,258.0,252.8,240.4,269.08,265.04,401.795,False,False,False,False,False,False,True,True,True,False,False,0.1434108527131783,-0.003875968992248,,,-0.0429457364341084,-0.0272868217054264,0.0465116279069767,0.0077519379844961,0.0011067511822115,0.0274542429284525,260.0,280.0,0.5,0.0010405827263266,0.0023798684406124,0.0004520372418408
2002-02-25,272.0,272.0,272.0,272.0,3000.0,272.0,258.0,245.6,269.4,265.62666666666667,400.28,False,False,False,True,True,False,True,True,False,False,False,-0.0735294117647058,-0.0588235294117647,,,0.0095588235294118,0.0234313725490196,0.0845588235294117,-0.0992647058823529,0.0022086135930126,0.0077361563517915,265.0,260.0,3.0,0.0011878247958425,0.0001472420695159,0.0011018624108011
2002-02-28,280.0,280.0,280.0,280.0,1000.0,280.0,265.0,255.6,269.72,266.2133333333333,398.93,False,False,False,False,False,False,True,True,False,True,False,0.0464285714285714,-0.0714285714285714,,,0.0367142857142856,0.0492380952380953,-0.0178571428571428,-0.1428571428571428,0.0022037463688269,-0.0316901408450704,276.0,284.0,0.3333333333333333,0.0011864155420437,-1.409253798802029e-06,-4.867224185743733e-06
2002-03-05,297.0,297.0,297.0,297.0,1000.0,297.0,272.4,263.3,269.68,267.17333333333335,397.515,False,False,False,False,False,False,False,True,False,True,False,-0.138047138047138,-0.1245791245791245,,,0.0919865319865319,0.1004264870931537,-0.0909090909090909,-0.1919191919191919,0.0035931729713545,-0.060007595898215,275.0,267.0,1.0,-0.0001483239394839,-0.0013347394815276,0.0013894266025276
2002-03-22,294.0,294.0,294.0,294.0,1000.0,294.0,280.2,266.7,268.24,268.14666666666665,396.085,False,False,False,False,False,False,False,True,False,True,False,-0.1292517006802721,-0.064625850340136,,,0.0876190476190475,0.087936507936508,0.0034013605442176,-0.1326530612244898,0.0036298543085872,-0.0663667041619797,225.0,261.0,1.0,-0.0053683268714583,-0.0052200029319744,3.668133723265608e-05
2002-03-25,295.0,295.0,295.0,295.0,3000.0,295.0,287.6,270.2,266.84,269.1333333333333,394.66,False,False,True,False,False,False,False,True,False,False,False,-0.1288135593220339,-0.0508474576271186,,,0.0954576271186441,0.087683615819209,0.0,-0.0847457627118644,0.0036660886797127,-0.0673575129533678,270.0,281.0,3.0,-0.0052465897166842,0.0001217371547741,3.623437112548408e-05
2002-03-27,252.0,252.0,252.0,252.0,1000.0,252.0,283.6,270.8,263.72,269.25333333333333,393.07,False,False,False,False,False,True,False,True,False,True,False,0.0158730158730158,0.0317460317460317,,,-0.0465079365079366,-0.0684656084656084,0.1706349206349206,0.0119047619047619,0.0004456769337427,-0.060192023633678,276.0,270.0,0.3333333333333333,-0.0118307295616561,-0.0065841398449718,-0.0032204117459699
2002-04-01,293.0,293.0,293.0,293.0,2000.0,293.0,286.2,275.6,262.44,269.82666666666665,391.735,False,False,False,False,False,False,False,True,False,False,False,-0.1126279863481228,-0.0784982935153583,,,0.1043003412969283,0.079089874857793,-0.0102389078498293,-0.1638225255972696,0.0021248208726589,-0.0747460087082729,269.0,270.0,2.0,-0.004877305288828,0.006953424272828,0.0016791439389162
2002-04-12,256.0,256.0,256.0,256.0,1000.0,256.0,278.0,275.2,260.68,269.74666666666667,390.165,False,False,False,False,False,False,False,False,False,True,False,0.015625,0.09375,,,-0.01828125,-0.0536979166666666,0.1328125,-0.04296875,-0.0002965745637881,-0.0752180232558139,261.0,275.0,0.5,-0.0067515728095749,-0.0018742675207468,-0.0024213954364471
2002-04-15,257.0,257.0,256.0,256.0,2000.0,256.0,270.4,275.3,258.92,269.6666666666667,388.545,False,False,False,False,False,False,False,False,False,True,False,0.07421875,0.015625,,,-0.01140625,-0.0533854166666667,0.11328125,-0.0625,-0.0002966625463534,-0.0937159462404649,250.0,284.0,2.0,-0.0067974663988876,-4.58935893127288e-05,-8.798256527709413e-08
2002-04-19,257.0,257.0,257.0,257.0,2000.0,257.0,262.8,275.2,257.2,269.58666666666664,387.03,False,False,False,False,False,False,False,False,False,False,False,0.0894941634241245,0.0116731517509727,,,-0.0007782101167314,-0.0489753566796367,0.0116731517509727,-0.046692607003891,-0.0002967505811367,-0.0988372093023255,250.0,270.0,1.0,-0.006687402799378,0.0001100635995096,-8.80347832427227e-08
2002-04-22,256.0,256.0,256.0,256.0,1000.0,256.0,263.6,273.6,256.64,269.41333333333336,385.015,False,False,False,False,False,False,False,False,False,False,False,0.015625,0.0546875,,,-0.0024999999999999,-0.0523958333333334,0.015625,-0.04296875,-0.0006433732554685,-0.0935672514619883,255.0,295.0,0.5,-0.0021820448877805,0.0045053579115974,-0.0003466226743318
2002-04-25,255.0,260.0,255.0,260.0,7000.0,260.0,257.0,271.6,256.24,268.93333333333334,383.165,False,False,False,False,True,False,False,False,False,False,False,0.0384615384615384,0.0,,,0.0144615384615384,-0.0343589743589743,0.0576923076923076,-0.0576923076923076,-0.0017848289538919,-0.0850515463917526,255.0,289.0,7.0,-0.0015610365282546,0.0006210083595258,-0.0011414556984234
2002-04-26,274.0,274.0,260.0,260.0,6000.0,260.0,257.8,267.9,256.64,268.4533333333333,381.115,False,False,False,False,False,False,True,False,True,False,False,0.0769230769230769,0.0653846153846153,,,0.0129230769230769,-0.0325128205128204,0.1153846153846153,-0.0576923076923076,-0.0017880202642297,-0.0705487122060469,251.0,264.0,0.8571428571428571,0.0015586034912717,0.0031196400195264,-3.1913103377429614e-06
2002-04-30,275.0,275.0,275.0,275.0,2000.0,275.0,261.6,266.0,257.64,268.52,378.79,False,False,False,False,False,False,True,True,False,False,False,-0.0545454545454545,0.0,,,0.0631272727272727,0.0235636363636364,0.0872727272727272,-0.109090909090909,0.0002482744922786,-0.0676691729323308,264.0,269.0,0.3333333333333333,0.0038813848781245,0.0023227813868527,0.0020362947565083
2002-05-01,280.0,280.0,280.0,280.0,1000.0,280.0,266.2,264.5,259.48,268.52,375.99,False,False,False,False,False,False,True,False,False,False,False,-0.0714285714285714,-0.0357142857142857,,,0.0732857142857142,0.041,0.0714285714285714,-0.125,0.0,-0.0718336483931947,251.0,278.0,0.5,0.0070911052874981,0.0032097204093736,-0.0002482744922786
2002-05-13,260.0,260.0,260.0,260.0,1000.0,260.0,267.0,265.3,261.08,268.52,372.59,False,False,False,False,False,False,True,False,False,True,True,0.0384615384615384,0.1346153846153846,,,-0.004153846153846,-0.0327692307692306,0.0961538461538461,-0.0769230769230769,0.0,-0.080286468149265,264.0,279.0,1.0,0.0061283897655889,-0.0009627155219092,0.0
2002-05-22,270.0,270.0,270.0,270.0,1000.0,270.0,269.0,263.0,264.68,268.3333333333333,368.74,False,False,False,False,False,False,True,False,False,False,False,-0.037037037037037,0.0185185185185185,,,0.0197037037037036,0.0061728395061729,0.0,-0.1111111111111111,-0.000695652173913,-0.0741444866920152,272.0,260.0,1.0,0.0136013299078132,0.0074729401422243,-0.000695652173913
2002-05-27,275.0,280.0,275.0,280.0,3000.0,280.0,273.0,265.4,267.08,268.50666666666666,365.34,False,False,False,False,False,False,True,True,False,True,True,-0.0107142857142857,-0.0357142857142857,,,0.0461428571428572,0.041047619047619,-0.1071428571428571,-0.25,0.0006455457344324,-0.095704596834966,298.0,260.0,3.0,0.0089860715890369,-0.0046152583187763,0.0013411979083455
2002-05-28,280.0,280.0,260.0,260.0,6000.0,260.0,270.0,265.8,267.08,268.49333333333334,362.34,False,False,False,False,False,False,False,False,False,True,False,0.0576923076923076,0.1346153846153846,,,-0.0272307692307691,-0.0326666666666666,-0.0384615384615384,-0.1538461538461538,-4.965983016333568e-05,-0.1045899172310007,330.0,260.0,2.0,0.0,-0.0089860715890369,-0.0006952055645958
2002-05-30,260.0,260.0,260.0,260.0,1000.0,260.0,266.0,266.1,267.08,268.2133333333333,359.495,False,False,False,False,False,False,False,False,False,False,False,0.0384615384615384,0.1346153846153846,,,-0.0272307692307691,-0.0315897435897435,0.0,-0.1923076923076923,-0.0010439451183138,-0.1187523487410748,330.0,260.0,0.1666666666666666,0.0,0.0,-0.0009942852881505
2002-05-31,270.0,270.0,270.0,270.0,1000.0,270.0,268.0,267.5,268.04,268.2133333333333,356.74,False,False,False,False,False,False,True,False,True,False,False,0.0925925925925925,0.0925925925925925,,,0.0072592592592591,0.0066172839506173,-0.037037037037037,-0.2222222222222222,0.0,-0.1364485981308411,330.0,265.0,1.0,0.0035815549917924,0.0035815549917924,0.0010439451183138
2002-06-14,260.0,260.0,260.0,260.0,1000.0,260.0,266.0,267.5,268.64,268.08,354.435,False,True,False,False,False,False,True,False,False,True,False,0.0576923076923076,0.1153846153846153,,,-0.0332307692307691,-0.031076923076923,0.0,-0.2115384615384615,-0.0004973639709539,-0.1514018691588785,325.0,276.0,1.0,0.0022334723049432,-0.0013480826868491,-0.0004973639709539
2002-06-20,277.0,277.0,277.0,277.0,1000.0,277.0,265.4,269.2,269.32,268.1066666666667,352.32,False,False,False,False,False,False,True,True,False,False,True,-0.0252707581227436,0.0469314079422382,,,0.027725631768953,0.0321058965102285,-0.0613718411552346,-0.259927797833935,9.946290033829542e-05,-0.1716196136701337,300.0,275.0,1.0,0.0025248774691816,0.0002914051642383,0.0005968268712922
2002-06-25,275.0,275.0,275.0,275.0,3000.0,275.0,268.4,269.2,270.12,267.9866666666667,349.855,False,False,False,False,False,False,True,False,False,False,False,0.0727272727272727,0.0363636363636363,,,0.0177454545454545,0.0255030303030302,-0.0181818181818181,-0.2545454545454545,-0.0004477834718145,-0.1864784546805349,300.0,225.0,3.0,0.0029616466755516,0.0004367692063699,-0.0005472463721528
2002-06-27,270.0,270.0,270.0,270.0,3000.0,270.0,270.4,268.2,270.6,267.9866666666667,346.905,False,False,False,False,False,False,True,False,False,True,False,0.0925925925925925,-0.037037037037037,,,-0.0022222222222223,0.0074567901234567,-0.037037037037037,-0.2222222222222222,0.0,-0.1964951528709917,300.0,270.0,1.0,0.0017738359201774,-0.0011878107553741,0.0004477834718145
2002-06-28,295.0,295.0,295.0,295.0,2000.0,295.0,275.4,271.7,271.52,267.9866666666667,344.18,False,False,False,False,False,False,True,False,False,False,True,0.0,-0.1186440677966101,,,0.0795932203389831,0.0915706214689265,-0.1016949152542373,-0.2203389830508474,0.0,-0.2105263157894736,270.0,276.0,0.6666666666666666,0.0033883323512078,0.0016144964310304,0.0
2002-07-08,275.0,275.0,275.0,275.0,3000.0,275.0,278.4,272.2,271.32,267.8,341.455,False,False,False,False,False,False,False,False,False,True,False,0.0545454545454545,0.0,,,0.0133818181818182,0.0261818181818181,-0.0545454545454545,-0.1927272727272727,-0.0006970375902414,-0.2185892725936811,270.0,269.0,1.5,-0.0007371369600471,-0.0041254693112549,-0.0006970375902414
2002-07-10,270.0,270.0,270.0,270.0,1000.0,270.0,277.0,271.2,270.24,267.88,338.955,False,False,False,False,False,False,False,True,False,True,False,0.074074074074074,0.074074074074074,,,-0.0008888888888889,0.0078518518518518,-0.037037037037037,-0.2037037037037037,0.000298641182619,-0.2138643067846607,250.0,261.0,0.3333333333333333,-0.0039964476021313,-0.0032593106420842,0.0009956787728605
2002-07-25,295.0,295.0,295.0,295.0,2000.0,295.0,281.0,274.7,270.28,268.2266666666667,336.83,False,False,False,False,False,False,True,True,False,False,True,-0.0338983050847457,0.0135593220338983,,,0.0837966101694916,0.0907570621468925,-0.135593220338983,-0.2542372881355932,0.0012924392305016,-0.2238805970149253,250.0,250.0,2.0,0.0001479946721916,0.004144442274323,0.0009937980478826
2002-07-29,295.0,295.0,295.0,295.0,2000.0,295.0,286.0,278.2,270.28,268.4533333333333,334.705,False,False,False,False,False,False,False,True,False,True,False,-0.1186440677966101,0.0169491525423728,,,0.0837966101694916,0.0899887005649718,-0.1186440677966101,-0.2711864406779661,0.0008443429025527,-0.2318475916606757,234.0,250.0,1.0,0.0,-0.0001479946721916,-0.0004480963279488
2002-07-31,300.0,300.0,295.0,295.0,2000.0,295.0,286.0,280.7,272.0,268.6666666666667,332.83,False,False,False,False,False,False,True,True,True,False,False,-0.1186440677966101,-0.0338983050847457,,,0.0779661016949152,0.0892655367231637,-0.1186440677966101,-0.3898305084745763,0.0007940446650125,-0.2493765586034912,220.0,255.0,1.0,0.0063235294117648,0.0063235294117648,-5.0298237540232e-05
2002-08-02,290.0,290.0,290.0,290.0,2000.0,290.0,289.0,283.7,271.88,269.06666666666666,330.93,False,False,False,False,False,False,False,True,False,True,False,-0.0517241379310344,-0.0689655172413793,,,0.0624827586206896,0.072183908045977,-0.0862068965517241,-0.3448275862068966,0.0014866204162536,-0.2626013394430737,180.0,255.0,1.0,-0.0004413711931734,-0.0067649006049382,0.0006925757512411
2002-08-05,290.0,290.0,290.0,290.0,1000.0,290.0,293.0,285.0,273.24,269.46666666666664,329.255,False,False,False,False,False,False,True,True,True,False,False,0.0,-0.1379310344827586,,,0.0577931034482758,0.0708045977011495,-0.1034482758620689,-0.3448275862068966,0.0014844136566055,-0.2712280701754386,220.0,251.0,0.5,0.0049773093251354,0.0054186805183089,-2.2067596480756027e-06
2002-08-16,285.0,285.0,285.0,285.0,4000.0,285.0,291.0,286.0,274.4,269.8,327.68,False,False,False,False,False,False,True,True,False,True,False,0.0491228070175438,-0.1228070175438596,,,0.0371929824561404,0.0533333333333332,-0.087719298245614,-0.3859649122807017,0.001235483073882,-0.2842657342657343,260.0,264.0,4.0,0.0042274052478132,-0.0007499040773221,-0.0002489305827235
2002-08-21,260.0,260.0,260.0,260.0,2000.0,260.0,284.0,285.0,274.52,269.8,325.63,False,False,False,False,False,False,True,False,False,True,False,0.1538461538461538,0.0,,,-0.0558461538461537,-0.0376923076923077,0.0,-0.3461538461538461,0.0,-0.2957894736842105,260.0,251.0,0.5,0.0004371266210112,-0.003790278626802,-0.001235483073882
2002-08-23,255.0,260.0,250.0,260.0,6000.0,260.0,277.0,281.5,274.68,269.7333333333333,323.57,False,False,False,False,False,False,True,False,False,False,False,0.0961538461538461,0.0,,,-0.0564615384615384,-0.0374358974358972,0.0,-0.3269230769230769,-0.0002471576866042,-0.3065719360568384,246.0,264.0,3.0,0.0005824959953401,0.0001453693743288,-0.0002471576866042
2002-08-26,275.0,275.0,275.0,275.0,2000.0,275.0,274.0,281.5,275.28,269.72,321.485,False,False,False,False,False,False,True,False,True,False,False,-0.0181818181818181,-0.0545454545454545,,,-0.0010181818181817,0.0191999999999999,-0.0363636363636363,-0.3272727272727272,-4.943398091822765e-05,-0.3197158081705151,245.0,272.0,0.3333333333333333,0.0021795989537923,0.0015971029584522,0.000197723705686
2002-08-27,290.0,290.0,290.0,290.0,3000.0,290.0,274.0,283.5,276.48,269.92,319.59,False,False,False,True,True,False,True,True,False,False,True,-0.1379310344827586,-0.1034482758620689,,,0.0466206896551723,0.0692413793103447,-0.0862068965517241,-0.3448275862068966,0.0007409602845287,-0.3333333333333333,260.0,298.0,1.5,0.0043402777777779,0.0021606788239855,0.0007903942654469
2002-08-28,299.0,299.0,299.0,299.0,1000.0,299.0,276.8,283.9,277.44,270.9066666666667,318.085,False,False,False,False,False,False,True,True,False,True,False,-0.1638795986622073,-0.0969899665551839,,,0.0721070234113712,0.0939576365663321,-0.1638795986622073,-0.3478260869565217,0.0036420907569643,-0.3430785487847833,255.0,330.0,0.3333333333333333,0.0034602076124566,-0.0008800701653212,0.0029011304724356
2002-08-30,300.0,300.0,300.0,300.0,2000.0,300.0,284.8,284.4,278.24,271.3066666666667,316.735,False,False,False,False,False,False,True,True,False,True,False,-0.1333333333333333,-0.1333333333333333,,,0.0725333333333333,0.0956444444444444,-0.2166666666666666,-0.3,0.0014743463731078,-0.3459915611814345,258.0,330.0,2.0,0.0028752156411731,-0.0005849919712835,-0.0021677443838564
2002-09-03,290.0,290.0,285.0,285.0,3000.0,285.0,289.8,283.4,279.24,271.4266666666667,315.555,False,False,False,False,False,False,True,True,False,False,False,-0.087719298245614,-0.0701754385964912,,,0.0202105263157894,0.047625730994152,-0.1578947368421052,-0.2736842105263158,0.0004421083656727,-0.3341566690190543,272.0,330.0,1.5,0.0035811488325454,0.0007059331913723,-0.001032238007435
2002-09-09,270.0,270.0,270.0,270.0,2000.0,270.0,288.8,281.4,279.24,271.44,314.405,False,False,False,False,False,False,False,True,False,True,False,-0.037037037037037,-0.037037037037037,,,-0.0342222222222222,-0.0053333333333333,-0.1111111111111111,-0.2592592592592592,4.912073877586652e-05,-0.3258706467661691,280.0,325.0,0.6666666666666666,0.0,-0.0035811488325454,-0.0003929876268968
2002-09-17,250.0,250.0,250.0,250.0,2000.0,250.0,280.8,277.4,278.04,271.2933333333333,313.21,False,False,False,False,False,False,False,False,False,True,False,0.04,0.04,,,-0.11216,-0.0851733333333331,-0.04,-0.2,-0.0005406202388559,-0.3125450612833453,297.0,300.0,1.0,-0.0043159257660767,-0.0043159257660767,-0.0005897409776318
2002-09-19,230.0,250.0,230.0,250.0,4000.0,250.0,271.0,273.9,277.64,271.2933333333333,312.135,False,False,False,False,False,False,False,False,False,False,False,0.08,0.02,,,-0.1105599999999999,-0.0851733333333331,-0.04,-0.2,0.0,-0.2946330777656079,294.0,300.0,2.0,-0.0014407145944389,0.0028752111716378,0.0005406202388559
2002-09-24,260.0,260.0,260.0,260.0,4000.0,260.0,263.0,273.9,277.64,271.4266666666667,311.11,False,False,False,False,False,False,False,True,False,False,False,0.0,0.0,,,-0.0678461538461537,-0.0439487179487179,-0.0769230769230769,-0.2115384615384615,0.0004912315174143,-0.2818546914932457,295.0,300.0,1.0,0.0,0.0014407145944389,0.0004912315174143
2002-09-25,270.0,270.0,255.0,260.0,10000.0,260.0,258.0,273.9,277.24,271.49333333333334,310.235,False,False,False,False,False,False,False,True,False,True,False,0.0192307692307692,0.0,,,-0.0663076923076923,-0.0442051282051282,-0.1153846153846153,-0.2115384615384615,0.0002455554464197,-0.2709017889740781,252.0,270.0,2.5,-0.0014427932477275,-0.0014427932477275,-0.0002456760709945
2002-09-26,260.0,260.0,260.0,260.0,2000.0,260.0,256.0,272.4,277.24,271.56,309.135,False,False,False,False,False,False,False,True,False,False,False,0.0,0.0192307692307692,,,-0.0663076923076923,-0.0444615384615384,-0.0769230769230769,-0.2307692307692307,0.0002454951637452,-0.2613803230543318,293.0,270.0,0.2,0.0,0.0014427932477275,-6.028267452736326e-08
2002-09-27,255.0,260.0,255.0,260.0,6000.0,260.0,258.0,269.4,276.56,271.68,308.035,False,False,False,False,False,False,False,True,False,True,False,0.0,0.0,,,-0.0636923076923077,-0.0449230769230769,-0.0384615384615384,-0.2307692307692307,0.0004416961130742,-0.2494432071269487,256.0,250.0,3.0,-0.0024587792884003,-0.0024587792884003,0.0001962009493289
2002-09-30,270.0,280.0,270.0,270.0,4000.0,270.0,262.0,266.5,276.36,271.76,306.885,False,False,False,False,False,False,False,True,False,False,False,-0.0555555555555555,-0.037037037037037,,,-0.0235555555555556,-0.0065185185185184,0.074074074074074,-0.2592592592592592,0.0002943773918162,-0.2393996247654784,256.0,250.0,0.6666666666666666,-0.0007236937328122,0.0017350855555881,-0.0001473187212579
2002-10-02,260.0,260.0,260.0,260.0,4000.0,260.0,262.0,262.5,275.96,271.88,305.785,False,False,False,False,False,False,False,True,False,True,False,0.0,0.0,,,-0.0613846153846153,-0.0456923076923076,0.0,-0.2307692307692307,0.0004413711931734,-0.2316190476190476,257.0,234.0,1.0,-0.0014494854326715,-0.0007257916998592,0.0001469938013572
2002-10-03,265.0,265.0,265.0,265.0,1000.0,265.0,263.0,260.5,274.76,271.8933333333333,304.61,False,False,False,False,False,False,False,True,False,True,False,-0.0188679245283018,-0.0188679245283018,,,-0.0368301886792452,-0.0260125786163521,-0.0754716981132075,-0.2452830188679245,4.903883876025356e-05,-0.2284069097888675,256.0,220.0,0.25,-0.0043674479545785,-0.0029179625219069,-0.0003923323544132
2002-10-09,260.0,260.0,260.0,260.0,3000.0,260.0,263.0,259.5,274.16,271.7333333333333,303.405,False,False,False,False,False,False,False,False,False,False,False,0.0192307692307692,0.0192307692307692,,,-0.0544615384615385,-0.0451282051282049,-0.0769230769230769,-0.2115384615384615,-0.0005888125613347,-0.2235067437379576,260.0,180.0,3.0,-0.0021885030639041,0.0021789448906743,-0.0006378514000949
2002-10-11,260.0,260.0,260.0,260.0,2000.0,260.0,263.0,260.5,273.76,271.2266666666667,302.45,False,False,False,False,False,False,False,False,False,False,True,0.0,0.0192307692307692,,,-0.0529230769230768,-0.0431794871794872,-0.0769230769230769,-0.173076923076923,-0.0018680562383244,-0.2207293666026871,260.0,220.0,0.6666666666666666,-0.0014611338398598,0.0007273692240443,-0.0012792436769896
2002-10-15,255.0,260.0,255.0,255.0,6000.0,255.0,260.0,261.0,272.16,270.2266666666667,301.25,False,False,False,False,False,False,False,False,False,True,False,0.0196078431372549,-0.0196078431372549,,,-0.0672941176470589,-0.0597124183006536,0.0,-0.1568627450980392,-0.0037005970296541,-0.2164750957854406,275.0,260.0,3.0,-0.0058788947677835,-0.0044177609279236,-0.0018325407913297
2002-10-24,255.0,260.0,255.0,260.0,2000.0,260.0,260.0,261.0,270.76,269.2933333333333,300.2,False,False,False,False,False,False,False,False,False,False,False,0.0,-0.0961538461538461,,,-0.0413846153846153,-0.0357435897435895,0.0384615384615384,-0.1423076923076923,-0.0034658612665249,-0.2095785440613026,280.0,260.0,0.3333333333333333,-0.0051706308169597,0.0007082639508237,0.0002347357631291
2002-10-25,260.0,260.0,260.0,260.0,1000.0,260.0,259.0,261.0,269.36,268.36,299.15,False,False,False,False,False,False,False,False,False,True,False,0.0,-0.0769230769230769,,,-0.036,-0.0321538461538462,-0.0192307692307692,-0.173076923076923,-0.0034779152382369,-0.2057471264367815,260.0,246.0,0.5,-0.0051975051975051,-2.6874380545317995e-05,-1.2053971712038676e-05
2002-10-28,265.0,265.0,265.0,265.0,2000.0,265.0,260.0,261.5,268.36,267.56,298.225,False,False,False,False,False,False,False,False,False,False,False,0.0,-0.0943396226415094,,,-0.0126792452830189,-0.0096603773584905,-0.0754716981132075,-0.2452830188679245,-0.0029899835550904,-0.207265774378585,270.0,245.0,2.0,-0.0037263377552541,0.0014711674422509,0.0004879316831465
2002-10-31,265.0,270.0,260.0,260.0,7000.0,260.0,260.0,261.5,267.16,267.02666666666664,297.275,False,False,False,False,False,False,False,False,False,True,False,0.0192307692307692,-0.0769230769230769,,,-0.0275384615384616,-0.0270256410256409,-0.0576923076923076,-0.1923076923076923,-0.0019973036400859,-0.2034416826003823,280.0,260.0,3.5,-0.0044916903728102,-0.0007653526175561,0.0009926799150045
2002-11-05,260.0,260.0,260.0,260.0,2000.0,260.0,261.0,260.5,266.16,266.49333333333334,296.35,False,False,True,False,False,False,False,False,False,False,False,-0.0384615384615384,-0.0769230769230769,,,-0.0236923076923077,-0.024974358974359,-0.0769230769230769,-0.2230769230769231,-0.0020013008455494,-0.1996161228406909,260.0,255.0,0.2857142857142857,-0.0037571385632702,0.00073455180954,-3.997205463509863e-06
2002-11-07,255.0,260.0,255.0,260.0,5000.0,260.0,261.0,260.5,266.16,265.96,295.45,False,False,False,False,False,False,False,False,False,False,False,-0.0961538461538461,-0.0769230769230769,,,-0.0236923076923077,-0.0229230769230768,-0.0576923076923076,-0.173076923076923,-0.0020053140823182,-0.1938579654510556,260.0,258.0,2.5,0.0,0.0037571385632702,-4.013236768749765e-06
2002-11-22,260.0,260.0,260.0,260.0,2000.0,260.0,261.0,260.0,266.16,265.82666666666665,294.5,False,False,False,False,False,False,False,False,False,False,False,-0.0769230769230769,-0.1153846153846153,,,-0.0236923076923077,-0.0224102564102563,-0.0576923076923076,-0.1538461538461538,-0.0005015799769272,-0.1846153846153846,270.0,272.0,0.4,0.0,0.0,0.0015037341053909
2002-11-25,265.0,265.0,265.0,265.0,1000.0,265.0,261.0,260.5,265.76,265.76,293.575,False,False,False,False,False,False,False,False,False,True,False,-0.0943396226415094,-0.0943396226415094,,,-0.0028679245283018,-0.0028679245283018,-0.0754716981132075,-0.1698113207547169,-0.0002508528998595,-0.1804222648752399,260.0,280.0,0.5,-0.0015051173991572,-0.0015051173991572,0.0002507270770677
2002-11-29,265.0,265.0,265.0,265.0,1000.0,265.0,262.0,261.0,264.76,265.96,292.4,False,False,False,False,True,False,False,True,False,True,False,-0.0943396226415094,-0.0566037735849056,,,0.0009056603773585,-0.0036226415094338,-0.0754716981132075,-0.2264150943396226,0.0007519927808692,-0.185823754789272,277.0,297.0,1.0,-0.0037770055899682,-0.002271888190811,0.0010028456807287
2002-12-04,250.0,250.0,250.0,250.0,1000.0,250.0,260.0,260.5,262.8,265.96,290.9,False,False,False,False,False,False,False,False,False,True,False,-0.04,0.16,,,-0.0512,-0.0638399999999999,-0.02,-0.14,0.0,-0.1842610364683301,275.0,294.0,1.0,-0.0074581430745813,-0.003681137484613,-0.0007519927808692
2002-12-11,250.0,257.0,235.0,235.0,4000.0,235.0,255.0,258.0,260.2,265.97333333333336,289.18,False,False,False,False,False,False,False,True,False,True,False,0.0212765957446808,0.1063829787234042,,,-0.1072340425531914,-0.1318014184397164,0.0425531914893617,-0.1063829787234042,5.013033888125896e-05,-0.1813953488372093,270.0,295.0,4.0,-0.0099923136049193,-0.002534170530338,5.013033888125896e-05
2002-12-13,240.0,240.0,240.0,240.0,6000.0,240.0,251.0,256.0,258.4,266.24,287.53,False,False,False,False,False,False,False,True,False,False,False,-0.0416666666666666,0.0208333333333333,,,-0.0766666666666665,-0.1093333333333333,0.0,-0.1666666666666666,0.0010016025641025,-0.180859375,295.0,252.0,1.5,-0.0069659442724458,0.0030263693324735,0.0009514722252212
2002-12-16,235.0,240.0,235.0,240.0,2000.0,240.0,246.0,253.5,257.2,267.04,286.38,False,False,False,False,False,False,False,True,False,False,False,0.0,0.0,,,-0.0716666666666666,-0.1126666666666667,0.0,-0.125,0.0029958058717795,-0.168836291913215,275.0,293.0,0.3333333333333333,-0.004665629860031,0.0023003144124148,0.001994203307677
2002-12-17,240.0,240.0,240.0,240.0,3000.0,240.0,241.0,251.5,256.8,267.3066666666667,285.205,False,False,False,False,False,False,False,True,False,False,False,0.0416666666666666,0.0,,,-0.07,-0.1137777777777778,-0.125,-0.125,0.000997605746209,-0.1622266401590457,270.0,256.0,1.5,-0.0015576323987538,0.0031079974612772,-0.0019982001255705
2002-12-18,235.0,240.0,235.0,240.0,6000.0,240.0,239.0,249.5,256.4,267.04,284.005,False,False,False,False,False,False,False,False,False,True,False,0.2083333333333333,0.0625,,,-0.0683333333333332,-0.1126666666666667,-0.0833333333333333,-0.125,-0.0009986019572597,-0.1523046092184369,295.0,256.0,2.0,-0.0015600624024962,-2.430003742427472e-06,-0.0019962077034688
2002-12-19,240.0,240.0,240.0,240.0,6000.0,240.0,240.0,247.5,255.6,266.7733333333333,282.605,False,False,False,False,False,False,False,False,False,True,False,0.0833333333333333,0.125,,,-0.0649999999999999,-0.1115555555555554,-0.125,-0.125,-0.0009996001599361,-0.1474747474747474,295.0,257.0,1.0,-0.003129890453834,-0.0015698280513378,-9.98202676402455e-07
2002-12-20,235.0,240.0,230.0,230.0,9000.0,230.0,238.0,244.5,254.4,266.56,281.405,False,False,False,False,False,False,False,False,False,True,False,0.0652173913043478,0.108695652173913,,,-0.1060869565217391,-0.1589565217391304,-0.0869565217391304,-0.1043478260869565,-0.0008003201280511,-0.1427402862985685,295.0,256.0,1.5,-0.0047169811320754,-0.0015870906782413,0.000199280031885
2002-12-24,230.0,240.0,230.0,240.0,2000.0,240.0,238.0,242.0,253.6,266.49333333333334,280.375,False,False,False,False,False,False,False,False,False,False,False,0.0,0.0208333333333333,,,-0.0566666666666666,-0.1103888888888889,-0.1458333333333333,-0.1458333333333333,-0.0002501626056936,-0.1400826446280992,290.0,260.0,0.2222222222222222,-0.0031545741324921,0.0015624069995832,0.0005501575223574
2002-12-25,255.0,260.0,250.0,250.0,6000.0,250.0,240.0,240.5,253.2,266.36,279.125,False,False,False,False,False,False,False,False,False,False,False,-0.04,-0.02,,,-0.0127999999999999,-0.06544,-0.18,-0.176,-0.0005005756620112,-0.1343035343035343,290.0,260.0,3.0,-0.0015797788309636,0.0015747953015284,-0.0002504130563175
2002-12-30,270.0,290.0,270.0,290.0,3000.0,290.0,250.0,244.5,254.0,266.82666666666665,278.08,False,False,False,False,True,False,True,True,True,False,True,-0.1206896551724138,-0.1724137931034483,,,0.1241379310344827,0.0799080459770115,-0.293103448275862,-0.2896551724137931,0.0017489506296221,-0.1521472392638036,285.0,275.0,0.5,0.0031496062992126,0.0047293851301763,0.0022495262916334
2003-01-06,270.0,270.0,260.0,260.0,7000.0,260.0,254.0,247.0,254.0,266.8533333333333,276.855,False,False,False,False,False,False,False,True,False,True,False,0.0384615384615384,-0.0576923076923076,,,0.023076923076923,-0.0263589743589742,-0.1923076923076923,-0.2076923076923077,9.993004896563312e-05,-0.1623481781376518,260.0,280.0,2.333333333333333,0.0,-0.0031496062992126,-0.0016490205806564
2003-01-08,245.0,245.0,245.0,245.0,2000.0,245.0,257.0,247.5,253.2,266.49333333333334,275.83,False,False,False,False,False,False,False,False,False,True,False,0.0408163265306122,0.0,,,-0.0334693877551019,-0.0877278911564626,-0.0612244897959183,-0.1591836734693877,-0.0013508780707458,-0.1616161616161616,260.0,260.0,0.2857142857142857,-0.0031595576619273,-0.0031595576619273,-0.0014508081197114
2003-01-09,240.0,240.0,240.0,240.0,1000.0,240.0,257.0,247.5,252.4,265.96,274.78,False,False,False,False,False,False,False,False,False,True,False,0.0208333333333333,0.0208333333333333,,,-0.0516666666666666,-0.1081666666666665,-0.075,-0.1416666666666666,-0.0020053140823182,-0.1632323232323232,275.0,270.0,0.5,-0.0031695721077653,-1.0014445838008902e-05,-0.0006544360115724
2003-01-21,240.0,240.0,240.0,240.0,3000.0,240.0,255.0,247.5,251.6,265.2,273.73,False,False,False,False,False,False,False,False,False,True,False,0.0208333333333333,0.0208333333333333,,,-0.0483333333333333,-0.1049999999999999,-0.1041666666666666,-0.1708333333333333,-0.002865761689291,-0.1676767676767676,290.0,280.0,3.0,-0.0031796502384738,-1.007813070842906e-05,-0.0008604476069728
2003-01-27,255.0,269.0,255.0,255.0,4000.0,255.0,248.0,249.0,251.6,264.68,272.83,False,False,False,False,True,False,False,False,False,False,True,-0.0588235294117647,-0.0392156862745098,,,0.0133333333333333,-0.0379607843137255,-0.1372549019607843,-0.2078431372549019,-0.0019646365422396,-0.1759036144578313,299.0,260.0,1.3333333333333333,0.0,0.0031796502384738,0.0009011251470514
2003-01-31,269.0,270.0,265.0,270.0,5000.0,270.0,250.0,252.0,252.0,264.3466666666667,272.18,False,False,False,False,False,False,True,False,True,False,False,-0.0925925925925925,-0.0925925925925925,,,0.0666666666666666,0.0209382716049381,-0.2037037037037037,-0.2407407407407407,-0.0012609704428527,-0.1876984126984127,300.0,260.0,1.25,0.0015873015873016,0.0015873015873016,0.0007036660993868
2003-02-05,255.0,255.0,255.0,255.0,2000.0,255.0,252.0,254.5,251.8,264.38666666666666,271.455,False,False,False,False,False,False,False,True,False,True,False,-0.0392156862745098,-0.0588235294117647,,,0.012549019607843,-0.0368104575163398,-0.2941176470588235,-0.196078431372549,0.0001512935599373,-0.1960707269155206,285.0,270.0,0.4,-0.000794281175536,-0.0023815827628377,0.00141226400279
2003-02-06,245.0,245.0,245.0,245.0,1000.0,245.0,253.0,255.0,251.0,263.74666666666667,270.68,False,False,False,False,False,True,False,False,False,True,False,0.0,-0.0204081632653061,,,-0.0244897959183673,-0.0765170068027211,-0.2244897959183673,-0.1591836734693877,-0.0024265709519235,-0.1972549019607843,270.0,260.0,0.5,-0.0031872509960159,-0.0023929698204798,-0.0025778645118608
2003-02-12,250.0,250.0,245.0,245.0,2000.0,245.0,254.0,254.5,250.4,263.6,269.91,False,False,False,False,False,False,False,False,False,False,False,0.0,-0.1428571428571428,,,-0.0220408163265306,-0.0759183673469388,-0.2244897959183673,-0.1428571428571428,-0.0005563985837126,-0.1941060903732809,250.0,277.0,2.0,-0.0023961661341852,0.0007910848618307,0.0018701723682108
2003-02-13,240.0,240.0,240.0,240.0,1000.0,240.0,251.0,249.5,249.6,263.38666666666666,269.36,False,False,False,False,False,False,False,False,False,True,False,0.0208333333333333,-0.0833333333333333,,,-0.0399999999999999,-0.0974444444444444,-0.2708333333333333,-0.1416666666666666,-0.0008099625392326,-0.1779559118236473,250.0,275.0,0.5,-0.0032051282051282,-0.0008089620709429,-0.00025356395552
2003-02-14,245.0,245.0,245.0,245.0,28000.0,245.0,246.0,248.0,249.0,263.2266666666667,268.835,False,False,False,False,False,False,False,False,False,False,False,0.0,-0.1428571428571428,,,-0.0163265306122449,-0.0743945578231293,-0.3061224489795918,-0.1224489795918367,-0.0006078411508457,-0.1693548387096774,260.0,270.0,28.0,-0.0024096385542168,0.0007954896509114,0.0002021213883868
2003-02-17,245.0,245.0,245.0,245.0,30000.0,245.0,244.0,248.0,248.4,263.08,268.335,False,False,False,False,False,False,False,False,False,True,False,-0.0204081632653061,-0.1428571428571428,,,-0.0138775510204081,-0.0737959183673468,-0.2857142857142857,-0.0775510204081632,-0.0005574983528459,-0.1612903225806451,260.0,295.0,1.0714285714285714,-0.002415458937198,-5.820382981199836e-06,5.034279799987439e-05
2003-02-18,245.0,245.0,245.0,245.0,15000.0,245.0,244.0,248.5,247.6,262.88,267.835,False,False,False,False,False,False,False,False,False,True,True,-0.0204081632653061,-0.1632653061224489,,,-0.0106122448979591,-0.0729795918367346,-0.2448979591836734,-0.0816326530612244,-0.0007608034083992,-0.1553319919517102,260.0,275.0,0.5,-0.0032310177705977,-0.0008155588333997,-0.0002033050555533
2003-02-19,245.0,245.0,245.0,245.0,9000.0,245.0,244.0,249.0,246.8,262.68,267.41,False,False,False,False,False,False,False,False,False,True,False,-0.1428571428571428,-0.1632653061224489,,,-0.0073469387755102,-0.0721632653061224,-0.2244897959183673,-0.0816326530612244,-0.0007613826709303,-0.1465863453815261,260.0,270.0,0.6,-0.0032414910858994,-1.0473315301660208e-05,-5.792625311398488e-07
2003-02-20,245.0,245.0,245.0,245.0,2000.0,245.0,245.0,248.0,246.6,262.28,266.635,False,False,False,False,False,False,False,False,False,False,False,-0.1020408163265306,-0.1632653061224489,,,-0.0065306122448979,-0.0705306122448978,-0.2040816326530612,-0.1020408163265306,-0.0015250876925424,-0.1358870967741935,270.0,295.0,0.2222222222222222,-0.0008110300081103,0.002430461077789,-0.000763705021612
2003-02-21,245.0,245.0,245.0,245.0,2000.0,245.0,245.0,245.5,247.0,261.81333333333333,266.21,False,False,False,False,False,False,True,False,True,False,False,-0.1428571428571428,-0.1428571428571428,,,-0.0081632653061224,-0.068625850340136,-0.1428571428571428,-0.0816326530612244,-0.0017824404155631,-0.1189409368635437,260.0,295.0,1.0,0.0016194331983805,0.0024304632064909,-0.0002573527230206
2003-02-24,240.0,240.0,240.0,240.0,3000.0,240.0,244.0,244.0,247.0,261.5466666666667,265.91,False,False,False,False,False,False,False,False,False,True,False,-0.125,-0.0416666666666666,,,-0.0291666666666666,-0.0897777777777778,-0.1375,-0.0416666666666666,-0.0010195758564436,-0.1032786885245901,265.0,295.0,1.5,0.0,-0.0016194331983805,0.0007628645591194
2003-02-25,240.0,240.0,240.0,240.0,4000.0,240.0,243.0,243.5,247.0,261.14666666666665,265.36,False,False,False,False,False,False,False,False,False,False,False,-0.1458333333333333,-0.075,,,-0.0291666666666666,-0.088111111111111,-0.1666666666666666,0.0166666666666666,-0.0015317063208415,-0.0858316221765914,260.0,290.0,1.3333333333333333,0.0,0.0,-0.0005121304643978
2003-02-27,230.0,230.0,210.0,210.0,5000.0,210.0,236.0,240.0,245.8,260.2133333333333,264.91,False,False,False,False,False,False,False,False,False,True,False,-0.0238095238095238,0.0238095238095238,,,-0.1704761904761905,-0.239111111111111,-0.0476190476190476,0.1047619047619047,-0.0035868005738881,-0.0633333333333332,260.0,290.0,1.25,-0.0048820179007322,-0.0048820179007322,-0.0020550942530465
2003-02-28,220.0,220.0,220.0,220.0,4000.0,220.0,231.0,238.0,245.0,259.68,264.51,False,False,False,False,False,False,False,False,False,False,False,-0.0681818181818181,0.0,,,-0.1136363636363636,-0.1803636363636364,-0.0909090909090909,0.1045454545454545,-0.0020538098172108,-0.0399159663865546,255.0,285.0,0.8,-0.003265306122449,0.0016167117782832,0.0015329907566772
2003-03-03,210.0,210.0,210.0,210.0,12000.0,210.0,224.0,234.5,243.8,259.0133333333333,264.06,False,False,False,False,False,False,False,False,False,True,False,0.0,0.0238095238095238,,,-0.160952380952381,-0.2333968253968253,-0.0238095238095238,0.119047619047619,-0.0025738700710388,-0.0170575692963752,260.0,260.0,3.0,-0.0049220672682526,-0.0016567611458035,-0.000520060253828
2003-03-04,210.0,210.0,210.0,210.0,3000.0,210.0,218.0,231.0,243.0,258.2133333333333,263.71,False,False,False,False,False,False,False,False,False,False,False,0.0952380952380952,-0.1428571428571428,,,-0.1571428571428571,-0.2295873015873014,-0.0238095238095238,0.0952380952380952,-0.003098213363627,-0.0004329004329004,260.0,260.0,0.25,-0.0032921810699588,0.0016298861982937,-0.0005243432925881
2003-03-12,205.0,205.0,205.0,205.0,15000.0,205.0,211.0,227.0,241.6,257.48,263.235,False,False,False,False,False,False,False,False,False,True,False,0.0829268292682926,-0.073170731707317,,,-0.1785365853658536,-0.2560000000000001,-0.024390243902439,0.073170731707317,-0.0028481176531508,0.0149779735682819,265.0,275.0,5.0,-0.0057947019867549,-0.002502520916796,0.0002500957104761
2003-03-14,205.0,205.0,205.0,205.0,3000.0,205.0,210.0,223.0,239.8,256.52,262.86,False,False,False,False,False,False,False,False,False,True,False,0.048780487804878,-0.073170731707317,,,-0.1697560975609756,-0.2513170731707316,-0.024390243902439,-0.024390243902439,-0.0037423982535476,0.0219730941704036,260.0,290.0,0.2,-0.0075062552126771,-0.0017115532259221,-0.0008942806003967
2003-03-17,205.0,205.0,205.0,205.0,18000.0,205.0,207.0,219.0,236.4,255.58666666666667,262.375,False,False,False,False,False,False,False,False,False,True,False,0.073170731707317,-0.1463414634146341,,,-0.1531707317073171,-0.2467642276422764,-0.024390243902439,0.024390243902439,-0.0036517293546871,0.0360730593607306,260.0,299.0,6.0,-0.0143824027072758,-0.0068761474945986,9.066889886046514e-05
2003-03-20,210.0,210.0,205.0,210.0,3000.0,210.0,207.0,215.5,234.4,254.78666666666663,261.915,False,False,False,False,False,False,False,False,False,False,False,0.0238095238095238,-0.1904761904761904,,,-0.1161904761904762,-0.2132698412698411,-0.0476190476190476,0.0238095238095238,-0.0031398817311216,0.0482598607888631,260.0,300.0,0.1666666666666666,-0.0085324232081911,0.0058499794990847,0.0005118476235655
2003-03-25,230.0,235.0,230.0,230.0,8000.0,230.0,211.0,214.5,233.8,253.92,261.565,False,False,False,False,False,False,False,False,False,False,False,-0.217391304347826,-0.2391304347826087,,,-0.0165217391304348,-0.1039999999999999,-0.1304347826086956,-0.0521739130434782,-0.0034131484982145,0.0475524475524475,260.0,285.0,2.6666666666666665,-0.0025662959794696,0.0059661272287215,-0.0002732667670929
2003-03-27,222.0,222.0,222.0,222.0,1000.0,222.0,214.4,212.7,233.08,253.2133333333333,261.075,False,False,False,False,False,False,False,False,False,True,False,-0.1441441441441441,-0.1666666666666666,,,-0.0499099099099099,-0.1406006006006005,-0.0765765765765765,-0.018018018018018,-0.00279079564004,0.0441937000470146,265.0,270.0,0.125,-0.0030890681311137,-0.0005227721516441,0.0006223528581745
2003-03-28,215.0,215.0,215.0,215.0,1000.0,215.0,216.4,213.2,232.08,252.48,260.95,False,False,False,False,False,False,False,False,False,True,True,-0.1162790697674418,-0.1162790697674418,,,-0.0794418604651163,-0.1743255813953488,0.0,0.0,-0.0029045204900717,0.0337711069418387,265.0,250.0,1.0,-0.004308859014133,-0.0012197908830192,-0.0001137248500317
2003-03-31,220.0,230.0,220.0,220.0,4000.0,220.0,219.4,213.2,230.68,251.48,260.9,False,False,False,False,False,False,False,False,False,True,False,-0.2045454545454545,-0.1136363636363636,,,-0.0485454545454545,-0.143090909090909,-0.0227272727272727,-0.1590909090909091,-0.0039764593605853,0.0065666041275797,250.0,250.0,4.0,-0.0060690133518293,-0.0017601543376963,-0.0010719388705135
2003-04-07,215.0,215.0,215.0,215.0,4000.0,215.0,220.4,213.7,228.48,250.41333333333333,260.8,False,False,False,False,False,False,False,False,False,True,True,-0.2093023255813953,-0.0232558139534883,,,-0.0626976744186046,-0.1647131782945736,0.0372093023255813,-0.0465116279069767,-0.0042596240881742,-0.0098268600842302,235.0,260.0,1.0,-0.0096288515406163,-0.0035598381887869,-0.0002831647275888
2003-04-09,200.0,200.0,180.0,180.0,7000.0,180.0,210.4,210.7,225.48,248.88,260.405,False,False,False,False,False,False,False,False,False,True,False,-0.0277777777777777,0.15,,,-0.2526666666666666,-0.3826666666666666,0.1944444444444444,0.1388888888888889,-0.0061609343190828,-0.0075937351684859,240.0,260.0,1.75,-0.0133049494411921,-0.0036760979005758,-0.0019013102309086
2003-04-10,180.0,190.0,180.0,190.0,2000.0,190.0,204.0,209.2,223.28,247.54666666666665,260.055,False,False,False,False,False,False,False,False,False,False,False,-0.0263157894736842,0.0526315789473684,,,-0.1751578947368421,-0.3028771929824561,0.0526315789473684,0.1052631578947368,-0.0053861898093289,-0.0052581261950286,240.0,260.0,0.2857142857142857,-0.0098530992475814,0.0034518501936106,0.0007747445097538
2003-04-11,190.0,190.0,190.0,190.0,1000.0,190.0,199.0,207.7,221.08,246.2133333333333,259.505,False,False,False,False,False,False,False,False,False,True,False,0.0,0.0526315789473684,,,-0.1635789473684211,-0.2958596491228069,0.1052631578947368,0.1052631578947368,-0.0054153579551608,0.0067404910929225,240.0,260.0,0.5,-0.0099511489053735,-9.80496577921066e-05,-2.916814583195544e-05
2003-04-17,175.0,175.0,175.0,175.0,2000.0,175.0,190.0,204.7,218.48,244.74666666666667,258.88,False,False,False,False,False,False,False,False,False,True,False,0.1142857142857142,0.1428571428571428,,,-0.2484571428571428,-0.398552380952381,0.1542857142857142,0.2,-0.0059925909784265,0.0214948705422569,240.0,270.0,2.0,-0.0119004027828635,-0.0019492538774899,-0.0005772330232656
2003-04-18,170.0,170.0,170.0,170.0,6000.0,170.0,181.0,200.7,215.48,243.54666666666665,258.58,False,False,False,False,False,False,False,False,False,True,False,0.2352941176470588,0.2058823529411764,,,-0.2675294117647058,-0.432627450980392,0.2647058823529412,0.2058823529411764,-0.0049271871236177,0.0368709516691579,240.0,260.0,3.0,-0.0139224057917208,-0.0020220030088572,0.0010654038548088
2003-04-21,170.0,175.0,170.0,175.0,4000.0,175.0,180.0,195.2,212.68,242.41333333333333,258.08,False,False,False,False,False,False,False,False,False,False,False,0.1828571428571428,0.1714285714285714,,,-0.2153142857142857,-0.3852190476190475,0.2571428571428571,0.1714285714285714,-0.0046752103844672,0.0594262295081968,230.0,265.0,0.6666666666666666,-0.0131653187887905,0.0007570870029302,0.0002519767391504
2003-04-23,170.0,185.0,170.0,185.0,3000.0,185.0,179.0,191.5,210.28,241.2133333333333,257.555,False,False,False,False,False,False,False,False,False,False,False,0.081081081081081,0.081081081081081,,,-0.1366486486486486,-0.3038558558558557,0.1891891891891892,0.1351351351351351,-0.0049748493726162,0.0757180156657963,240.0,260.0,0.75,-0.0114133536237398,0.0017519651650507,-0.000299638988149
2003-04-24,190.0,190.0,190.0,190.0,1000.0,190.0,179.0,189.0,208.08,239.88,257.13,False,False,False,False,False,False,False,False,False,False,False,0.0526315789473684,0.0526315789473684,,,-0.0951578947368421,-0.2625263157894736,0.0789473684210526,0.1052631578947368,-0.0055583347229169,0.0873015873015873,250.0,260.0,0.3333333333333333,-0.0105728565936177,0.000840497030122,-0.0005834853503006
2003-04-25,195.0,209.0,185.0,195.0,5000.0,195.0,183.0,186.5,206.08,238.4933333333333,256.505,False,False,False,False,False,False,False,False,False,False,False,0.0256410256410256,0.0256410256410256,,,-0.0568205128205128,-0.2230427350427349,0.1025641025641025,0.0769230769230769,-0.005814278526304,0.1152815013404825,290.0,255.0,5.0,-0.0097049689440993,0.0008678876495184,-0.0002559438033871
2003-04-30,200.0,210.0,200.0,210.0,4000.0,210.0,191.0,186.0,204.68,237.2933333333333,256.025,False,False,False,False,True,False,False,False,False,False,False,-0.0238095238095238,-0.0476190476190476,,,0.0253333333333333,-0.1299682539682538,0.0,-0.0238095238095238,-0.0050570320840591,0.1182795698924731,260.0,260.0,0.8,-0.0068399452804377,0.0028650236636615,0.0007572464422449
2003-05-06,207.0,207.0,207.0,207.0,2000.0,207.0,197.4,188.7,203.36,236.25333333333333,255.56,False,False,False,False,False,False,False,False,False,False,True,-0.0096618357487922,-0.0338164251207729,,,0.0175845410628018,-0.1413204508856682,-0.0338164251207729,-0.0096618357487922,-0.0044020542920027,0.1022787493375729,245.0,260.0,0.5,-0.0064909520062942,0.0003489932741435,0.0006549777920564
2003-05-20,200.0,200.0,200.0,200.0,1000.0,200.0,200.4,189.7,201.76,235.32,255.485,False,False,False,False,False,False,False,False,False,True,False,0.0,0.025,,,-0.0087999999999999,-0.1765999999999999,0.05,0.025,-0.0039662303813247,0.0938323668950976,240.0,265.0,0.5,-0.0079302141157812,-0.001439262109487,0.000435823910678
2003-05-22,200.0,200.0,198.0,200.0,5000.0,200.0,202.4,190.7,201.36,234.6533333333333,255.37,False,False,False,False,False,False,False,False,False,False,False,0.0,0.075,,,-0.0068,-0.1732666666666665,0.05,0.05,-0.0028410705153702,0.0880964866282119,240.0,260.0,5.0,-0.0019864918553832,0.0059437222603979,0.0011251598659544
2003-05-23,200.0,200.0,200.0,200.0,2000.0,200.0,203.4,193.2,200.56,233.98666666666668,255.24,False,False,False,False,False,False,False,False,False,True,False,0.0,0.075,,,-0.0028,-0.1699333333333333,0.05,0.05,-0.0028491651945978,0.0740165631469979,255.0,260.0,0.4,-0.0039888312724372,-0.0020023394170539,-8.09467922754806e-06
2003-05-26,205.0,205.0,200.0,205.0,2000.0,205.0,202.4,196.7,200.36,233.25333333333333,254.99,False,False,False,False,True,False,False,False,False,False,False,-0.024390243902439,0.0878048780487804,,,0.0226341463414633,-0.1378211382113821,0.024390243902439,0.0,-0.0031439350634503,0.0549059481443823,270.0,260.0,1.0,-0.0009982032341784,0.0029906280382588,-0.0002947698688525
2003-05-27,225.0,225.0,205.0,205.0,5000.0,205.0,202.0,199.7,200.16,232.52,254.74,False,False,False,False,False,False,False,False,False,True,False,-0.024390243902439,0.048780487804878,,,0.0236097560975609,-0.1342439024390244,0.0048780487804878,0.0,-0.0031538505648259,0.0390585878818227,255.0,260.0,2.5,-0.0009992006394884,-9.97405310072591e-07,-9.915501375516722e-06
2003-05-30,210.0,210.0,200.0,200.0,3000.0,200.0,202.0,201.2,199.96,231.72,254.39,False,False,False,False,False,False,False,False,False,True,False,0.025,0.0,,,0.0001999999999999,-0.1586,0.025,0.0,-0.0034524426031417,0.0263419483101392,245.0,265.0,0.6,-0.0010002000400079,-9.994005194502965e-07,-0.0002985920383158
2003-06-04,200.0,200.0,200.0,200.0,1000.0,200.0,202.0,202.2,199.76,230.92,254.045,False,False,False,False,False,False,False,False,False,True,False,0.075,0.05,,,0.0012,-0.1545999999999999,0.03,0.025,-0.0034644032565391,0.0187932739861523,245.0,265.0,0.3333333333333333,-0.0010012014417301,-1.00140172221673e-06,-1.1960653397338934e-05
2003-06-05,200.0,200.0,200.0,200.0,2000.0,200.0,202.0,202.7,199.56,229.98666666666668,253.835,False,False,False,False,False,False,False,False,False,True,False,0.075,0.01,,,0.0021999999999999,-0.1499333333333334,0.03,0.04,-0.0040582062728273,0.0152935372471634,240.0,250.0,2.0,-0.0010022048506714,-1.0034089412587488e-06,-0.0005938030162881
2003-06-06,210.0,210.0,195.0,200.0,5000.0,200.0,201.0,201.7,199.16,229.18666666666667,253.655,False,False,False,False,False,False,False,False,False,True,False,0.115,0.075,,,0.0042,-0.1459333333333333,0.03,0.035,-0.0034906044563384,0.0213187902825979,245.0,235.0,2.5,-0.0020084354288009,-0.0010062305781295,0.0005676018164888
2003-06-11,202.0,202.0,200.0,200.0,2000.0,200.0,200.0,201.0,197.96,228.32,253.515,False,False,False,False,False,False,False,False,False,True,False,0.075,0.1,,,0.0101999999999999,-0.1415999999999999,0.03,0.025,-0.0037958420929689,0.0248756218905472,245.0,240.0,0.4,-0.0060618306728631,-0.0040533952440621,-0.0003052376366305
2003-06-20,205.0,205.0,200.0,205.0,3000.0,205.0,201.0,201.5,197.28,227.58666666666667,253.36,False,False,False,False,False,False,False,False,False,False,True,-0.024390243902439,0.073170731707317,,,0.0376585365853658,-0.1101788617886179,0.0048780487804878,0.0,-0.0032222157126954,0.0223325062034739,245.0,240.0,1.5,-0.0034468775344688,0.0026149531383943,0.0005736263802734
2003-06-24,215.0,215.0,215.0,215.0,1000.0,215.0,204.0,203.0,197.28,226.98666666666668,253.31,False,False,False,False,False,False,False,False,False,False,False,-0.0232558139534883,-0.0465116279069767,,,0.0824186046511627,-0.0557519379844961,-0.0744186046511627,-0.0232558139534883,-0.0026433270676691,0.0147783251231527,245.0,240.0,0.3333333333333333,0.0,0.0034468775344688,0.0005788886450263
2003-06-25,236.0,236.0,210.0,215.0,6000.0,215.0,207.0,204.5,197.08,226.4533333333333,253.28,False,False,False,False,False,False,False,False,False,True,False,-0.0604651162790697,0.0,,,0.0833488372093022,-0.0532713178294573,-0.0604651162790697,0.0232558139534883,-0.0023551577955724,0.0122249388753056,245.0,240.0,6.0,-0.0010148163182463,-0.0010148163182463,0.0002881692720967
2003-06-30,223.0,223.0,220.0,223.0,3000.0,223.0,211.6,206.3,197.4,225.96,253.29,False,False,False,False,False,False,True,False,True,False,False,-0.0358744394618834,-0.0582959641255605,,,0.1147982062780268,-0.0132735426008968,-0.0807174887892376,-0.0358744394618834,-0.0021832772762139,0.0082404265632573,245.0,240.0,0.5,0.0016210739614994,0.0026358902797457,0.0001718805193584
2003-07-04,215.0,215.0,215.0,215.0,1000.0,215.0,214.6,207.3,198.8,225.36,253.15,False,False,False,False,False,False,True,False,False,False,False,0.0232558139534883,-0.0697674418604651,,,0.0753488372093022,-0.0481860465116279,-0.0465116279069767,0.0,-0.0026624068157614,0.0082006753497346,240.0,230.0,0.3333333333333333,0.0070422535211267,0.0054211795596273,-0.0004791295395474
2003-07-08,200.0,205.0,195.0,200.0,5000.0,200.0,213.6,207.3,199.2,224.4933333333333,252.9,False,False,False,False,False,False,True,False,False,True,False,0.1,0.05,,,0.004,-0.1224666666666665,0.03,0.15,-0.0038605452277723,0.0226724553786781,240.0,240.0,5.0,0.0020080321285139,-0.0050342213926128,-0.0011981384120109
2003-07-10,210.0,210.0,210.0,210.0,1000.0,210.0,212.6,208.3,200.0,223.82666666666665,252.64,False,False,False,False,False,False,True,False,False,False,True,-0.0238095238095238,0.0,,,0.0476190476190476,-0.0658412698412697,0.0,0.1380952380952381,-0.0029784952641924,0.0340854536725875,210.0,250.0,0.2,0.004,0.0019919678714861,0.0008820499635798
2003-07-22,202.0,205.0,202.0,202.0,3000.0,202.0,210.0,208.5,201.08,223.0533333333333,252.34,False,False,False,False,False,False,True,False,False,False,False,0.0643564356435643,0.0396039603960396,,,0.0045544554455444,-0.1042244224422441,0.0198019801980198,0.1237623762376237,-0.0034670332954749,0.0422062350119904,220.0,290.0,3.0,0.0053709966182614,0.0013709966182613,-0.0004885380312824
2003-07-23,208.0,215.0,208.0,215.0,2000.0,215.0,208.4,210.0,202.88,222.4533333333333,252.1,False,False,False,False,False,False,True,False,False,False,True,-0.0232558139534883,-0.0232558139534883,,,0.0563720930232558,-0.0346666666666666,0.0,0.0697674418604651,-0.0026971949172859,0.0457142857142856,210.0,260.0,0.6666666666666666,0.0088722397476339,0.0035012431293725,0.0007698383781889
2003-07-25,215.0,220.0,215.0,220.0,3000.0,220.0,209.4,212.0,204.68,221.92,251.855,False,False,False,False,False,False,True,False,False,True,False,-0.0909090909090909,-0.0636363636363636,,,0.0696363636363636,-0.0087272727272726,0.0272727272727272,0.0454545454545454,-0.0024032684450853,0.0476415094339622,210.0,245.0,1.5,0.0087942153605628,-7.802438707110032e-05,0.0002939264722006
2003-07-31,220.0,220.0,220.0,220.0,1000.0,220.0,213.4,213.5,206.08,221.32,251.475,False,False,False,False,False,False,True,False,False,True,False,-0.0454545454545454,-0.0681818181818181,,,0.0632727272727272,-0.0059999999999999,0.0227272727272727,0.05,-0.0027110066871498,0.0524590163934425,205.0,240.0,0.3333333333333333,0.0067934782608695,-0.0020007370996932,-0.0003077382420644
2003-08-13,215.0,215.0,205.0,205.0,4000.0,205.0,212.4,212.5,206.68,220.52,251.02,False,False,False,False,False,False,True,False,False,True,False,0.024390243902439,0.0048780487804878,,,-0.0081951219512195,-0.0757073170731707,0.0975609756097561,0.1707317073170731,-0.0036277888626881,0.0715294117647058,205.0,240.0,4.0,0.0029030385136442,-0.0038904397472253,-0.0009167821755383
2003-08-22,215.0,215.0,215.0,215.0,1000.0,215.0,215.0,212.5,207.48,220.0533333333333,250.745,False,False,False,False,False,False,True,False,False,False,False,-0.0232558139534883,-0.041860465116279,,,0.0349767441860465,-0.0235038759689921,0.0232558139534883,0.0930232558139534,-0.0021206980126031,0.0785882352941176,205.0,255.0,0.25,0.0038557933294774,0.0009527548158332,0.0015070908500849
2003-08-25,215.0,225.0,210.0,210.0,9000.0,210.0,214.0,211.2,207.48,219.72,250.395,False,False,False,False,False,False,False,False,False,True,False,0.0,-0.019047619047619,,,0.012,-0.0462857142857142,0.0714285714285714,0.119047619047619,-0.0015170823472297,0.0946969696969697,210.0,270.0,9.0,0.0,-0.0038557933294774,0.0006036156653734
2003-08-28,200.0,201.0,200.0,200.0,4000.0,200.0,210.0,209.7,207.2,219.18666666666667,250.095,False,False,False,False,False,False,False,False,False,True,False,0.03,0.03,,,-0.0359999999999999,-0.0959333333333333,0.15,0.2,-0.0024332380315104,0.1144492131616595,230.0,255.0,0.4444444444444444,-0.0013513513513513,-0.0013513513513513,-0.0009161556842807
2003-08-29,210.0,210.0,210.0,210.0,2000.0,210.0,208.0,210.7,207.6,218.78666666666663,249.725,False,False,False,False,False,False,True,False,True,False,True,-0.0238095238095238,-0.019047619047619,,,0.0114285714285714,-0.0418412698412696,0.1619047619047619,0.1428571428571428,-0.0018282649765374,0.11390602752729,222.0,245.0,0.5,0.0019267822736031,0.0032781336249544,0.000604973054973
2003-09-24,210.0,210.0,210.0,210.0,1000.0,210.0,209.0,210.7,208.0,218.38666666666663,249.44,False,False,False,False,False,False,True,False,False,True,False,-0.019047619047619,-0.0523809523809523,,,0.0095238095238095,-0.0399365079365077,0.1047619047619047,0.1666666666666666,-0.0018316136516271,0.1167536782154723,215.0,245.0,0.5,0.0019230769230769,-3.705350526159862e-06,-3.3486750896875167e-06
2003-09-25,210.0,210.0,210.0,210.0,1000.0,210.0,208.0,211.5,208.4,217.98666666666668,249.185,False,False,False,False,False,False,True,False,False,True,True,-0.019047619047619,-0.0380952380952381,,,0.0076190476190475,-0.038031746031746,0.1571428571428571,0.1666666666666666,-0.0018349746161842,0.1210401891252954,220.0,240.0,1.0,0.0019193857965451,-3.691126531817688e-06,-3.360964557131427e-06
2003-09-30,215.0,215.0,210.0,210.0,3000.0,210.0,208.0,211.0,208.6,217.58666666666667,248.83,False,False,False,False,False,False,True,False,False,True,False,-0.019047619047619,-0.0238095238095238,,,0.0066666666666666,-0.0361269841269841,0.119047619047619,0.2142857142857142,-0.0018383479379864,0.1355450236966824,215.0,245.0,3.0,0.0009587727708532,-0.0009606130256918,-3.373321802180914e-06
2003-10-01,206.0,206.0,206.0,206.0,2000.0,206.0,209.2,209.6,208.64,217.26666666666668,248.51,False,False,False,False,False,False,True,False,False,True,False,0.0,-0.0048543689320388,,,-0.0128155339805824,-0.0546925566343042,0.116504854368932,0.1990291262135922,-0.0014728444308069,0.1512404580152672,180.0,245.0,0.6666666666666666,0.000191717791411,-0.0007670549794422,0.0003655035071794
2003-10-03,205.0,205.0,205.0,205.0,2000.0,205.0,208.2,208.1,208.84,216.8,248.185,False,False,False,False,False,False,True,False,False,False,False,0.0048780487804878,0.0048780487804878,,,-0.0187317073170731,-0.0575609756097561,0.073170731707317,0.2048780487804878,-0.0021525215252152,0.1672272945699183,190.0,245.0,1.0,0.0009576709442636,0.0007659531528526,-0.0006796770944082
2003-10-06,206.0,206.0,206.0,206.0,1000.0,206.0,207.4,208.2,209.08,216.2133333333333,247.84,False,False,False,False,False,False,True,False,False,False,False,-0.0339805825242718,0.0194174757281553,,,-0.0149514563106796,-0.0495792880258898,-0.029126213592233,0.2621359223300971,-0.0027133695115936,0.1762728146013449,190.0,245.0,0.5,0.0011478859766596,0.000190215032396,-0.0005608479863783
2003-10-08,206.0,206.0,206.0,206.0,2000.0,206.0,206.6,207.3,209.32,215.09333333333333,247.45,False,False,False,False,False,False,True,False,False,True,False,-0.0194174757281553,0.0,,,-0.0161165048543689,-0.0441423948220064,0.0194174757281553,0.2621359223300971,-0.0052070419042895,0.1934394597202122,175.0,245.0,2.0,0.0011465698452129,-1.3161314467164797e-06,-0.0024936723926958
2003-10-09,206.0,206.0,206.0,206.0,1000.0,206.0,205.8,206.9,209.56,214.3733333333333,247.13,False,False,False,False,False,False,True,False,False,True,False,-0.0048543689320388,0.0436893203883495,,,-0.0172815533980582,-0.0406472491909383,0.0436893203883495,0.2864077669902912,-0.0033586266948626,0.2102464958917351,170.0,245.0,0.5,0.0011452567283833,-1.3131168296559408e-06,0.0018484152094268
2003-10-10,206.0,206.0,206.0,206.0,2000.0,206.0,205.8,207.5,209.8,213.85333333333327,246.685,False,False,False,False,False,False,True,False,False,True,True,-0.0048543689320388,0.0970873786407767,,,-0.0184466019417476,-0.038122977346278,0.058252427184466,0.2135922330097087,-0.0024315730407134,0.2115662650602409,175.0,240.0,2.0,0.0011439466158246,-1.3101125586846216e-06,0.0009270536541492
2003-10-14,206.0,206.0,205.0,206.0,4000.0,206.0,206.0,207.1,209.84,213.4,246.27,False,False,False,False,False,False,True,False,False,True,False,0.0,0.0922330097087378,,,-0.0186407766990291,-0.0359223300970874,0.058252427184466,0.2135922330097087,-0.0021243361449543,0.2187349106711734,185.0,240.0,2.0,0.0001906214258482,-0.0009533251899764,0.000307236895759
2003-10-17,199.0,199.0,199.0,199.0,3000.0,199.0,204.6,206.0,209.2,212.85333333333327,245.945,False,False,False,False,False,False,False,False,False,True,False,0.0552763819095477,0.1306532663316583,,,-0.0512562814070351,-0.0696147403685088,0.0804020100502512,0.2060301507537688,-0.0025682786269108,0.2228155339805825,190.0,210.0,0.75,-0.0030592734225622,-0.0032498948484104,-0.0004439424819565
2003-10-20,202.0,202.0,202.0,202.0,1000.0,202.0,203.8,205.2,208.68,212.14666666666668,245.61,False,False,False,False,False,False,False,False,False,False,False,0.0198019801980198,0.0891089108910891,,,-0.0330693069306931,-0.0502310231023102,-0.0841584158415841,0.1881188118811881,-0.0033310288479664,0.2251461988304094,195.0,220.0,0.3333333333333333,-0.0024918535556832,0.0005674198668789,-0.0007627502210555
2003-10-21,205.0,205.0,205.0,205.0,1000.0,205.0,203.6,204.7,207.96,211.28,245.245,False,False,False,False,False,False,False,False,False,True,False,0.048780487804878,0.0975609756097561,,,-0.0144390243902439,-0.0306341463414634,0.0,0.1219512195121951,-0.0041019815726366,0.2159257449926723,210.0,210.0,1.0,-0.0034622042700519,-0.0009703507143686,-0.0007709527246701
2003-10-23,205.0,205.0,202.0,205.0,7000.0,205.0,203.4,204.6,207.56,210.6133333333333,244.875,False,False,False,False,False,False,False,False,False,False,False,0.1024390243902439,0.1219512195121951,,,-0.0124878048780487,-0.0273821138211381,0.0,0.1951219512195122,-0.0031653583185617,0.2155425219941348,207.0,210.0,7.0,-0.0019271535941414,0.0015350506759104,0.0009366232540749
2003-10-24,205.0,206.0,205.0,206.0,20000.0,206.0,203.4,204.7,207.8,210.09333333333333,244.605,False,False,False,False,False,False,True,False,True,False,False,0.0922330097087378,0.1844660194174757,,,-0.0087378640776699,-0.0198705501618123,0.0194174757281553,0.2475728155339805,-0.0024750904359966,0.2198339032730825,200.0,205.0,2.857142857142857,0.0011549566891242,0.0030821102832656,0.0006902678825651
2003-10-27,210.0,216.0,210.0,210.0,5000.0,210.0,205.6,205.1,207.8,209.6266666666667,244.355,False,False,False,False,True,False,False,False,False,True,False,0.0714285714285714,0.1047619047619047,,,0.0104761904761904,0.0017777777777776,0.0,0.2619047619047619,-0.0022261798753338,0.219892735251097,200.0,205.0,0.25,0.0,-0.0011549566891242,0.0002489105606628
2003-10-28,206.0,207.0,206.0,206.0,3000.0,206.0,206.4,205.1,207.96,209.1733333333333,244.085,False,False,False,False,False,False,True,False,False,False,False,0.0679611650485436,0.1796116504854369,,,-0.0095145631067961,-0.0154045307443364,0.0194174757281553,0.2718446601941747,-0.002167261601224,0.2208678693320332,200.0,205.0,0.6,0.0007693787266781,0.0007693787266781,5.891827410973169e-05
2003-10-31,215.0,215.0,215.0,215.0,1000.0,215.0,208.4,206.0,207.96,208.7733333333333,243.86,False,False,False,False,False,False,False,False,False,True,True,0.0465116279069767,0.0930232558139534,,,0.0327441860465115,0.0289612403100776,-0.0465116279069767,0.2558139534883721,-0.0019159535061949,0.2179611650485437,205.0,210.0,0.3333333333333333,0.0,-0.0007693787266781,0.0002513080950291
2003-11-04,215.0,226.0,215.0,226.0,3000.0,226.0,212.6,208.0,208.2,208.52,243.665,False,False,False,False,False,False,True,False,True,False,False,0.0176991150442477,0.0176991150442477,,,0.0787610619469027,0.0773451327433627,-0.0929203539823008,0.1504424778761062,-0.0012149114393501,0.2110576923076923,205.0,230.0,3.0,0.0011527377521612,0.0011527377521612,0.0007010420668447
2003-11-06,231.0,231.0,225.0,225.0,4000.0,225.0,216.4,209.9,208.4,208.25333333333333,243.41,False,True,False,False,False,False,True,False,False,True,False,0.0844444444444444,-0.0222222222222222,,,0.0737777777777777,0.0744296296296296,-0.0666666666666666,0.1777777777777777,-0.0012804917088162,0.2072415435921867,200.0,222.0,1.3333333333333333,0.0009596928982726,-0.0001930448538886,-6.558026946605795e-05
2003-11-07,225.0,225.0,225.0,225.0,1000.0,225.0,219.4,212.5,209.2,207.98666666666668,243.16,False,False,False,False,False,False,True,False,True,False,False,0.0311111111111111,-0.1111111111111111,,,0.0702222222222222,0.0756148148148147,-0.0666666666666666,0.1777777777777777,-0.0012821334700941,0.2042352941176471,200.0,215.0,0.25,0.0038240917782025,0.0028643988799299,-1.6417612779147644e-06
2003-11-17,220.0,220.0,220.0,220.0,1000.0,220.0,222.2,214.3,209.4,207.6533333333333,243.135,False,False,False,False,False,False,True,False,False,True,False,0.1045454545454545,-0.0454545454545454,,,0.0481818181818181,0.0561212121212122,-0.0454545454545454,0.1818181818181818,-0.0016052395017338,0.203453103126458,200.0,220.0,1.0,0.0009551098376314,-0.0028689819405711,-0.0003231060316396
2003-11-19,225.0,225.0,225.0,225.0,1000.0,225.0,224.2,216.3,210.0,207.38666666666663,242.91,False,False,False,False,False,False,True,False,True,False,False,0.0444444444444444,-0.0444444444444444,,,0.0666666666666666,0.0782814814814816,-0.0888888888888888,0.1555555555555555,-0.0012858428700013,0.2061950993989827,200.0,215.0,1.0,0.0028571428571428,0.0019020330195114,0.0003193966317324
2003-11-25,230.0,230.0,230.0,230.0,1000.0,230.0,225.0,218.8,211.2,207.25333333333333,242.68,False,False,False,False,False,False,True,False,False,False,False,0.0,-0.0521739130434782,,,0.0817391304347826,0.0988985507246377,-0.108695652173913,0.108695652173913,-0.0006433350488932,0.1969835466179157,200.0,180.0,1.0,0.0056818181818181,0.0028246753246752,0.000642507821108
2003-11-28,244.0,244.0,240.0,244.0,3000.0,244.0,228.8,222.6,212.56,207.30666666666667,242.555,False,False,False,False,False,False,True,True,False,False,False,-0.0983606557377049,-0.1065573770491803,,,0.1288524590163934,0.1503825136612021,-0.1598360655737705,0.0614754098360655,0.0002572678157962,0.1774483378256964,205.0,190.0,3.0,0.0063981934512608,0.0007163752694427,0.0009006028646895
2003-12-09,232.0,232.0,232.0,232.0,2000.0,232.0,230.2,224.8,213.44,207.6,242.41,False,False,False,False,False,False,True,True,False,True,False,-0.1379310344827586,-0.0732758620689655,,,0.08,0.1051724137931034,-0.0948275862068965,0.0991379310344827,0.0014129736673088,0.1614768683274021,215.0,190.0,0.6666666666666666,0.0041229385307346,-0.0022752549205262,0.0011557058515125
2003-12-10,243.0,243.0,243.0,243.0,1000.0,243.0,234.8,228.5,214.76,207.90666666666667,242.375,False,False,False,False,False,False,True,True,False,False,False,-0.1358024691358024,-0.2386831275720164,,,0.1162139917695473,0.1444170096021947,-0.1358024691358024,0.0288065843621399,0.0014750208426858,0.1374179431072209,215.0,175.0,0.5,0.0061463959769044,0.0020234574461698,6.20471753769716e-05
2003-12-12,235.0,235.0,235.0,235.0,1000.0,235.0,236.8,230.5,215.76,208.24,242.3,False,False,False,False,False,False,True,True,False,True,False,-0.0851063829787234,-0.1276595744680851,,,0.0818723404255319,0.1138723404255318,-0.1276595744680851,0.0936170212765957,0.0016007171212703,0.1219088937093276,223.0,170.0,1.0,0.0046347793845012,-0.0015116165924031,0.0001256962785845
2003-12-15,230.0,230.0,230.0,230.0,1000.0,230.0,236.8,230.9,216.72,208.50666666666663,242.175,False,False,False,False,False,False,True,True,False,True,False,-0.0521739130434782,-0.108695652173913,,,0.0577391304347826,0.0934492753623189,-0.108695652173913,0.0869565217391304,0.0012789359253099,0.1156344737981811,215.0,175.0,1.0,0.0044296788482835,-0.0002051005362177,-0.0003217811959604
2003-12-16,220.0,220.0,220.0,220.0,1000.0,220.0,232.0,230.4,217.32,208.70666666666668,242.0,False,False,False,False,False,False,True,True,False,True,False,-0.009090909090909,-0.0454545454545454,,,0.0121818181818182,0.0513333333333332,-0.0909090909090909,0.1363636363636363,0.0009582827572991,0.1115451388888889,200.0,185.0,1.0,0.0027609055770292,-0.0016687732712542,-0.0003206531680107
2003-12-24,210.0,210.0,200.0,200.0,2000.0,200.0,225.6,227.9,217.08,208.64,241.745,False,False,False,False,False,False,False,False,False,True,False,0.075,0.05,,,-0.0854,-0.0431999999999999,0.025,0.25,-0.0003195296523518,0.1171566476524791,210.0,190.0,2.0,-0.0011055831951353,-0.0038664887721645,-0.0012778124096509
2003-12-25,210.0,210.0,210.0,210.0,2000.0,210.0,219.0,226.9,217.24,208.70666666666668,241.475,False,False,False,False,False,False,True,True,False,False,False,-0.119047619047619,0.0,,,-0.0344761904761905,0.0061587301587301,-0.0095238095238095,0.238095238095238,0.0003194275857664,0.1220802115469369,202.0,195.0,1.0,0.0007365126127784,0.0018420958079138,0.0006389572381182
2003-12-26,215.0,215.0,215.0,215.0,1000.0,215.0,215.0,225.9,217.6,208.7733333333333,241.295,False,False,False,False,False,False,True,True,True,False,False,-0.0465116279069767,-0.0465116279069767,,,-0.0120930232558139,0.0289612403100776,-0.0372093023255813,0.2697674418604651,0.0003193255843656,0.1328021248339973,215.0,210.0,0.5,0.0016544117647058,0.0009178991519273,-1.0200140075964205e-07
2003-12-30,218.0,218.0,218.0,218.0,1000.0,218.0,212.6,224.7,218.08,208.6133333333333,241.065,False,False,False,False,False,False,True,False,False,False,False,-0.0596330275229357,-0.0596330275229357,,,-0.0003669724770642,0.0430581039755352,-0.0596330275229357,0.3119266055045872,-0.000766969193404,0.1526479750778816,220.0,207.0,1.0,0.0022010271460015,0.0005466153812957,-0.0010862947777697
2004-01-05,218.0,229.0,218.0,218.0,5000.0,218.0,212.2,222.1,218.56,208.56,240.795,False,False,False,False,False,False,True,False,False,True,False,-0.036697247706422,-0.036697247706422,,,-0.0025688073394495,0.0433027522935779,-0.0596330275229357,0.3761467889908257,-0.000255721774709,0.1846015308419632,220.0,200.0,5.0,0.0021961932650072,-4.833880994276757e-06,0.000511247418695
2004-01-06,215.0,215.0,215.0,215.0,1000.0,215.0,215.2,220.4,219.2,208.56,240.38,False,False,False,False,False,False,True,False,False,False,False,-0.0232558139534883,-0.0232558139534883,,,-0.0195348837209301,0.029953488372093,-0.0232558139534883,0.5116279069767442,0.0,0.2254990925589837,205.0,200.0,0.2,0.002919708029197,0.0007235147641897,0.000255721774709
2004-01-07,205.0,205.0,185.0,185.0,3000.0,185.0,210.2,214.6,218.52,208.09333333333333,239.655,False,False,False,False,False,False,False,False,False,True,False,0.1351351351351351,0.1351351351351351,,,-0.1811891891891892,-0.1248288288288288,0.1891891891891892,0.7945945945945946,-0.0022425834561414,0.2968313140726935,215.0,200.0,3.0,-0.0031118433095367,-0.0060315513387338,-0.0022425834561414
2004-01-08,200.0,205.0,200.0,205.0,3000.0,205.0,208.2,211.6,218.52,207.96,239.03,False,False,False,False,False,False,False,False,False,False,False,0.0,0.0,,,-0.0659512195121951,-0.0144390243902439,0.048780487804878,0.6195121951219512,-0.0006411489388984,0.3506616257088847,210.0,205.0,1.0,0.0,0.0031118433095367,0.001601434517243
2004-01-16,200.0,205.0,200.0,205.0,5000.0,205.0,205.6,209.1,218.52,208.2933333333333,238.405,False,False,False,False,False,False,False,True,False,False,False,0.0,0.0,,,-0.0659512195121951,-0.0160650406504063,0.048780487804878,0.4390243902439024,0.0016003072589934,0.3883309421329508,200.0,205.0,1.6666666666666667,0.0,0.0,0.0022414561978919
2004-01-19,210.0,215.0,201.0,210.0,8000.0,210.0,204.0,208.1,218.68,208.56,237.83,False,False,False,False,False,False,True,True,False,False,False,0.0,-0.0238095238095238,,,-0.0413333333333333,0.0068571428571428,0.0952380952380952,0.2857142857142857,0.0012786088735457,0.4046131667467564,210.0,200.0,1.6,0.0007316627034936,0.0007316627034936,-0.0003216983854477
2004-01-26,212.0,212.0,210.0,210.0,6000.0,210.0,203.0,209.1,218.68,208.82666666666665,237.38,False,False,False,False,False,False,False,True,False,True,True,0.0,0.0,,,-0.0413333333333333,0.0055873015873016,0.1380952380952381,0.238095238095238,0.0012769761205464,0.4026781444285032,210.0,200.0,0.75,0.0,-0.0007316627034936,-1.6327529993090655e-06
2004-01-29,205.0,210.0,200.0,210.0,5000.0,210.0,208.0,209.1,218.84,209.2933333333333,236.93,False,False,False,False,False,False,True,True,False,False,False,0.0,0.0,,,-0.0420952380952381,0.0033650793650795,0.0809523809523809,0.1952380952380952,0.0022297254252403,0.3983739837398373,210.0,200.0,0.8333333333333334,0.0007311277645768,0.0007311277645768,0.0009527493046938
2004-01-30,210.0,221.0,205.0,205.0,6000.0,205.0,208.0,208.1,218.44,209.76,236.455,False,False,False,False,False,False,False,True,False,True,False,0.0,0.0,,,-0.065560975609756,-0.0232195121951219,0.1219512195121951,0.2146341463414634,0.0022247648105773,0.3935607880826526,210.0,200.0,1.2,-0.0018311664530306,-0.0025622942176074,-4.960614663053562e-06
2004-02-05,200.0,207.0,200.0,205.0,4000.0,205.0,208.0,206.8,217.6,210.16,236.13,False,False,False,False,False,False,False,True,False,True,False,0.0,0.0,,,-0.0614634146341463,-0.025170731707317,0.1219512195121951,0.1463414634146341,0.0019033117624667,0.3776595744680849,206.0,200.0,0.6666666666666666,-0.003860294117647,-0.0020291276646164,-0.0003214530481105
2004-02-06,210.0,210.0,205.0,210.0,3000.0,210.0,208.0,206.0,217.0,210.4933333333333,235.83,False,False,False,False,False,False,False,True,False,False,False,-0.0238095238095238,-0.0476190476190476,,,-0.0333333333333333,-0.0023492063492062,0.1,0.1619047619047619,0.0015835814277569,0.3558252427184467,205.0,205.0,0.75,-0.0027649769585253,0.0010953171591217,-0.0003197303347097
2004-02-10,205.0,210.0,205.0,210.0,7000.0,210.0,208.0,205.5,216.4,210.76,235.63,False,False,False,False,False,False,False,True,False,True,False,0.0,-0.0238095238095238,,,-0.0304761904761905,-0.0036190476190475,0.1428571428571428,0.2142857142857142,0.0012652622255963,0.3250608272506083,206.0,215.0,2.333333333333333,-0.0027726432532347,-7.666294709404373e-06,-0.0003183192021606
2004-02-12,210.0,210.0,205.0,210.0,7000.0,210.0,208.0,208.0,216.0,210.96,235.43,False,False,False,False,False,False,False,True,False,False,True,0.0,-0.0095238095238095,,,-0.0285714285714285,-0.0045714285714286,0.119047619047619,0.1761904761904762,0.0009480470231324,0.2682692307692308,206.0,215.0,1.0,-0.0018518518518518,0.0009207914013828,-0.0003172152024638
2004-02-13,205.0,206.0,205.0,205.0,7000.0,205.0,208.0,208.0,215.2,210.8933333333333,235.285,False,False,False,False,False,False,False,False,False,True,False,0.0,0.0097560975609756,,,-0.0497560975609755,-0.0287479674796747,0.1463414634146341,0.2634146341463415,-0.0003161155718531,0.2331730769230769,206.0,223.0,1.0,-0.0037174721189591,-0.0018656202671072,-0.0012641625949856
2004-02-16,200.0,205.0,200.0,205.0,2000.0,205.0,208.0,208.0,214.2,210.86666666666667,235.21,False,False,False,False,False,False,False,False,False,True,False,0.0,0.0,,,-0.0448780487804877,-0.0286178861788618,0.1707317073170731,0.2682926829268293,-0.0001264622194118,0.2163461538461538,206.0,215.0,0.2857142857142857,-0.0046685340802987,-0.0009510619613396,0.0001896533524413
2004-02-17,206.0,206.0,205.0,205.0,2000.0,205.0,207.0,207.5,212.64,210.9333333333333,235.335,False,False,False,False,False,False,False,True,False,True,False,-0.024390243902439,0.0,,,-0.0372682926829267,-0.0289430894308941,0.1707317073170731,0.2682926829268293,0.0003160556257899,0.2144578313253012,206.0,200.0,1.0,-0.0073363431151241,-0.0026678090348253,0.0004425178452018
2004-02-19,210.0,210.0,210.0,210.0,1000.0,210.0,207.0,207.5,211.76,211.06666666666663,235.285,False,False,False,False,False,False,False,True,False,False,False,-0.0238095238095238,0.0,,,-0.0083809523809523,-0.0050793650793649,0.1666666666666666,0.238095238095238,0.0006317119393556,0.2144578313253012,199.0,210.0,0.5,-0.0041556479032867,0.0031806952118374,0.0003156563135656
2004-02-20,205.0,210.0,205.0,210.0,2000.0,210.0,207.0,207.5,210.44,211.2,235.035,False,False,True,False,False,False,False,True,False,True,False,-0.0095238095238095,0.0476190476190476,,,-0.002095238095238,-0.0057142857142856,0.1666666666666666,0.1952380952380952,0.0006313131313132,0.2144578313253012,202.0,202.0,2.0,-0.0062725717544192,-0.0021169238511325,-3.988080423879704e-07
2004-02-23,205.0,205.0,205.0,205.0,1000.0,205.0,207.0,207.5,209.24,211.2,234.76,False,False,False,False,False,False,False,False,False,False,False,0.0097560975609756,0.048780487804878,,,-0.0206829268292683,-0.0302439024390243,0.2439024390243902,0.2682926829268293,0.0,0.2197590361445782,205.0,215.0,0.5,-0.0057350411011278,0.0005375306532914,-0.0006313131313132
2004-02-25,210.0,212.0,205.0,205.0,12000.0,205.0,207.0,207.5,208.24,211.2,234.555,False,False,False,False,False,False,False,False,False,False,False,0.0,0.048780487804878,,,-0.0158048780487805,-0.0302439024390243,0.2048780487804878,0.3170731707317073,0.0,0.2366265060240965,205.0,220.0,12.0,-0.0048021513638109,0.0009328897373168,0.0
2004-02-26,200.0,200.0,200.0,200.0,2000.0,200.0,206.0,206.5,207.44,211.2,234.33,False,False,False,False,False,False,False,False,False,False,False,0.025,0.15,,,-0.0371999999999999,-0.0559999999999999,0.235,0.35,0.0,0.2552058111380145,206.0,220.0,0.1666666666666666,-0.0038565368299267,0.0009456145338842,0.0
2004-02-27,205.0,210.0,200.0,205.0,6000.0,205.0,205.0,206.0,207.64,211.26666666666668,234.055,False,False,False,False,False,False,True,True,False,False,False,0.024390243902439,0.1658536585365853,,,-0.0128780487804877,-0.0305691056910569,0.2682926829268293,0.3170731707317073,0.000315556958031,0.2655339805825242,210.0,205.0,3.0,0.0009632055480639,0.0048197423779906,0.000315556958031
2004-03-01,215.0,215.0,205.0,208.0,4000.0,208.0,204.6,205.8,207.56,211.3733333333333,233.82,False,False,False,False,True,False,False,True,False,True,False,0.0576923076923076,0.0913461538461538,,,0.0021153846153846,-0.0162179487179485,0.25,0.3221153846153846,0.0005046363464326,0.2803692905733721,206.0,215.0,0.6666666666666666,-0.0003854307188282,-0.0013486362668921,0.0001890793884016
2004-03-04,200.0,207.0,200.0,207.0,4000.0,207.0,205.0,206.0,207.24,211.46666666666667,233.565,False,False,False,False,False,False,False,True,False,True,False,0.038647342995169,0.1111111111111111,,,-0.0011594202898551,-0.0215780998389694,0.2801932367149758,0.3285024154589372,0.0004413619167718,0.2868932038834952,215.0,210.0,1.0,-0.0015441034549314,-0.0011586727361032,-6.327442966077288e-05
2004-03-05,200.0,207.0,200.0,205.0,6000.0,205.0,205.0,206.0,206.72,211.53333333333333,233.23,False,False,False,False,False,False,False,True,False,True,False,0.048780487804878,0.1219512195121951,,,-0.008390243902439,-0.0318699186991869,0.2195121951219512,0.3414634146341463,0.0003151591553734,0.2941747572815535,226.0,200.0,1.5,-0.002515479876161,-0.0009713764212295,-0.0001262027613984
2004-03-10,180.0,205.0,180.0,205.0,2000.0,205.0,206.0,206.0,206.2,211.53333333333333,232.855,False,False,False,False,False,False,False,False,False,True,False,0.1219512195121951,0.1268292682926829,,,-0.0058536585365853,-0.0318699186991869,0.2195121951219512,0.3707317073170731,0.0,0.3043689320388349,225.0,210.0,0.3333333333333333,-0.0025218234723569,-6.343596195944844e-06,-0.0003151591553734
2004-03-11,210.0,210.0,210.0,210.0,1000.0,210.0,207.0,206.0,206.0,211.46666666666667,232.42,False,False,False,False,True,False,False,False,False,False,False,0.1380952380952381,0.1428571428571428,,,0.019047619047619,-0.0069841269841269,0.1428571428571428,0.3333333333333333,-0.0003152585119798,0.3140776699029126,225.0,210.0,0.5,-0.0009708737864077,0.0015509496859492,-0.0003152585119798
2004-03-17,225.0,225.0,220.0,220.0,2000.0,220.0,209.4,207.0,207.4,211.53333333333333,232.05,False,False,False,False,False,False,True,True,True,False,True,0.0318181818181818,0.0681818181818181,,,0.0572727272727272,0.0384848484848485,0.0909090909090909,0.3136363636363636,0.0003151591553734,0.3260869565217391,220.0,210.0,2.0,0.0067502410800386,0.0077211148664463,0.0006304176673532
2004-03-22,220.0,220.0,210.0,215.0,6000.0,215.0,211.0,208.0,207.8,211.42666666666668,231.65,False,False,False,False,False,False,True,False,False,True,False,0.0697674418604651,0.0930232558139534,,,0.0334883720930232,0.0166201550387596,0.0697674418604651,0.3023255813953488,-0.000504509049631,0.3293269230769231,225.0,210.0,3.0,0.0019249278152069,-0.0048253132648316,-0.0008196682050044
2004-03-24,215.0,215.0,215.0,215.0,2000.0,215.0,213.0,209.0,208.2,211.42666666666668,231.465,False,False,False,False,False,False,True,False,False,True,False,0.0697674418604651,0.1162790697674418,,,0.0316279069767442,0.0166201550387596,0.1395348837209302,0.3023255813953488,0.0,0.3277511961722488,230.0,206.0,0.3333333333333333,0.0019212295869355,-3.698228271427264e-06,0.000504509049631
2004-03-25,230.0,230.0,230.0,230.0,2000.0,230.0,218.0,212.0,209.0,211.82666666666665,231.15,False,False,False,False,False,False,True,True,False,False,False,0.0043478260869565,0.0434782608695652,,,0.0913043478260869,0.0790144927536232,0.117391304347826,0.2043478260869565,0.0018883363756529,0.3122641509433961,244.0,205.0,1.0,0.0038277511961723,0.0019065216092367,0.0018883363756529
2004-03-26,236.0,239.0,235.0,239.0,6000.0,239.0,223.8,215.4,210.16,212.2133333333333,231.065,False,False,False,False,False,False,True,True,False,False,False,0.00418410041841,0.0251046025104602,,,0.1206694560669456,0.1120781032078104,0.1087866108786611,0.1506276150627615,0.0018220658456898,0.2938718662952645,232.0,206.0,3.0,0.0055196041111533,0.001691852914981,-6.627052996312026e-05
2004-03-29,225.0,227.0,225.0,227.0,2000.0,227.0,225.2,217.3,210.84,212.54666666666665,230.92,False,False,False,False,False,False,True,True,False,True,False,0.0352422907488986,0.079295154185022,,,0.0711894273127753,0.0636710719530103,0.1541850220264317,0.1674008810572687,0.0015682830437237,0.2779567418315691,243.0,206.0,0.3333333333333333,0.0032251944602542,-0.0022944096508991,-0.000253782801966
2004-03-31,230.0,231.0,230.0,230.0,8000.0,230.0,228.2,219.6,211.84,212.74666666666667,230.785,False,False,False,False,False,False,True,True,False,False,False,0.0217391304347826,0.108695652173913,,,0.0789565217391304,0.0750144927536231,0.1739130434782608,0.1956521739130435,0.0009400852343946,0.2645719489981785,235.0,206.0,4.0,0.0047205438066465,0.0014953493463922,-0.0006281978093291
2004-04-02,231.0,231.0,230.0,230.0,3000.0,230.0,231.2,222.1,212.84,212.88,230.655,False,False,False,False,False,False,True,True,False,True,False,0.0434782608695652,0.0739130434782608,,,0.0746086956521739,0.0744347826086956,0.1304347826086956,0.3043478260869565,0.0006263309532756,0.2615938766321476,230.0,206.0,0.375,0.0046983649689907,-2.217883765573414e-05,-0.0003137542811189
2004-04-05,230.0,231.0,225.0,231.0,9000.0,231.0,231.4,224.7,213.68,213.02666666666667,230.51,True,True,False,False,False,False,True,True,False,True,False,0.0389610389610389,0.0692640692640692,,,0.0749783549783549,0.0778066378066377,0.1471861471861472,0.2337662337662337,0.0006884897039494,0.2487761459724078,220.0,206.0,3.0,0.0039311119430924,-0.0007672530258983,6.215875067379286e-05
2004-04-06,240.0,240.0,240.0,240.0,1000.0,240.0,231.6,227.7,214.88,213.4933333333333,230.41,False,False,False,False,False,False,True,True,False,False,False,0.0208333333333333,0.0833333333333333,,,0.1046666666666666,0.1104444444444445,0.1041666666666666,0.1458333333333333,0.0021858606045464,0.2301273605621433,200.0,199.0,0.1111111111111111,0.0055845122859269,0.0016534003428344,0.0014973709005969
2004-04-07,235.0,235.0,235.0,235.0,1000.0,235.0,233.2,229.2,215.88,213.76,230.21,False,False,False,False,False,False,True,True,False,True,False,0.0425531914893617,0.1063829787234042,,,0.0813617021276596,0.0903829787234043,0.1063829787234042,0.1744680851063829,0.00124750499002,0.2164048865619547,210.0,202.0,1.0,0.0046322030757828,-0.0009523092101441,-0.0009383556145264
2004-04-09,235.0,235.0,235.0,235.0,1000.0,235.0,234.2,231.2,217.08,214.09333333333333,229.985,False,False,False,False,False,False,True,True,False,False,False,0.0851063829787234,0.1276595744680851,,,0.0762553191489361,0.0889645390070922,0.1063829787234042,0.2765957446808511,0.0015569533536775,0.2145328719723184,215.0,205.0,1.0,0.0055279159756772,0.0008957128998944,0.0003094483636575
2004-04-14,240.0,240.0,240.0,240.0,1000.0,240.0,236.2,233.7,218.48,214.6266666666667,229.885,False,False,False,False,False,False,True,True,False,False,False,0.0291666666666666,0.0416666666666666,,,0.0896666666666667,0.1057222222222221,0.0625,0.2916666666666667,0.0024849350810711,0.2143774069319641,218.0,205.0,1.0,0.0064079091907725,0.0008799932150952,0.0009279817273935
2004-04-15,240.0,243.0,240.0,240.0,3000.0,240.0,238.0,234.7,219.88,215.02666666666667,229.735,False,False,False,False,False,False,True,True,False,True,False,0.0291666666666666,0.0416666666666666,,,0.0838333333333333,0.1040555555555555,0.0791666666666666,0.3541666666666667,0.0018602343895329,0.2296548785683853,218.0,206.0,3.0,0.0063671093323631,-4.079985840937418e-05,-0.0006247006915381
2004-04-16,245.0,245.0,245.0,245.0,1000.0,245.0,239.0,235.3,221.28,215.4933333333333,229.56,False,False,False,False,False,False,True,True,False,True,False,0.0612244897959183,-0.0204081632653061,,,0.0968163265306122,0.1204353741496599,0.0408163265306122,0.3428571428571428,0.0021655735676276,0.2494687632809179,215.0,210.0,0.3333333333333333,0.0063268257411424,-4.028359122066304e-05,0.0003053391780946
2004-04-22,245.0,245.0,245.0,245.0,1000.0,245.0,241.0,237.1,222.68,215.96,229.485,False,False,False,False,False,False,True,True,False,True,False,0.0612244897959183,-0.0204081632653061,,,0.0911020408163265,0.1185306122448979,0.0204081632653061,0.3428571428571428,0.0021608939927148,0.2669759595107548,185.0,206.0,1.0,0.0062870486797198,-3.977706142266682e-05,-4.679574912805351e-06
2004-04-26,247.0,255.0,247.0,255.0,3000.0,255.0,245.0,239.6,224.68,216.56,229.46,False,False,False,False,False,False,True,True,False,False,False,0.0392156862745098,-0.0980392156862745,,,0.1189019607843137,0.1507450980392156,0.0078431372549019,0.2745098039215686,0.0027705947543405,0.2746243739565943,205.0,215.0,3.0,0.0089015488695032,0.0026145001897834,0.0006097007616257
2004-04-27,247.0,247.0,247.0,247.0,1000.0,247.0,246.4,241.3,226.36,217.10666666666663,229.345,False,False,False,False,False,False,True,True,False,True,False,0.0121457489878542,-0.0080971659919028,,,0.0835627530364371,0.1210256410256411,0.0121457489878542,0.2753036437246963,0.0025179635202356,0.2718607542478241,205.0,226.0,0.3333333333333333,0.0074218059727867,-0.0014797428967165,-0.0002526312341049
2004-04-28,247.0,247.0,247.0,247.0,1000.0,247.0,247.8,242.9,228.24,217.66666666666663,229.28,False,False,False,False,False,False,True,True,False,False,False,0.0121457489878542,0.0404858299595141,,,0.0759514170040485,0.1187584345479083,0.0121457489878542,0.2753036437246963,0.0025727411944869,0.2758336764100451,210.0,225.0,1.0,0.0082369435681738,0.000815137595387,5.477767425136025e-05
2004-04-30,260.0,260.0,260.0,260.0,1000.0,260.0,250.8,244.9,230.44,218.38666666666663,229.195,False,False,False,False,False,False,True,True,False,False,False,-0.0769230769230769,0.0192307692307692,,,0.1136923076923077,0.1600512820512822,-0.0384615384615384,0.2115384615384615,0.0032969045729287,0.281747652102899,210.0,225.0,1.0,0.0095469536538794,0.0013100100857056,0.0007241633784417
2004-05-06,270.0,270.0,260.0,260.0,2000.0,260.0,253.8,247.4,232.52,219.10666666666663,229.12,False,False,False,False,False,False,True,True,False,True,False,-0.0769230769230769,0.0076923076923076,,,0.1056923076923076,0.1572820512820514,0.0,0.2115384615384615,0.0032860707113734,0.2845594179466451,210.0,220.0,2.0,0.0089454670565973,-0.0006014865972821,-1.0833861555294144e-05
2004-05-10,260.0,265.0,260.0,265.0,2000.0,265.0,255.8,250.4,234.84,219.8933333333333,229.095,False,False,False,False,False,False,True,True,False,False,False,-0.1320754716981132,0.0188679245283018,,,0.1138113207547169,0.1702138364779875,0.030188679245283,0.2075471698113207,0.0035774921173903,0.2771565495207668,205.0,225.0,1.0,0.0098790665985351,0.0009335995419378,0.0002914214060169
2004-05-11,250.0,250.0,250.0,250.0,1000.0,250.0,256.4,251.4,236.64,220.48,228.87,False,False,False,False,False,False,True,True,False,True,False,-0.02,0.04,,,0.05344,0.11808,0.144,0.4,0.0026608611514272,0.2879872712808274,205.0,230.0,0.5,0.0076064908722108,-0.0022725757263242,-0.0009166309659631
2004-05-13,250.0,250.0,250.0,250.0,1000.0,250.0,257.0,252.4,238.44,221.06666666666663,228.745,False,False,False,False,False,False,True,True,False,True,False,0.028,0.06,,,0.04624,0.1157333333333334,0.2,0.24,0.0026537997587453,0.2769413629160063,210.0,244.0,1.0,0.0075490689481631,-5.742192404777427e-05,-7.061392681841083e-06
2004-05-14,240.0,240.0,240.0,240.0,1000.0,240.0,253.0,251.9,239.64,221.6133333333333,228.595,False,False,False,False,False,False,True,True,False,True,False,0.1041666666666666,0.1041666666666666,,,0.0015,0.0766111111111111,0.3541666666666667,0.2916666666666667,0.0024667589194393,0.2719333068678046,210.0,232.0,1.0,0.0050075112669003,-0.0025415576812628,-0.000187040839306
2004-05-20,240.0,240.0,240.0,240.0,1000.0,240.0,249.0,251.4,240.44,222.12,228.32,False,False,False,False,False,False,True,True,False,True,False,0.0916666666666666,0.0833333333333333,,,-0.0018333333333333,0.0744999999999999,0.3833333333333333,0.3125,0.0022810492826701,0.2688941925218774,210.0,243.0,1.0,0.0033272334054234,-0.0016802778614768,-0.0001857096367691
2004-05-21,230.0,230.0,230.0,230.0,1000.0,230.0,242.0,248.9,241.04,222.4533333333333,227.995,False,False,False,False,False,False,True,True,False,True,False,0.1739130434782608,0.1304347826086956,,,-0.0479999999999999,0.0328115942028986,0.4434782608695652,0.4347826086956521,0.0014984416207143,0.2836480514262756,205.0,235.0,1.0,0.0024892134085628,-0.0008380199968605,-0.0007826076619557
2004-05-25,240.0,245.0,240.0,245.0,2000.0,245.0,241.0,248.7,242.24,222.98666666666668,227.745,False,False,False,False,False,False,True,True,False,False,False,0.0612244897959183,0.0408163265306122,,,0.0112653061224489,0.0898503401360543,0.2040816326530612,0.3469387755102041,0.0023917723032768,0.2907117008443909,205.0,230.0,2.0,0.0049537648612946,0.0024645514527317,0.0008933306825624
2004-05-26,257.0,257.0,257.0,257.0,1000.0,257.0,242.4,249.7,243.32,223.66666666666663,227.58,False,False,False,False,False,False,True,True,False,True,True,0.0311284046692607,0.0077821011673151,,,0.0532295719844358,0.1297016861219197,0.0505836575875486,0.2645914396887159,0.0030402384500742,0.289547456948338,205.0,220.0,0.5,0.0044385993753081,-0.0005151654859864,0.0006484661467974
2004-05-27,262.0,269.0,262.0,265.0,4000.0,265.0,247.4,250.2,244.36,224.4,227.455,False,False,False,False,False,False,True,True,False,True,False,0.0,-0.0377358490566037,,,0.0778867924528301,0.1532075471698113,-0.0188679245283018,0.1886792452830188,0.0032679738562093,0.2869704236610712,210.0,200.0,4.0,0.0042560157145196,-0.0001825836607885,0.000227735406135
2004-05-28,262.0,262.0,262.0,262.0,1000.0,262.0,251.8,250.4,245.76,225.14666666666668,227.34,False,False,False,False,False,False,True,True,False,False,False,-0.0076335877862595,-0.0458015267175572,,,0.0619847328244275,0.1406615776081424,-0.0419847328244274,0.2022900763358778,0.0033163567452327,0.2859424920127795,210.0,210.0,0.25,0.0056966145833332,0.0014405988688135,4.838288902340613e-05
2004-05-31,266.0,270.0,266.0,270.0,3000.0,270.0,259.8,250.9,247.36,225.88,227.39,False,False,False,False,False,False,True,True,False,False,False,-0.037037037037037,-0.0481481481481481,,,0.0838518518518518,0.1634074074074074,-0.0777777777777777,0.1444444444444444,0.0032465615961276,0.2789956157831804,205.0,215.0,3.0,0.0064683053040104,0.0007716907206771,-6.97951491050717e-05
2004-06-01,266.0,266.0,260.0,260.0,2000.0,260.0,262.8,251.9,248.56,226.3333333333333,227.39,False,False,False,False,False,False,True,True,False,True,False,-0.0192307692307692,-0.0384615384615384,,,0.0439999999999999,0.1294871794871795,-0.0961538461538461,0.173076923076923,0.0020029455081,0.2560539896784437,205.0,218.0,0.6666666666666666,0.0048278081750884,-0.0016404971289219,-0.0012436160880275
2004-06-14,265.0,265.0,265.0,265.0,2000.0,265.0,264.4,253.4,249.92,226.86666666666667,227.34,False,False,False,False,False,False,True,True,False,False,False,-0.0226415094339622,-0.0566037735849056,,,0.0569056603773585,0.1438993710691823,-0.0792452830188679,0.1698113207547169,0.0023508668821629,0.2486187845303866,200.0,218.0,1.0,0.0054417413572342,0.0006139331821457,0.0003479213740628
2004-06-15,265.0,265.0,265.0,265.0,1000.0,265.0,264.4,255.9,250.92,227.4,227.215,False,False,False,False,False,False,True,True,False,True,False,-0.0377358490566037,-0.0566037735849056,,,0.0531320754716981,0.1418867924528301,-0.0377358490566037,0.1509433962264151,0.0023453532688361,0.234466588511137,205.0,215.0,0.5,0.0039853339709867,-0.0014564073862474,-5.5136133268042335e-06
2004-06-21,260.0,260.0,260.0,260.0,1000.0,260.0,264.0,257.9,251.92,227.9333333333333,227.02,False,False,False,False,False,False,True,True,False,True,False,-0.0384615384615384,0.0,,,0.0310769230769231,0.1233333333333334,-0.05,0.1538461538461538,0.002339865457736,0.2190771616905777,208.0,185.0,1.0,0.0039695141314703,-1.581983951646094e-05,-5.4878111000627484e-06
2004-06-25,260.0,260.0,260.0,260.0,7000.0,260.0,262.0,260.9,252.92,228.4,226.82,False,False,False,False,False,False,True,True,False,True,False,-0.0115384615384615,0.05,,,0.0272307692307692,0.1215384615384615,-0.0038461538461538,0.1538461538461538,0.0020431990659662,0.193560751245688,207.0,205.0,7.0,0.0039538193895302,-1.5694741940021698e-05,-0.0002966663917697
2004-06-28,258.0,260.0,255.0,255.0,5000.0,255.0,261.0,261.9,253.52,228.7333333333333,226.67,False,False,False,False,False,False,True,True,False,True,False,-0.0196078431372549,0.1215686274509803,,,0.0058039215686274,0.1030065359477125,0.0196078431372549,0.1764705882352941,0.0014573010784025,0.1775486827033219,205.0,205.0,0.7142857142857143,0.002366677185232,-0.0015871422042982,-0.0005858979875636
2004-06-29,258.0,259.0,258.0,259.0,2000.0,259.0,259.8,262.1,254.28,228.9333333333333,226.615,False,False,False,False,False,False,True,True,False,False,False,-0.0347490347490347,0.1583011583011583,,,0.0182239382239382,0.1160875160875161,0.0038610038610038,0.1776061776061776,0.0008736167734421,0.1690194582220524,205.0,210.0,0.4,0.00298883120969,0.000622154024458,-0.0005836843049604
2004-06-30,258.0,259.0,255.0,255.0,4000.0,255.0,257.8,261.1,254.68,229.24,226.64,False,False,False,False,False,False,True,True,False,True,False,-0.0196078431372549,0.2745098039215686,,,0.0012549019607842,0.1010196078431372,0.0196078431372549,0.1764705882352941,0.0013377537369861,0.1677518192263498,210.0,210.0,2.0,0.0015705983979896,-0.0014182328117004,0.000464136963544
2004-07-05,260.0,260.0,250.0,250.0,4000.0,250.0,255.8,259.9,254.88,229.3333333333333,226.64,False,False,False,False,False,False,True,True,False,True,False,0.04,0.328,,,-0.0195199999999999,0.0826666666666667,0.004,0.28,0.0004069767441859,0.1750673335898422,220.0,210.0,1.0,0.0007846829880727,-0.0007859154099168,-0.0009307769928002
2004-07-06,257.0,257.0,257.0,257.0,4000.0,257.0,255.2,258.6,254.96,229.6266666666667,226.625,False,False,False,False,False,False,True,True,False,True,False,0.0622568093385214,0.2918287937743191,,,0.0079377431906614,0.1065110246433202,0.0116731517509727,0.22568093385214,0.0012774358378819,0.1832946635730857,215.0,205.0,1.0,0.0003137747097584,-0.0004709082783143,0.000870459093696
2004-07-07,255.0,255.0,250.0,250.0,4000.0,250.0,254.2,257.6,255.08,229.8933333333333,226.575,False,False,False,False,False,False,True,True,False,False,False,0.144,0.18,,,-0.02032,0.0804266666666667,0.08,0.26,0.0011599582415031,0.1917701863354036,215.0,205.0,1.0,0.0004704406460718,0.0001566659363133,-0.0001174775963788
2004-07-15,250.0,250.0,250.0,250.0,2000.0,250.0,252.4,256.1,255.2,230.2933333333333,226.525,False,False,False,False,False,False,True,True,False,True,False,0.2,0.08,,,-0.0207999999999999,0.0788266666666668,0.08,0.26,0.0017369152385362,0.2007028504490432,230.0,210.0,0.5,0.0004702194357365,-2.212103352548117e-07,0.0005769569970331
2004-07-21,246.0,250.0,246.0,250.0,3000.0,250.0,251.4,254.6,254.8,230.96,226.475,False,False,False,False,False,False,False,True,False,True,False,0.3,0.04,,,-0.0192,0.0761599999999999,0.08,0.24,0.0028865027133127,0.2097407698350353,239.0,210.0,1.5,-0.0015698587127157,-0.0020400781484523,0.0011495874747764
2004-07-26,264.0,264.0,260.0,260.0,2000.0,260.0,253.4,254.6,254.8,231.6266666666667,226.425,False,False,False,False,True,False,False,True,False,False,False,0.2769230769230769,-0.0346153846153846,,,0.0199999999999999,0.109128205128205,0.0576923076923076,0.1153846153846153,0.0028781947962238,0.2058130400628437,227.0,210.0,0.6666666666666666,0.0,0.0015698587127157,-8.307917088865718e-06
2004-07-27,273.0,273.0,273.0,273.0,2000.0,273.0,256.6,255.9,255.12,232.4,226.49,False,False,False,False,False,False,True,True,True,False,True,0.2161172161172161,-0.0879120879120879,,,0.0654945054945054,0.1487179487179487,0.0073260073260073,0.0989010989010989,0.0033275960986803,0.1996873778819851,230.0,205.0,1.0,0.0012543116964565,0.0012543116964565,0.0004494013024564
2004-07-28,286.0,286.0,286.0,286.0,2000.0,286.0,263.8,259.0,256.56,233.30666666666667,226.595,False,False,False,False,False,False,True,True,False,False,False,0.0314685314685314,-0.1783216783216783,,,0.1029370629370629,0.1842424242424242,-0.0384615384615384,0.0314685314685314,0.0038861584181049,0.1833976833976834,230.0,205.0,1.0,0.0056127221702525,0.004358410473796,0.0005585623194245
2004-07-29,300.0,300.0,300.0,300.0,2000.0,300.0,273.8,263.1,258.56,234.4,226.795,False,False,False,False,False,False,True,True,False,False,False,-0.1,-0.1866666666666666,,,0.1381333333333333,0.2186666666666666,-0.0633333333333333,-0.0666666666666666,0.0046643913538111,0.1554541999239831,231.0,205.0,1.0,0.0077351485148514,0.0021224263445989,0.0007782329357062
2004-07-30,315.0,325.0,315.0,325.0,3000.0,325.0,288.8,270.1,261.96,235.86666666666667,227.12,False,False,False,False,False,False,True,True,False,False,False,-0.2,-0.2153846153846154,,,0.1939692307692308,0.2742564102564102,-0.1384615384615384,-0.1661538461538461,0.0062182023742227,0.1147723065531284,240.0,210.0,1.5,0.0129790807756908,0.0052439322608393,0.0015538110204115
2004-08-02,329.0,341.0,329.0,332.0,15000.0,332.0,303.2,278.3,265.64,237.82666666666665,227.505,False,False,False,False,False,False,True,True,False,False,False,-0.2439759036144578,-0.2560240963855422,,,0.1998795180722892,0.2836546184738956,-0.1295180722891566,-0.1716867469879518,0.0082412961820933,0.0657563780093424,235.0,210.0,5.0,0.0138533353410631,0.0008742545653722,0.0020230938078705
2004-08-03,332.0,332.0,332.0,332.0,2000.0,332.0,315.0,285.8,269.72,239.52,227.865,False,False,False,False,False,False,True,True,False,False,False,-0.25,-0.2198795180722891,,,0.187590361445783,0.2785542168674698,-0.1566265060240964,-0.1536144578313253,0.0070696949454465,0.0258922323303008,235.0,205.0,0.1333333333333333,0.015126798161056,0.0012734628199929,-0.0011716012366467
2004-08-04,300.0,300.0,295.0,295.0,2000.0,295.0,316.8,290.3,271.72,240.72,228.04,False,False,False,False,False,False,True,True,False,True,False,-0.2033898305084746,-0.1186440677966101,,,0.078915254237288,0.184,-0.0508474576271186,-0.0881355932203389,0.0049850448654037,-0.0058560110230795,240.0,205.0,1.0,0.0073605181804799,-0.0077662799805761,-0.0020846500800428
2004-08-05,270.0,270.0,270.0,270.0,2000.0,270.0,310.8,292.3,272.24,241.52,228.065,False,False,False,False,False,False,True,True,False,True,False,-0.0962962962962963,-0.037037037037037,,,-0.0082962962962963,0.1054814814814814,0.0259259259259259,0.037037037037037,0.0033123550844651,-0.0246322271638726,240.0,200.0,1.0,0.0019100793417572,-0.0054504388387226,-0.0016726897809386
2004-08-10,260.0,260.0,260.0,260.0,1000.0,260.0,297.8,293.3,272.04,242.18666666666667,228.065,False,False,False,False,False,False,False,True,False,True,False,-0.0192307692307692,0.0,,,-0.0463076923076923,0.0685128205128205,0.0576923076923076,0.0961538461538461,0.0027526976436907,-0.0364814183429934,245.0,205.0,0.5,-0.0007351860020584,-0.0026452653438156,-0.0005596574407743
2004-08-16,251.0,251.0,251.0,251.0,1000.0,251.0,281.6,292.4,271.6,242.7333333333333,228.02,False,False,False,False,False,False,False,True,False,True,False,-0.0159362549800796,0.0,,,-0.0820717131474104,0.0329349269588315,0.0557768924302788,0.1752988047808765,0.0022521285361162,-0.0318057455540354,245.0,208.0,1.0,-0.0016200294550809,-0.0008848434530225,-0.0005005691075745
2004-08-18,249.0,249.0,249.0,249.0,1000.0,249.0,265.0,290.0,270.76,243.32,227.965,False,False,False,False,False,False,False,True,False,True,False,0.0401606425702811,0.0441767068273092,,,-0.0873895582329317,0.0228112449799197,0.1044176706827309,0.1044176706827309,0.002411091018686,-0.0324137931034482,255.0,207.0,1.0,-0.0031023784901759,-0.0014823490350949,0.0001589624825698
2004-08-19,245.0,245.0,235.0,235.0,3000.0,235.0,253.0,284.9,269.76,243.72,227.84,False,False,False,False,False,False,False,True,False,True,False,0.1063829787234042,0.1489361702127659,,,-0.1479148936170212,-0.0371063829787234,0.2765957446808511,0.1702127659574468,0.0016412276382734,-0.0221130221130219,247.0,205.0,3.0,-0.0037069988137603,-0.0006046203235844,-0.0007698633804126
2004-08-23,244.0,244.0,244.0,244.0,1000.0,244.0,247.8,279.3,268.92,244.1733333333333,227.735,False,False,False,False,False,False,False,True,False,False,False,0.0655737704918032,0.1065573770491803,,,-0.1021311475409836,-0.0007103825136611,0.1680327868852459,0.0655737704918032,0.0018566045978266,-0.0096670247046186,247.0,205.0,0.3333333333333333,-0.0031236055332439,0.0005833932805163,0.0002153769595531
2004-08-25,255.0,255.0,255.0,255.0,1000.0,255.0,246.8,272.3,268.52,244.7733333333333,227.685,False,False,False,False,False,False,False,True,False,False,False,0.0196078431372549,0.0588235294117647,,,-0.0530196078431371,0.0401045751633987,0.0784313725490196,0.0196078431372549,0.0024512474125721,0.0117517443995592,260.0,210.0,1.0,-0.0014896469536721,0.0016339585795718,0.0005946428147455
2004-08-26,247.0,247.0,247.0,247.0,1000.0,247.0,246.0,263.8,268.0,245.26666666666668,227.67,False,False,False,False,False,False,False,True,False,True,False,0.0161943319838056,0.1133603238866396,,,-0.0850202429149797,0.007017543859649,0.117408906882591,0.1295546558704453,0.0020114161456919,0.0458680818802121,260.0,220.0,1.0,-0.0019402985074626,-0.0004506515537905,-0.0004398312668802
2004-08-31,255.0,259.0,255.0,259.0,2000.0,259.0,248.0,256.5,267.96,245.98666666666668,227.79,False,False,False,False,False,False,False,True,False,False,False,0.0038610038610038,0.0617760617760617,,,-0.0345945945945945,0.0502445302445302,0.1583011583011583,0.1274131274131274,0.0029269879126239,0.0799220272904483,265.0,215.0,2.0,-0.000149276011345,0.0017910224961175,0.000915571766932
2004-09-01,260.0,260.0,260.0,260.0,1000.0,260.0,253.0,253.0,268.16,246.72,227.89,False,False,False,False,False,False,True,True,False,False,False,0.0384615384615384,0.0576923076923076,,,-0.0313846153846154,0.051076923076923,0.1923076923076923,0.1692307692307692,0.0029723303069606,0.108695652173913,250.0,215.0,0.5,0.0007458233890216,0.0008950994003667,4.534239433661748e-05
2004-09-02,260.0,260.0,260.0,260.0,5000.0,260.0,256.2,252.0,268.2,247.4533333333333,227.99,False,False,False,False,False,False,True,True,False,True,False,0.0384615384615384,0.0807692307692307,,,-0.0315384615384614,0.0482564102564103,0.25,0.1346153846153846,0.002963521741473,0.119047619047619,250.0,230.0,5.0,0.0001491424310214,-0.0005966809580001,-8.808565487516962e-06
2004-09-06,260.0,260.0,260.0,260.0,1000.0,260.0,257.2,252.0,268.4,248.12,228.09,False,False,False,False,False,False,True,True,False,False,False,0.0384615384615384,0.0769230769230769,,,-0.0323076923076922,0.0456923076923076,0.2653846153846154,0.1346153846153846,0.0026868719436832,0.123015873015873,240.0,239.0,0.2,0.0007451564828613,0.0005960140518398,-0.0002766497977898
2004-09-10,251.0,251.0,251.0,251.0,1000.0,251.0,258.0,252.0,268.44,248.66666666666663,228.145,False,False,False,False,False,False,True,True,False,True,False,0.095617529880478,0.1513944223107569,,,-0.0694820717131474,0.0092961487383799,0.3107569721115538,0.1952191235059761,0.0021983914209113,0.125,240.0,227.0,1.0,0.0001490090895545,-0.0005961473933068,-0.0004884805227718
2004-09-15,260.0,261.0,260.0,260.0,3000.0,260.0,258.2,253.1,268.56,249.4,228.245,False,False,False,False,False,False,True,True,False,False,True,0.0576923076923076,0.0769230769230769,,,-0.0329230769230769,0.0407692307692307,0.25,0.1538461538461538,0.0029403902699814,0.1299881469774793,230.0,230.0,3.0,0.0004468275245755,0.0002978184350209,0.0007419988490701
2004-09-27,273.0,273.0,270.0,270.0,6000.0,270.0,260.2,256.6,269.36,250.26666666666668,228.445,False,False,False,True,True,False,True,True,True,False,False,0.0185185185185185,0.037037037037037,,,0.0023703703703703,0.0730864197530863,0.1666666666666666,0.0925925925925925,0.0034629728289824,0.1223694466095088,245.0,230.0,2.0,0.002970002970003,0.0025231754454274,0.0005225825590009
2004-09-28,270.0,270.0,270.0,270.0,6000.0,270.0,262.2,259.2,270.16,251.2,228.595,False,False,False,False,False,False,True,True,False,True,False,0.0407407407407407,0.0259259259259259,,,-0.0005925925925926,0.0696296296296296,0.1666666666666666,0.1111111111111111,0.0037154989384287,0.1265432098765432,257.0,231.0,1.0,0.0029612081729345,-8.79479706841291e-06,0.0002525261094463
2004-09-30,273.0,275.0,270.0,270.0,12000.0,270.0,264.2,260.7,270.96,252.06666666666663,228.695,False,False,False,False,False,False,True,True,False,True,False,0.037037037037037,0.0185185185185185,,,-0.0035555555555554,0.0664197530864198,0.1666666666666666,0.0407407407407407,0.003438243850833,0.1281166091292675,265.0,240.0,2.0,0.0029524653085324,-8.742864402142263e-06,-0.0002772550875957
2004-10-01,271.0,275.0,270.0,275.0,6000.0,275.0,269.0,263.5,271.56,252.96,228.62,False,False,False,False,False,False,True,True,False,True,False,0.0509090909090909,-0.0363636363636363,,,0.0125090909090909,0.0801454545454545,0.1454545454545454,0.0727272727272727,0.0035315201349358,0.122201138519924,262.0,235.0,0.5,0.0022094564737075,-0.0007430088348249,9.327628410282264e-05
2004-10-04,274.0,275.0,274.0,275.0,2000.0,275.0,272.0,265.1,271.64,253.86666666666667,228.695,False,False,False,False,False,False,True,True,False,True,False,0.0181818181818181,0.0,,,0.0122181818181818,0.0768484848484848,0.1636363636363636,0.2581818181818182,0.0035714285714285,0.1357978121463598,270.0,235.0,0.3333333333333333,0.0002945074363127,-0.0019149490373948,3.9908436492716495e-05
2004-10-08,275.0,275.0,275.0,275.0,2000.0,275.0,273.0,266.6,271.2,254.8,228.845,False,False,False,False,False,False,False,True,False,True,False,0.0181818181818181,0.0909090909090909,,,0.0138181818181818,0.0734545454545454,0.2727272727272727,0.3854545454545454,0.0036630036630036,0.1582895723930982,260.0,240.0,1.0,-0.001622418879056,-0.0019169263153687,9.157509157510772e-05
2004-10-25,288.0,288.0,280.0,281.0,4000.0,281.0,275.2,268.7,270.44,255.81333333333333,229.05,False,False,False,False,False,False,False,True,False,True,False,-0.0142348754448398,0.0142348754448398,,,0.0375800711743772,0.0896322657176749,0.1032028469750889,0.3345195729537366,0.0039612217241738,0.1790100483810942,265.0,240.0,2.0,-0.0028102351723117,-0.0011878162932557,0.0002982180611701
2004-10-26,280.0,280.0,280.0,280.0,1000.0,280.0,277.2,270.7,268.64,256.74666666666667,229.25,False,False,False,False,False,False,False,True,False,True,False,-0.0178571428571428,-0.0178571428571428,,,0.0405714285714286,0.083047619047619,0.1071428571428571,0.3571428571428571,0.0036352305774823,0.2016992981159956,265.0,245.0,0.25,-0.0067004169148302,-0.0038901817425185,-0.0003259911466914
2004-10-29,281.0,289.0,280.0,289.0,3000.0,289.0,280.0,274.5,266.92,257.6666666666667,229.42,False,False,False,False,False,False,False,True,False,False,False,-0.0830449826989619,-0.0449826989619377,,,0.0764013840830449,0.1084198385236446,0.0899653979238754,0.314878892733564,0.0035705045278137,0.214207650273224,260.0,245.0,3.0,-0.0064438783156,0.0002565385992302,-6.472604966858368e-05
2004-11-05,280.0,280.0,280.0,280.0,1000.0,280.0,281.0,276.5,264.84,258.53333333333336,229.47,False,False,False,False,False,False,False,True,False,True,False,-0.0178571428571428,0.0714285714285714,,,0.0541428571428572,0.0766666666666665,0.1785714285714285,0.3392857142857143,0.0033522434244456,0.2325497287522604,260.0,255.0,0.3333333333333333,-0.0078537985198612,-0.0014099202042611,-0.0002182611033681
2004-11-17,280.0,280.0,280.0,280.0,4000.0,280.0,282.0,277.5,264.24,259.4,229.595,False,False,False,False,False,False,False,True,False,False,False,0.0714285714285714,0.1071428571428571,,,0.0562857142857142,0.0735714285714286,0.1785714285714285,0.3392857142857143,0.0033410434335644,0.256936936936937,255.0,247.0,4.0,-0.0022706630336056,0.0055831354862555,-1.1199990881173053e-05
2004-11-19,277.0,277.0,277.0,277.0,1000.0,277.0,281.2,278.2,264.52,260.02666666666664,229.755,False,False,False,False,False,False,True,True,True,False,False,0.0288808664259927,0.1732851985559566,,,0.0450541516245488,0.0612755716004814,0.1732851985559566,0.3537906137184115,0.0024100092298225,0.2807332854061827,259.0,247.0,0.25,0.0010585210948131,0.0033291841284188,-0.0009310342037418
2004-11-25,275.0,276.0,275.0,275.0,5000.0,275.0,280.2,278.7,265.12,260.50666666666666,229.905,False,False,False,False,False,False,True,True,False,False,False,0.0,0.1963636363636363,,,0.0359272727272727,0.0527030303030303,0.1454545454545454,0.3636363636363636,0.0018425632101546,0.3121636167922497,255.0,260.0,5.0,0.0022631261315631,0.00120460503675,-0.0005674460196679
2004-11-30,276.0,276.0,265.0,265.0,6000.0,265.0,275.4,277.7,265.68,261.0133333333333,230.03,False,False,False,False,False,False,True,True,False,True,False,0.0415094339622641,0.2415094339622641,,,-0.002566037735849,0.0150440251572327,0.1886792452830188,0.3962264150943396,0.0019411524315488,0.3438962909614692,250.0,260.0,1.2,0.0021077988557663,-0.0001553272757968,9.858922139417171e-05
2004-12-09,270.0,280.0,270.0,275.0,5000.0,275.0,274.4,277.7,266.72,261.61333333333334,230.18,False,False,False,False,False,False,True,True,False,False,False,0.0909090909090909,0.1818181818181818,,,0.0301090909090908,0.0486787878787878,0.1236363636363636,0.3272727272727272,0.0022934610876103,0.3507382066978755,257.0,265.0,0.8333333333333334,0.0038992201559688,0.0017914213002025,0.0003523086560614
2004-12-10,285.0,310.0,285.0,300.0,9000.0,300.0,278.4,280.2,269.32,262.5466666666667,230.455,False,False,False,False,False,False,True,True,False,False,True,0.0333333333333333,0.05,,,0.1022666666666666,0.1248444444444444,0.0166666666666666,0.25,0.0035549235691432,0.3365453247680229,250.0,250.0,1.8,0.0096539432645179,0.005754723108549,0.0012614624815329
2004-12-13,285.0,290.0,283.0,285.0,7000.0,285.0,280.0,280.6,270.96,263.26666666666665,230.655,False,False,False,False,False,False,True,True,False,True,False,0.1403508771929824,0.1052631578947368,,,0.0492631578947369,0.0762573099415205,0.087719298245614,0.3473684210526316,0.0027348695872371,0.3378474697077688,250.0,250.0,0.7777777777777778,0.0060525538824918,-0.003601389382026,-0.0008200539819061
2004-12-24,275.0,275.0,275.0,275.0,1000.0,275.0,280.0,280.1,271.76,263.7333333333333,230.805,False,False,False,False,False,False,True,True,False,True,False,0.1963636363636363,0.1454545454545454,,,0.0117818181818182,0.0409696969696971,0.109090909090909,0.2363636363636363,0.0017694641051566,0.3259550160656906,250.0,240.0,0.1428571428571428,0.0029437739181631,-0.0031087799643287,-0.0009654054820805
2004-12-27,287.0,288.0,275.0,276.0,5000.0,276.0,282.2,278.8,272.92,264.28,230.96,False,False,False,False,False,False,True,True,False,False,False,0.1920289855072463,0.1413043478260869,,,0.011159420289855,0.0424637681159421,0.0869565217391304,0.286231884057971,0.0020685131930781,0.3231707317073169,260.0,240.0,5.0,0.0042503297669647,0.0013065558488016,0.0002990490879214
2004-12-30,297.0,300.0,297.0,300.0,4000.0,300.0,287.2,280.8,274.56,265.14666666666665,231.235,False,False,False,False,False,False,True,True,False,False,True,0.0833333333333333,0.0666666666666666,,,0.0847999999999999,0.1161777777777778,0.0,0.2333333333333333,0.0032686311978276,0.3119658119658118,273.0,230.0,0.8,0.0059731934731934,0.0017228637062286,0.0012001180047495
2005-01-19,310.0,310.0,309.0,310.0,6000.0,310.0,289.2,283.8,276.56,266.08,231.585,False,False,False,False,False,False,True,True,False,False,False,0.0161290322580645,0.1290322580645161,,,0.1078709677419354,0.1416774193548387,-0.032258064516129,0.1935483870967742,0.0035077169773501,0.2963354474982381,286.0,245.0,1.5,0.0072317037894127,0.0012585103162193,0.0002390857795225
2005-01-25,325.0,325.0,325.0,325.0,4000.0,325.0,297.2,288.6,279.16,267.2133333333333,232.01,False,False,False,False,False,False,True,True,False,False,False,-0.0307692307692307,-0.0461538461538461,,,0.1410461538461537,0.1778051282051282,-0.0615384615384615,0.1476923076923077,0.0042413053240855,0.2740817740817739,300.0,257.0,0.6666666666666666,0.0093136552514687,0.0020819514620559,0.0007335883467354
2005-01-31,329.0,330.0,329.0,329.0,4000.0,329.0,308.0,294.0,281.92,268.3333333333333,232.605,False,False,False,False,False,False,True,True,False,False,False,-0.0425531914893617,-0.0577507598784194,,,0.1431003039513677,0.1843971631205674,-0.0881458966565349,0.1519756838905775,0.0041739130434782,0.2520408163265307,325.0,265.0,1.0,0.0097900113507377,0.0004763560992689,-6.739228060731895e-05
2005-02-03,325.0,329.0,325.0,329.0,10000.0,329.0,318.6,300.4,285.04,269.4533333333333,233.15,False,False,False,False,False,False,True,True,False,False,False,-0.0425531914893617,-0.0425531914893617,,,0.1336170212765957,0.1809929078014185,-0.0273556231003039,0.1398176291793313,0.00415656390717,0.2270306258322238,332.0,262.0,2.5,0.0109458321639068,0.001155820813169,-1.7349136308187664e-05
2005-02-04,325.0,325.0,325.0,325.0,1000.0,325.0,323.6,305.4,287.64,270.38666666666666,233.725,False,False,False,False,False,False,True,True,False,True,False,-0.0153846153846153,0.0153846153846153,,,0.1149538461538462,0.1680410256410257,-0.0307692307692307,0.1661538461538461,0.0034518467380048,0.2115258677144729,332.0,270.0,0.1,0.0090390766235571,-0.0019067555403497,-0.0007047171691652
2005-02-18,315.0,315.0,315.0,315.0,1000.0,315.0,324.6,306.9,289.44,271.2933333333333,234.25,False,False,False,False,False,False,True,True,False,True,False,0.1111111111111111,0.0476190476190476,,,0.0811428571428571,0.1387513227513228,0.0,0.1968253968253968,0.0033420160220178,0.2062561094819159,295.0,260.0,1.0,0.0062189054726368,-0.0028201711509202,-0.0001098307159869
2005-02-25,314.0,315.0,314.0,315.0,3000.0,315.0,322.6,309.9,291.24,272.2,234.8,False,False,False,False,False,False,True,True,False,True,False,-0.0158730158730158,0.0317460317460317,,,0.0754285714285714,0.1358730158730159,0.0,0.1904761904761904,0.0033308841538085,0.1916747337850921,270.0,265.0,3.0,0.0061804697156984,-3.843575693842326e-05,-1.1131868209304525e-05
2005-02-28,324.0,324.0,315.0,315.0,2000.0,315.0,319.8,313.9,293.04,272.93333333333334,235.35,False,False,False,False,False,False,True,True,False,True,False,-0.0158730158730158,0.0,,,0.0697142857142856,0.1335449735449735,-0.0158730158730158,0.2063492063492063,0.0026868588177821,0.1892322395667411,260.0,265.0,0.6666666666666666,0.0061425061425061,-3.796357319225084e-05,-0.0006440253360264
2005-03-02,315.0,315.0,315.0,315.0,1000.0,315.0,317.0,317.8,294.64,273.6666666666667,235.9,False,False,False,False,False,False,True,True,False,True,False,0.0,0.0,,,0.0646349206349206,0.1312169312169311,-0.0793650793650793,0.2063492063492063,0.002679658952497,0.1825047199496538,251.0,260.0,0.5,0.0054303556882974,-0.0007121504542087,-7.1998652851654014e-06
2005-03-03,320.0,320.0,320.0,320.0,1000.0,320.0,316.0,319.8,296.44,274.4,236.45,False,False,False,False,False,False,True,True,False,False,False,0.03125,-0.034375,,,0.073625,0.1425,-0.0625,0.1875,0.0026724975704566,0.1782363977485928,249.0,260.0,1.0,0.0060720550532991,0.0006416993650017,-7.161382040407876e-06
2005-03-16,350.0,350.0,350.0,350.0,1000.0,350.0,323.0,323.8,299.44,275.7333333333333,237.05,False,False,False,False,False,False,True,True,False,False,False,-0.0571428571428571,-0.1285714285714285,,,0.1444571428571428,0.2121904761904763,-0.1571428571428571,0.1142857142857142,0.0048355899419728,0.169857936998147,235.0,255.0,1.0,0.0100187015762757,0.0039466465229765,0.0021630923715162
2005-03-17,350.0,350.0,310.0,310.0,5000.0,310.0,322.0,322.3,300.6,276.53333333333336,237.49,False,False,False,False,False,False,True,True,False,True,False,0.0483870967741935,0.0,,,0.0303225806451612,0.1079569892473117,-0.0967741935483871,0.3225806451612903,0.0028929604628739,0.1867825007756748,244.0,259.0,5.0,0.0038589487691284,-0.0061597528071472,-0.0019426294790989
2005-03-18,320.0,320.0,310.0,310.0,8000.0,310.0,321.0,320.4,301.8,277.46666666666664,237.965,False,False,False,False,False,False,True,True,False,False,False,0.0161290322580645,-0.0161290322580645,,,0.0264516129032257,0.1049462365591398,-0.1258064516129032,0.3709677419354839,0.0033637674195096,0.2081772784019976,255.0,255.0,1.6,0.003976143141153,0.0001171943720245,0.0004708069566357
2005-03-22,311.0,315.0,310.0,315.0,13000.0,315.0,321.0,319.0,302.84,278.46666666666664,238.44,False,False,False,False,False,False,True,True,False,True,False,0.0,-0.0476190476190476,,,0.0386031746031746,0.115978835978836,-0.1269841269841269,0.3333333333333333,0.003591094086665,0.2275862068965518,247.0,250.0,1.625,0.0034341566503763,-0.0005419864907767,0.0002273266671554
2005-03-25,325.0,330.0,325.0,330.0,4000.0,330.0,323.0,319.5,304.84,279.8,239.015,False,False,False,False,False,False,True,True,False,False,False,-0.0636363636363636,-0.0909090909090909,,,0.0762424242424243,0.152121212121212,-0.1484848484848485,0.2727272727272727,0.0047653085537289,0.2384976525821595,259.0,257.0,0.3076923076923077,0.006560818790185,0.0031266621398086,0.0011742144670639
2005-03-31,330.0,330.0,330.0,330.0,1000.0,330.0,319.0,321.0,306.84,280.93333333333334,239.765,False,False,False,False,False,False,True,True,False,True,False,-0.0757575757575757,-0.0909090909090909,,,0.0701818181818182,0.1486868686868686,-0.1848484848484848,0.2424242424242424,0.0040341718082581,0.2429906542056074,260.0,250.0,0.25,0.0065180550123843,-4.276377780071047e-05,-0.0007311367454708
2005-04-06,314.0,330.0,314.0,325.0,3000.0,325.0,322.0,322.0,308.76,281.84,240.44,False,False,False,False,False,False,True,True,False,True,False,-0.0461538461538461,-0.0615384615384615,,,0.0499692307692308,0.1328,-0.1384615384615384,0.2523076923076923,0.0032169552464754,0.2490683229813664,260.0,250.0,3.0,0.0062184220753984,-0.0002996329369858,-0.0008172165617827
2005-04-08,315.0,315.0,315.0,315.0,1000.0,315.0,323.0,322.0,310.36,282.50666666666666,241.065,False,False,False,False,False,False,True,True,False,True,False,-0.0317460317460317,-0.0476190476190476,,,0.0147301587301586,0.1031534391534391,-0.0952380952380952,0.3682539682539683,0.0023598263167831,0.2649068322981366,260.0,250.0,0.3333333333333333,0.0051553035184947,-0.0010631185569036,-0.0008571289296922
2005-04-11,315.0,315.0,315.0,315.0,2000.0,315.0,323.0,322.0,312.36,283.2133333333333,241.765,False,False,False,False,False,False,True,True,False,False,False,-0.0476190476190476,0.0158730158730158,,,0.0083809523809523,0.1009100529100529,-0.0634920634920634,0.365079365079365,0.002495174426816,0.2804347826086957,251.0,260.0,2.0,0.0064028684850813,0.0012475649665865,0.0001353481100328
2005-04-12,314.0,314.0,309.0,309.0,3000.0,309.0,318.8,320.9,313.72,283.7333333333333,242.46,False,False,False,False,False,False,True,True,False,True,False,-0.029126213592233,0.0194174757281553,,,-0.0152750809061489,0.0817691477885654,-0.1100323624595469,0.56957928802589,0.0018327067669172,0.3175444063571207,260.0,273.0,1.5,0.0043350758638276,-0.0020677926212536,-0.0006624676598987
2005-04-14,305.0,305.0,305.0,305.0,1000.0,305.0,313.8,316.4,313.92,284.3333333333333,243.11,False,False,False,False,False,False,True,True,False,True,False,-0.0163934426229508,0.0327868852459016,,,-0.0292459016393443,0.0677595628415301,-0.0983606557377049,0.639344262295082,0.0021101992966003,0.3710493046776233,270.0,286.0,0.3333333333333333,0.0006371049949031,-0.0036979708689245,0.000277492529683
2005-04-15,309.0,310.0,308.0,310.0,4000.0,310.0,310.8,316.4,314.92,284.93333333333334,243.735,False,False,False,False,False,False,True,True,True,False,False,-0.0161290322580645,0.0161290322580645,,,-0.0158709677419355,0.0808602150537634,-0.1612903225806451,0.4516129032258064,0.0021057557323351,0.383691529709229,270.0,300.0,4.0,0.0031754096278419,0.0025383046329388,-4.443564265186033e-06
2005-04-18,305.0,305.0,305.0,305.0,1000.0,305.0,308.8,315.9,316.12,285.46666666666664,244.31,False,False,False,False,False,False,True,True,False,False,False,-0.0163934426229508,0.0163934426229508,,,-0.0364590163934426,0.0640437158469946,-0.1475409836065573,0.380327868852459,0.0018682858477345,0.3846153846153846,270.0,325.0,0.25,0.0037960268252561,0.0006206171974142,-0.0002374698846005
2005-04-19,300.0,300.0,300.0,300.0,1000.0,300.0,305.8,314.4,317.08,286.0,244.835,False,False,False,False,False,False,True,True,False,True,False,0.0666666666666666,-0.0333333333333333,,,-0.0569333333333332,0.0466666666666666,-0.07,0.4733333333333333,0.0018648018648019,0.3982188295165396,275.0,332.0,1.0,0.0030276270972624,-0.0007683997279937,-3.483982932639884e-06
2005-04-20,300.0,300.0,300.0,300.0,1000.0,300.0,304.0,311.4,317.08,286.53333333333336,245.285,False,False,False,False,False,False,False,True,False,True,False,0.05,0.0,,,-0.0569333333333332,0.0448888888888888,-0.0266666666666666,0.4333333333333333,0.0018613308515589,0.4149004495825307,275.0,332.0,1.0,0.0,-0.0030276270972624,-3.4710132430005626e-06
2005-04-22,300.0,300.0,300.0,300.0,2000.0,300.0,303.0,308.4,316.68,287.1333333333333,245.75,False,False,False,False,False,False,False,True,False,True,False,0.05,-0.0166666666666666,,,-0.0556,0.0428888888888889,0.0133333333333333,0.5,0.0020896215463198,0.4416342412451364,275.0,295.0,2.0,-0.0012631047113805,-0.0012631047113805,0.0002282906947608
2005-04-25,302.0,307.0,302.0,305.0,3000.0,305.0,302.0,306.4,315.88,287.74666666666667,246.275,False,False,False,False,False,False,False,True,False,True,False,0.0327868852459016,-0.081967213114754,,,-0.0356721311475409,0.0565683060109289,-0.0327868852459016,0.4426229508196721,0.0021315045642,0.4618146214099217,281.0,270.0,1.5,-0.0025326073192351,-0.0012695026078546,4.188301788020203e-05
2005-04-27,300.0,300.0,300.0,300.0,2000.0,300.0,301.0,304.9,314.72,288.3466666666667,246.775,False,False,False,False,False,False,False,True,False,True,False,0.0333333333333333,-0.0966666666666666,,,-0.0490666666666667,0.0388444444444443,-0.0166666666666666,0.4333333333333333,0.002080828632202,0.4686782551656282,280.0,260.0,0.6666666666666666,-0.0036858159633959,-0.0011532086441607,-5.067593199796971e-05
2005-04-28,310.0,320.0,310.0,320.0,4000.0,320.0,305.0,305.4,314.36,289.28,247.375,False,False,False,False,True,False,False,True,False,False,False,-0.09375,-0.140625,,,0.0176249999999999,0.096,-0.0625,0.25,0.0032264011799408,0.4564505566470204,289.0,251.0,2.0,-0.0011451838656318,0.0025406320977641,0.0011455725477387
2005-05-02,315.0,315.0,315.0,315.0,4000.0,315.0,308.0,306.0,313.96,290.05333333333334,247.925,False,False,False,False,False,False,False,True,False,True,False,-0.0476190476190476,-0.1079365079365079,,,0.0033015873015873,0.0791957671957671,-0.0476190476190476,0.3333333333333333,0.0026661763353867,0.4323529411764706,280.0,249.0,1.0,-0.0012740476493821,-0.0001288637837503,-0.0005602248445541
2005-05-06,317.0,317.0,315.0,315.0,2000.0,315.0,311.0,307.0,313.96,290.92,248.475,False,False,False,False,False,False,False,True,False,False,False,-0.0634920634920634,-0.146031746031746,,,0.0033015873015873,0.0764444444444444,-0.0634920634920634,0.3492063492063492,0.0029790549521059,0.403257328990228,280.0,235.0,0.5,0.0,0.0012740476493821,0.0003128786167192
2005-05-10,324.0,330.0,315.0,315.0,10000.0,315.0,313.0,307.5,313.96,291.7866666666667,249.05,False,False,False,False,False,False,False,True,False,False,False,-0.1111111111111111,-0.1111111111111111,,,0.0033015873015873,0.0736931216931216,-0.0476190476190476,0.3968253968253968,0.0029702065435935,0.3977235772357724,277.0,244.0,5.0,0.0,0.0,-8.848408512470048e-06
2005-05-11,314.0,315.0,310.0,310.0,5000.0,310.0,315.0,308.0,313.76,292.58666666666664,249.6,False,False,False,False,False,True,False,True,False,True,False,-0.1258064516129032,-0.0806451612903225,,,-0.0121290322580644,0.0561720430107527,-0.0935483870967742,0.4516129032258064,0.0027342325920523,0.4048701298701298,275.0,255.0,0.5,-0.0006374298827128,-0.0006374298827128,-0.0002359739515411
2005-05-12,300.0,300.0,290.0,290.0,6000.0,290.0,309.0,307.0,312.76,292.9866666666667,250.05,False,False,False,False,False,False,False,True,False,True,False,-0.0517241379310344,0.0172413793103448,,,-0.0784827586206896,-0.0102988505747126,0.0172413793103448,0.5517241379310345,0.0013652498407209,0.4120521172638436,265.0,247.0,1.2,-0.0031973398132753,-0.0025599099305624,-0.0013689827513313
2005-05-13,296.0,310.0,296.0,300.0,10000.0,300.0,306.0,307.0,311.96,293.3466666666667,250.55,False,False,False,False,False,False,False,True,False,False,False,-0.0633333333333333,-0.0833333333333333,,,-0.0398666666666666,0.0221777777777776,0.1533333333333333,0.5,0.0012272169446843,0.4185667752442997,275.0,259.0,1.6666666666666667,-0.0025644313373509,0.0006329084759243,-0.0001380328960365
2005-05-16,299.0,299.0,280.0,295.0,12000.0,295.0,302.0,306.5,309.76,293.46666666666664,251.025,False,False,False,False,False,False,False,True,False,True,False,-0.0881355932203389,-0.0677966101694915,,,-0.0500338983050847,0.0051977401129944,0.2915254237288135,0.5423728813559322,0.000408905043162,0.4225122349102773,300.0,260.0,1.2,-0.0071022727272726,-0.0045378413899217,-0.0008183119015223
2005-05-17,280.0,282.0,277.0,280.0,5000.0,280.0,295.0,304.0,308.56,293.2,251.4,False,False,False,False,False,False,False,False,False,False,False,0.0,-0.0714285714285714,,,-0.102,-0.0471428571428571,0.3392857142857143,0.6607142857142857,-0.0009095043201454,0.4424342105263157,285.0,260.0,0.4166666666666667,-0.0038890329271454,0.0032132398001272,-0.0013184093633074
2005-05-18,280.0,280.0,270.0,271.0,3000.0,271.0,287.2,301.1,307.0,292.48,251.68,False,False,False,False,False,False,False,False,False,True,False,0.051660516605166,-0.040590405904059,,,-0.1328413284132841,-0.0792619926199262,0.4022140221402214,0.6605166051660517,-0.0024617067833697,0.4629691132514114,275.0,260.0,0.6,-0.0050814332247557,-0.0011924002976102,-0.0015522024632242
2005-05-19,280.0,280.0,274.0,275.0,5000.0,275.0,284.2,296.6,305.4,291.72,251.98,False,False,False,False,False,False,False,False,False,True,False,0.0727272727272727,0.0145454545454545,,,-0.1105454545454544,-0.0608000000000001,0.3818181818181818,0.6436363636363637,-0.0026052378993555,0.5026972353337827,276.0,251.0,1.6666666666666667,-0.0052390307793059,-0.0001575975545501,-0.0001435311159858
2005-05-20,283.0,283.0,281.0,281.0,2000.0,281.0,280.4,293.2,303.44,291.04,252.27,False,False,False,False,False,False,False,False,False,True,False,-0.0213523131672597,0.0391459074733096,,,-0.0798576512455516,-0.0357295373665481,0.3345195729537366,0.6014234875444839,-0.0023364485981308,0.5303547066848567,300.0,260.0,0.4,-0.00645926707092,-0.0012202362916141,0.0002687893012246
2005-05-23,270.0,270.0,268.0,269.0,3000.0,269.0,275.2,288.6,301.0,290.6933333333333,252.54,False,False,False,False,False,False,False,False,False,True,False,0.0223048327137546,0.1301115241635687,,,-0.1189591078066914,-0.0806443618339528,0.3940520446096654,0.6765799256505576,-0.0011925511420971,0.5637560637560637,310.0,270.0,1.5,-0.0081063122923587,-0.0016470452214387,0.0011438974560337
2005-05-24,280.0,280.0,280.0,280.0,1000.0,280.0,275.2,285.1,299.2,290.82666666666665,252.94,False,False,False,False,False,False,False,True,False,False,False,-0.0714285714285714,0.0535714285714285,,,-0.0685714285714285,-0.0386666666666666,0.3392857142857143,0.6428571428571429,0.0004584632312488,0.5899684321290775,325.0,270.0,0.3333333333333333,-0.0060160427807487,0.00209026951161,0.0016510143733459
2005-05-25,289.0,294.0,285.0,285.0,7000.0,285.0,278.0,282.6,298.0,291.16,253.315,False,False,False,False,False,False,False,True,False,False,False,-0.087719298245614,0.0350877192982456,,,-0.0456140350877193,-0.0216140350877193,0.3157894736842105,0.5614035087719298,0.0011448459037414,0.6022646850672327,329.0,270.0,7.0,-0.0040268456375838,0.0019891971431648,0.0006863826724926
2005-05-31,289.0,300.0,289.0,295.0,6000.0,295.0,282.0,283.1,297.2,291.74666666666667,253.78,False,False,False,False,False,False,False,True,False,False,False,-0.0542372881355932,0.0169491525423728,,,-0.007457627118644,0.0110282485875706,0.2542372881355932,0.4915254237288136,0.0020108770165896,0.5959025079477216,329.0,275.0,0.8571428571428571,-0.0026917900403768,0.0013350555972069,0.0008660311128481
2005-06-02,275.0,275.0,275.0,275.0,1000.0,275.0,280.8,280.6,295.84,292.0933333333333,254.08,False,False,False,False,False,False,False,True,False,True,False,0.0618181818181818,0.0909090909090909,,,-0.075781818181818,-0.0621575757575756,0.3272727272727272,0.5636363636363636,0.0011868352581365,0.6029935851746258,325.0,275.0,0.1666666666666666,-0.0045970795024337,-0.0019052894620569,-0.000824041758453
2005-06-08,275.0,275.0,275.0,275.0,1000.0,275.0,282.0,278.6,294.64,292.62666666666667,254.355,False,False,False,False,False,False,False,True,False,False,False,0.1054545454545454,0.0727272727272727,,,-0.0714181818181817,-0.0640969696969697,0.3636363636363636,0.5854545454545454,0.0018225725611701,0.6076812634601577,315.0,275.0,1.0,-0.0040727667662231,0.0005243127362106,0.0006357373030336
2005-06-10,260.0,260.0,260.0,260.0,1000.0,260.0,278.0,276.6,292.64,292.84,254.555,False,False,True,False,False,False,False,True,False,True,False,0.1346153846153846,0.1538461538461538,,,-0.1255384615384615,-0.1263076923076922,0.4769230769230769,0.6538461538461539,0.0007284979283339,0.6066522053506866,315.0,281.0,1.0,-0.0068343357025697,-0.0027615689363465,-0.0010940746328362
2005-06-20,260.0,260.0,260.0,260.0,8000.0,260.0,273.0,275.5,290.84,292.9066666666667,254.83,False,False,False,False,False,False,False,True,False,False,False,0.1346153846153846,0.0807692307692307,,,-0.1186153846153845,-0.1265641025641026,0.3076923076923077,0.6538461538461539,0.0002276037873272,0.6058076225045371,315.0,280.0,8.0,-0.0061889698803466,0.000645365822223,-0.0005008941410067
2005-06-22,271.0,279.0,270.0,279.0,4000.0,279.0,269.8,275.9,290.0,293.3333333333333,255.15,False,False,False,False,False,False,False,True,False,False,False,0.075268817204301,0.057347670250896,,,-0.039426523297491,-0.0513739545997609,0.2724014336917563,0.5448028673835126,0.0014545454545452,0.5958680681406309,315.0,289.0,0.5,-0.0028965517241378,0.0032924181562087,0.001226941667218
2005-06-27,291.0,295.0,291.0,292.0,4000.0,292.0,273.2,277.0,289.68,293.7733333333333,255.56,False,False,False,False,True,False,False,True,False,False,False,0.0273972602739726,0.184931506849315,,,0.007945205479452,-0.0060730593607305,0.2671232876712329,0.4897260273972603,0.001497753369945,0.5841155234657041,320.0,280.0,1.0,-0.0011046672190002,0.0017918845051375,4.320791539978025e-05
2005-06-30,292.0,304.0,292.0,304.0,2000.0,304.0,279.0,280.5,289.84,294.36,256.08,False,False,False,False,False,False,True,True,False,False,False,-0.0296052631578947,0.2532894736842105,,,0.0465789473684211,0.0317105263157894,0.2171052631578947,0.4802631578947368,0.0019930244145491,0.5639928698752228,350.0,280.0,0.5,0.0005520287054925,0.0016566959244928,0.0004952710446041
2005-07-06,295.0,295.0,295.0,295.0,1000.0,295.0,286.0,282.0,289.44,294.82666666666665,256.505,False,False,False,False,False,False,False,True,False,True,False,0.0169491525423728,0.2711864406779661,,,0.0188474576271186,0.0005875706214689,0.2644067796610169,0.4915254237288136,0.0015828509406656,0.5485815602836879,310.0,277.0,0.5,-0.0013819789939192,-0.0019340076994117,-0.0004101734738835
2005-07-11,295.0,295.0,295.0,295.0,1000.0,295.0,293.0,283.0,289.24,295.2933333333333,256.93,False,False,False,False,False,False,False,True,False,False,False,-0.047457627118644,0.288135593220339,,,0.0195254237288135,-0.0009943502824857,0.2847457627118644,0.4915254237288136,0.0015803494829998,0.5413427561837455,310.0,275.0,1.0,-0.0006914672935969,0.0006905117003222,-2.5014576657469024e-06
2005-07-25,309.0,309.0,300.0,300.0,6000.0,300.0,297.2,283.5,288.44,295.94666666666666,257.38,False,False,False,False,False,False,False,True,False,True,False,-0.0166666666666666,0.2666666666666666,,,0.0385333333333333,0.0135111111111111,0.25,0.4666666666666667,0.0022076049738692,0.5386243386243386,315.0,265.0,6.0,-0.0027735404243517,-0.0020820731307547,0.0006272554908694
2005-07-26,300.0,300.0,300.0,300.0,1000.0,300.0,298.8,286.0,287.84,296.48,257.83,False,False,False,False,False,False,False,True,False,False,False,0.1533333333333333,0.25,,,0.0405333333333334,0.0117333333333332,0.2633333333333333,0.47,0.0017988846914913,0.5290209790209791,330.0,275.0,0.1666666666666666,-0.0020844913841023,0.0006890490402493,-0.0004087202823779
2005-07-27,300.0,300.0,295.0,295.0,2000.0,295.0,297.0,288.0,287.04,296.81333333333333,258.275,False,False,False,False,False,False,False,True,False,True,False,0.2915254237288135,0.2711864406779661,,,0.0269830508474575,-0.0061468926553672,0.2779661016949152,0.4915254237288136,0.0011230402946857,0.5197916666666667,330.0,300.0,2.0,-0.0027870680044591,-0.0007025766203567,-0.0006758443968056
2005-07-29,301.0,301.0,300.0,300.0,3000.0,300.0,298.0,292.0,286.44,297.2133333333333,258.75,False,False,False,False,False,False,False,True,False,False,False,0.25,0.25,,,0.0452,0.0092888888888889,0.25,0.54,0.0013458346417836,0.509931506849315,325.0,285.0,1.5,-0.0020946795140344,0.0006923884904247,0.0002227943470978
2005-08-17,280.0,281.0,280.0,281.0,2000.0,281.0,295.2,294.1,285.28,297.36,259.125,False,False,False,False,False,True,False,True,False,True,False,0.3523131672597864,0.3345195729537366,,,-0.0152313167259785,-0.058220640569395,0.3523131672597864,0.6014234875444839,0.0004932293067887,0.5059503570214211,315.0,275.0,0.6666666666666666,-0.0040661805945037,-0.0019715010804693,-0.0008526053349948
2005-08-24,297.0,297.0,295.0,295.0,2000.0,295.0,294.2,295.7,285.48,297.62666666666667,259.57,False,False,False,False,False,False,True,True,False,False,False,0.288135593220339,0.2542372881355932,,,0.0322711864406779,-0.0089039548022598,0.288135593220339,0.5254237288135594,0.0008959770629871,0.504227257355428,315.0,276.0,1.0,0.0007005744710664,0.0047667550655701,0.0004027477561983
2005-08-25,308.0,346.0,304.0,346.0,23000.0,346.0,303.4,301.1,287.32,298.5733333333333,260.27,False,False,False,False,False,False,True,True,True,False,False,0.0838150289017341,0.0549132947976878,,,0.1695953757225433,0.1370712909441233,0.0982658959537572,0.2716763005780346,0.0031706336801678,0.4789106609099966,309.0,300.0,11.5,0.0064040094667965,0.00570343499573,0.0022746566171807
2005-08-26,352.0,390.0,350.0,381.0,27000.0,381.0,320.6,308.8,290.76,299.9866666666667,261.145,False,False,False,False,False,False,True,True,False,False,False,-0.0157480314960629,-0.0157480314960629,,,0.2368503937007874,0.2126334208223971,0.0236220472440944,0.1548556430446194,0.0047113205031335,0.4387953367875647,305.0,310.0,1.173913043478261,0.0118310634200027,0.0054270539532062,0.0015406868229656
2005-08-29,370.0,375.0,370.0,375.0,4000.0,375.0,335.6,316.8,294.56,301.24,261.99,False,False,False,False,False,False,True,True,False,False,False,0.0,0.024,,,0.2145066666666666,0.1966933333333333,0.0933333333333333,0.2,0.0041605807108396,0.4056186868686868,310.0,325.0,0.1481481481481481,0.0129005975013579,0.0010695340813552,-0.0005507397922939
2005-08-30,375.0,385.0,375.0,380.0,31000.0,380.0,355.4,325.3,298.92,302.5733333333333,262.895,False,False,False,False,False,False,True,True,False,False,False,-0.0131578947368421,-0.1052631578947368,,,0.2133684210526315,0.2037543859649123,0.1184210526315789,0.1842105263157894,0.0044066452209931,0.3719643406086689,305.0,329.0,7.75,0.0145858423658504,0.0016852448644924,0.0002460645101535
2005-08-31,389.0,389.0,380.0,380.0,2000.0,380.0,372.4,333.3,303.12,303.7866666666667,263.785,False,False,False,False,False,False,True,True,False,True,False,-0.0263157894736842,-0.0657894736842105,,,0.2023157894736842,0.2005614035087718,0.1052631578947368,0.25,0.0039940308988765,0.3495349534953495,300.0,329.0,0.064516129032258,0.0138558986539983,-0.000729943711852,-0.0004126143221166
2005-09-01,380.0,380.0,375.0,375.0,5000.0,375.0,378.2,340.8,306.88,305.05333333333334,264.635,True,True,False,False,False,False,True,True,False,True,False,-0.0266666666666666,-0.0133333333333333,,,0.1816533333333333,0.1865244444444444,0.12,0.3333333333333333,0.0041522793828401,0.3371478873239436,300.0,325.0,2.5,0.012252346193952,-0.0016035524600463,0.0001582484839635
2005-09-05,370.0,375.0,370.0,375.0,15000.0,375.0,377.0,348.8,311.12,306.32,265.485,False,False,False,False,False,False,True,True,False,False,False,0.0,-0.0133333333333333,,,0.1703466666666666,0.1831466666666666,0.0933333333333333,0.28,0.0041351092539391,0.3179472477064219,300.0,315.0,3.0,0.0136281820519414,0.0013758358579893,-1.71701289009233e-05
2005-09-06,375.0,377.0,370.0,375.0,14000.0,375.0,377.0,356.3,314.92,307.62666666666667,266.33,False,False,False,False,False,False,True,True,False,True,False,0.024,-0.0053333333333333,,,0.1602133333333333,0.1796622222222222,0.0853333333333333,0.28,0.0042475728155339,0.295256806062307,305.0,315.0,0.9333333333333332,0.0120665565857996,-0.0015616254661417,0.0001124635615948
2005-09-07,375.0,375.0,375.0,375.0,2000.0,375.0,376.0,365.7,318.52,308.96,267.155,False,False,False,False,False,False,True,True,False,True,False,-0.0933333333333333,0.0106666666666666,,,0.1506133333333333,0.1761066666666667,0.1493333333333333,0.28,0.004315553253927,0.2701668033907575,300.0,315.0,0.1428571428571428,0.0113022730126835,-0.000764283573116,6.798043839309487e-05
2005-09-09,370.0,370.0,370.0,370.0,1000.0,370.0,374.0,373.2,321.52,310.36,267.975,False,False,False,False,False,False,True,True,False,True,False,-0.0405405405405405,0.0135135135135135,,,0.131027027027027,0.1611891891891891,0.1621621621621621,0.3243243243243243,0.0045108905786829,0.2553590568060022,320.0,315.0,0.5,0.0093306792734511,-0.0019715937392324,0.0001953373247558
2005-09-14,363.0,365.0,363.0,365.0,2000.0,365.0,372.0,375.1,325.12,311.56,268.725,False,False,False,False,False,False,True,True,False,False,False,0.0136986301369863,0.0383561643835616,,,0.1092602739726027,0.1464109589041095,0.3287671232876712,0.3150684931506849,0.0038515855693926,0.259664089576113,315.0,320.0,2.0,0.0110728346456693,0.0017421553722182,-0.0006593050092902
2005-09-16,365.0,375.0,365.0,375.0,3000.0,375.0,372.0,374.5,329.12,312.56,269.47,False,False,False,False,False,False,True,True,False,False,False,-0.0133333333333333,0.0053333333333333,,,0.1223466666666666,0.1665066666666666,0.3333333333333333,0.3333333333333333,0.0031993857179421,0.2777036048064085,315.0,350.0,1.5,0.0121536217792902,0.0010807871336208,-0.0006521998514505
2005-09-20,377.0,386.0,375.0,384.0,4000.0,384.0,373.8,375.4,334.08,313.88,270.265,False,False,False,False,False,False,True,True,False,False,True,-0.0286458333333333,-0.0234375,,,0.13,0.1826041666666666,0.171875,0.3020833333333333,0.004205428826303,0.2879595098561535,315.0,310.0,1.3333333333333333,0.014846743295019,0.0026931215157288,0.0010060431083608
2005-09-21,375.0,375.0,340.0,340.0,12000.0,340.0,366.8,371.4,337.28,314.74666666666667,270.84,False,False,False,False,False,False,True,True,False,True,False,0.1147058823529411,0.1176470588235294,,,0.008,0.0742745098039215,0.238235294117647,0.4411764705882353,0.0027535372362958,0.3126009693053312,310.0,310.0,3.0,0.0094876660341555,-0.0053590772608635,-0.0014518915900071
2005-09-22,355.0,356.0,355.0,355.0,4000.0,355.0,363.8,368.9,340.32,315.8,271.515,False,False,False,False,False,False,True,True,False,True,False,0.056338028169014,0.0704225352112676,,,0.0413521126760563,0.1104225352112675,0.2450704225352112,0.4366197183098591,0.0033354443740764,0.3309840065058282,290.0,315.0,0.3333333333333333,0.0089327691584391,-0.0005548968757163,0.0005819071377805
2005-09-26,355.0,372.0,355.0,370.0,5000.0,370.0,364.8,368.4,343.44,316.7333333333333,272.24,False,False,False,False,False,False,True,True,False,False,False,0.0243243243243243,0.027027027027027,,,0.0717837837837837,0.143963963963964,0.1621621621621621,0.3513513513513513,0.0029467480530412,0.3327904451682954,300.0,330.0,1.25,0.0090845562543675,0.0001517870959284,-0.0003886963210351
2005-09-27,370.0,370.0,370.0,370.0,2000.0,370.0,363.8,367.9,346.08,317.53333333333336,272.94,False,False,False,False,False,False,True,True,False,True,False,0.0189189189189189,0.054054054054054,,,0.0646486486486487,0.1418018018018017,0.2162162162162162,0.3567567567567568,0.0025194205332775,0.3405816798042947,295.0,330.0,0.4,0.0076282940360609,-0.0014562622183066,-0.0004273275197637
2005-09-29,370.0,373.0,370.0,373.0,5000.0,373.0,361.6,367.7,349.2,318.17333333333335,273.585,False,False,False,False,False,False,True,True,False,False,False,0.0053619302949061,0.099195710455764,,,0.0638069705093834,0.146988382484361,0.1796246648793565,0.3431635388739946,0.0020114822109541,0.3470220288278489,280.0,325.0,2.5,0.00893470790378,0.001306413867719,-0.0005079383223234
2005-09-30,388.0,388.0,379.0,379.0,4000.0,379.0,369.4,368.1,352.56,318.84,274.32,False,False,False,False,False,False,True,True,False,False,False,0.0026385224274406,0.1213720316622691,,,0.0697625329815303,0.1587335092348285,0.1345646437994723,0.3218997361477572,0.0020909128925687,0.3512632436837814,271.0,315.0,0.8,0.0095302927161334,0.0005955848123533,7.943068161462294e-05
2005-10-05,375.0,375.0,375.0,375.0,2000.0,375.0,373.4,368.6,355.56,319.4533333333333,274.98,False,False,False,False,False,False,True,True,False,True,False,0.0133333333333333,0.12,,,0.05184,0.1481244444444444,0.0666666666666666,0.3466666666666667,0.0019199465753996,0.3534997287032012,275.0,315.0,0.5,0.0084373945325683,-0.0010928981835651,-0.0001709663171691
2005-10-06,370.0,379.0,370.0,379.0,8000.0,379.0,375.2,370.0,358.72,320.17333333333335,275.7,False,False,False,False,False,False,True,True,False,False,False,0.0026385224274406,0.1081794195250659,,,0.0535092348284959,0.1552154793315742,0.1081794195250659,0.3245382585751979,0.0022487819097989,0.3543243243243243,281.0,309.0,4.0,0.0088090990187333,0.0003717044861649,0.0003288353343992
2005-10-12,375.0,377.0,375.0,377.0,4000.0,377.0,376.6,370.2,362.0,321.0,276.435,False,False,False,False,False,False,True,True,False,False,False,0.0344827586206896,0.0875331564986737,,,0.039787798408488,0.1485411140583554,0.1273209549071618,0.3527851458885941,0.0025752855659397,0.3562938951917883,269.0,305.0,0.5,0.0090607734806629,0.0002516744619295,0.0003265036561407
2005-10-13,375.0,375.0,375.0,375.0,1000.0,375.0,377.0,369.3,365.0,321.8,277.21,False,False,False,False,False,False,True,True,False,True,False,0.0933333333333333,0.0853333333333333,,,0.0266666666666666,0.1418666666666666,0.1733333333333333,0.4666666666666667,0.002486016159105,0.3731383698889792,280.0,310.0,0.25,0.0082191780821917,-0.0008415953984711,-8.926940683466177e-05
2005-10-17,380.0,380.0,380.0,380.0,3000.0,380.0,377.2,373.3,368.96,322.6666666666667,278.11,False,False,False,False,False,False,True,True,False,False,True,0.1184210526315789,0.1342105263157894,,,0.0290526315789474,0.150877192982456,0.1842105263157894,0.4210526315789473,0.0026859504132231,0.3718189124028931,285.0,305.0,3.0,0.0107328707718993,0.0025136926897075,0.000199934254118
2005-10-18,380.0,380.0,380.0,380.0,3000.0,380.0,378.2,375.8,372.36,323.53333333333336,278.96,False,False,False,False,False,False,True,True,False,True,False,0.1052631578947368,0.131578947368421,,,0.0201052631578947,0.1485964912280701,0.1842105263157894,0.3973684210526316,0.0026787554090253,0.368281000532198,295.0,300.0,1.0,0.0091309485444194,-0.0016019222274798,-7.195004197795528e-06
2005-10-21,380.0,380.0,380.0,380.0,1000.0,380.0,378.4,376.8,373.72,324.3333333333333,279.785,False,False,False,False,False,False,True,True,False,True,False,0.1052631578947368,0.2763157894736842,,,0.0165263157894736,0.1464912280701754,0.1842105263157894,0.3973684210526316,0.0024665981500512,0.372876857749469,275.0,300.0,0.3333333333333333,0.0036390880873381,-0.0054918604570813,-0.0002121572589741
2005-10-25,389.0,390.0,389.0,390.0,6000.0,390.0,381.0,378.8,374.08,324.8666666666667,280.645,False,False,False,False,False,False,True,True,False,True,False,0.0512820512820512,0.282051282051282,,,0.0408205128205128,0.1670085470085469,0.1666666666666666,0.3615384615384615,0.0016416991586292,0.3732840549102429,275.0,300.0,6.0,0.0009623609923009,-0.0026767270950371,-0.0008248989914219
2005-10-31,410.0,410.0,410.0,410.0,1000.0,410.0,388.0,382.5,375.48,326.2,281.605,False,False,False,False,False,False,True,True,True,False,False,-0.0073170731707317,0.0975609756097561,,,0.0841951219512194,0.204390243902439,0.1341463414634146,0.2926829268292683,0.0040874718986306,0.3675816993464053,260.0,305.0,0.1666666666666666,0.0037285607755407,0.0027661997832397,0.0024457727400013
2005-11-07,415.0,425.0,415.0,425.0,4000.0,425.0,397.0,387.1,377.28,327.7333333333333,282.655,False,False,False,False,False,False,True,True,False,False,False,0.0141176470588235,-0.0094117647058823,,,0.1122823529411765,0.2288627450980393,0.0588235294117647,0.2235294117647059,0.0046786004882016,0.3562386980108498,260.0,300.0,4.0,0.004770992366412,0.0010424315908713,0.000591128589571
2005-11-08,410.0,420.0,410.0,420.0,3000.0,420.0,405.0,391.6,378.88,329.1333333333333,283.83,False,False,False,False,False,False,True,True,False,True,False,0.0238095238095238,0.0523809523809523,,,0.0979047619047619,0.2163492063492063,0.0761904761904762,0.1904761904761904,0.00425359530079,0.3393769152196118,279.0,320.0,0.75,0.004222972972973,-0.000548019393439,-0.0004250051874116
2005-11-10,420.0,420.0,420.0,420.0,1000.0,420.0,413.0,395.7,380.68,330.3333333333333,284.905,False,False,False,False,False,False,True,True,False,False,False,0.1547619047619047,0.0238095238095238,,,0.0936190476190476,0.2134920634920635,0.0714285714285714,0.1904761904761904,0.003632694248234,0.3249936820823855,292.0,315.0,0.3333333333333333,0.0047283807922665,0.0005054078192934,-0.0006209010525559
2005-11-11,410.0,410.0,410.0,410.0,1000.0,410.0,417.0,399.0,382.08,331.4,285.93,False,False,False,False,False,False,True,True,False,True,False,0.2195121951219512,0.0975609756097561,,,0.0680975609756097,0.1917073170731708,0.1,0.2682926829268293,0.0032186682760007,0.3165413533834585,304.0,315.0,1.0,0.0036641541038525,-0.0010642266884139,-0.0004140259722332
2005-11-17,405.0,407.0,405.0,407.0,5000.0,407.0,416.4,402.2,383.36,332.49333333333334,286.915,False,False,False,False,False,False,True,True,False,True,False,0.1056511056511056,0.081081081081081,,,0.058083538083538,0.183063063063063,0.1302211302211302,0.253071253071253,0.0032882864819345,0.2961213326703132,295.0,315.0,5.0,0.003338898163606,-0.0003252559402464,6.961820593376789e-05
2005-11-22,431.0,431.0,431.0,431.0,1000.0,431.0,417.6,407.3,385.6,334.04,288.02,False,False,False,False,False,False,True,True,False,False,False,-0.0232018561484918,-0.0023201856148491,,,0.105336426914153,0.2249651972157772,0.0324825986078886,0.1600928074245939,0.004630184009899,0.2700712005892461,295.0,310.0,0.2,0.0058091286307054,0.0024702304670993,0.0013418975279644
2005-11-24,430.0,430.0,430.0,430.0,2000.0,430.0,419.6,412.3,388.0,335.5733333333333,289.12,False,False,False,False,False,False,True,True,False,False,False,0.027906976744186,-0.0697674418604651,,,0.0976744186046511,0.2195968992248062,0.0232558139534883,0.1627906976744186,0.0045692943420215,0.2471501333980112,300.0,290.0,2.0,0.0061855670103092,0.0003764383796038,-6.088966787753253e-05
2005-11-29,475.0,495.0,470.0,485.0,5000.0,485.0,432.6,422.8,392.8,337.92,290.52,False,False,False,False,False,False,True,True,False,False,False,-0.1134020618556701,-0.134020618556701,,,0.1901030927835051,0.3032577319587629,-0.1134020618556701,0.0103092783505154,0.0069444444444445,0.206480605487228,300.0,300.0,2.5,0.0122199592668024,0.0060343922564932,0.0023751501024229
2005-11-30,510.0,510.0,500.0,500.0,2000.0,500.0,450.6,433.8,397.8,340.52,291.995,False,False,False,False,False,False,True,True,False,False,False,-0.1,-0.15,,,0.2043999999999999,0.31896,-0.128,-0.02,0.0076353811817219,0.1664361456892577,295.0,295.0,0.4,0.012569130216189,0.0003491709493865,0.0006909367372774
2005-12-12,450.0,450.0,450.0,450.0,1000.0,450.0,459.2,437.8,400.44,342.38666666666666,293.195,False,False,False,False,False,False,True,True,False,True,False,-0.0222222222222222,-0.0222222222222222,,,0.1101333333333333,0.2391407407407407,-0.0444444444444444,0.0888888888888888,0.0054519256980412,0.1466423024211968,300.0,280.0,0.5,0.006592747977225,-0.005976382238964,-0.0021834554836807
2005-12-20,420.0,427.0,420.0,421.0,4000.0,421.0,457.2,437.4,403.68,343.93333333333334,294.25,False,False,False,False,False,False,True,True,False,False,False,0.0213776722090261,0.0688836104513064,,,0.0411401425178147,0.1830562153602533,0.0213776722090261,0.1163895486935867,0.0044969955417717,0.1362597165066301,281.0,271.0,4.0,0.008026159334126,0.001433411356901,-0.0009549301562695
2005-12-26,442.0,442.0,442.0,442.0,2000.0,442.0,459.6,439.6,407.16,345.82666666666665,295.41,False,False,False,False,False,False,True,True,False,False,True,-0.0950226244343891,0.0180995475113122,,,0.0788235294117646,0.2175867269984917,-0.0248868778280542,0.0746606334841629,0.0054748043335774,0.1248862602365786,295.0,275.0,0.5,0.0085470085470085,0.0005208492128825,0.0009778087918057
2005-12-28,430.0,430.0,430.0,430.0,1000.0,430.0,448.6,440.6,409.56,347.56,296.535,False,False,False,False,False,False,True,True,False,True,False,-0.0232558139534883,0.0465116279069767,,,0.0475348837209302,0.1917209302325581,0.0116279069767441,0.1395348837209302,0.0049871485019373,0.1200635497049477,346.0,281.0,0.5,0.0058599472604746,-0.0026870612865339,-0.0004876558316401
2005-12-30,450.0,450.0,450.0,450.0,1000.0,450.0,438.6,444.6,412.76,349.56,297.76,False,False,False,False,False,False,True,True,False,False,False,-0.0555555555555555,0.0111111111111111,,,0.0827555555555555,0.2231999999999999,0.0,0.0555555555555555,0.0057214784300263,0.0998650472334682,381.0,269.0,1.0,0.0077526892140711,0.0018927419535965,0.0007343299280889
2006-01-13,450.0,450.0,440.0,440.0,2000.0,440.0,436.6,447.9,415.44,351.36,298.935,False,False,False,False,False,False,True,True,False,True,False,0.0,0.0568181818181818,,,0.0558181818181818,0.2014545454545454,0.0,0.1136363636363636,0.0051229508196721,0.0872962714891717,375.0,280.0,2.0,0.0064509917196225,-0.0013016974944485,-0.0005985276103541
2006-01-16,430.0,430.0,410.0,430.0,4000.0,430.0,438.4,447.8,417.48,353.0933333333333,300.035,False,False,False,False,False,False,True,True,False,True,False,0.0465116279069767,0.0465116279069767,,,0.0291162790697674,0.1788527131782946,0.0232558139534883,0.1395348837209302,0.0049089947889131,0.0853059401518534,380.0,285.0,2.0,0.0048864616269043,-0.0015645300927182,-0.000213956030759
2006-01-18,400.0,400.0,400.0,400.0,1000.0,400.0,430.0,444.8,418.48,354.16,300.985,False,False,False,False,False,False,True,True,False,True,False,0.125,0.13,,,-0.0462,0.1145999999999999,0.1,0.2,0.0030118213989911,0.0881294964028776,380.0,295.0,0.25,0.0023896004588032,-0.002496861168101,-0.0018971733899219
2006-01-23,400.0,420.0,400.0,420.0,3000.0,420.0,428.0,438.3,420.12,355.56,302.06,False,False,False,False,False,False,True,True,False,False,False,0.0714285714285714,0.0714285714285714,,,-0.0002857142857142,0.1534285714285714,0.05,0.1428571428571428,0.0039374507818651,0.1019849418206707,375.0,275.0,3.0,0.0039036465771683,0.0015140461183651,0.0009256293828739
2006-01-24,425.0,425.0,425.0,425.0,1000.0,425.0,423.0,430.8,422.04,357.02666666666664,303.16,False,False,False,False,False,False,True,True,False,False,False,0.0705882352941176,0.0611764705882353,,,0.0069647058823528,0.1599372549019608,0.0352941176470588,0.1294117647058823,0.0041080031370205,0.1188486536675951,375.0,275.0,0.3333333333333333,0.0045493318168894,0.000645685239721,0.0001705523551553
2006-01-25,430.0,445.0,430.0,440.0,6000.0,440.0,423.0,429.8,424.64,358.6933333333333,304.36,False,False,False,False,False,False,True,True,False,False,False,0.0568181818181818,0.0454545454545454,,,0.0349090909090909,0.1847878787878788,0.05,0.0681818181818181,0.0046464946844101,0.1167985109353187,375.0,260.0,6.0,0.0061228334589298,0.0015735016420404,0.0005384915473896
2006-01-26,450.0,450.0,450.0,450.0,2000.0,450.0,427.0,432.7,427.44,360.56,305.585,False,False,False,False,False,False,True,True,False,False,True,0.0,-0.0111111111111111,,,0.0501333333333333,0.1987555555555555,0.0,0.0666666666666666,0.0051771318689446,0.1116246822278715,375.0,260.0,0.3333333333333333,0.0065506269885832,0.0004277935296533,0.0005306371845344
2006-01-27,450.0,450.0,450.0,450.0,2000.0,450.0,437.0,433.5,430.24,362.6933333333333,306.795,False,False,False,False,False,False,True,True,False,True,False,0.0044444444444444,-0.0222222222222222,,,0.043911111111111,0.1940148148148148,0.0,0.0444444444444444,0.0058819204470259,0.1084198385236447,370.0,279.0,1.0,0.0065079955373745,-4.263145120870539e-05,0.0007047885780813
2006-01-31,470.0,470.0,450.0,450.0,2000.0,450.0,443.0,435.5,433.04,364.6933333333333,308.01,False,False,False,False,False,False,True,True,False,True,False,0.0,-0.0444444444444444,,,0.0376888888888888,0.1895703703703704,-0.0222222222222222,0.0222222222222222,0.0054840596665691,0.0964408725602755,365.0,292.0,1.0,0.0064659153888786,-4.208014849586307e-05,-0.0003978607804567
2006-02-03,455.0,455.0,455.0,455.0,1000.0,455.0,449.0,436.0,435.64,366.82666666666665,309.26,False,False,False,False,False,False,True,True,False,True,False,-0.0087912087912087,-0.0417582417582417,,,0.0425494505494505,0.1937875457875458,-0.0329670329670329,0.0109890109890109,0.0058156440825821,0.091743119266055,375.0,304.0,0.5,0.0059682306491597,-0.0004976847397188,0.0003315844160129
2006-02-07,465.0,465.0,465.0,465.0,1000.0,465.0,454.0,438.5,437.84,369.29333333333335,310.56,False,False,False,False,False,False,True,True,False,True,False,-0.010752688172043,-0.075268817204301,,,0.0584086021505376,0.2058207885304659,-0.032258064516129,-0.0086021505376344,0.0066794237643066,0.0789053591790194,384.0,295.0,1.0,0.0050246665448565,-0.0009435641043032,0.0008637796817245
2006-02-13,450.0,450.0,450.0,450.0,1000.0,450.0,454.0,440.5,438.84,371.68,311.76,False,False,False,False,False,False,True,True,False,True,False,-0.0111111111111111,-0.0444444444444444,,,0.0248,0.1740444444444444,0.0,0.0,0.0064212943033433,0.0649262202043133,340.0,295.0,1.0,0.0022787348464132,-0.0027459316984432,-0.0002581294609633
2006-02-15,450.0,452.0,450.0,452.0,3000.0,452.0,454.4,445.7,440.12,374.04,312.92,False,False,False,False,False,False,True,True,False,False,False,-0.0265486725663716,-0.0464601769911504,,,0.0262831858407079,0.1724778761061946,0.0508849557522123,0.0176991150442477,0.0063094856165116,0.0480143594345973,355.0,300.0,3.0,0.0029082977369808,0.0006295628905676,-0.0001118086868317
2006-02-21,450.0,450.0,450.0,450.0,1000.0,450.0,454.4,448.7,441.32,376.29333333333335,314.095,False,False,False,False,False,False,True,True,False,True,False,-0.0444444444444444,-0.0333333333333333,,,0.0192888888888889,0.1637925925925925,0.1111111111111111,-0.0222222222222222,0.0059882361278435,0.0320927122799198,370.0,300.0,0.3333333333333333,0.0027191153811293,-0.0001891823558515,-0.0003212494886681
2006-02-27,450.0,451.0,450.0,451.0,2000.0,451.0,453.6,451.3,442.96,378.72,315.275,False,False,False,False,False,False,True,True,False,False,False,-0.0332594235033259,-0.0022172949002217,,,0.0178270509977827,0.1602660753880265,0.0643015521064301,-0.0909090909090909,0.0064075482326433,0.0106359406159982,370.0,295.0,2.0,0.003702365902113,0.0009832505209837,0.0004193121047997
2006-02-28,460.0,460.0,460.0,460.0,1000.0,460.0,452.6,453.3,445.08,381.12,316.425,False,False,False,False,False,False,True,True,False,False,False,-0.0652173913043478,-0.0434782608695652,,,0.0324347826086956,0.1714782608695652,0.0434782608695652,-0.0869565217391304,0.0062972292191435,-0.0048532980366203,373.0,300.0,0.5,0.0047631886402444,0.0010608227381314,-0.0001103190134997
2006-03-02,450.0,450.0,445.0,445.0,4000.0,445.0,451.6,452.8,445.64,383.2533333333333,317.455,False,False,False,False,False,False,True,True,False,True,False,-0.0337078651685393,-0.0112359550561797,,,-0.0014382022471909,0.1387565543071162,0.0786516853932584,-0.0089887640449438,0.0055663790704145,-0.0123674911660777,379.0,281.0,4.0,0.0012566196930257,-0.0035065689472186,-0.0007308501487289
2006-03-27,440.0,440.0,440.0,440.0,1000.0,440.0,449.2,451.8,446.04,385.18666666666667,318.52,False,False,False,False,False,False,True,True,False,True,False,-0.0204545454545454,0.0,,,-0.0137272727272727,0.1245757575757575,0.1136363636363636,0.0227272727272727,0.0050192114645714,-0.0146082337317397,375.0,295.0,0.25,0.0008967805577975,-0.0003598391352281,-0.000547167605843
2006-03-29,430.0,430.0,430.0,430.0,2000.0,430.0,445.2,449.8,443.84,387.2533333333333,319.52,False,False,False,False,False,False,False,True,False,True,False,0.0116279069767441,0.0255813953488372,,,-0.0321860465116278,0.0994108527131784,0.1162790697674418,0.0209302325581395,0.0053367304778954,-0.0148955091151622,379.0,346.0,2.0,-0.0049567411679885,-0.0058535217257861,0.000317519013324
2006-03-31,449.0,449.0,436.0,436.0,2000.0,436.0,442.2,447.9,441.28,389.4,320.55,False,False,False,False,False,False,False,True,False,True,False,0.0321100917431192,0.0091743119266055,,,-0.0121100917431192,0.1068807339449541,0.146788990825688,-0.0022935779816513,0.0055127546652971,-0.0162982808662646,377.0,381.0,1.0,-0.005801305293691,-0.0008445641257025,0.0001760241874016
2006-04-05,430.0,430.0,430.0,430.0,1000.0,430.0,436.2,444.4,440.48,391.6666666666667,321.545,False,False,False,False,False,False,False,True,False,False,False,0.0232558139534883,0.0744186046511627,,,-0.0243720930232558,0.0891472868217053,0.1627906976744186,0.0232558139534883,0.0057872340425532,-0.0132763276327632,375.0,375.0,0.5,-0.001816200508536,0.003985104785155,0.0002744793772561
2006-04-13,430.0,430.0,430.0,430.0,1000.0,430.0,433.2,442.4,440.84,393.9333333333333,322.495,False,False,False,False,False,False,True,True,False,False,False,0.0232558139534883,0.0465116279069767,,,-0.0252093023255813,0.0838759689922481,0.1395348837209302,0.0232558139534883,0.0057539346759179,-0.0110759493670885,380.0,380.0,1.0,0.000816622810997,0.0026328233195331,-3.329936663538837e-05
2006-04-25,430.0,431.0,430.0,431.0,4000.0,431.0,431.4,440.3,440.4,395.96,323.475,False,False,False,False,False,False,False,True,False,True,False,0.0208816705336426,0.0440835266821345,,,-0.0218097447795823,0.0812993039443155,0.1832946635730858,0.0208816705336426,0.0051183621241203,-0.0109016579604815,380.0,380.0,4.0,-0.0009990917347865,-0.0018157145457836,-0.0006355725517975
2006-04-28,445.0,445.0,435.0,435.0,2000.0,435.0,432.4,438.8,440.6,397.8666666666667,324.475,False,False,False,False,False,False,True,True,False,False,False,0.0137931034482758,0.0114942528735632,,,-0.0128735632183908,0.0853639846743294,0.1494252873563218,0.0229885057471264,0.0047922252010724,-0.0063810391978122,380.0,375.0,0.5,0.0004539264639129,0.0014530181986995,-0.0003261369230479
2006-05-09,435.0,450.0,435.0,450.0,5000.0,450.0,435.2,438.7,440.6,399.8133333333333,325.525,False,False,False,False,True,False,False,True,False,True,False,-0.0222222222222222,-0.0222222222222222,,,0.0208888888888888,0.111525925925926,0.1155555555555555,0.0,0.0048689388381242,0.002963300661044,390.0,375.0,2.5,0.0,-0.0004539264639129,7.671363705183919e-05
2006-05-11,440.0,440.0,440.0,440.0,1000.0,440.0,437.2,436.7,440.6,401.7466666666666,326.525,False,False,False,False,False,False,False,True,False,False,False,0.05,0.0227272727272727,,,-0.0013636363636364,0.086939393939394,0.1386363636363636,0.0,0.0048123195380173,0.0121364781314403,410.0,375.0,0.2,0.0,0.0,-5.661930010696093e-05
2006-05-17,440.0,440.0,440.0,440.0,1000.0,440.0,439.2,436.2,441.0,403.68,327.5,False,False,False,False,False,False,True,True,False,False,False,0.0227272727272727,0.0227272727272727,,,-0.0022727272727272,0.0825454545454545,0.1386363636363636,0.0227272727272727,0.0047892720306514,0.0153599266391563,425.0,375.0,1.0,0.0009070294784579,0.0009070294784579,-2.304750736584378e-05
2006-05-18,440.0,440.0,440.0,440.0,1000.0,440.0,441.0,436.2,442.6,405.5466666666667,328.475,False,False,False,False,False,False,True,True,True,False,False,0.0227272727272727,0.0795454545454545,,,-0.0059090909090909,0.0783030303030302,0.1477272727272727,0.0227272727272727,0.0046028406102051,0.0153599266391563,420.0,370.0,1.0,0.0036150022593764,0.0027079727809184,-0.0001864314204463
2006-05-19,440.0,441.0,440.0,441.0,5000.0,441.0,442.2,437.3,443.44,407.4266666666667,329.405,False,False,False,False,False,False,True,True,False,True,True,-0.0022675736961451,0.1337868480725623,,,-0.005532879818594,0.0761300075585789,0.1383219954648526,0.0204081632653061,0.0046143273227083,0.015321289732449,420.0,365.0,5.0,0.0018942810752299,-0.0017207211841465,1.1486712503195988e-05
2006-05-24,440.0,440.0,440.0,440.0,1000.0,440.0,440.2,437.7,444.04,409.36,330.37,False,False,False,False,False,False,True,True,False,True,False,0.0,0.0909090909090909,,,-0.0091818181818182,0.0696363636363636,0.1590909090909091,0.0227272727272727,0.0047228193603022,0.0178204249485949,410.0,375.0,0.2,0.0013512296189532,-0.0005430514562766,0.0001084920375938
2006-05-25,462.0,462.0,462.0,462.0,2000.0,462.0,444.6,440.9,444.92,411.52,331.445,False,False,False,True,True,False,True,True,False,False,True,-0.0259740259740259,0.0389610389610389,,,0.0369696969696969,0.1092640692640693,0.1904761904761904,-0.0692640692640692,0.0052488335925349,0.0081651168065321,407.0,384.0,2.0,0.0019778836644789,0.0006266540455256,0.0005260142322326
2006-05-31,455.0,456.0,450.0,450.0,3000.0,450.0,446.6,442.9,444.92,413.7733333333333,332.395,False,False,False,False,False,False,False,True,False,True,False,0.0,0.0666666666666666,,,0.0112888888888888,0.0805037037037037,0.2,-0.0666666666666666,0.00544581574453,-0.0009031384059606,431.0,340.0,1.5,0.0,-0.0019778836644789,0.000196982151995
2006-06-01,450.0,450.0,450.0,450.0,1000.0,450.0,448.6,444.8,444.92,415.84,333.345,False,False,False,False,False,False,False,True,False,False,False,0.0555555555555555,0.0888888888888888,,,0.0112888888888888,0.0759111111111111,0.18,-0.0666666666666666,0.004969860202642,-0.0096672661870503,430.0,355.0,0.3333333333333333,0.0,0.0,-0.0004759555418879
2006-06-19,440.0,440.0,440.0,440.0,1000.0,440.0,448.4,445.3,444.52,417.0933333333333,334.22,False,False,False,False,False,True,False,True,False,True,False,0.1363636363636363,0.0909090909090909,,,-0.0102727272727272,0.0520606060606061,0.2068181818181818,-0.0204545454545454,0.00300492295889,-0.0139231978441499,485.0,370.0,1.0,-0.0008998470260056,-0.0008998470260056,-0.0019649372437519
2006-06-22,440.0,440.0,440.0,440.0,1000.0,440.0,448.4,444.3,443.92,417.88,335.17,False,False,False,False,False,False,False,True,False,True,False,0.0909090909090909,0.1363636363636363,,,-0.0089090909090909,0.0502727272727272,0.2068181818181818,-0.0454545454545454,0.0018825181072716,-0.0184559981994147,500.0,370.0,1.0,-0.0013515948819606,-0.0004517478559549,-0.0011224048516184
2006-06-26,450.0,450.0,450.0,450.0,4000.0,450.0,446.0,445.3,443.32,418.88,336.17,False,False,False,False,False,False,False,True,False,True,True,0.0666666666666666,0.1111111111111111,,,0.0148444444444444,0.0691555555555555,0.1777777777777777,-0.0888888888888888,0.0023873185637891,-0.0273972602739725,450.0,373.0,4.0,-0.0013534241631327,-1.8292811721403249e-06,0.0005048004565174
2006-06-28,450.0,450.0,450.0,450.0,2000.0,450.0,446.0,446.3,443.32,419.8133333333333,337.22,False,False,False,False,False,False,False,True,False,False,False,0.0666666666666666,0.0888888888888888,,,0.0148444444444444,0.0670814814814816,0.1555555555555555,-0.0777777777777777,0.0022232103156957,-0.0374187766076629,421.0,379.0,0.5,0.0,0.0013534241631327,-0.0001641082480934
2006-06-30,475.0,475.0,475.0,475.0,1000.0,475.0,451.0,449.8,444.24,421.08,338.395,False,False,False,False,False,False,True,True,True,False,False,0.031578947368421,0.0736842105263157,,,0.064757894736842,0.1135157894736842,0.0526315789473684,-0.1578947368421052,0.0030081378043761,-0.0560248999555357,442.0,375.0,0.5,0.0020709526382136,0.0020709526382136,0.0007849274886804
2006-07-03,500.0,500.0,500.0,500.0,1000.0,500.0,463.0,455.7,446.24,422.7466666666666,339.745,False,False,False,False,False,False,True,True,False,False,False,-0.04,0.0,,,0.1075199999999999,0.1545066666666667,0.0,-0.16,0.0039424714565065,-0.074829931972789,430.0,379.0,1.0,0.0044818931516672,0.0024109405134536,0.0009343336521304
2006-07-13,480.0,480.0,480.0,480.0,1000.0,480.0,471.0,459.7,447.4,424.14666666666665,340.92,False,False,False,False,False,False,True,True,False,True,False,0.0416666666666666,0.0458333333333333,,,0.0679166666666667,0.1163611111111111,0.0833333333333333,-0.1145833333333333,0.0033007450253057,-0.0883184685664563,450.0,377.0,1.0,0.0025927581582475,-0.0018891349934196,-0.0006417264312007
2006-07-20,480.0,480.0,480.0,480.0,2000.0,480.0,477.0,461.5,448.2,425.5466666666667,342.035,False,False,False,False,False,False,True,True,False,True,False,0.0416666666666666,0.04375,,,0.06625,0.1134444444444444,0.0625,-0.1458333333333333,0.0032898859506204,-0.0962080173347778,440.0,375.0,2.0,0.001784917447568,-0.0008078407106795,-1.0859074685334088e-05
2006-07-21,480.0,480.0,480.0,480.0,4000.0,480.0,483.0,464.5,449.6,426.94666666666666,343.11,False,False,False,False,False,False,True,True,False,False,False,0.0208333333333333,0.04375,,,0.0633333333333332,0.1105277777777778,0.0416666666666666,-0.1041666666666666,0.0032790980918771,-0.0998923573735198,430.0,380.0,2.0,0.0031138790035587,0.0013289615559907,-1.0787858743306017e-05
2006-07-25,500.0,500.0,490.0,490.0,4000.0,490.0,486.0,468.5,451.6,428.5466666666667,344.25,False,False,False,False,False,False,True,True,False,False,False,0.0408163265306122,0.0306122448979591,,,0.0783673469387754,0.1254149659863945,0.0204081632653061,-0.1428571428571428,0.0037335490495006,-0.1075773745997865,400.0,380.0,1.0,0.0044286979627989,0.0013148189592401,0.0004544509576235
2006-07-28,480.0,480.0,480.0,480.0,1000.0,480.0,482.0,472.5,453.6,430.08,345.3,False,False,False,False,False,False,True,True,False,True,False,0.0416666666666666,0.0458333333333333,,,0.0549999999999999,0.104,0.0208333333333333,-0.1666666666666666,0.0035652281746031,-0.1216931216931216,420.0,380.0,0.25,0.0044091710758377,-1.952688696119434e-05,-0.0001683208748975
2006-07-31,500.0,500.0,500.0,500.0,1000.0,500.0,486.0,478.5,456.16,431.7466666666666,346.5,False,False,False,False,False,False,True,True,False,False,False,0.004,0.02,,,0.0876799999999999,0.1365066666666667,-0.02,-0.22,0.0038602884407522,-0.1389759665621734,425.0,390.0,1.0,0.0056120659417748,0.001202894865937,0.0002950602661491
2006-08-17,500.0,500.0,500.0,500.0,4000.0,500.0,490.0,483.5,458.96,433.29333333333335,347.675,False,False,False,False,False,False,True,True,False,False,False,0.002,0.1,,,0.08208,0.1334133333333333,-0.02,-0.204,0.0035695602671017,-0.1503619441571871,440.0,410.0,4.0,0.0061007495206552,0.0004886835788804,-0.0002907281736504
2006-08-23,490.0,490.0,490.0,490.0,2000.0,490.0,492.0,487.5,461.36,435.29333333333335,348.8,False,False,False,False,False,False,True,True,False,True,False,0.0224489795918367,0.1020408163265306,,,0.0584489795918367,0.1116462585034013,-0.0408163265306122,-0.1469387755102041,0.0045946028731583,-0.1567179487179486,450.0,425.0,0.5,0.0052020114444252,-0.00089873807623,0.0010250426060565
2006-08-25,495.0,510.0,495.0,510.0,17000.0,510.0,496.0,491.0,464.52,437.36,350.05,False,False,False,False,False,False,True,True,False,False,False,-0.0098039215686274,0.0411764705882352,,,0.0891764705882353,0.1424313725490195,-0.0686274509803921,-0.1450980392156863,0.00472532162673,-0.1553971486761711,450.0,420.0,8.5,0.0068027210884353,0.00160070964401,0.0001307187535717
2006-08-28,500.0,500.0,500.0,500.0,3000.0,500.0,500.0,491.0,467.12,439.0933333333333,351.25,False,False,False,False,False,False,True,True,False,True,False,0.004,0.062,,,0.0657599999999999,0.1218133333333333,-0.02,-0.084,0.0039475282400096,-0.1476578411405295,450.0,420.0,0.1764705882352941,0.0055660215790375,-0.0012366995093977,-0.0007777933867204
2006-08-31,501.0,502.0,501.0,502.0,3000.0,502.0,500.4,493.2,469.2,440.85333333333335,352.485,False,False,False,False,False,False,True,True,False,True,True,0.0159362549800796,0.0577689243027888,,,0.0653386454183267,0.1218061088977423,-0.0537848605577689,-0.2151394422310757,0.0039922574401162,-0.1577453365774534,455.0,410.0,1.0,0.0044330775788575,-0.0011329440001799,4.472920010662428e-05
2006-09-05,502.0,502.0,501.0,501.0,5000.0,501.0,500.6,495.3,471.64,442.56,353.695,False,False,False,False,False,False,True,True,False,False,False,0.0978043912175648,0.0578842315369261,,,0.0586027944111776,0.1166467065868263,-0.0219560878243512,-0.1756487025948103,0.0038563509279344,-0.1607106803957198,465.0,407.0,1.6666666666666667,0.0051734373674836,0.000740359788626,-0.0001359065121818
2006-09-06,501.0,501.0,501.0,501.0,2000.0,501.0,502.8,497.4,474.08,444.18666666666667,354.925,False,False,False,False,False,False,True,True,False,True,False,0.0778443113772455,0.0379241516966067,,,0.0537325349301397,0.113399866932801,-0.0219560878243512,-0.2015968063872255,0.0036621240319385,-0.1702854845195014,450.0,431.0,0.4,0.0051468106648666,-2.6626702616985503e-05,-0.0001942268959958
2006-09-07,505.0,505.0,505.0,505.0,1000.0,505.0,501.8,498.9,476.68,445.92,356.2,False,False,False,False,False,False,True,True,False,False,False,0.0514851485148514,-0.0099009900990099,,,0.056079207920792,0.1169900990099009,-0.0495049504950495,-0.1683168316831683,0.0038870948451142,-0.1727801162557626,452.0,430.0,0.5,0.0054543928841151,0.0003075822192484,0.0002249708131757
2006-09-08,502.0,502.0,502.0,502.0,1000.0,502.0,502.2,501.1,479.12,447.56,357.425,False,False,False,False,False,False,True,True,False,True,False,0.0577689243027888,-0.0039840637450199,,,0.0455776892430278,0.1084462151394422,-0.0438247011952191,-0.1633466135458167,0.0036643131647153,-0.1724206745160647,450.0,485.0,1.0,0.0050926698948071,-0.000361722989308,-0.0002227816803989
2006-09-11,510.0,510.0,510.0,510.0,1000.0,510.0,503.8,502.1,481.92,449.3333333333333,358.725,False,False,False,False,False,False,True,True,False,False,False,0.0411764705882352,0.0196078431372549,,,0.0550588235294117,0.1189542483660131,-0.0588235294117647,-0.1803921568627451,0.0039465875370919,-0.1684923322047401,451.0,500.0,1.0,0.0058100929614874,0.0007174230666802,0.0002822743723766
2006-09-13,510.0,550.0,510.0,550.0,3000.0,550.0,513.6,507.1,485.44,451.6666666666667,360.225,False,False,False,False,False,False,True,True,False,False,False,-0.0363636363636363,-0.0727272727272727,,,0.1173818181818181,0.1787878787878787,-0.1454545454545454,-0.24,0.0051660516605166,-0.1727469927036088,460.0,450.0,3.0,0.0072511535926169,0.0014410606311295,0.0012194641234247
2006-09-14,520.0,540.0,520.0,540.0,3000.0,540.0,521.4,512.1,489.04,453.8,361.675,False,False,False,False,False,False,True,True,False,False,False,-0.037037037037037,-0.074074074074074,,,0.0943703703703703,0.1596296296296296,-0.1111111111111111,-0.2407407407407407,0.0047010430439253,-0.1823862526850225,445.0,421.0,1.0,0.0073613610338623,0.0001102074412453,-0.0004650086165913
2006-09-25,530.0,531.0,530.0,531.0,2000.0,531.0,526.6,514.2,492.28,455.8133333333333,363.03,False,False,False,False,False,False,True,True,False,True,False,-0.0583804143126177,-0.0583804143126177,,,0.0729190207156309,0.141594475831764,-0.1148775894538606,-0.2278719397363465,0.0044170128122621,-0.190781796966161,440.0,442.0,0.6666666666666666,0.006581620216137,-0.0007797408177252,-0.0002840302316631
2006-09-29,530.0,531.0,530.0,531.0,2000.0,531.0,532.4,517.3,495.92,457.82666666666665,364.32,False,False,False,False,False,False,True,True,False,False,False,-0.0583804143126177,-0.0772128060263653,,,0.0660640301318267,0.1378028876333961,-0.1337099811676083,-0.35969868173258,0.004397588607042,-0.218441909916876,430.0,430.0,1.0,0.0073398935312147,0.0007582733150777,-1.9424205220114864e-05
2006-10-04,530.0,531.0,530.0,531.0,2000.0,531.0,536.6,520.2,499.56,459.70666666666665,365.545,False,False,False,False,False,False,True,True,False,True,False,-0.0207156308851224,-0.0772128060263653,,,0.0592090395480226,0.1342623979912116,-0.1337099811676083,-0.5291902071563088,0.0040895643598816,-0.2504805843906191,436.0,450.0,1.0,0.0072864120425974,-5.348148861734035e-05,-0.0003080242471604
2006-10-11,531.0,531.0,530.0,530.0,4000.0,530.0,532.6,523.1,502.76,461.3066666666667,366.695,False,False,False,False,False,False,True,True,False,True,False,-0.0377358490566037,-0.0754716981132075,,,0.0513962264150943,0.1296100628930817,-0.130188679245283,-0.4886792452830188,0.0034684085785306,-0.2817816861020837,430.0,440.0,2.0,0.0063648659400111,-0.0009215461025863,-0.000621155781351
2006-10-17,520.0,520.0,520.0,520.0,2000.0,520.0,528.6,525.0,505.56,462.5733333333333,367.67,False,False,False,False,False,False,True,True,False,True,False,-0.0384615384615384,-0.0961538461538461,,,0.0277692307692307,0.1104358974358974,-0.1346153846153846,-0.4538461538461538,0.0027383045571152,-0.3064761904761904,430.0,430.0,0.5,0.0055384128491178,-0.0008264530908932,-0.0007301040214153
2006-10-23,500.0,500.0,500.0,500.0,4000.0,500.0,522.4,524.5,506.56,463.64,368.51,False,False,False,False,False,False,True,True,False,True,False,0.0,-0.05,,,-0.01312,0.07272,-0.08,-0.332,0.0023006355505708,-0.3222116301239275,431.0,400.0,2.0,0.0019740998104864,-0.0035643130386314,-0.0004376690065443
2006-10-24,500.0,500.0,500.0,500.0,1000.0,500.0,516.2,524.3,506.56,464.70666666666665,369.35,False,False,False,False,False,False,False,True,False,True,False,-0.02,-0.02,,,-0.01312,0.0705866666666667,-0.12,-0.324,0.0022953547757725,-0.3375929811176806,435.0,420.0,0.25,0.0,-0.0019740998104864,-5.280774798315218e-06
2006-10-25,520.0,520.0,520.0,520.0,1000.0,520.0,514.0,525.3,508.16,466.17333333333335,370.475,False,False,False,False,False,False,True,True,True,False,False,-0.0576923076923076,-0.0865384615384615,,,0.0227692307692307,0.1035128205128204,-0.2115384615384615,-0.3192307692307692,0.0031461831078569,-0.3510375023795926,450.0,425.0,1.0,0.0031486146095718,0.0031486146095718,0.0008508283320844
2006-11-02,510.0,510.0,510.0,510.0,1000.0,510.0,510.0,521.3,509.36,467.5466666666667,371.675,False,False,False,False,False,False,True,True,False,True,False,-0.0392156862745098,-0.0392156862745098,,,0.0012549019607842,0.0832418300653594,-0.1764705882352941,-0.2725490196078431,0.0029373181999657,-0.355073853826971,440.0,440.0,1.0,0.0023558975969844,-0.0007927170125874,-0.0002088649078911
2006-11-06,500.0,500.0,500.0,500.0,1000.0,500.0,506.0,517.3,510.16,468.4666666666666,372.875,False,False,False,False,False,False,True,True,False,True,False,-0.06,-0.02,,,-0.02032,0.0630666666666668,-0.118,-0.22,0.0019638537071294,-0.3539532186352213,440.0,450.0,1.0,0.001568135486906,-0.0007877621100783,-0.0009734644928363
2006-11-09,500.0,500.0,500.0,500.0,2000.0,500.0,506.0,514.2,510.56,469.4,374.12,False,False,False,False,False,False,True,True,False,True,False,-0.05,-0.04,,,-0.02112,0.0612,-0.1,-0.32,0.0019883539269991,-0.3636717230649553,440.0,450.0,2.0,0.0007834534628642,-0.0007846820240418,2.450021986970036e-05
2006-11-13,490.0,490.0,490.0,490.0,1000.0,490.0,504.0,510.1,510.96,469.4666666666666,375.325,False,False,False,False,False,False,True,True,False,True,False,0.0,-0.0204081632653061,,,-0.0427755102040815,0.041904761904762,-0.1040816326530612,-0.3061224489795918,0.0001420051121839,-0.3585571456577142,441.0,450.0,0.5,0.0007828401440425,-6.133188217192446e-07,-0.0018463488148152
2006-11-14,490.0,490.0,490.0,490.0,1000.0,490.0,498.0,506.0,510.56,469.3333333333333,376.6,False,False,False,False,False,False,False,False,False,True,False,-0.0306122448979591,-0.0204081632653061,,,-0.0419591836734693,0.0421768707482993,-0.1122448979591836,-0.2755102040816326,-0.0002840909090907,-0.3326086956521739,440.0,455.0,1.0,-0.0007834534628642,-0.0015662936069068,-0.0004260960212746
2006-11-20,490.0,490.0,490.0,490.0,1000.0,490.0,494.0,502.0,510.16,469.8666666666667,377.83,False,False,False,False,False,False,False,True,False,True,False,0.0,-0.0408163265306122,,,-0.0411428571428571,0.0410884353741496,-0.1020408163265306,-0.2673469387755102,0.0011350737797957,-0.3097609561752988,462.0,465.0,1.0,-0.0007840677434529,-6.142805887284853e-07,0.0014191646888865
2006-11-22,470.0,470.0,470.0,470.0,1000.0,470.0,488.0,497.0,509.36,470.52,378.905,False,False,False,False,False,False,False,True,False,True,False,0.0425531914893617,0.0212765957446808,,,-0.0837446808510638,-0.0011063829787233,-0.0638297872340425,-0.2553191489361702,0.0013885346708605,-0.2895372233400402,450.0,450.0,1.0,-0.0015705983979896,-0.0007865306545366,0.0002534608910648
2006-11-27,474.0,475.0,474.0,475.0,2000.0,475.0,483.0,494.5,507.96,470.96,380.045,False,False,False,False,False,False,False,True,False,True,False,0.0105263157894736,-0.0105263157894736,,,-0.0693894736842104,0.0085052631578947,-0.0736842105263157,-0.2442105263157894,0.0009342619330728,-0.2808897876643073,450.0,452.0,2.0,-0.002756122529333,-0.0011855241313434,-0.0004542727377876
2006-11-30,490.0,490.0,490.0,490.0,1000.0,490.0,483.0,493.5,507.56,471.76,381.2,False,False,False,False,False,False,False,True,False,False,False,-0.0204081632653061,-0.0612244897959183,,,-0.0358367346938775,0.0372244897959183,-0.0918367346938775,-0.2714285714285714,0.0016957775139901,-0.2755825734549139,440.0,450.0,0.5,-0.000788084167389,0.001968038361944,0.0007615155809173
2006-12-12,490.0,490.0,475.0,475.0,3000.0,475.0,480.0,489.0,506.48,472.0933333333333,382.275,False,False,False,False,False,False,False,True,False,True,False,0.0105263157894736,-0.031578947368421,,,-0.0662736842105263,0.006119298245614,-0.0526315789473684,-0.2673684210526316,0.0007060750699013,-0.2701431492842536,440.0,451.0,3.0,-0.0021323645553624,-0.0013442803879734,-0.0009897024440887
2006-12-25,490.0,490.0,490.0,490.0,2000.0,490.0,480.0,487.0,506.04,472.76,383.425,False,False,False,False,False,False,False,True,False,False,False,-0.0408163265306122,-0.0591836734693877,,,-0.032734693877551,0.0351836734693877,-0.1020408163265306,-0.2857142857142857,0.0014101587838791,-0.2714579055441478,450.0,460.0,0.6666666666666666,-0.0008694964824914,0.0012628680728709,0.0007040837139777
2006-12-29,490.0,490.0,490.0,490.0,1000.0,490.0,484.0,486.0,505.6,473.56,384.575,False,False,False,False,False,False,False,True,False,True,False,-0.0204081632653061,-0.0816326530612244,,,-0.0318367346938776,0.0335510204081632,-0.0816326530612244,-0.3877551020408163,0.0016893318692457,-0.288477366255144,450.0,445.0,0.5,-0.0008702531645569,-7.566820654593192e-07,0.0002791730853666
2007-01-04,480.0,480.0,480.0,480.0,1000.0,480.0,485.0,484.0,504.6,474.62666666666667,385.72,False,False,False,False,False,False,False,True,False,True,False,-0.0208333333333333,-0.0416666666666666,,,-0.05125,0.0111944444444444,-0.0625,-0.3729166666666667,0.0022473803972244,-0.2935950413223141,475.0,440.0,1.0,-0.0019817677368212,-0.0011115145722642,0.0005580485279787
2007-01-09,480.0,480.0,480.0,480.0,1000.0,480.0,483.0,483.0,503.72,475.4266666666667,386.82,False,False,False,False,False,False,False,True,False,False,False,-0.0416666666666666,-0.0833333333333333,,,-0.0494166666666667,0.0095277777777777,-0.0625,-0.3645833333333333,0.001682699049275,-0.2993788819875776,500.0,430.0,1.0,-0.0017470023028666,0.0002347654339545,-0.0005646813479494
2007-01-25,480.0,480.0,480.0,480.0,1000.0,480.0,484.0,482.0,502.52,476.16,387.87,False,False,False,False,False,False,False,True,False,True,False,-0.0416666666666666,-0.1458333333333333,,,-0.0469166666666666,0.0079999999999999,-0.0625,-0.3770833333333333,0.0015400985663082,-0.3095435684647302,480.0,436.0,1.0,-0.0023879646581231,-0.0006409623552564,-0.0001426004829667
2007-01-30,470.0,470.0,470.0,470.0,2000.0,470.0,480.0,480.0,499.32,476.56,388.87,False,False,False,False,False,False,False,True,False,True,False,-0.0191489361702127,-0.1063829787234042,,,-0.0623829787234042,-0.0139574468085106,-0.0851063829787234,-0.4234042553191489,0.0008393486654355,-0.325,480.0,430.0,2.0,-0.0064087158535608,-0.0040207511954376,-0.0007007499008727
2007-01-31,480.0,480.0,480.0,480.0,1000.0,480.0,478.0,481.0,496.92,476.96,389.92,False,False,False,False,False,False,False,True,False,False,True,-0.0625,-0.08125,,,-0.03525,0.0063333333333333,-0.125,-0.40625,0.0008386447500838,-0.3399168399168399,480.0,430.0,0.5,-0.0048297512678096,0.0015789645857511,-7.039153517574004e-07
2007-02-01,470.0,470.0,470.0,470.0,1000.0,470.0,476.0,480.5,494.48,477.2266666666667,390.895,False,False,False,False,False,False,False,True,False,True,False,-0.0212765957446808,-0.0425531914893617,,,-0.0520851063829787,-0.0153758865248227,-0.1063829787234042,-0.3638297872340426,0.0005587840858293,-0.3517169614984391,490.0,431.0,1.0,-0.0049344766219058,-0.0001047253540961,-0.0002798606642544
2007-02-06,460.0,460.0,460.0,460.0,1000.0,460.0,472.0,477.5,491.64,477.36,391.82,False,False,False,False,False,False,False,True,False,True,False,-0.0434782608695652,-0.0456521739130434,,,-0.0687826086956521,-0.0377391304347826,-0.0630434782608695,-0.3478260869565217,0.0002793140048041,-0.3595811518324607,480.0,435.0,1.0,-0.0057765844927183,-0.0008421078708124,-0.0002794700810251
2007-02-20,450.0,460.0,450.0,460.0,3000.0,460.0,468.0,476.0,488.8,477.4266666666667,392.745,False,False,False,False,False,False,False,True,False,True,False,-0.108695652173913,-0.0543478260869565,,,-0.0626086956521739,-0.0378840579710145,-0.0869565217391304,-0.6086956521739131,0.0001396375010472,-0.3928571428571428,500.0,450.0,3.0,-0.0058101472995089,-3.3562806790636904e-05,-0.0001396765037569
2007-02-26,460.0,461.0,460.0,461.0,2000.0,461.0,466.2,473.1,486.04,477.3733333333333,393.645,False,False,False,False,False,False,False,False,False,False,False,-0.088937093275488,-0.0455531453362256,,,-0.0543167028199566,-0.035516992046276,-0.1106290672451193,-0.579175704989154,-0.0001117224813564,-0.4221094905939548,500.0,440.0,0.6666666666666666,-0.0056785449757221,0.0001316023237868,-0.0002513599824037
2007-02-27,450.0,450.0,450.0,450.0,1000.0,450.0,460.2,469.1,483.24,477.3733333333333,394.495,False,False,False,False,False,False,False,False,False,True,False,-0.02,-0.0222222222222222,,,-0.0738666666666666,-0.0608296296296295,-0.0777777777777777,-0.6133333333333333,0.0,-0.4440417821360051,490.0,440.0,0.5,-0.0057942223325883,-0.0001156773568662,0.0001117224813564
2007-02-28,460.0,460.0,460.0,460.0,1000.0,460.0,458.2,467.1,481.64,477.48,395.35,False,False,False,False,False,False,False,True,False,False,False,-0.0217391304347826,-0.0434782608695652,,,-0.0470434782608695,-0.038,-0.1304347826086956,-0.5369565217391304,0.000223395046215,-0.4605009633911368,510.0,440.0,1.0,-0.0033219832239847,0.0024722391086036,0.000223395046215
2007-03-06,445.0,445.0,440.0,440.0,2000.0,440.0,454.2,463.1,479.24,477.3466666666667,396.15,False,False,False,False,False,False,False,False,False,True,False,-0.0022727272727272,0.0113636363636363,,,-0.0891818181818182,-0.0848787878787879,-0.0454545454545454,-0.5,-0.0002793218066534,-0.474195638091125,500.0,441.0,2.0,-0.0050079292212669,-0.0016859459972821,-0.0005027168528684
2007-03-14,430.0,430.0,410.0,410.0,3000.0,410.0,444.2,456.1,474.84,476.8,396.8,False,False,True,False,False,False,False,False,False,True,False,0.0609756097560975,0.0975609756097561,,,-0.1581463414634145,-0.1629268292682927,0.0365853658536585,-0.4365853658536585,-0.0011465324384787,-0.4810348607761456,502.0,440.0,1.5,-0.0092662791677197,-0.0042583499464527,-0.0008672106318253
2007-03-16,420.0,420.0,420.0,420.0,2000.0,420.0,436.0,451.1,471.24,476.26666666666665,397.515,False,False,False,False,False,False,False,False,False,False,False,0.0476190476190476,0.0476190476190476,,,-0.122,-0.1339682539682539,-0.0238095238095238,-0.4547619047619047,-0.0011198208286674,-0.4845932165816892,501.0,462.0,0.6666666666666666,-0.0076394194041252,0.0016268597635945,2.6711609811308447e-05
2007-03-26,441.0,441.0,441.0,441.0,1000.0,441.0,434.2,447.2,468.88,476.2133333333333,398.345,False,False,False,False,False,False,False,False,False,False,False,-0.0022675736961451,0.0204081632653061,,,-0.063219954648526,-0.0798488284202569,-0.0249433106575963,-0.4829931972789115,-0.000111994624258,-0.4928443649373881,501.0,450.0,0.5,-0.0050332707729056,0.0026061486312195,0.0010078262044094
2007-03-30,450.0,450.0,450.0,450.0,2000.0,450.0,432.2,445.2,466.88,476.3466666666667,399.27,False,False,False,False,False,False,False,True,False,False,False,-0.0222222222222222,0.0,,,-0.0375111111111111,-0.0585481481481482,-0.0666666666666666,-0.4933333333333333,0.0002799081901137,-0.506513926325247,505.0,450.0,2.0,-0.0042837559972583,0.0007495147756472,0.0003919028143717
2007-04-09,439.0,439.0,439.0,439.0,2000.0,439.0,432.0,443.1,464.84,476.4666666666666,400.09,False,False,False,False,False,False,False,True,False,True,False,0.0136674259681093,0.0250569476082004,,,-0.0588610478359908,-0.0853454821564159,-0.0888382687927107,-0.2984054669703872,0.0002518539247234,-0.5023696682464456,502.0,440.0,1.0,-0.0043886068324585,-0.0001048508352001,-2.805426539031488e-05
2007-04-12,435.0,435.0,435.0,435.0,1000.0,435.0,437.0,440.6,462.64,476.4533333333333,400.765,False,False,False,False,False,False,False,False,False,True,False,0.0344827586206896,0.0344827586206896,,,-0.0635402298850574,-0.095295019157088,-0.1034482758620689,-0.2574712643678161,-2.7984552526860336e-05,-0.4670903313663186,510.0,440.0,0.5,-0.0047553173093549,-0.0003667104768964,-0.0002798384772502
2007-04-13,435.0,440.0,435.0,440.0,5000.0,440.0,441.0,438.5,460.64,476.5866666666666,401.54,False,False,False,False,False,False,False,True,False,False,False,0.0,-0.0227272727272727,,,-0.0469090909090908,-0.0831515151515149,-0.0954545454545454,-0.2204545454545454,0.0002797672336614,-0.4305587229190422,550.0,450.0,5.0,-0.0043417853421326,0.0004135319672222,0.0003077517861883
2007-04-16,440.0,440.0,440.0,440.0,3000.0,440.0,440.8,437.5,459.44,476.72,402.365,False,False,False,False,False,False,False,True,False,False,False,0.0227272727272727,-0.0454545454545454,,,-0.0441818181818181,-0.0834545454545455,-0.05,-0.2204545454545454,0.0002796889858479,-0.3906285714285714,540.0,450.0,0.6,-0.0026118753264843,0.0017299100156482,-7.824781349854417e-08
2007-04-17,440.0,440.0,440.0,440.0,1000.0,440.0,438.8,435.5,458.04,476.84,403.185,False,False,False,False,False,False,False,True,False,True,False,0.0227272727272727,-0.0454545454545454,,,-0.041,-0.0837272727272726,-0.009090909090909,-0.2204545454545454,0.0002516567402062,-0.357979334098737,531.0,475.0,0.3333333333333333,-0.0030565016155793,-0.0004446262890949,-2.803224564171101e-05
2007-04-26,440.0,445.0,440.0,445.0,3000.0,445.0,440.0,436.0,456.24,476.97333333333336,403.91,False,False,False,False,False,False,False,True,False,True,False,0.0112359550561797,-0.0314606741573033,,,-0.0252584269662921,-0.0718501872659176,0.0292134831460674,-0.2314606741573033,0.0002795404355241,-0.3307339449541284,531.0,500.0,3.0,-0.0039452919516044,-0.000888790336025,2.788369531785292e-05
2007-04-27,450.0,450.0,450.0,450.0,1000.0,450.0,443.0,440.0,455.24,476.97333333333336,404.61,False,False,False,False,False,False,False,False,False,False,False,0.0,-0.0666666666666666,,,-0.0116444444444444,-0.0599407407407407,-0.1244444444444444,-0.1733333333333333,0.0,-0.3047727272727273,531.0,480.0,0.3333333333333333,-0.0021966435286881,0.0017486484229162,-0.0002795404355241
2007-05-24,440.0,440.0,440.0,440.0,1000.0,440.0,443.0,442.0,453.24,476.97333333333336,405.185,False,False,False,False,False,False,False,False,False,True,False,-0.0227272727272727,-0.0681818181818181,,,-0.0300909090909091,-0.084030303030303,-0.0613636363636363,-0.2409090909090909,0.0,-0.2841628959276018,530.0,480.0,1.0,-0.0044126731974229,-0.0022160296687348,0.0
2007-05-25,450.0,450.0,450.0,450.0,1000.0,450.0,445.0,442.9,451.64,477.1066666666667,405.79,False,False,False,False,False,False,False,True,False,False,False,-0.0666666666666666,-0.0777777777777777,,,-0.0036444444444444,-0.060237037037037,-0.1111111111111111,-0.2466666666666666,0.0002794623145068,-0.2605554301196658,520.0,480.0,1.0,-0.0035426445841821,0.0008700286132408,0.0002794623145068
2007-05-31,450.0,450.0,450.0,450.0,1000.0,450.0,447.0,442.9,450.44,477.24,406.395,False,False,False,False,False,False,False,True,False,False,False,-0.0666666666666666,-0.1111111111111111,,,-0.0009777777777777,-0.0605333333333333,-0.0666666666666666,-0.2311111111111111,0.0002793842371413,-0.2339128471438247,500.0,490.0,1.0,-0.0026640618062338,0.0008785827779482,-7.80773655482481e-08
2007-06-25,450.0,450.0,450.0,450.0,2000.0,450.0,448.0,444.0,449.24,477.36,407.02,False,False,False,False,True,False,False,True,False,True,True,-0.0422222222222222,-0.0666666666666666,,,0.0016888888888888,-0.0608,-0.0666666666666666,-0.4088888888888889,0.0002513826043237,-0.2452702702702702,500.0,480.0,2.0,-0.0026711779894933,-7.1161832594620125e-06,-2.800163281753432e-05
2007-06-29,450.0,450.0,450.0,450.0,1000.0,450.0,448.0,445.5,448.04,477.4933333333333,407.695,False,False,False,False,False,False,False,True,False,True,False,-0.0666666666666666,-0.0555555555555555,,,0.0043555555555555,-0.0610962962962961,-0.0711111111111111,-0.4088888888888889,0.0002792360102757,-0.2606060606060607,520.0,500.0,0.5,-0.0026783322917596,-7.154302266297596e-06,2.785340595195997e-05
2007-07-04,430.0,430.0,430.0,430.0,1000.0,430.0,446.0,444.5,446.44,477.06666666666666,408.27,False,False,False,False,False,False,False,False,False,True,False,-0.0465116279069767,-0.0465116279069767,,,-0.0382325581395348,-0.1094573643410852,-0.027906976744186,-0.4511627906976744,-0.0008943543879261,-0.2830146231721035,510.0,500.0,1.0,-0.0035839082519488,-0.0009055759601891,-0.0011735903982018
2007-07-12,420.0,420.0,420.0,420.0,3000.0,420.0,440.0,442.5,444.04,476.6666666666667,408.795,False,False,False,False,False,False,False,False,False,True,False,-0.0119047619047619,0.0238095238095238,,,-0.0572380952380952,-0.1349206349206349,-0.0238095238095238,-0.4380952380952381,-0.0008391608391607,-0.303954802259887,500.0,490.0,3.0,-0.0054049184758129,-0.0018210102238641,5.519354876532586e-05
2007-07-24,420.0,420.0,420.0,420.0,3000.0,420.0,434.0,440.5,442.04,476.26666666666665,409.32,False,False,False,False,False,False,False,False,False,False,False,-0.0476190476190476,0.0,,,-0.0524761904761905,-0.1339682539682539,-0.0238095238095238,-0.4119047619047619,-0.0008398656215006,-0.3225879682179342,500.0,510.0,1.0,-0.0045244774228576,0.0008804410529552,-7.04782339840072e-07
2007-07-25,430.0,431.0,430.0,431.0,4000.0,431.0,430.2,439.1,440.88,476.14666666666665,409.875,False,False,False,False,False,False,False,False,False,False,False,-0.025522041763341,-0.0719257540603248,,,-0.0229234338747099,-0.1047486465583912,-0.2111368909512761,-0.2900232018561485,-0.0002520231861331,-0.3286267365064905,490.0,500.0,1.3333333333333333,-0.0026311014334966,0.0018933759893609,0.0005878424353674
2007-07-30,420.0,420.0,420.0,420.0,1000.0,420.0,424.2,436.1,439.28,475.88,410.225,False,False,False,False,False,False,False,False,False,True,False,0.0119047619047619,-0.0714285714285714,,,-0.0459047619047618,-0.133047619047619,-0.4047619047619047,-0.2357142857142857,-0.0005603653582135,-0.3357028204540244,490.0,502.0,0.25,-0.0036423238025861,-0.0010112223690894,-0.0003083421720803
2007-08-09,410.0,410.0,410.0,410.0,2000.0,410.0,420.2,433.1,437.24,475.3466666666667,410.725,False,False,False,False,False,False,False,False,False,True,False,0.0,-0.0292682926829268,,,-0.0664390243902439,-0.1593821138211382,-0.3390243902439024,-0.1926829268292683,-0.0011219881630248,-0.3317940429462019,490.0,501.0,2.0,-0.004665629860031,-0.0010233060574449,-0.0005616228048112
2007-08-10,405.0,415.0,405.0,415.0,3000.0,415.0,419.2,429.6,435.84,474.88,411.25,False,False,False,False,False,False,False,False,False,False,False,0.036144578313253,0.0072289156626506,,,-0.0502168674698794,-0.144289156626506,-0.3156626506024096,-0.1180722891566265,-0.0009827044025157,-0.3200651769087523,470.0,501.0,1.5,-0.003212187958884,0.0014534419011469,0.000139283760509
2007-08-22,400.0,400.0,400.0,400.0,1000.0,400.0,415.2,424.6,433.44,473.88,411.675,False,False,False,False,False,False,False,False,False,True,False,0.05,0.09,,,-0.0836,-0.1846999999999999,-0.165,-0.085,-0.0021102388790411,-0.3073480923221856,475.0,505.0,0.3333333333333333,-0.0055370985603543,-0.0023249106014702,-0.0011275344765253
2007-08-31,420.0,420.0,420.0,420.0,1000.0,420.0,413.0,421.6,432.64,472.8133333333333,412.125,False,False,False,False,False,False,False,False,False,False,False,-0.0476190476190476,0.0904761904761904,,,-0.030095238095238,-0.1257460317460316,-0.1952380952380952,-0.1428571428571428,-0.0022559995488002,-0.280123339658444,490.0,502.0,1.0,-0.0018491124260355,0.0036879861343187,-0.000145760669759
2007-09-18,425.0,425.0,425.0,425.0,2000.0,425.0,414.0,419.1,433.24,472.08,412.6,False,False,False,False,False,False,True,False,True,False,False,-0.0823529411764705,-0.0729411764705882,,,-0.0193882352941176,-0.1107764705882352,-0.1670588235294117,-0.1529411764705882,-0.0015534090267185,-0.2534001431639228,475.0,510.0,2.0,0.0013849136737143,0.0032340260997499,0.0007025905220816
2007-09-19,410.0,410.0,410.0,410.0,1000.0,410.0,414.0,417.1,432.84,471.14666666666665,413.025,False,False,False,False,False,False,False,False,False,True,False,-0.0292682926829268,0.0073170731707317,,,-0.0557073170731706,-0.1491382113821137,-0.0951219512195122,-0.124390243902439,-0.0019809825673534,-0.2203308559098538,490.0,550.0,0.5,-0.0009241290084096,-0.002309042682124,-0.0004275735406348
2007-09-25,430.0,430.0,430.0,430.0,2000.0,430.0,417.0,418.1,432.4,470.48,413.6,False,False,False,False,False,False,False,False,False,True,True,-0.027906976744186,-0.0697674418604651,,,-0.0055813953488371,-0.0941395348837209,-0.0930232558139534,-0.1651162790697674,-0.0014169925749588,-0.1927768476441043,490.0,540.0,2.0,-0.0010175763182238,-9.344730981420875e-05,0.0005639899923945
2007-09-28,419.0,420.0,419.0,420.0,2000.0,420.0,421.0,418.1,431.2,469.5466666666667,414.125,False,False,False,False,False,False,False,False,False,True,False,0.0380952380952381,0.0,,,-0.0266666666666666,-0.117968253968254,-0.1904761904761904,-0.1428571428571428,-0.0019877328487051,-0.1657498206170772,480.0,531.0,1.0,-0.0027829313543598,-0.001765355036136,-0.0005707402737463
2007-10-15,400.0,400.0,400.0,400.0,1000.0,400.0,417.0,415.0,429.64,468.48,414.58,False,False,False,False,False,False,False,False,False,True,False,0.145,0.05,,,-0.0740999999999999,-0.1712,-0.15,-0.1,-0.0022768670309653,-0.1465060240963855,480.0,531.0,0.5,-0.0036309468392142,-0.0008480154848543,-0.0002891341822602
2007-10-17,390.0,390.0,390.0,390.0,1000.0,390.0,410.0,412.0,427.84,467.0133333333333,415.005,False,False,False,False,False,False,False,False,False,True,False,0.0102564102564102,0.0717948717948717,,,-0.0970256410256409,-0.1974700854700854,-0.0897435897435897,-0.1666666666666666,-0.0031405241820362,-0.1393203883495145,480.0,531.0,1.0,-0.0042071802543007,-0.0005762334150864,-0.0008636571510708
2007-10-25,398.0,398.0,398.0,398.0,1000.0,398.0,407.6,410.8,426.16,465.6533333333333,415.445,False,False,False,False,False,False,False,False,False,False,False,0.0376884422110552,0.050251256281407,,,-0.0707537688442211,-0.1699832495812394,-0.0979899497487437,-0.1809045226130653,-0.0029206276486084,-0.1380233690360272,470.0,530.0,1.0,-0.0039421813403415,0.0002649989139591,0.0002198965334278
2007-10-31,418.0,418.0,418.0,418.0,1000.0,418.0,405.2,411.1,425.28,464.6933333333333,416.01,False,False,False,False,False,False,False,False,False,False,False,-0.0430622009569378,-0.0191387559808612,,,-0.0174162679425836,-0.1117065390749601,-0.1626794258373205,-0.2559808612440191,-0.0020658785722483,-0.152031135976648,480.0,520.0,1.0,-0.0020692249811889,0.0018729563591525,0.0008547490763601
2007-11-26,438.0,438.0,436.0,436.0,3000.0,436.0,408.4,414.7,425.12,463.70666666666665,416.69,False,False,False,False,True,False,False,False,False,False,True,-0.036697247706422,-0.0596330275229357,,,0.0249541284403669,-0.0635474006116207,-0.1766055045871559,-0.2522935779816513,-0.0021277819311058,-0.169037858693031,470.0,500.0,3.0,-0.0003763643206623,0.0016928606605266,-6.19033588575772e-05
2007-11-30,458.0,458.0,458.0,458.0,1000.0,458.0,420.0,418.5,425.64,463.14666666666665,417.48,False,False,False,False,False,False,True,False,True,False,False,-0.0829694323144104,-0.2576419213973799,,,0.0706550218340611,-0.0112372634643376,-0.2205240174672489,-0.2685589519650655,-0.0012091202210962,-0.1825567502986857,460.0,500.0,0.3333333333333333,0.0012216896908184,0.0015980540114808,0.0009186617100096
2007-12-19,394.0,394.0,394.0,394.0,1000.0,394.0,420.8,415.4,423.4,461.70666666666665,417.95,False,False,False,False,False,False,False,False,False,True,False,0.0609137055837563,-0.365482233502538,,,-0.0746192893401014,-0.1718443316412859,-0.116751269035533,-0.2893401015228426,-0.0031188633475799,-0.1957149735194991,460.0,520.0,1.0,-0.0052905054322154,-0.0065121951230339,-0.0019097431264837
2007-12-25,413.0,413.0,413.0,413.0,1000.0,413.0,423.8,415.7,422.32,460.53333333333336,418.49,False,False,False,False,False,False,False,False,False,False,False,0.0121065375302663,-0.3438256658595641,,,-0.0225665859564164,-0.1150928167877321,-0.1525423728813559,-0.2736077481840194,-0.0025477707006368,-0.2104883329324031,461.0,510.0,1.0,-0.0025573025194165,0.0027332029127989,0.0005710926469431
2007-12-28,400.0,400.0,400.0,400.0,2000.0,400.0,420.2,412.7,420.32,459.18666666666667,418.99,False,False,False,False,False,False,False,False,False,True,False,0.025,-0.29,,,-0.0507999999999999,-0.1479666666666666,-0.25,-0.2525,-0.0029327216237405,-0.2192876181245456,450.0,500.0,2.0,-0.0047582794061667,-0.0022009768867502,-0.0003849509231037
2008-01-28,420.0,420.0,420.0,420.0,4000.0,420.0,417.0,412.7,419.12,458.0533333333333,419.49,False,False,False,False,True,False,False,False,False,False,False,-0.0238095238095238,-0.2047619047619047,,,0.002095238095238,-0.0906031746031744,-0.2833333333333333,-0.288095238095238,-0.002474238807708,-0.234068330506421,460.0,500.0,2.0,-0.0028631418209581,0.0018951375852085,0.0004584828160324
2008-01-31,420.0,420.0,420.0,420.0,2000.0,420.0,409.4,414.7,417.92,456.96,420.015,False,False,False,False,False,False,False,False,False,True,True,-0.1904761904761904,-0.1952380952380952,,,0.0049523809523809,-0.0879999999999999,-0.2738095238095238,-0.288095238095238,-0.002392623716153,-0.2524716662647697,440.0,490.0,0.5,-0.0028713629402756,-8.221119317452716e-06,8.161509155502284e-05
2008-02-01,420.0,420.0,418.0,418.0,3000.0,418.0,414.2,417.5,416.64,455.73333333333335,420.53,False,False,False,False,False,False,False,False,False,True,False,-0.4019138755980861,-0.1531100478468899,,,0.0032535885167464,-0.0902711323763955,-0.284688995215311,-0.2033492822966507,-0.0026916325336453,-0.255568862275449,410.0,490.0,1.5,-0.0030721966205837,-0.0002008336803081,-0.0002990088174922
2008-02-05,418.0,418.0,418.0,418.0,2000.0,418.0,415.2,419.5,416.16,453.97333333333336,421.045,False,False,False,False,False,False,False,False,False,False,False,-0.3516746411483253,-0.1124401913875598,,,0.004401913875598,-0.0860606060606061,-0.3516746411483253,-0.1985645933014354,-0.0038768796992481,-0.2569725864123957,420.0,490.0,0.6666666666666666,-0.0011534025374854,0.0019187940830982,-0.0011852471656027
2008-02-25,410.0,411.0,410.0,410.0,4000.0,410.0,417.2,418.7,415.76,452.24,421.545,False,False,False,False,False,True,False,False,False,False,False,-0.3073170731707317,-0.048780487804878,,,-0.0140487804878048,-0.1030243902439024,-0.3048780487804878,-0.1829268292682926,-0.0038327731587947,-0.2498208741342249,441.0,470.0,2.0,-0.0009620935154897,0.0001913090219957,4.410654045332654e-05
2008-02-29,409.0,410.0,409.0,410.0,2000.0,410.0,415.2,416.1,415.36,450.62666666666667,422.145,False,False,False,False,False,False,False,False,False,True,False,-0.1853658536585365,-0.1707317073170731,,,-0.0130731707317073,-0.0990894308943089,-0.2707317073170732,-0.1975609756097561,-0.0035801994259845,-0.2444124008651767,450.0,475.0,0.5,-0.0009630200308165,-9.26515326798538e-07,0.0002525737328101
2008-03-18,354.0,354.0,340.0,340.0,2000.0,340.0,399.2,404.3,411.72,448.08,422.345,False,False,False,False,False,False,False,False,False,True,False,-0.0058823529411764,0.0,,,-0.2109411764705883,-0.3178823529411764,-0.1176470588235294,-0.0294117647058823,-0.0056835088972207,-0.2235963393519664,439.0,490.0,1.0,-0.0088409598756436,-0.007877939844827,-0.0021033094712361
2008-03-21,300.0,300.0,250.0,250.0,3000.0,250.0,365.6,389.9,404.92,444.3333333333333,422.12,False,False,False,False,False,False,False,False,False,True,False,0.416,0.42,,,-0.61968,-0.7773333333333332,-0.28,0.32,-0.0084321080270067,-0.182097973839446,435.0,475.0,1.5,-0.0167934406796404,-0.0079524808039968,-0.0027485991297859
2008-03-26,271.0,271.0,271.0,271.0,1000.0,271.0,336.2,375.7,399.36,440.88,422.075,False,False,False,False,False,False,False,False,False,False,False,0.3690036900369003,0.3247232472324723,,,-0.4736531365313653,-0.6268634686346863,-0.2841328413284132,0.1033210332103321,-0.0078328192100646,-0.1514506254990683,440.0,490.0,0.3333333333333333,-0.0139222756410256,0.0028711650386148,0.000599288816942
2008-03-27,284.0,284.0,284.0,284.0,2000.0,284.0,311.0,364.1,394.12,437.73333333333335,422.14,False,False,False,False,False,False,False,False,False,False,False,0.3732394366197183,0.2323943661971831,,,-0.3877464788732394,-0.5413145539906103,-0.3873239436619718,0.1267605633802817,-0.0071885470606152,-0.1186487228783302,440.0,490.0,2.0,-0.0132954430122805,0.0006268326287451,0.0006442721494494
2008-03-31,334.0,334.0,334.0,334.0,1000.0,334.0,295.8,355.5,391.48,435.52,422.435,False,False,False,False,False,False,False,False,False,False,False,0.0179640718562874,0.0748502994011976,,,-0.1720958083832336,-0.3039520958083831,-0.3622754491017964,-0.1167664670658682,-0.0050820475140828,-0.0984528832630098,440.0,480.0,0.5,-0.0067436395218146,0.0065518034904659,0.0021064995465323
2008-04-01,338.0,338.0,338.0,338.0,1000.0,338.0,295.4,347.3,388.2,433.36,422.72,False,False,False,False,False,False,False,False,False,True,False,0.0059171597633136,0.0562130177514792,,,-0.1485207100591715,-0.2821301775147929,-0.3491124260355029,-0.1568047337278106,-0.0049843086579286,-0.0811978116901813,445.0,480.0,1.0,-0.0084492529623905,-0.0017056134405759,9.773885615419008e-05
2008-04-25,354.0,354.0,354.0,354.0,1000.0,354.0,316.2,340.9,385.36,431.14666666666665,423.145,False,False,False,False,False,False,False,False,False,False,False,0.0028248587570621,-0.0169491525423728,,,-0.0885875706214689,-0.2179284369114877,-0.3474576271186441,-0.1949152542372881,-0.0051335972290945,-0.0780287474332648,450.0,480.0,1.0,-0.0073697321984637,0.0010795207639268,-0.0001492885711659
2008-04-28,371.0,371.0,371.0,371.0,1000.0,371.0,336.2,336.2,383.8,429.29333333333335,423.6,False,False,False,False,False,False,False,False,False,False,False,-0.0323450134770889,-0.0566037735849056,,,-0.0345013477088949,-0.1571248876909254,-0.3827493261455525,-0.2857142857142857,-0.004317172407367,-0.0859607376561569,440.0,470.0,1.0,-0.0040646169880145,0.0033051152104491,0.0008164248217275
2008-04-30,390.0,390.0,390.0,390.0,1000.0,390.0,357.4,334.2,382.2,427.82666666666665,424.125,False,False,False,False,True,False,False,False,False,True,False,-0.1025641025641025,-0.2307692307692307,,,0.02,-0.0969914529914529,-0.4153846153846154,-0.3333333333333333,-0.003428179636613,-0.1029323758228605,450.0,480.0,1.0,-0.0041862899005756,-0.000121672912561,0.000888992770754
2008-05-21,340.0,340.0,340.0,340.0,1000.0,340.0,358.6,327.2,379.0,425.6933333333333,424.35,False,False,False,False,False,False,False,False,False,True,False,0.0558823529411764,-0.1147058823529411,,,-0.1147058823529411,-0.2520392156862745,-0.3294117647058823,-0.1970588235294117,-0.0050114323300028,-0.1008557457212714,450.0,470.0,1.0,-0.0084432717678099,-0.0042569818672343,-0.0015832526933897
2008-05-22,340.0,340.0,340.0,340.0,1000.0,340.0,359.0,327.2,376.6,423.6933333333333,424.675,False,False,False,False,False,False,False,False,False,False,False,0.05,-0.1029411764705882,,,-0.1076470588235294,-0.246156862745098,-0.0941176470588235,-0.1470588235294117,-0.0047203952544293,-0.113080684596577,450.0,460.0,1.0,-0.0063728093467869,0.002070462421023,0.0002910370755734
2008-05-26,355.0,355.0,355.0,355.0,1000.0,355.0,359.2,337.7,375.2,421.8933333333333,425.075,False,False,False,False,False,False,False,False,False,False,True,-0.0197183098591549,-0.1577464788732394,,,-0.0569014084507042,-0.188431924882629,-0.0901408450704225,-0.1830985915492957,-0.004266481259086,-0.1525022209061297,450.0,460.0,1.0,-0.0037313432835821,0.0026414660632048,0.0004539139953432
2008-05-30,359.0,359.0,359.0,359.0,1000.0,359.0,356.8,346.5,373.64,420.14666666666665,425.57,False,False,False,False,False,False,False,False,False,True,False,-0.0250696378830083,-0.245125348189415,,,-0.0407799442896935,-0.1703249767873722,-0.0445682451253481,-0.192200557103064,-0.0041572784107137,-0.1766233766233766,430.0,461.0,1.0,-0.0041751418477679,-0.0004437985641857,0.0001092028483723
2008-06-18,350.0,350.0,350.0,350.0,1000.0,350.0,348.8,353.1,370.92,418.5466666666667,426.02,False,False,False,False,False,False,False,False,False,True,False,-0.1428571428571428,-0.1857142857142857,,,-0.0597714285714286,-0.195847619047619,-0.02,-0.1714285714285714,-0.0038227517441304,-0.2005097706032285,420.0,450.0,1.0,-0.0073331176534022,-0.0031579758056343,0.0003345266665833
2008-06-25,359.0,359.0,359.0,359.0,3000.0,359.0,352.6,355.6,367.84,417.0,426.42,False,False,False,False,False,False,False,False,False,True,False,-0.1615598885793872,-0.1671309192200557,,,-0.0246239554317548,-0.1615598885793872,-0.0445682451253481,-0.192200557103064,-0.003709032773781,-0.2075365579302587,420.0,460.0,3.0,-0.0083732057416269,-0.0010400880882246,0.0001137189703493
2008-06-30,357.0,357.0,357.0,357.0,2000.0,357.0,356.0,357.5,363.8,415.2266666666667,426.745,False,False,False,False,False,False,False,False,False,True,False,-0.1456582633053221,-0.1596638655462184,,,-0.019047619047619,-0.1630999066293184,-0.042016806722689,-0.1876750700280112,-0.004270759745681,-0.2103496503496503,431.0,440.0,0.6666666666666666,-0.0111050027487629,-0.002731797007136,-0.0005617269719
2008-07-25,348.0,348.0,348.0,348.0,3000.0,348.0,354.6,356.9,361.96,413.53333333333336,426.965,False,False,False,False,False,False,False,False,False,False,False,-0.1408045977011494,-0.4827586206896552,,,-0.0401149425287355,-0.1883141762452108,0.0689655172413793,-0.1666666666666666,-0.0040947928421731,-0.2076211824040346,420.0,410.0,1.5,-0.0050834346336612,0.0060215681151016,0.0001759669035078
2008-07-31,350.0,350.0,350.0,350.0,1000.0,350.0,352.8,354.8,359.44,411.6666666666667,427.24,False,False,False,False,False,False,False,False,False,True,False,-0.2257142857142857,-0.4457142857142857,,,-0.0269714285714285,-0.1761904761904762,-0.0457142857142857,-0.1714285714285714,-0.0045344129554656,-0.1958850056369785,410.0,420.0,0.3333333333333333,-0.0070109058535499,-0.0019274712198886,-0.0004396201132924
2008-08-06,300.0,300.0,300.0,300.0,2000.0,300.0,342.8,345.8,355.44,409.1333333333333,427.265,False,False,False,False,False,False,False,False,False,True,False,-0.05,-0.42,,,-0.1848,-0.3637777777777777,0.13,0.0,-0.0061919504643963,-0.1633892423366107,415.0,441.0,2.0,-0.0112536574386675,-0.0042427515851176,-0.0016575375089307
2008-08-08,301.0,301.0,301.0,301.0,1000.0,301.0,331.2,341.9,350.68,406.7466666666666,427.27,False,False,False,False,False,False,False,False,False,True,False,-0.0066445182724252,-0.292358803986711,,,-0.1650498338870432,-0.3513178294573642,0.1495016611295681,-0.0365448504983388,-0.0058676981577395,-0.1488739397484644,400.0,450.0,0.5,-0.013573628379149,-0.0023199709404814,0.0003242523066567
2008-08-25,305.0,305.0,305.0,305.0,2000.0,305.0,320.8,338.4,346.08,404.41333333333336,427.295,False,False,False,False,False,False,False,False,False,False,False,-0.0163934426229508,-0.2786885245901639,,,-0.1346885245901639,-0.3259453551912569,-0.1278688524590163,-0.081967213114754,-0.0057696745903529,-0.1430260047281323,420.0,439.0,2.0,-0.013291724456773,0.0002819039223759,9.80235673866594e-05
2008-08-29,299.0,299.0,299.0,299.0,1000.0,299.0,311.0,332.8,341.32,402.0,427.315,False,False,False,False,False,False,False,False,False,True,False,-0.3979933110367893,-0.2274247491638795,,,-0.1415384615384615,-0.3444816053511705,-0.1103678929765886,-0.0301003344481605,-0.0060033167495854,-0.1286057692307692,425.0,435.0,0.5,-0.0139458572600491,-0.0006541328032761,-0.0002336421592325
2008-09-16,271.0,271.0,271.0,271.0,1000.0,271.0,295.2,324.0,335.44,399.3466666666667,427.17,False,False,False,False,False,False,False,False,False,True,False,-0.2841328413284132,-0.1549815498154981,,,-0.2377859778597786,-0.4736039360393604,-0.1291512915129151,0.070110701107011,-0.0066441855029881,-0.1049382716049382,410.0,440.0,1.0,-0.0175292153589315,-0.0035833580988823,-0.0006408687534026
2008-09-22,285.0,285.0,285.0,285.0,1000.0,285.0,292.2,317.5,330.44,396.7466666666666,427.19,False,False,False,False,False,False,False,False,False,False,False,-0.3894736842105263,-0.2,,,-0.159438596491228,-0.3920935672514617,-0.1719298245614035,0.0701754385964912,-0.0065533001747548,-0.0818897637795275,430.0,440.0,1.0,-0.0151313400314731,0.0023978753274583,9.088532823327623e-05
2008-09-25,299.0,299.0,299.0,299.0,3000.0,299.0,291.8,311.5,326.0,394.4666666666666,427.21,False,False,False,False,False,False,False,False,False,False,False,-0.2876254180602006,-0.2374581939799331,,,-0.0903010033444816,-0.3192865105908581,-0.1739130434782608,0.020066889632107,-0.0057799560588136,-0.0593900481540931,420.0,440.0,3.0,-0.0136196319018404,0.0015117081296327,0.0007733441159412
2008-09-30,300.0,300.0,300.0,300.0,2000.0,300.0,290.8,305.8,324.4,392.3333333333333,426.98,False,False,False,False,False,False,False,False,False,False,False,-0.2666666666666666,0.0266666666666666,,,-0.0813333333333332,-0.3077777777777777,0.02,0.0666666666666666,-0.0054375531011043,-0.0320470896010464,400.0,445.0,0.6666666666666666,-0.0049321824907522,0.0086874494110882,0.0003424029577093
2008-10-17,246.0,246.0,180.0,180.0,22000.0,180.0,267.0,289.0,321.6,388.6,425.975,False,False,False,False,False,False,False,False,False,True,False,0.2833333333333333,0.7944444444444444,,,-0.7866666666666668,-1.158888888888889,0.7833333333333333,0.9444444444444444,-0.0096071367301422,0.0449826989619377,390.0,450.0,11.0,-0.0087064676616914,-0.0037742851709391,-0.0041695836290379
2008-10-24,194.0,194.0,194.0,194.0,4000.0,194.0,251.6,273.4,318.52,385.04,425.07,False,False,False,False,False,False,False,False,False,True,False,0.1804123711340206,0.7680412371134021,,,-0.6418556701030926,-0.9847422680412372,0.7061855670103093,0.7783505154639175,-0.00924579264492,0.1247256766642283,398.0,440.0,0.1818181818181818,-0.0096697224664072,-0.0009632548047158,0.0003613440852222
2008-10-29,174.0,174.0,174.0,174.0,1000.0,174.0,229.4,260.8,314.12,381.36,424.04,False,False,False,False,False,False,False,False,False,True,False,0.3103448275862069,0.971264367816092,,,-0.8052873563218391,-1.1917241379310346,1.103448275862069,1.011494252873563,-0.0096496748479127,0.1982361963190183,418.0,450.0,0.25,-0.0140073857124665,-0.0043376632460592,-0.0004038822029927
2008-11-06,213.0,213.0,213.0,213.0,2000.0,213.0,212.2,252.0,309.28,378.06666666666666,423.205,False,False,False,False,False,False,False,False,False,True,False,0.0704225352112676,0.6103286384976526,,,-0.4520187793427229,-0.7749608763693271,0.7183098591549296,0.4929577464788732,-0.0087109857168048,0.2511904761904762,436.0,450.0,2.0,-0.0156492498706674,-0.0016418641582009,0.0009386891311079
2008-11-25,220.0,220.0,220.0,220.0,2000.0,220.0,196.2,243.5,304.56,375.1333333333333,422.43,False,False,False,False,False,False,False,False,False,False,False,0.4,0.5545454545454546,,,-0.3843636363636363,-0.7051515151515151,0.6363636363636364,0.4318181818181818,-0.0078194419761862,0.3092402464065709,458.0,450.0,1.0,-0.0154977672708168,0.0001514825998506,0.0008915437406185
2008-11-28,231.0,231.0,231.0,231.0,2000.0,231.0,206.4,236.7,299.64,372.7466666666666,421.71,False,False,False,False,False,False,False,False,False,True,False,0.3982683982683982,0.6103896103896104,,,-0.2971428571428571,-0.6136219336219334,0.5584415584415584,0.4329004329004329,-0.006402918872514,0.3641740599915504,394.0,450.0,1.0,-0.0164197036443733,-0.0009219363735564,0.0014165231036721
2008-12-02,229.0,229.0,229.0,229.0,1000.0,229.0,213.4,232.5,293.96,370.2,420.98,False,False,False,False,False,False,False,False,False,True,False,0.4978165938864629,0.4585152838427948,,,-0.2836681222707423,-0.616593886462882,0.5676855895196506,0.519650655021834,-0.006879164415631,0.413763440860215,413.0,430.0,0.5,-0.0193223567832358,-0.0029026531388625,-0.000476245543117
2008-12-18,228.0,228.0,228.0,228.0,1000.0,228.0,224.2,226.8,287.48,367.36,420.245,False,False,False,False,False,False,False,False,False,True,False,0.5043859649122807,0.4868421052631579,,,-0.2608771929824562,-0.6112280701754387,0.5745614035087719,0.5350877192982456,-0.0077308362369337,0.4691358024691356,400.0,420.0,1.0,-0.0225406984833726,-0.0032183417001367,-0.0008516718213026
2008-12-22,228.0,228.0,228.0,228.0,2000.0,228.0,227.2,219.7,283.0,364.4,419.535,False,False,False,False,False,False,False,False,False,False,False,0.5043859649122807,0.5175438596491229,,,-0.2412280701754386,-0.5982456140350876,0.5789473684210527,0.5131578947368421,-0.0081229418221735,0.5348202093764224,420.0,420.0,2.0,-0.0158303886925795,0.006710309790793,-0.0003921055852398
2008-12-24,308.0,308.0,308.0,308.0,1000.0,308.0,244.8,220.5,281.72,362.6533333333333,419.25,False,False,False,False,True,False,False,False,False,False,True,0.1103896103896103,-0.1363636363636363,,,0.0853246753246752,-0.1774458874458873,0.1688311688311688,0.1623376623376623,-0.0048163535424096,0.546485260770975,420.0,431.0,0.5,-0.0045435183870508,0.0112868703055286,0.0033065882797638
2008-12-25,323.0,323.0,323.0,323.0,3000.0,323.0,263.2,234.8,280.44,361.16,418.99,False,False,False,False,False,False,False,False,False,True,False,0.1517027863777089,-0.1764705882352941,,,0.1317647058823529,-0.1181424148606812,0.0061919504643962,0.0278637770897832,-0.004134824823716,0.4446337308347529,418.0,420.0,3.0,-0.0045642561688775,-2.0737781826708247e-05,0.0006815287186936
2008-12-26,343.0,343.0,343.0,343.0,1000.0,343.0,286.0,249.7,279.8,359.8666666666667,418.785,False,False,False,False,False,False,False,False,False,False,False,-0.0262390670553935,-0.3119533527696793,,,0.1842565597667638,-0.0491739552964042,-0.0495626822157434,0.0145772594752186,-0.0035939236754353,0.3596315578694434,418.0,410.0,0.3333333333333333,-0.0022873481057898,0.0022769080630877,0.0005409011482806
2008-12-30,343.0,343.0,343.0,343.0,1000.0,343.0,309.0,266.6,279.52,358.5733333333333,418.8,False,False,False,False,False,False,False,False,False,False,False,-0.0116618075801749,-0.3119533527696793,,,0.1850728862973761,-0.0454033041788143,-0.0932944606413994,0.0291545189504373,-0.0036068865504034,0.27456864216054,410.0,415.0,1.0,-0.0010017172295364,0.0012856308762533,-1.2962874968104525e-05
2009-01-20,343.0,343.0,343.0,343.0,1000.0,343.0,332.0,279.6,278.88,357.28,418.74,False,False,False,False,False,False,False,False,False,True,False,0.0087463556851311,-0.2798833819241982,,,0.1869387755102041,-0.0416326530612244,-0.0495626822157434,0.0145772594752186,-0.0036199432751157,0.2260371959942775,410.0,400.0,1.0,-0.0022948938611588,-0.0012931766316224,-1.3056724712238576e-05
2009-01-21,342.0,342.0,342.0,342.0,1000.0,342.0,338.8,291.8,278.28,355.9066666666667,418.6,False,False,False,False,False,False,False,False,False,False,False,-0.2222222222222222,-0.1052631578947368,,,0.1863157894736843,-0.0406627680311891,-0.0204678362573099,0.0321637426900584,-0.003858689544075,0.1877998629198081,340.0,420.0,1.0,-0.0021561017680035,0.0001387920931553,-0.0002387462689593
2009-01-22,405.0,405.0,372.0,372.0,2000.0,372.0,348.6,305.9,279.24,354.8666666666667,418.61,False,False,False,False,False,False,True,False,True,False,False,-0.2849462365591398,-0.1370967741935483,,,0.2493548387096774,0.0460573476702508,-0.2473118279569892,-0.086021505376344,-0.0029306781889912,0.1359921542987905,250.0,425.0,2.0,0.0034379028792437,0.0055940046472473,0.0009280113550838
2009-01-23,333.0,334.0,333.0,334.0,2000.0,334.0,346.8,316.4,278.6,353.4533333333333,418.415,False,False,False,False,False,False,False,False,False,True,False,-0.2934131736526946,-0.0089820359281437,,,0.1658682634730538,-0.0582435129740518,-0.1017964071856287,0.0628742514970059,-0.0039986419706515,0.1005056890012642,271.0,410.0,1.0,-0.0022972002871499,-0.0057351031663937,-0.0010679637816603
2009-01-26,339.0,339.0,339.0,339.0,1000.0,339.0,346.0,327.5,280.16,351.97333333333336,418.215,False,False,False,False,False,False,True,False,True,False,False,-0.303834808259587,0.079646017699115,,,0.1735693215339232,-0.0382694198623402,-0.1179941002949852,0.1002949852507374,-0.0042048640048487,0.0702290076335877,284.0,430.0,0.5,0.0055682467161622,0.0078654470033121,-0.0002062220341972
2009-01-30,346.0,346.0,346.0,346.0,1000.0,346.0,346.6,339.3,281.96,350.58666666666664,418.07,False,False,False,False,False,False,True,False,False,False,False,-0.2861271676300578,0.0578034682080924,,,0.1850867052023121,-0.0132562620423891,-0.1358381502890173,0.130057803468208,-0.0039552749676733,0.0465664603595638,334.0,420.0,1.0,0.0063838842388989,0.0008156375227367,0.0002495890371753
2009-02-02,266.0,266.0,266.0,266.0,2000.0,266.0,331.4,335.1,280.4,348.1333333333333,417.505,False,False,False,False,False,False,False,False,False,True,False,0.150375939849624,0.3533834586466165,,,-0.0541353383458645,-0.3087719298245613,0.1240601503759398,0.4398496240601504,-0.0070471083875909,0.0671441360787824,338.0,400.0,2.0,-0.0055634807417974,-0.0119473649806964,-0.0030918334199175
2009-02-03,266.0,266.0,266.0,266.0,1000.0,266.0,310.2,329.4,279.08,345.68,416.95,False,False,False,False,False,False,False,False,False,False,False,0.206766917293233,0.3533834586466165,,,-0.049172932330827,-0.2995488721804512,0.2518796992481203,0.1390977443609022,-0.0070971225796497,0.0768063145112325,354.0,390.0,0.5,-0.0047298265730256,0.0008336541687718,-5.001419205881083e-05
2009-02-04,236.0,236.0,236.0,236.0,1000.0,236.0,290.6,318.7,277.68,343.0933333333333,416.255,False,False,False,False,False,False,False,False,False,True,False,0.4025423728813559,0.5211864406779662,,,-0.1766101694915254,-0.4537853107344631,0.4194915254237288,0.2838983050847458,-0.0075392507383803,0.0988390335738939,371.0,398.0,1.0,-0.0050417747046959,-0.0003119481316703,-0.0004421281587305
2009-02-23,236.0,236.0,236.0,236.0,1000.0,236.0,270.0,308.0,275.72,340.64,415.535,False,False,False,False,False,False,False,False,False,True,False,0.5508474576271186,0.5211864406779662,,,-0.1683050847457628,-0.4433898305084745,0.4194915254237288,0.2669491525423729,-0.0072021293251917,0.1194805194805195,390.0,418.0,1.0,-0.0071086609603945,-0.0020668862556985,0.0003371214131885
2009-02-25,247.0,247.0,247.0,247.0,1000.0,247.0,250.2,298.4,273.64,338.3333333333333,414.87,False,False,False,False,False,False,False,False,False,True,False,0.4817813765182186,0.4574898785425101,,,-0.1078542510121457,-0.369770580296896,0.3319838056680162,0.194331983805668,-0.0068177339901477,0.1377345844504022,340.0,436.0,1.0,-0.0076012278906594,-0.0004925669302648,0.0003843953350439
2009-03-04,306.0,306.0,306.0,306.0,1000.0,306.0,258.2,294.8,273.88,336.6666666666667,414.5,False,False,False,False,True,False,True,False,False,False,False,0.1764705882352941,0.1764705882352941,,,0.1049673202614379,-0.1002178649237473,0.0784313725490196,-0.0849673202614379,-0.0049504950495048,0.1268656716417909,340.0,458.0,1.0,0.0008762961881116,0.008477524078771,0.0018672389406429
2009-03-25,321.0,321.0,321.0,321.0,1000.0,321.0,269.2,289.7,279.52,335.3466666666667,414.155,False,False,False,False,False,False,True,False,True,False,False,0.1214953271028037,0.0124610591900311,,,0.1292211838006231,-0.0446936656282451,0.02803738317757,-0.0841121495327102,-0.0039362251997932,0.1308249913703832,355.0,394.0,1.0,0.0201774470520892,0.0193011508639776,0.0010142698497116
2009-03-26,331.0,331.0,331.0,331.0,2000.0,331.0,288.2,289.4,285.0,334.2933333333333,413.76,False,False,False,False,False,False,True,False,False,True,False,0.0845921450151057,-0.0151057401812688,,,0.1389728096676737,-0.0099496475327289,-0.0966767371601208,-0.0694864048338368,-0.0031509253350352,0.1157567380787837,359.0,413.0,2.0,0.0192280701754386,-0.0009493768766505,0.0007852998647579
2009-04-02,366.0,366.0,366.0,366.0,1000.0,366.0,314.2,292.1,292.68,333.64,413.465,False,False,False,False,False,False,True,False,False,False,True,-0.0191256830601092,-0.1502732240437158,,,0.2003278688524589,0.0884153005464481,-0.1256830601092896,-0.1202185792349726,-0.001958198457419,0.0879835672714823,350.0,400.0,0.5,0.026240262402624,0.0070121922271853,0.0011927268776161
2009-04-15,366.0,366.0,366.0,366.0,1000.0,366.0,338.0,294.1,298.8,333.18666666666667,413.195,False,False,False,False,False,False,True,False,False,True,False,-0.0163934426229508,-0.1092896174863388,,,0.1836065573770491,0.0896539162112932,-0.1939890710382513,-0.0765027322404371,-0.0013605986634118,0.0625637538252294,359.0,420.0,1.0,0.0204819277108433,-0.0057583346917806,0.0005975997940072
2009-04-23,360.0,360.0,360.0,360.0,1000.0,360.0,348.8,303.5,304.4,332.38666666666666,412.895,False,False,False,False,False,False,True,False,False,True,False,0.0,-0.0694444444444444,,,0.1544444444444445,0.0767037037037037,-0.2083333333333333,-0.0361111111111111,-0.0024068354125717,0.0177924217462931,357.0,420.0,1.0,0.0183968462549276,-0.0020850814559157,-0.0010462367491598
2009-04-27,360.0,360.0,360.0,360.0,1000.0,360.0,356.6,312.9,309.56,331.52,412.645,False,False,False,False,False,False,True,False,False,True,False,-0.0972222222222222,-0.2222222222222222,,,0.1401111111111111,0.0791111111111111,-0.2083333333333333,-0.0055555555555555,-0.0026142213642213,0.0047938638542665,348.0,418.0,1.0,0.0166688202610157,-0.0017280259939118,-0.0002073859516496
2009-05-15,359.0,359.0,359.0,359.0,1000.0,359.0,362.2,325.2,314.76,330.84,412.405,False,False,False,False,False,False,True,False,False,True,False,-0.0919220055710306,-0.1643454038997214,,,0.1232311977715877,0.0784401114206128,-0.2618384401114206,-0.0389972144846796,-0.0020553741990086,-0.0202952029520294,350.0,418.0,1.0,0.0165205235735162,-0.0001482966874994,0.0005588471652127
2009-05-25,359.0,359.0,359.0,359.0,1000.0,359.0,360.8,337.5,320.0,329.8933333333333,412.045,False,False,False,False,False,False,True,False,False,True,False,-0.1337047353760445,-0.1671309192200557,,,0.1086350974930362,0.0810770659238626,-0.2757660167130919,-0.022284122562674,-0.0028696144208228,-0.0405925925925925,300.0,410.0,1.0,0.016375,-0.0001455235735162,-0.0008142402218142
2009-05-29,360.0,360.0,360.0,360.0,1000.0,360.0,359.6,348.8,325.28,329.0933333333333,411.695,False,False,False,False,False,False,True,False,False,True,False,-0.0944444444444444,-0.1694444444444444,,,0.0964444444444445,0.0858518518518519,-0.2416666666666666,-0.0194444444444444,-0.00243092131918,-0.0550458715596329,301.0,410.0,1.0,0.0162321692080668,-0.0001428307919332,0.0004386931016428
2009-06-15,360.0,360.0,360.0,360.0,1000.0,360.0,359.6,354.2,327.36,328.56,411.07,False,False,False,False,False,False,True,False,False,True,False,-0.0694444444444444,-0.1694444444444444,,,0.0906666666666666,0.0873333333333333,-0.1944444444444444,-0.0333333333333333,-0.001623244866488,-0.0502540937323546,305.0,340.0,1.0,0.0063538611925709,-0.0098783080154958,0.0008076764526919
2009-06-19,325.0,325.0,325.0,325.0,1000.0,325.0,352.6,354.6,327.44,327.6933333333333,410.195,False,False,False,False,False,False,True,False,False,True,False,-0.1384615384615384,0.0246153846153846,,,-0.0075076923076923,-0.0082871794871794,-0.1076923076923077,0.0461538461538461,-0.0026447491557147,-0.0383530738860688,299.0,250.0,1.0,0.0002443195699975,-0.0061095416225734,-0.0010215042892266
2009-06-24,326.0,326.0,326.0,326.0,1000.0,326.0,346.0,354.1,326.76,326.7333333333333,409.575,False,True,False,False,False,False,False,False,False,True,False,-0.0797546012269938,0.0276073619631901,,,-0.0023312883435582,-0.0022494887525561,-0.1104294478527607,-0.0674846625766871,-0.002938175882473,-0.0381248234961875,271.0,271.0,1.0,-0.0020810380707553,-0.0023253576407528,-0.0002934267267583
2009-06-25,311.0,311.0,311.0,311.0,1000.0,311.0,336.4,348.6,325.48,325.3066666666667,409.025,False,False,False,False,False,False,False,False,False,True,False,-0.0385852090032154,0.0771704180064308,,,-0.0465594855305466,-0.0460021436227224,-0.067524115755627,-0.0064308681672025,-0.0043856053774898,-0.0266781411359724,285.0,284.0,1.0,-0.0039326533120313,-0.001851615241276,-0.0014474294950167
2009-06-26,326.0,326.0,326.0,326.0,1000.0,326.0,329.6,344.6,324.8,323.84,408.445,False,False,False,False,True,False,False,False,False,False,False,-0.0828220858895705,0.00920245398773,,,0.0036809815950919,0.0066257668711657,-0.1104294478527607,-0.0490797546012269,-0.0045289855072464,-0.0235055136390018,299.0,334.0,1.0,-0.0020935960591133,0.001839057252918,-0.0001433801297566
2009-06-30,335.0,335.0,335.0,335.0,2000.0,335.0,324.6,342.1,324.52,322.2,407.97,False,False,False,False,False,False,False,False,False,False,False,-0.1074626865671641,-0.0149253731343283,,,0.0312835820895522,0.0382089552238806,-0.1343283582089552,-0.0746268656716417,-0.0050900062073246,-0.0271850336159018,300.0,338.0,2.0,-0.000862812769629,0.0012307832894842,-0.0005610207000781
2009-07-07,280.0,280.0,280.0,280.0,1000.0,280.0,315.6,334.1,320.84,320.68,407.12,False,False,False,False,False,False,False,False,False,True,False,0.1892857142857142,0.1785714285714285,,,-0.1458571428571427,-0.1452857142857143,0.0357142857142857,0.0321428571428571,-0.0047399276537357,-0.0245435498353787,180.0,354.0,0.5,-0.0114698915347213,-0.0106070787650922,0.0003500785535888
2009-07-15,300.0,300.0,300.0,300.0,1000.0,300.0,310.4,328.2,319.48,319.17333333333335,406.42,False,False,False,False,False,False,False,False,False,False,False,0.1166666666666666,-0.0033333333333333,,,-0.0649333333333334,-0.0639111111111111,-0.0333333333333333,-0.0766666666666666,-0.004720528030746,-0.0277269957343082,194.0,371.0,1.0,-0.0042569174909226,0.0072129740437987,1.939962298967961e-05
2009-07-16,299.0,299.0,299.0,299.0,1000.0,299.0,308.0,322.2,317.88,317.82666666666665,405.765,False,False,False,False,False,False,False,False,False,True,False,0.1204013377926421,0.0702341137123745,,,-0.06314381270903,-0.0629654403567446,0.0033444816053511,-0.060200668896321,-0.0042371103746277,-0.031346989447548,174.0,390.0,1.0,-0.0050333459166981,-0.0007764284257755,0.0004834176561183
2009-07-27,299.0,299.0,299.0,299.0,1000.0,299.0,302.6,316.1,316.0,316.2133333333333,405.26,False,False,True,False,False,False,False,False,False,True,False,0.1003344481605351,-0.0133779264214046,,,-0.0568561872909698,-0.0575696767001114,-0.0301003344481605,-0.0334448160535117,-0.0051020408163265,-0.0329009807023095,213.0,340.0,1.0,-0.0059493670886075,-0.0009160211719093,-0.0008649304416988
2009-07-28,299.0,299.0,299.0,299.0,2000.0,299.0,295.4,310.0,317.32,314.6,404.655,False,False,False,False,False,False,True,False,True,False,False,0.1036789297658862,-0.0468227424749163,,,-0.0612709030100334,-0.0521739130434783,-0.0635451505016722,0.0133779264214046,-0.0051282051282049,-0.0283870967741935,220.0,340.0,2.0,0.0041598386486826,0.0101092057372902,-2.616431187841585e-05
2009-08-11,333.0,333.0,333.0,333.0,100.0,333.0,306.0,310.8,320.0,313.46666666666664,404.195,False,False,False,True,True,False,True,False,False,False,True,-0.009009009009009,-0.1441441441441441,,,0.039039039039039,0.0586586586586587,-0.1291291291291291,-0.045045045045045,-0.0036154827732881,-0.037966537966538,231.0,355.0,0.05,0.008375,0.0042151613513173,0.0015127223549168
2009-08-17,335.0,335.0,335.0,335.0,900.0,335.0,313.0,311.7,323.96,312.36,403.67,False,False,False,False,False,False,True,False,False,False,False,-0.1074626865671641,-0.208955223880597,,,0.032955223880597,0.0675820895522387,-0.1343283582089552,-0.1044776119402985,-0.0035429205617448,-0.0420275906320178,229.0,359.0,9.0,0.0122237313248548,0.0038487313248548,7.256221154325337e-05
2009-08-18,335.0,335.0,335.0,335.0,1000.0,335.0,320.2,314.1,327.92,311.36,403.095,False,False,False,False,False,False,True,False,False,True,False,-0.044776119402985,-0.2238805970149253,,,0.0211343283582089,0.0705671641791044,-0.0895522388059701,-0.0597014925373134,-0.0032117163412127,-0.0474371219356893,228.0,350.0,1.1111111111111112,0.0120761161258844,-0.0001476151989703,0.0003312042205321
2009-08-24,329.0,329.0,329.0,329.0,400.0,329.0,326.2,314.4,331.2,310.28,402.49,False,False,False,False,False,False,True,False,False,True,False,-0.1033434650455927,-0.1702127659574468,,,-0.0066869300911853,0.0568996960486323,-0.0729483282674772,0.0030395136778115,-0.0034807270852134,-0.0419847328244274,228.0,359.0,0.4,0.0099033816425119,-0.0021727344833724,-0.0002690107440007
2009-08-25,330.0,330.0,330.0,330.0,1000.0,330.0,332.4,313.9,332.16,310.14666666666665,401.89,False,False,False,False,False,False,True,False,False,True,False,-0.1363636363636363,-0.1212121212121212,,,-0.0065454545454546,0.0601616161616162,-0.0303030303030303,0.0484848484848484,-0.0004299041313786,-0.0289901242433895,308.0,357.0,2.5,0.0028901734104047,-0.0070132082321072,0.0030508229538348
2009-08-26,330.0,330.0,330.0,330.0,1100.0,330.0,331.8,318.9,332.52,311.2133333333333,401.265,False,False,False,False,False,False,True,True,False,True,True,-0.1363636363636363,-0.1212121212121212,,,-0.0076363636363635,0.056929292929293,0.0606060606060606,0.0515151515151515,0.0034274452679833,-0.0260269677014736,323.0,348.0,1.1,0.0010826416456151,-0.0018075317647895,0.003857349399362
2009-08-28,299.0,299.0,299.0,299.0,100.0,299.0,324.6,318.8,331.24,311.58666666666664,400.435,False,False,False,False,False,False,False,True,False,True,False,-0.1137123745819397,-0.0301003344481605,,,-0.1078260869565217,-0.0420958751393533,0.1538461538461538,0.1638795986622073,0.0011981685138431,-0.0034504391468005,343.0,350.0,0.0909090909090909,-0.0038642676005312,-0.0049469092461464,-0.0022292767541402
2009-08-31,320.0,320.0,320.0,320.0,2600.0,320.0,321.6,320.9,329.4,312.06666666666666,399.785,False,False,False,False,False,False,False,True,False,True,True,-0.1875,-0.09375,,,-0.0293749999999999,0.0247916666666666,0.09375,-0.040625,0.0015381328775903,-0.0018697413524461,343.0,300.0,26.0,-0.0055859137826351,-0.0017216461821039,0.0003399643637471
2009-09-03,285.0,295.0,285.0,295.0,1700.0,295.0,314.8,320.5,326.56,311.5466666666667,399.0,False,False,False,False,False,False,False,False,False,True,False,-0.0745762711864406,-0.0169491525423728,,,-0.1069830508474576,-0.056090395480226,0.0779661016949152,0.0101694915254237,-0.0016690918428485,0.0021840873634945,343.0,301.0,0.6538461538461539,-0.0086967172954433,-0.0031108035128081,-0.0032072247204388
2009-09-04,285.0,285.0,285.0,285.0,700.0,285.0,305.8,319.1,323.56,310.84,398.175,False,False,False,False,False,False,False,False,False,True,False,0.0175438596491228,0.0175438596491228,,,-0.135298245614035,-0.0906666666666665,0.1052631578947368,0.0947368421052631,-0.0022734096855832,0.0094014415543716,342.0,305.0,0.4117647058823529,-0.009271850661392,-0.0005751333659486,-0.0006043178427347
2009-09-09,290.0,290.0,285.0,285.0,200.0,285.0,296.8,314.3,320.56,309.92,397.345,False,False,False,False,False,False,False,False,False,True,False,0.0175438596491228,0.0175438596491228,,,-0.1247719298245614,-0.0874385964912281,0.1614035087719298,0.1157894736842105,-0.0029685080020649,0.0248170537702832,372.0,299.0,0.2857142857142857,-0.0093586224107811,-8.677174938911958e-05,-0.0006950983164816
2009-09-15,265.0,265.0,265.0,265.0,1200.0,265.0,290.0,307.3,316.8,308.50666666666666,396.37,False,False,False,False,False,False,False,False,False,True,False,0.0943396226415094,0.0943396226415094,,,-0.1954716981132075,-0.1641761006289308,0.3132075471698113,-0.0150943396226415,-0.0045812084017634,0.0354702245362836,334.0,271.0,6.0,-0.0118686868686868,-0.0025100644579057,-0.0016127003996984
2009-09-16,260.0,260.0,260.0,260.0,1000.0,260.0,278.0,299.8,312.84,306.7733333333333,395.445,False,False,False,False,False,False,False,False,False,True,False,0.1153846153846153,0.1538461538461538,,,-0.2032307692307691,-0.1798974358974358,0.3461538461538461,0.2307692307692307,-0.0056502086230876,0.063042028018679,339.0,285.0,0.8333333333333334,-0.0126582278481013,-0.0007895409794145,-0.0010690002213242
2009-09-25,273.0,273.0,273.0,273.0,1100.0,273.0,273.6,294.2,309.36,305.88,394.61,False,False,False,False,False,False,False,False,False,False,False,0.0622710622710622,0.0622710622710622,,,-0.1331868131868132,-0.1204395604395604,0.2637362637362637,0.2307692307692307,-0.0029205352861688,0.0853161114887832,346.0,299.0,1.1,-0.0112490302560122,0.001409197592089,0.0027296733369188
2009-09-28,286.0,290.0,286.0,290.0,800.0,290.0,274.6,290.2,306.56,305.2133333333333,393.91,False,False,False,False,False,False,False,False,False,False,False,0.0,-0.0344827586206896,,,-0.057103448275862,-0.0524597701149424,0.2344827586206896,-0.0344827586206896,-0.0021842645581233,0.0775327360441075,266.0,300.0,0.7272727272727273,-0.009133611691023,0.0021154185649892,0.0007362707280454
2009-09-29,290.0,290.0,290.0,290.0,500.0,290.0,275.6,286.2,305.16,304.3466666666667,393.18,False,False,False,False,False,False,False,False,False,False,False,0.0,0.0,,,-0.0522758620689656,-0.0494712643678161,0.1448275862068965,0.0344827586206896,-0.0028476298957327,0.0761705101327743,266.0,180.0,0.625,-0.0045877572421024,0.0045458544489205,-0.0006633653376094
2009-09-30,290.0,290.0,290.0,290.0,1300.0,290.0,280.6,285.3,303.72,303.4266666666667,392.48,False,False,False,False,False,False,False,False,False,True,False,0.0,0.0,,,-0.0473103448275863,-0.0462988505747126,0.2,-0.0482758620689655,-0.003032034099398,0.054328776726253,236.0,194.0,2.6,-0.0047412090082971,-0.0001534517661946,-0.0001844042036652
2009-10-15,290.0,290.0,290.0,290.0,800.0,290.0,286.6,282.3,302.88,302.62666666666667,391.78,False,False,False,False,False,False,False,False,False,False,False,0.0344827586206896,0.0517241379310344,,,-0.0444137931034482,-0.0435402298850574,0.2172413793103448,-0.0344827586206896,-0.0026435211701987,0.0559688274884874,236.0,174.0,0.6153846153846154,-0.0027733755942948,0.0019678334140022,0.0003885129291992
2009-10-16,290.0,290.0,290.0,290.0,1000.0,290.0,290.0,281.8,301.44,301.70666666666665,391.075,False,False,True,False,False,False,False,False,False,True,False,0.0,0.0517241379310344,,,-0.0394482758620689,-0.0403678160919539,0.2,0.0482758620689655,-0.0030493194272583,0.0599716110716819,247.0,213.0,1.25,-0.0047770700636942,-0.0020036944693993,-0.0004057982570595
2009-10-23,290.0,290.0,290.0,290.0,200.0,290.0,290.0,282.3,299.64,300.81333333333333,390.35,False,False,False,False,False,False,False,False,False,True,False,-0.0344827586206896,0.1034482758620689,,,-0.0332413793103447,-0.037287356321839,0.2172413793103448,0.0862068965517241,-0.0029697265192145,0.0591569252568189,306.0,220.0,0.2,-0.0060072086503804,-0.0012301385866862,7.959290804379843e-05
2009-10-26,290.0,290.0,290.0,290.0,1000.0,290.0,290.0,282.8,300.04,300.04,389.55,False,False,False,False,False,False,True,False,True,False,False,0.0,0.2068965517241379,,,-0.0346206896551724,-0.0346206896551724,0.1724137931034483,-0.0241379310344827,-0.002577434119895,0.0449080622347948,321.0,231.0,5.0,0.0013331555792562,0.0073403642296367,0.0003922923993194
2009-10-27,290.0,290.0,290.0,290.0,1000.0,290.0,290.0,285.3,299.64,299.24,388.8,False,True,False,False,False,False,False,False,False,True,False,0.0,0.1896551724137931,,,-0.0332413793103447,-0.0318620689655172,0.2241379310344827,0.0,-0.0026734393797621,0.0459165790396073,331.0,229.0,1.0,-0.0013349352556402,-0.0026680908348964,-9.600525986704727e-05
2009-10-30,300.0,300.0,300.0,300.0,1400.0,300.0,292.0,289.3,299.68,299.24,388.1,False,False,False,False,True,False,True,False,False,False,False,0.0166666666666666,0.1666666666666666,,,0.0010666666666666,0.0025333333333333,0.2433333333333333,0.0133333333333333,0.0,0.0259246456965088,366.0,228.0,1.4,0.0001334757074213,0.0014684109630615,0.0026734393797621
2009-11-16,290.0,290.0,290.0,290.0,700.0,290.0,292.0,291.0,299.32,299.0933333333333,387.35,False,False,False,False,False,False,False,False,False,True,False,0.0517241379310344,0.096551724137931,,,-0.0321379310344827,-0.0313563218390803,0.3482758620689655,0.0862068965517241,-0.0004903708987162,0.0127147766323023,366.0,228.0,0.5,-0.0012027261793398,-0.0013362018867612,-0.0004903708987162
2009-11-17,280.0,280.0,280.0,280.0,900.0,280.0,290.0,290.0,298.56,298.76,386.545,False,False,True,False,False,False,False,False,False,True,False,0.1428571428571428,0.125,,,-0.0662857142857143,-0.0669999999999999,0.3678571428571429,0.1285714285714285,-0.0011157227652072,0.0286206896551724,360.0,308.0,1.2857142857142858,-0.0025455519828509,-0.0013428258035111,-0.0006253518664909
2009-11-25,290.0,290.0,290.0,290.0,1000.0,290.0,290.0,290.0,296.84,298.64,385.795,False,False,False,False,False,False,False,False,False,True,False,0.2068965517241379,0.1413793103448276,,,-0.0235862068965516,-0.0297931034482758,0.0448275862068965,0.0896551724137931,-0.0004018215912135,0.0341379310344826,360.0,323.0,1.1111111111111112,-0.0057943673359386,-0.0032488153530876,0.0007139011739937
2009-11-26,290.0,290.0,290.0,290.0,1100.0,290.0,290.0,290.0,295.04,298.8933333333333,384.935,False,False,False,False,False,False,False,True,False,True,False,0.1896551724137931,0.2,,,-0.0173793103448276,-0.0306666666666666,0.0448275862068965,-0.0137931034482758,0.0008475710398358,0.0375862068965516,359.0,343.0,1.1,-0.0061008676789586,-0.0003065003430199,0.0012493926310493
2009-11-30,305.0,305.0,305.0,305.0,1200.0,305.0,291.0,291.5,293.84,299.16,384.21,False,False,False,False,True,False,False,True,False,False,True,0.1475409836065573,0.1475409836065573,,,0.0365901639344263,0.0191475409836064,-0.0196721311475409,-0.160655737704918,0.0008913847662344,0.0240137221269296,359.0,343.0,1.0909090909090908,-0.0040838551592705,0.0020170125196881,4.38137263986556e-05
2009-12-04,373.0,373.0,305.0,305.0,300.0,305.0,294.0,293.0,292.88,299.24,383.485,False,False,False,False,False,False,False,True,False,False,False,0.0426229508196721,0.1311475409836065,,,0.0397377049180328,0.0188852459016393,-0.0327868852459016,-0.2327868852459016,0.0002673439379761,-0.0051194539249146,360.0,343.0,0.25,-0.003277792952745,0.0008060622065254,-0.0006240408282583
2009-12-15,320.0,320.0,320.0,320.0,100.0,320.0,302.0,296.0,292.48,299.50666666666666,382.885,False,False,False,False,False,False,False,True,False,False,False,-0.015625,0.11875,,,0.0859999999999999,0.0640416666666666,-0.125,-0.19375,0.0008903530249743,-0.0344594594594594,360.0,342.0,0.3333333333333333,-0.0013676148796498,0.0019101780730952,0.0006230090869981
2009-12-17,350.0,350.0,350.0,350.0,1300.0,350.0,314.0,302.0,293.28,301.7733333333333,382.435,False,False,False,False,False,False,True,True,True,False,False,-0.0542857142857142,-0.0514285714285714,,,0.1620571428571429,0.1377904761904762,-0.16,-0.3142857142857143,0.0075111562762337,-0.0678807947019867,325.0,372.0,13.0,0.0027277686852153,0.0040953835648651,0.0066208032512594
2009-12-22,345.0,345.0,345.0,345.0,1000.0,345.0,325.0,307.5,295.12,303.7866666666667,381.91,False,False,False,False,False,False,True,True,False,False,False,0.008695652173913,0.008695652173913,,,0.1445797101449275,0.1194589371980675,-0.1072463768115942,-0.2695652173913043,0.0066274578651686,-0.0969105691056911,326.0,334.0,0.7692307692307693,0.0062347519653023,0.003506983280087,-0.000883698411065
2009-12-24,350.0,350.0,350.0,350.0,200.0,350.0,334.0,312.5,296.32,306.1333333333333,381.41,False,False,False,False,False,False,True,True,False,True,False,0.0,0.0085714285714285,,,0.1533714285714286,0.1253333333333333,-0.08,-0.2542857142857143,0.0076655052264807,-0.12512,311.0,339.0,0.2,0.0040496760259178,-0.0021850759393844,0.001038047361312
2009-12-25,350.0,350.0,310.0,318.0,1900.0,318.0,336.6,315.3,297.24,307.53333333333336,380.625,False,False,False,False,False,False,True,True,False,True,False,0.0849056603773584,0.0943396226415094,,,0.0652830188679245,0.0329140461215932,0.0628930817610062,-0.1383647798742138,0.0045523520485585,-0.1458928005074532,326.0,346.0,9.5,0.0030951419728166,-0.0009545340531012,-0.0031131531779222
2009-12-28,344.0,350.0,315.0,315.0,1600.0,315.0,335.6,318.8,298.44,308.8,379.7,False,False,False,False,False,False,True,True,False,False,False,0.1365079365079365,0.1206349206349206,,,0.0525714285714285,0.0196825396825396,0.1015873015873015,-0.2063492063492063,0.0041018998272883,-0.1759723964868256,335.0,266.0,0.8421052631578947,0.0040209087253718,0.0009257667525552,-0.0004504522212701
2009-12-29,331.0,331.0,331.0,331.0,100.0,331.0,331.8,322.9,300.28,310.1333333333333,378.955,False,False,False,False,False,False,True,True,False,False,False,0.0030211480362537,0.0271903323262839,,,0.0928096676737161,0.0630412890231621,0.0815709969788519,-0.2054380664652568,0.0042992261392948,-0.2028491793124806,280.0,266.0,0.0625,0.0061276142267216,0.0021067055013497,0.0001973263120064
2009-12-30,348.0,348.0,348.0,348.0,100.0,348.0,332.4,328.7,303.6,311.72,378.295,False,False,False,False,False,False,True,True,False,False,False,0.0,0.0201149425287356,,,0.1275862068965516,0.1042528735632183,-0.0086206896551724,-0.2040229885057471,0.005090038068352,-0.2196531791907514,300.0,236.0,1.0,0.0109354413702241,0.0048078271435025,0.0007908119290571
2010-01-04,350.0,350.0,350.0,350.0,800.0,350.0,332.4,333.2,307.2,313.3466666666667,377.645,False,False,False,False,False,False,True,True,False,False,False,0.0085714285714285,0.0657142857142857,,,0.1222857142857143,0.1047238095238094,0.0028571428571428,-0.1714285714285714,0.0051912684566614,-0.2199879951980792,299.0,236.0,8.0,0.0117187499999998,0.0007833086297757,0.0001012303883093
2010-01-15,345.0,345.0,345.0,345.0,600.0,345.0,337.8,337.2,310.08,314.9066666666667,376.92,False,False,False,False,False,False,True,True,False,True,False,0.008695652173913,0.1333333333333333,,,0.1012173913043478,0.0872270531400965,0.0231884057971014,-0.1188405797101449,0.0049538487594207,-0.2084816132858838,299.0,247.0,0.75,0.0092879256965944,-0.0024308243034054,-0.0002374196972406
2010-01-18,358.0,358.0,358.0,358.0,700.0,358.0,346.4,341.0,312.8,315.5733333333333,376.31,False,False,False,False,False,False,True,True,False,True,False,-0.0139664804469273,0.0698324022346368,,,0.1262569832402234,0.1185102420856611,-0.0279329608938547,-0.2122905027932961,0.0021125570390399,-0.2102639296187683,299.0,306.0,1.1666666666666667,0.0086956521739131,-0.0005922735226812,-0.0028412917203808
2010-01-22,332.0,332.0,332.0,332.0,100.0,332.0,346.6,339.2,314.48,315.6933333333333,375.47,False,False,False,False,False,False,True,True,False,True,False,0.0240963855421686,-0.0873493975903614,,,0.0527710843373493,0.0491164658634538,0.0240963855421686,-0.1506024096385542,0.0003801157241204,-0.193691037735849,333.0,321.0,0.1428571428571428,0.0053421521241414,-0.0033535000497716,-0.0017324413149194
2010-01-25,348.0,348.0,348.0,348.0,500.0,348.0,346.6,339.5,316.8,315.76,374.71,True,True,False,False,False,False,True,True,False,False,False,0.0201149425287356,-0.1293103448275862,,,0.089655172413793,0.0926436781609195,-0.1264367816091954,-0.1896551724137931,0.0002111308166539,-0.1855670103092783,335.0,331.0,5.0,0.0073232323232323,0.0019810801990908,-0.0001689849074664
2010-01-26,353.0,353.0,353.0,353.0,1200.0,353.0,347.2,339.8,319.32,315.8933333333333,374.025,False,False,False,False,False,False,True,True,False,False,False,0.0566572237960339,-0.1529745042492918,,,0.0954107648725212,0.1051180358829084,-0.1246458923512747,-0.2521246458923513,0.0004220834036805,-0.1854031783402001,335.0,366.0,2.4,0.0078917700112739,0.0005685376880415,0.0002109525870265
2010-01-28,348.0,348.0,348.0,348.0,500.0,348.0,347.8,342.8,321.64,315.96,373.215,False,False,False,False,False,False,True,True,False,True,True,0.1235632183908046,-0.1522988505747126,,,0.0757471264367816,0.0920689655172414,-0.1091954022988505,-0.2011494252873563,0.0002109971726378,-0.191365227537923,329.0,366.0,0.4166666666666667,0.0072130332048252,-0.0006787368064486,-0.0002110862310426
2010-01-29,353.0,353.0,353.0,353.0,500.0,353.0,346.8,346.6,324.16,316.1066666666667,372.48,False,False,False,False,False,False,True,True,False,False,False,0.0849858356940509,-0.206798866855524,,,0.0816997167138809,0.1045136921624173,-0.121813031161473,-0.206798866855524,0.0004639784039144,-0.1915753029428737,330.0,360.0,1.0,0.0077739387956565,0.0005609055908313,0.0002529812312765
2010-02-15,340.0,340.0,340.0,340.0,600.0,340.0,348.4,347.5,326.16,315.68,371.67,False,False,False,False,False,False,True,False,False,True,False,-0.1088235294117647,-0.1352941176470588,,,0.0407058823529411,0.0715294117647058,-0.15,-0.2411764705882353,-0.0013515796587261,-0.1951079136690647,330.0,360.0,1.2,0.0061319597743438,-0.0016419790213127,-0.0018155580626405
2010-02-16,355.0,355.0,355.0,355.0,700.0,355.0,349.8,348.2,328.76,315.96,370.94,False,False,False,False,False,False,True,True,False,False,False,-0.1464788732394366,-0.1323943661971831,,,0.0739154929577465,0.1099718309859155,-0.2197183098591549,-0.3183098591549296,0.000886188125079,-0.2067777139574957,299.0,359.0,1.1666666666666667,0.007908504684268,0.0017765449099241,0.0022377677838052
2010-02-25,373.0,373.0,373.0,373.0,500.0,373.0,353.8,350.5,331.68,316.41333333333336,370.3,False,False,False,False,False,False,True,True,False,False,False,-0.1983914209115281,-0.1367292225201072,,,0.1107774798927613,0.1517068811438784,-0.2466487935656836,-0.3190348525469169,0.0014327251274705,-0.2222539229671896,320.0,359.0,0.7142857142857143,0.008803666184274,0.0008951615000059,0.0005465370023914
2010-02-26,391.0,391.0,391.0,391.0,2000.0,391.0,362.4,355.1,335.72,317.0133333333333,369.73,False,False,False,False,False,False,True,True,False,False,False,-0.2455242966751918,-0.1355498721227621,,,0.1413810741687979,0.1892242114236999,-0.2608695652173913,-0.340153452685422,0.0018926648721398,-0.2452830188679245,295.0,360.0,4.0,0.0120338377219111,0.0032301715376371,0.0004599397446693
2010-03-02,383.0,383.0,383.0,383.0,100.0,383.0,368.4,357.6,339.84,318.5733333333333,369.135,False,False,False,False,False,False,True,True,False,False,False,-0.2689295039164491,-0.0939947780678851,,,0.1126892950391645,0.1682158398607485,-0.2088772845953002,-0.3472584856396867,0.0048968317080316,-0.2595078299776286,285.0,360.0,0.05,0.0121233521657248,8.951444381371729e-05,0.0030041668358917
2010-03-08,303.0,303.0,303.0,303.0,2200.0,303.0,361.0,354.7,340.36,319.06666666666666,368.1,False,False,False,False,False,False,True,True,False,True,False,-0.0297029702970297,0.1815181518151815,,,-0.1233003300330033,-0.053025302530253,0.0495049504950495,-0.1584158415841584,0.0015461763476807,-0.2610656893149139,285.0,325.0,22.0,0.0015277941003644,-0.0105955580653604,-0.0033506553603508
2010-03-09,300.0,303.0,300.0,303.0,2700.0,303.0,350.6,350.2,340.88,319.96,366.865,False,False,False,False,False,False,True,True,False,True,False,0.0165016501650165,0.1386138613861386,,,-0.125016501650165,-0.0559735973597359,-0.0099009900990099,-0.1485148514851485,0.0027920156686251,-0.2584237578526556,265.0,326.0,1.2272727272727273,0.0015254635062191,-2.3305941452896484e-06,0.0012458393209444
2010-03-10,287.0,299.0,285.0,299.0,2500.0,299.0,335.8,344.8,340.64,320.8,365.66,False,False,False,False,False,False,False,True,False,True,False,0.0769230769230769,0.1739130434782608,,,-0.1392642140468227,-0.0729096989966555,0.0535117056856187,-0.1371237458193979,0.0026184538653367,-0.2485498839907192,260.0,311.0,0.925925925925926,-0.0007045561296383,-0.0022300196358574,-0.0001735618032884
2010-03-11,295.0,295.0,295.0,295.0,100.0,295.0,316.6,339.5,340.24,321.44,364.48,False,False,False,False,False,False,False,True,False,True,False,0.1457627118644067,0.1966101694915254,,,-0.1533559322033898,-0.0896271186440677,0.1186440677966101,-0.0813559322033898,0.0019910403185664,-0.2388807069219441,273.0,326.0,0.04,-0.0011756407241946,-0.0004710845945562,-0.0006274135467703
2010-03-12,279.0,280.0,279.0,280.0,200.0,280.0,296.0,332.2,338.64,321.0933333333333,363.225,False,False,False,False,False,False,False,False,False,True,False,0.2392857142857143,0.2428571428571428,,,-0.2094285714285713,-0.1467619047619046,0.2357142857142857,-0.1178571428571428,-0.0010796445477951,-0.2320891029500301,290.0,335.0,2.0,-0.0047247814788566,-0.003549140754662,-0.0030706848663615
2010-03-15,294.0,294.0,294.0,294.0,700.0,294.0,294.2,327.6,336.4,320.7333333333333,362.04,False,False,False,False,False,False,False,False,False,True,False,0.2176870748299319,0.1564625850340136,,,-0.1442176870748298,-0.0909297052154193,0.1802721088435374,-0.119047619047619,-0.0011224277696944,-0.221001221001221,290.0,280.0,3.5,-0.0066587395957194,-0.0019339581168627,-4.278322189937888e-05
2010-03-16,308.0,308.0,308.0,308.0,1300.0,308.0,295.2,322.9,334.92,320.4266666666667,360.93,False,False,False,False,False,False,False,False,False,False,False,0.1201298701298701,-0.0129870129870129,,,-0.0874025974025974,-0.0403463203463203,0.1298701298701298,-0.1201298701298701,-0.0009570572569905,-0.200681325487767,290.0,300.0,1.8571428571428568,-0.0044189657231576,0.0022397738725617,0.0001653705127039
2010-03-25,322.0,322.0,322.0,322.0,800.0,322.0,299.8,317.8,333.8,319.84,359.94,False,False,False,False,False,False,False,False,False,False,False,0.0900621118012422,-0.0403726708074534,,,-0.0366459627329192,0.0067080745341615,-0.046583850931677,-0.2391304347826087,-0.0018342504585627,-0.1906859660163625,290.0,299.0,0.6153846153846154,-0.003355302576393,0.0010636631467645,-0.0008771932015722
2010-03-26,338.0,338.0,338.0,338.0,900.0,338.0,308.4,312.5,334.6,319.46666666666664,359.13,False,False,False,False,True,False,True,False,True,False,False,0.044378698224852,-0.0828402366863905,,,0.010059171597633,0.0548323471400395,-0.1183431952662721,-0.2603550295857988,-0.0011686143572621,-0.17952,290.0,299.0,1.125,0.0023909145248057,0.0057462171011988,0.0006656361013006
2010-03-30,347.0,347.0,347.0,347.0,500.0,347.0,321.8,308.9,335.88,319.2933333333333,358.365,False,False,False,False,False,False,True,False,False,False,False,0.0028818443804034,-0.1066282420749279,,,0.0320461095100864,0.0798463016330452,-0.100864553314121,-0.2564841498559078,-0.000542865494634,-0.1673680802848818,290.0,299.0,0.5555555555555556,0.0038108848398236,0.0014199703150178,0.000625748862628
2010-03-31,358.0,358.0,358.0,358.0,500.0,358.0,334.6,314.4,336.96,319.26666666666665,357.555,False,False,False,False,False,False,True,False,False,True,True,-0.0502793296089385,-0.1927374301675977,,,0.0587709497206704,0.1081936685288641,-0.1117318435754189,-0.276536312849162,-8.352474420539491e-05,-0.1806615776081423,290.0,333.0,1.0,0.0032051282051281,-0.0006057566346955,0.0004593407504286
2010-04-08,345.0,345.0,345.0,345.0,100.0,345.0,342.0,318.6,336.84,319.08,356.73,False,False,False,False,False,False,False,False,False,True,False,-0.1188405797101449,-0.1971014492753623,,,0.0236521739130435,0.0751304347826087,-0.2434782608695652,-0.2492753623188406,-0.0005850152521833,-0.1911487758945386,290.0,335.0,0.2,-0.0003562522265764,-0.0035613804317045,-0.0005014905079779
2010-04-15,351.0,351.0,351.0,351.0,600.0,351.0,347.8,323.8,336.88,318.97333333333336,355.985,False,False,False,False,False,False,True,False,False,False,False,-0.1196581196581196,-0.1994301994301994,,,0.0402279202279202,0.0912440645773978,-0.0883190883190883,-0.2649572649572649,-0.0003344062199555,-0.2041383570105003,300.0,335.0,6.0,0.0001187366421278,0.0004749888687042,0.0002506090322277
2010-04-16,353.0,353.0,353.0,353.0,700.0,353.0,350.8,329.6,337.2,318.88,355.25,False,False,False,False,False,False,True,False,False,False,False,-0.121813031161473,-0.1813031161473088,,,0.0447592067988668,0.096657223796034,-0.0481586402266288,-0.3456090651558073,-0.0002926910854658,-0.2302791262135923,290.0,329.0,1.1666666666666667,0.0009489916963226,0.0008302550541948,4.171513448967792e-05
2010-04-20,348.0,348.0,348.0,348.0,100.0,348.0,351.0,336.4,336.8,318.72,354.54,False,False,False,False,False,False,False,False,False,True,False,-0.1091954022988505,-0.1293103448275862,,,0.0321839080459769,0.0841379310344826,-0.1954022988505747,-0.3591954022988505,-0.0005020080321284,-0.2529726516052318,280.0,330.0,0.1428571428571428,-0.0011876484560569,-0.0021366401523795,-0.0002093169466625
2010-04-23,340.0,340.0,340.0,340.0,500.0,340.0,347.4,341.0,337.12,318.92,353.79,False,False,False,False,False,False,True,True,False,False,False,-0.15,-0.0647058823529411,,,0.0084705882352941,0.0619999999999999,-0.1176470588235294,-0.3529411764705882,0.000627116518249,-0.2744868035190616,290.0,330.0,5.0,0.0009492168960607,0.0021368653521176,0.0011291245503774
2010-04-26,340.0,340.0,292.0,304.0,3600.0,304.0,339.2,340.6,335.36,318.62666666666667,352.86,False,False,False,False,False,True,False,False,False,True,False,-0.0888157894736842,-0.0131578947368421,,,-0.1031578947368421,-0.0481140350877193,-0.0921052631578947,-0.2664473684210526,-0.0009206176507511,-0.2877275396359366,290.0,299.0,7.2,-0.0052480916030534,-0.0061973084991141,-0.0015477341690002
2010-04-27,309.0,309.0,294.0,309.0,1800.0,309.0,330.8,339.3,333.6,318.6,352.055,False,False,False,False,False,False,False,False,False,True,False,-0.0906148867313915,0.0194174757281553,,,-0.0796116504854369,-0.0310679611650486,-0.0938511326860841,-0.284789644012945,-8.369951872769119e-05,-0.2920719127615679,305.0,320.0,0.5,-0.0052757793764987,-2.768777344536611e-05,0.0008369181320235
2010-04-28,310.0,310.0,310.0,310.0,600.0,310.0,322.2,336.5,332.08,318.38666666666666,351.23,False,False,False,False,False,False,False,False,False,False,False,-0.0677419354838709,0.064516129032258,,,-0.0712258064516128,-0.0270537634408601,-0.0193548387096774,-0.2580645161290322,-0.0006700448092467,-0.2921248142644874,305.0,295.0,0.3333333333333333,-0.0045772103107686,0.0006985690657301,-0.000586345290519
2010-04-30,310.0,310.0,310.0,310.0,900.0,310.0,314.6,332.8,330.36,318.05333333333334,350.33,False,False,False,False,False,False,False,False,False,True,False,-0.0225806451612903,0.1161290322580645,,,-0.0656774193548387,-0.0259784946236559,0.0161290322580645,-0.2354838709677419,-0.0010480422570637,-0.2905649038461539,320.0,285.0,1.5,-0.0052064414578035,-0.0006292311470349,-0.000377997447817
2010-05-06,289.0,289.0,289.0,289.0,100.0,289.0,304.4,325.9,328.32,318.17333333333335,349.4,False,False,False,False,False,False,False,True,False,True,False,0.1003460207612456,0.2006920415224913,,,-0.1360553633217993,-0.1009457900807382,-0.0207612456747404,-0.1799307958477508,0.0003771529145539,-0.2822951825713408,350.0,285.0,0.1111111111111111,-0.0062134502923977,-0.0010070088345942,0.0014251951716176
2010-05-07,275.0,277.0,249.0,277.0,500.0,277.0,299.0,319.1,325.2,317.8666666666667,348.335,False,False,False,False,False,False,False,False,False,True,False,0.0830324909747292,0.2563176895306859,,,-0.1740072202166064,-0.1475330926594464,0.0469314079422382,-0.1046931407942238,-0.0009647651006711,-0.2704481353807584,345.0,265.0,5.0,-0.0095940959409594,-0.0033806456485617,-0.001341918015225
2010-05-10,280.0,281.0,280.0,281.0,1200.0,281.0,293.4,312.1,321.52,317.62666666666667,347.29,False,False,False,False,False,False,False,False,False,True,False,0.1209964412811387,0.092526690391459,,,-0.1441992882562277,-0.1303440094899169,0.0818505338078291,-0.0747330960854092,-0.0007556040634707,-0.2534444088433195,350.0,260.0,2.4,-0.0114456332421,-0.0018515373011406,0.0002091610372003
2010-05-14,273.0,289.0,273.0,289.0,1300.0,289.0,289.2,305.7,317.44,317.49333333333334,346.335,False,False,True,False,False,False,False,False,False,True,False,0.1418685121107266,0.0311418685121107,,,-0.0984083044982698,-0.0985928489042676,0.0899653979238754,-0.1660899653979238,-0.0004199563245422,-0.2345436702649656,318.0,273.0,1.0833333333333333,-0.0128528225806451,-0.001407189338545,0.0003356477389285
2010-05-17,303.0,303.0,303.0,303.0,800.0,303.0,287.8,301.2,314.24,317.5466666666667,345.45,False,False,False,False,False,False,False,True,False,False,False,0.1419141914191419,0.0297029702970297,,,-0.0370957095709571,-0.048008800880088,0.0429042904290429,-0.1617161716171617,0.0001679543164259,-0.2128154050464807,315.0,290.0,0.6153846153846154,-0.010183299389002,0.0026695231916431,0.0005879106409681
2010-05-18,318.0,318.0,318.0,318.0,700.0,318.0,293.6,299.0,314.84,317.3466666666667,344.64,False,False,False,False,True,False,True,False,True,False,False,0.0911949685534591,0.0,,,0.009937106918239,0.0020545073375261,-0.0062893081761006,-0.2264150943396226,-0.0006302256207722,-0.1983277591973244,331.0,290.0,0.875,0.0019057298945495,0.0120890292835515,-0.0007981799371981
2010-05-24,318.0,318.0,300.0,300.0,500.0,300.0,298.2,298.6,314.72,316.88,343.79,False,False,False,False,False,False,False,False,False,True,False,0.16,-0.13,,,-0.0490666666666667,-0.0562666666666666,-0.0466666666666666,-0.2233333333333333,-0.0014726920811243,-0.19390488948426,348.0,290.0,0.7142857142857143,-0.000381291306558,-0.0022870212011075,-0.0008424664603521
2010-05-25,315.0,315.0,315.0,315.0,600.0,315.0,305.0,299.2,315.36,316.61333333333334,342.965,False,False,False,False,False,False,True,False,True,False,True,-0.0253968253968253,0.0158730158730158,,,-0.0011428571428571,-0.0051216931216931,-0.1873015873015873,-0.2444444444444444,-0.0008422471153035,-0.1898395721925133,350.0,290.0,1.2,0.0020294266869608,0.0024107179935189,0.0006304449658208
2010-05-26,330.0,330.0,330.0,330.0,500.0,330.0,313.2,301.2,316.76,316.62666666666667,342.265,False,True,False,False,False,False,True,True,False,False,False,-0.0969696969696969,0.0181818181818181,,,0.0401212121212121,0.0405252525252525,-0.2909090909090909,-0.2787878787878788,4.211058238931614e-05,-0.1925630810092961,345.0,290.0,0.8333333333333334,0.0044197499684302,0.0023903232814693,0.0008843576976928
2010-05-27,346.0,346.0,346.0,346.0,300.0,346.0,321.8,304.8,319.4,316.84,341.695,False,False,False,False,False,False,True,True,False,False,False,-0.0982658959537572,-0.1907514450867052,,,0.076878612716763,0.0842774566473989,-0.2543352601156069,-0.2803468208092485,0.0006733156587972,-0.1981627296587926,358.0,290.0,0.6,0.0082654978083906,0.0038457478399604,0.0006312050764078
2010-05-28,347.0,347.0,347.0,347.0,500.0,347.0,327.6,310.6,321.52,317.06666666666666,341.13,False,False,False,False,False,False,True,True,False,True,False,-0.0835734870317002,-0.1354466858789625,,,0.0734293948126801,0.0862632084534101,-0.30835734870317,-0.2737752161383285,0.0007148864592094,-0.2083065035415325,332.0,290.0,1.6666666666666667,0.0065936800199054,-0.0016718177884852,4.157080041227075e-05
2010-05-31,348.0,348.0,348.0,348.0,500.0,348.0,337.2,317.7,323.12,317.72,340.565,False,False,False,False,False,False,True,True,False,True,False,-0.25,-0.2068965517241379,,,0.0714942528735632,0.0870114942528734,-0.2758620689655172,-0.2758620689655172,0.0020563179319317,-0.2247403210576014,348.0,290.0,1.0,0.0049517207229512,-0.0016419592969541,0.0013414314727222
2010-06-14,300.0,307.0,300.0,307.0,2000.0,307.0,335.6,320.3,322.52,317.5466666666667,339.85,False,False,False,False,False,False,False,False,False,True,False,0.0423452768729641,-0.0879478827361563,,,-0.0505537459283387,-0.0343539630836048,-0.1498371335504886,-0.1791530944625407,-0.0005458515283843,-0.2335310646269123,353.0,300.0,4.0,-0.0018603497457522,-0.0068120704687035,-0.002602169460316
2010-06-15,299.0,299.0,298.0,298.0,800.0,298.0,329.2,321.2,320.92,317.58666666666664,339.04,False,False,False,False,False,False,False,True,False,True,False,0.1275167785234899,0.0201342281879194,,,-0.0769127516778524,-0.0657270693512303,-0.0805369127516778,-0.1140939597315436,0.0001259498719508,-0.2285180572851805,348.0,290.0,0.4,-0.0049856662096471,-0.0031253164638948,0.0006718014003351
2010-06-16,312.0,312.0,312.0,312.0,800.0,312.0,322.4,322.1,319.52,317.94666666666666,338.4,False,False,False,False,False,False,False,True,False,False,False,-0.1025641025641025,0.0096153846153846,,,-0.024102564102564,-0.019059829059829,-0.1987179487179487,-0.1987179487179487,0.001132265369454,-0.2319155541757218,353.0,280.0,1.0,-0.0043815723585379,0.0006040938511092,0.0010063154975031
2010-06-24,310.0,318.0,309.0,318.0,700.0,318.0,316.6,322.1,317.92,318.38666666666666,337.94,False,False,True,False,True,False,False,True,False,True,False,-0.0566037735849056,-0.110062893081761,,,0.0002515723270439,-0.001215932914046,-0.1729559748427672,-0.1729559748427672,0.0013819674190711,-0.2266376901583359,340.0,290.0,0.875,-0.0050327126321085,-0.0006511402735706,0.0002497020496171
2010-06-25,333.0,333.0,261.0,261.0,1000.0,261.0,299.2,318.2,314.56,318.3333333333333,337.145,False,False,False,False,False,False,False,False,False,True,False,0.057471264367816,0.1111111111111111,,,-0.2052107279693486,-0.2196679438058747,0.0613026819923371,0.0613026819923371,-0.0001675392670157,-0.2033312382149591,355.0,290.0,1.4285714285714286,-0.0106815869786368,-0.0056488743465282,-0.0015495066860868
2010-06-29,320.0,320.0,320.0,320.0,100.0,320.0,301.8,318.7,313.32,319.1333333333333,336.54,False,False,False,False,False,False,False,True,False,False,False,-0.125,-0.05,,,0.020875,0.0027083333333333,-0.09375,-0.234375,0.0025067892208063,-0.2023846877941638,373.0,305.0,0.1,-0.0039576152176688,0.006723971760968,0.0026743284878221
2010-06-30,336.0,336.0,336.0,336.0,1400.0,336.0,309.4,319.3,312.64,319.97333333333336,335.97,False,False,False,False,False,False,False,True,False,False,False,-0.0952380952380952,-0.0625,,,0.0695238095238095,0.0476984126984126,-0.0952380952380952,-0.2470238095238095,0.0026252187682307,-0.1991857187597871,391.0,305.0,14.0,-0.0021750255885363,0.0017825896291325,0.0001184295474243
2010-07-01,280.0,280.0,280.0,280.0,300.0,280.0,303.0,312.7,309.92,319.84,335.175,False,False,False,False,False,False,False,False,False,True,False,0.125,0.1285714285714285,,,-0.1068571428571429,-0.1422857142857142,0.0071428571428571,-0.0964285714285714,-0.0004168751042189,-0.1810041573393027,383.0,320.0,0.2142857142857142,-0.0087764584408878,-0.0066014328523515,-0.0030420938724497
2010-07-02,272.0,300.0,272.0,300.0,600.0,300.0,299.4,308.0,308.32,319.97333333333336,334.5,False,False,False,False,False,False,False,True,False,False,False,-0.0566666666666666,0.0533333333333333,,,-0.0277333333333333,-0.0665777777777778,-0.06,-0.1666666666666666,0.0004167013917828,-0.1691558441558441,303.0,350.0,2.0,-0.0051894135962636,0.0035870448446241,0.0008335764960017
2010-07-05,276.0,276.0,276.0,276.0,300.0,276.0,302.4,300.8,307.2,319.7866666666667,333.68,False,False,False,False,False,False,False,False,False,False,False,0.0507246376811594,0.036231884057971,,,-0.1130434782608695,-0.1586473429951691,0.0217391304347826,-0.0797101449275362,-0.0005837224816544,-0.1486037234042553,303.0,345.0,0.5,-0.0036458333333333,0.0015435802629303,-0.0010004238734372
2010-07-08,281.0,281.0,280.0,280.0,1300.0,280.0,294.4,298.1,306.04,319.6533333333333,332.88,False,False,False,False,False,False,False,False,False,True,False,0.0857142857142857,-0.0857142857142857,,,-0.093,-0.1416190476190475,-0.0571428571428571,-0.05,-0.0004171185450906,-0.1361959074136196,299.0,350.0,4.333333333333333,-0.0037903542020649,-0.0001445208687316,0.0001666039365637
2010-07-15,304.0,304.0,304.0,304.0,900.0,304.0,288.0,298.7,305.8,319.84,332.2,False,False,False,False,False,False,False,True,False,False,True,0.0361842105263157,-0.2302631578947368,,,-0.0059210526315789,-0.0521052631578946,-0.0855263157894736,-0.0986842105263157,0.0005836251459062,-0.1345831938399732,295.0,318.0,0.6923076923076923,-0.0007848266841072,0.0030055275179576,0.0010007436909969
2010-07-16,315.0,315.0,315.0,315.0,900.0,315.0,295.0,299.0,306.0,320.17333333333335,331.55,False,False,False,False,True,False,True,True,False,False,False,0.0031746031746031,-0.1809523809523809,,,0.0285714285714285,-0.0164232804232804,-0.1111111111111111,-0.1365079365079365,0.0010411027360181,-0.1280936454849498,280.0,315.0,1.0,0.0006535947712417,0.001438421455349,0.0004574775901118
2010-07-21,283.0,283.0,283.0,283.0,400.0,283.0,291.6,295.5,305.76,320.08,330.715,False,False,False,False,False,False,False,False,False,True,False,0.1166077738515901,-0.1519434628975265,,,-0.0804240282685512,-0.1310247349823321,-0.0883392226148409,-0.0459363957597173,-0.0002915937682247,-0.1153976311336718,294.0,331.0,0.4444444444444444,-0.0007849293563579,-0.0014385241275997,-0.0013326965042428
2010-07-23,290.0,290.0,290.0,290.0,200.0,290.0,294.4,298.4,306.28,320.08,329.965,False,False,False,False,False,False,True,False,True,False,True,-0.0137931034482758,-0.1310344827586207,,,-0.0561379310344826,-0.1037241379310344,-0.1655172413793103,-0.1206896551724138,0.0,-0.131367292225201,308.0,348.0,0.5,0.0016977928692698,0.0024827222256278,0.0002915937682247
2010-07-26,304.0,304.0,304.0,304.0,2000.0,304.0,299.2,296.8,307.2,320.1333333333333,329.235,False,False,False,False,False,False,True,True,False,False,False,-0.1578947368421052,-0.1414473684210526,,,-0.0105263157894736,-0.0530701754385964,-0.1644736842105263,-0.1776315789473684,0.0001665972511453,-0.125,322.0,350.0,10.0,0.0029947916666667,0.0012969987973968,0.0001665972511453
2010-07-27,315.0,315.0,315.0,315.0,1900.0,315.0,301.4,294.7,308.24,320.46666666666664,328.56,False,False,False,True,True,False,True,True,False,False,False,-0.2571428571428571,-0.1301587301587301,,,0.0214603174603174,-0.0173544973544972,-0.1809523809523809,-0.2634920634920635,0.0010401497815684,-0.1258907363420426,338.0,345.0,0.95,0.0033739942901635,0.0003792026234968,0.0008735525304231
2010-07-29,316.0,316.0,316.0,316.0,400.0,316.0,301.6,298.3,308.76,320.94666666666666,327.89,False,False,False,False,False,False,True,True,False,True,True,-0.1835443037974683,-0.2088607594936709,,,0.0229113924050633,-0.0156540084388185,-0.2088607594936709,-0.2689873417721519,0.0014955755888829,-0.1438149513912169,347.0,358.0,0.2105263157894736,0.0016841559787536,-0.0016898383114099,0.0004554258073144
2010-07-30,316.0,316.0,316.0,316.0,500.0,316.0,308.2,299.9,308.68,321.2933333333333,327.22,False,False,False,False,False,False,False,True,False,True,False,-0.240506329113924,-0.1677215189873417,,,0.0231645569620252,-0.0167510548523205,-0.1930379746835443,-0.2278481012658227,0.0010789724862015,-0.1503834611537178,358.0,332.0,1.25,-0.0002591680704936,-0.0019433240492473,-0.0004166031026814
2010-08-10,284.0,286.0,270.0,286.0,2200.0,286.0,307.4,300.9,308.12,321.24,326.5,False,False,False,False,False,True,False,False,False,True,False,-0.1188811188811188,-0.0314685314685314,,,-0.0773426573426573,-0.1232167832167832,-0.0979020979020979,-0.1958041958041958,-0.0001660233262771,-0.1611831173147224,345.0,348.0,4.4,-0.0018174737115409,-0.0015583056410473,-0.0012449958124786
2010-08-11,278.0,280.0,256.0,256.0,1500.0,256.0,297.8,298.5,305.76,320.58666666666664,325.68,False,False,False,False,False,False,False,False,False,True,False,0.01953125,0.1328125,,,-0.1943749999999999,-0.2522916666666666,0.0078125,-0.1015625,-0.0020379304608219,-0.1664991624790619,351.0,353.0,0.6818181818181818,-0.0077184720041863,-0.0059009982926453,-0.0018719071345447
2010-08-12,250.0,250.0,234.0,234.0,1700.0,234.0,281.6,291.5,301.92,319.64,324.75,False,False,False,False,False,False,False,False,False,True,False,0.1709401709401709,0.2991452991452991,,,-0.2902564102564103,-0.3659829059829059,0.1581196581196581,-0.0811965811965812,-0.0029616652066908,-0.1667238421955403,353.0,348.0,1.1333333333333333,-0.0127186009538949,-0.0050001289497086,-0.0009237347458689
2010-08-13,258.0,258.0,258.0,258.0,1300.0,258.0,270.0,285.8,298.4,318.81333333333333,323.885,False,False,False,False,False,False,False,False,False,False,False,-0.0310077519379844,0.0930232558139534,,,-0.1565891472868216,-0.2357105943152454,-0.0426356589147286,-0.1666666666666666,-0.0025929488519927,-0.1700489853044087,348.0,353.0,0.7647058823529411,-0.0117962466487936,0.0009223543051012,0.000368716354698
2010-08-16,270.0,270.0,240.0,240.0,1300.0,240.0,254.8,281.5,294.12,317.3466666666667,322.985,False,False,False,False,False,False,False,False,False,True,False,0.0958333333333333,0.175,,,-0.2255,-0.3222777777777779,0.0791666666666666,-0.0708333333333333,-0.0046216545523296,-0.1740674955595026,340.0,340.0,1.0,-0.0145518835849312,-0.0027556369361375,-0.0020287057003368
2010-08-17,252.0,252.0,252.0,252.0,1100.0,252.0,248.0,277.7,290.28,316.1066666666667,322.195,False,False,False,False,False,False,False,False,False,False,False,0.0992063492063492,0.119047619047619,,,-0.1519047619047618,-0.2543915343915344,0.0753968253968253,-0.1468253968253968,-0.0039227265058208,-0.1771696074900972,304.0,355.0,0.8461538461538461,-0.0132286068623399,0.0013232767225913,0.0006989280465088
2010-08-24,270.0,270.0,261.0,261.0,200.0,261.0,249.0,273.4,288.44,314.92,321.425,False,False,False,False,False,False,False,False,False,False,False,0.1111111111111111,0.0114942528735632,,,-0.1051340996168582,-0.2065900383141763,-0.0613026819923371,-0.1570881226053639,-0.0037681527583724,-0.1752011704462325,309.0,373.0,0.1818181818181818,-0.0063791429760087,0.0068494638863311,0.0001545737474483
2010-08-25,274.0,274.0,274.0,274.0,700.0,274.0,257.0,269.3,287.48,314.3333333333333,320.795,False,False,False,False,False,False,False,False,False,False,False,0.1094890510948905,0.0145985401459854,,,-0.0491970802919708,-0.1472019464720194,-0.0875912408759124,-0.1970802919708029,-0.0018663838812302,-0.1670998886000742,310.0,391.0,3.5,-0.0033393627382773,0.0030397802377314,0.0019017688771422
2010-08-26,250.0,250.0,250.0,250.0,1200.0,250.0,255.4,262.7,285.0,313.46666666666664,319.945,False,False,False,False,False,False,False,False,False,True,False,0.128,0.12,,,-0.14,-0.2538666666666666,0.032,-0.188,-0.002764780944279,-0.1568328892272553,310.0,383.0,1.7142857142857142,-0.0087017543859649,-0.0053623916476876,-0.0008983970630488
2010-08-30,263.0,263.0,263.0,263.0,600.0,263.0,260.0,257.4,282.8,312.56,319.135,False,False,False,False,False,False,False,False,False,False,False,0.0722433460076045,-0.0190114068441064,,,-0.0752851711026616,-0.1884410646387832,-0.0152091254752851,-0.2395437262357414,-0.0029007763842674,-0.1565656565656565,289.0,303.0,0.5,-0.0077793493635077,0.0009224050224572,-0.0001359954399884
2010-08-31,277.0,277.0,277.0,277.0,700.0,277.0,265.0,256.5,283.44,311.61333333333334,318.47,False,False,False,False,False,False,True,False,True,False,False,0.0180505415162454,-0.1263537906137184,,,-0.0232490974729241,-0.1249578820697954,-0.0649819494584837,-0.2888086642599278,-0.0030379530186983,-0.1664717348927875,277.0,303.0,1.1666666666666667,0.0022579734688116,0.0100373228323194,-0.0001371766344308
2010-09-15,290.0,290.0,290.0,290.0,700.0,290.0,270.8,259.9,282.24,310.81333333333333,317.77,False,False,False,False,True,False,False,False,False,True,True,-0.0896551724137931,-0.1241379310344827,,,0.0267586206896551,-0.0717701149425287,-0.1103448275862069,-0.3034482758620689,-0.0025738921539187,-0.1881492881877644,281.0,299.0,1.0,-0.004251700680272,-0.0065096741490837,0.0004640608647795
2010-09-16,304.0,304.0,304.0,304.0,3800.0,304.0,276.8,266.9,280.96,310.26666666666665,317.19,False,False,False,False,False,False,False,False,False,True,False,-0.0855263157894736,-0.1513157894736842,,,0.0757894736842105,-0.0206140350877192,-0.2401315789473684,-0.3421052631578947,-0.0017619252256124,-0.2150618209067065,289.0,295.0,5.428571428571429,-0.0045558086560365,-0.0003041079757644,0.0008119669283063
2010-09-22,282.0,282.0,282.0,282.0,100.0,282.0,283.2,269.3,281.04,309.25333333333333,316.6,False,False,False,False,False,False,True,False,False,False,False,-0.0070921985815602,-0.1134751773049645,,,0.0034042553191488,-0.0966430260047281,-0.2092198581560283,-0.3333333333333333,-0.0032767094938345,-0.2320831786112142,303.0,280.0,0.0263157894736842,0.0002846569883292,0.0048404656443657,-0.0015147842682221
2010-09-24,282.0,282.0,282.0,282.0,100.0,282.0,287.0,273.5,280.32,308.58666666666664,316.06,False,False,False,False,False,False,False,False,False,True,False,-0.0851063829787234,-0.0957446808510638,,,0.0059574468085106,-0.0942789598108746,-0.2198581560283688,-0.3333333333333333,-0.0021603871413757,-0.256672760511883,318.0,294.0,1.0,-0.002568493150685,-0.0028531501390142,0.0011163223524587
2010-09-27,282.0,282.0,282.0,282.0,700.0,282.0,288.0,276.5,280.56,307.70666666666665,315.48,False,False,False,False,False,False,True,False,False,False,False,-0.1418439716312056,-0.0851063829787234,,,0.0051063829787233,-0.0911583924349881,-0.2092198581560283,-0.3439716312056737,-0.0028598665395614,-0.2755877034358047,300.0,308.0,7.0,0.0008554319931565,0.0034239251438416,-0.0006994793981856
2010-09-28,296.0,296.0,264.0,264.0,1000.0,264.0,282.8,276.8,279.92,306.52,314.71,False,False,False,False,False,True,False,False,False,True,False,-0.0378787878787878,-0.0227272727272727,,,-0.0603030303030303,-0.161060606060606,-0.1628787878787878,-0.2954545454545454,-0.0038714167645395,-0.2886560693641619,315.0,322.0,1.4285714285714286,-0.0022863675335809,-0.0031417995267375,-0.001011550224978
2010-09-29,278.0,278.0,278.0,278.0,600.0,278.0,277.6,277.2,278.88,305.58666666666664,313.92,False,False,False,False,False,False,False,False,False,True,False,-0.0719424460431654,-0.0251798561151079,,,-0.0031654676258992,-0.0992326139088728,-0.1726618705035971,-0.3381294964028777,-0.003054234477944,-0.3026695526695526,330.0,338.0,0.6,-0.0037292025243833,-0.0014428349908023,0.0008171822865954
2010-09-30,280.0,280.0,280.0,280.0,500.0,280.0,277.2,280.2,277.48,304.61333333333334,313.03,False,False,False,False,False,False,False,False,False,True,False,-0.1071428571428571,-0.1178571428571428,,,0.0089999999999999,-0.0879047619047619,-0.1535714285714285,-0.3535714285714286,-0.0031953077125097,-0.3179871520342612,346.0,347.0,0.8333333333333334,-0.0050454086781028,-0.0013162061537195,-0.0001410732345656
2010-10-04,258.0,258.0,258.0,258.0,500.0,258.0,272.4,279.7,276.48,303.52,312.35,False,False,False,False,False,False,False,False,False,False,False,-0.0116279069767441,0.003875968992248,,,-0.0716279069767442,-0.1764341085271317,-0.0813953488372093,-0.2790697674418604,-0.0036021788789317,-0.321773328566321,347.0,358.0,1.0,-0.0036168981481481,0.0014285105299546,-0.000406871166422
2010-10-14,242.0,242.0,242.0,242.0,500.0,242.0,264.4,276.2,274.56,302.0133333333333,311.495,False,False,False,False,False,False,False,False,False,True,False,0.0661157024793388,0.1198347107438016,,,-0.1345454545454545,-0.2479889807162534,0.024793388429752,-0.2355371900826446,-0.0049887422188865,-0.3175235336712527,348.0,345.0,1.0,-0.006993006993007,-0.0033761088448589,-0.0013865633399548
2010-10-15,254.0,254.0,254.0,254.0,2000.0,254.0,262.4,272.6,272.56,300.4266666666667,310.765,False,False,False,False,False,False,False,False,False,True,False,0.0157480314960629,-0.0354330708661417,,,-0.0730708661417322,-0.1827821522309711,0.0236220472440944,-0.2716535433070866,-0.0052813775963074,-0.3147468818782098,307.0,351.0,4.0,-0.0073378338714411,-0.000344826878434,-0.0002926353774208
2010-10-18,258.0,258.0,258.0,258.0,900.0,258.0,258.4,268.0,270.28,298.6533333333333,309.955,False,False,False,False,False,False,False,False,False,True,False,0.0503875968992248,-0.0310077519379844,,,-0.047596899224806,-0.1575710594315244,-0.065891472868217,-0.2906976744186046,-0.0059377650787982,-0.3093283582089552,298.0,353.0,0.45,-0.0084356963149327,-0.0010978624434916,-0.0006563874824908
2010-10-22,250.0,250.0,250.0,250.0,200.0,250.0,252.4,264.8,267.64,296.88,309.105,False,False,False,False,False,False,False,False,False,True,False,-0.012,0.032,,,-0.0705599999999999,-0.18752,0.016,-0.252,-0.0059732327315188,-0.3013595166163142,312.0,348.0,0.2222222222222222,-0.0098639964130921,-0.0014283000981593,-3.546765272055552e-05
2010-10-25,255.0,255.0,255.0,255.0,800.0,255.0,251.8,262.1,265.2,296.24,308.29,False,False,False,False,False,False,False,False,False,False,False,0.0156862745098039,0.0156862745098039,,,-0.0399999999999999,-0.1617254901960784,-0.0352941176470588,-0.2666666666666666,-0.0021604104779907,-0.2945440671499428,318.0,340.0,4.0,-0.0092006033182503,0.0006633930948417,0.003812822253528
2010-10-26,258.0,258.0,258.0,258.0,800.0,258.0,255.0,259.7,264.08,295.64,307.49,False,False,False,False,False,False,False,False,False,False,False,0.0503875968992248,0.003875968992248,,,-0.0235658914728681,-0.145891472868217,-0.0968992248062015,-0.2868217054263566,-0.0020294953321608,-0.288409703504043,261.0,304.0,1.0,-0.0042411390487731,0.0049594642694772,0.0001309151458299
2010-10-28,258.0,258.0,258.0,258.0,600.0,258.0,255.8,259.1,264.16,295.0933333333333,306.73,False,False,False,False,False,False,True,False,False,False,False,-0.0503875968992248,0.0,,,-0.0238759689922481,-0.1437726098191213,-0.0775193798449612,-0.2945736434108527,-0.001852521236219,-0.2883056734851409,320.0,309.0,0.75,0.0003028467595398,0.0045439858083129,0.0001769740959417
2010-10-29,271.0,271.0,271.0,271.0,700.0,271.0,258.4,258.4,265.64,294.7733333333333,306.035,False,False,False,True,True,False,True,False,True,False,False,-0.077490774907749,-0.1476014760147601,,,0.0197785977859779,-0.0877244772447723,-0.1217712177121771,-0.3173431734317343,-0.0010855798805861,-0.2859907120743033,336.0,310.0,1.1666666666666667,0.0055714500828187,0.0052686033232788,0.0007669413556329
2010-11-10,247.0,247.0,247.0,247.0,800.0,247.0,257.8,255.1,265.2,294.3333333333333,305.57,False,False,False,False,False,False,False,False,False,True,False,0.0445344129554655,-0.097165991902834,,,-0.0736842105263157,-0.1916329284750336,0.0080971659919028,-0.2348178137651821,-0.0014949037372593,-0.2736181889455115,280.0,310.0,1.1428571428571428,-0.0016591251885369,-0.0072305752713556,-0.0004093238566731
2010-11-15,259.0,259.0,259.0,259.0,800.0,259.0,258.6,255.2,265.96,293.8666666666667,305.615,False,False,False,False,False,False,True,False,True,False,False,0.0,-0.1505791505791505,,,-0.0268725868725867,-0.1346203346203346,-0.027027027027027,-0.2509652509652509,-0.0015880217785843,-0.2707680250783699,300.0,289.0,1.0,0.0028575725673033,0.0045166977558402,-9.311804132496613e-05
2010-11-16,271.0,271.0,271.0,271.0,900.0,271.0,261.2,258.1,266.72,293.37333333333333,305.615,False,False,False,False,False,False,True,False,False,True,True,-0.044280442804428,-0.1771217712177121,,,0.0157933579335792,-0.0825584255842558,-0.070110701107011,-0.2767527675276753,-0.0016815888742444,-0.2746997287872919,276.0,277.0,1.125,0.0028494301139773,-8.14245332593673e-06,-9.356709566014033e-05
2010-11-24,255.0,255.0,245.0,245.0,800.0,245.0,258.6,257.2,266.08,292.3466666666667,305.42,False,False,False,False,False,False,False,False,False,True,False,0.0530612244897959,-0.0979591836734693,,,-0.0860408163265305,-0.1932517006802722,0.0285714285714285,-0.1877551020408163,-0.0035118124600929,-0.2667185069984448,280.0,281.0,0.8888888888888888,-0.0024052916416117,-0.005254721755589,-0.0018302235858485
2010-11-25,257.0,257.0,250.0,250.0,1400.0,250.0,254.4,256.4,265.12,291.17333333333335,305.0,False,False,False,False,False,False,False,False,False,True,False,-0.076,-0.08,,,-0.06048,-0.1646933333333333,0.056,-0.2,-0.0040296730469823,-0.2578003120124804,304.0,289.0,1.75,-0.0036210018105008,-0.0012157101688891,-0.0005178605868894
2010-11-26,258.0,258.0,258.0,258.0,800.0,258.0,256.6,257.2,265.44,289.9866666666667,304.6,False,False,False,False,False,False,True,False,True,False,True,-0.1356589147286821,-0.0813953488372093,,,-0.0288372093023255,-0.1239793281653747,-0.0310077519379844,-0.2248062015503876,-0.0040921421674559,-0.255054432348367,315.0,303.0,0.5714285714285714,0.0012055455093429,0.0048265473198437,-6.246912047360841e-05
2010-11-29,259.0,259.0,259.0,259.0,600.0,259.0,256.6,257.6,265.28,288.6666666666667,304.125,False,False,False,False,False,False,False,False,False,True,False,-0.1505791505791505,-0.0849420849420849,,,-0.0242471042471041,-0.1145431145431146,0.0154440154440154,-0.2277992277992278,-0.0045727482678983,-0.2511645962732919,283.0,318.0,0.75,-0.0006031363088058,-0.0018086818181488,-0.0004806061004423
2010-11-30,259.0,259.0,259.0,259.0,700.0,259.0,254.2,257.7,264.56,287.52,303.565,False,False,False,False,False,False,False,False,False,True,False,-0.138996138996139,-0.0424710424710424,,,-0.0214671814671814,-0.11011583011583,0.0694980694980695,-0.2277992277992278,-0.003988128362085,-0.2452464105549087,290.0,300.0,1.1666666666666667,-0.0027214998488054,-0.0021183635399995,0.0005846199058132
2010-12-02,258.0,258.0,258.0,258.0,100.0,258.0,256.8,257.7,263.28,286.28,302.905,False,False,False,False,False,False,False,False,False,True,False,-0.1434108527131783,0.0077519379844961,,,-0.0204651162790696,-0.1096124031007751,-0.0503875968992248,-0.2364341085271318,-0.0043314237809138,-0.2394256887854093,304.0,315.0,0.1428571428571428,-0.0048617441507141,-0.0021402443019087,-0.0003432954188287
2010-12-06,242.0,242.0,230.0,231.0,2000.0,231.0,253.0,253.7,260.36,284.6533333333333,302.36,False,False,False,False,False,False,False,False,False,True,False,-0.0043290043290043,0.0432900432900432,,,-0.1270995670995671,-0.2322655122655121,0.0952380952380952,-0.1341991341991342,-0.0057145533748653,-0.2215214820654315,315.0,330.0,20.0,-0.0112152404363187,-0.0063534962856046,-0.0013831295939515
2010-12-07,223.0,223.0,223.0,223.0,1000.0,223.0,246.0,251.3,258.0,282.9866666666667,301.775,False,False,False,False,False,False,False,False,False,False,False,0.0627802690582959,0.1390134529147982,,,-0.1569506726457399,-0.2689985052316891,0.1345291479820627,-0.1255605381165919,-0.0058895589898227,-0.2116991643454039,316.0,346.0,0.5,-0.0091472868217054,0.0020679536146133,-0.0001750056149573
2010-12-08,220.0,220.0,220.0,220.0,1800.0,220.0,238.2,247.4,255.52,281.38666666666666,301.1,False,False,False,False,False,False,False,False,False,True,False,0.0772727272727272,0.1181818181818181,,,-0.1614545454545455,-0.2790303030303029,0.1363636363636363,-0.1136363636363636,-0.0056861258529189,-0.1988682295877122,316.0,347.0,1.8,-0.0097056981840951,-0.0005584113623896,0.0002034331369037
2010-12-09,210.0,223.0,210.0,223.0,4100.0,223.0,231.0,242.6,253.16,280.3066666666667,300.42,False,False,False,False,False,False,False,False,False,False,False,0.1121076233183856,0.0448430493273542,,,-0.1352466367713004,-0.2569805680119582,0.1390134529147982,-0.1255605381165919,-0.0038529229891071,-0.1834295136026381,286.0,348.0,2.2777777777777777,-0.0093221677990204,0.0003835303850747,0.0018332028638118
2010-12-10,220.0,221.0,220.0,221.0,200.0,221.0,223.6,240.2,251.44,279.1333333333333,299.775,False,False,False,False,False,False,False,False,False,False,False,0.1764705882352941,0.0769230769230769,,,-0.1377375565610859,-0.2630467571644042,0.2036199095022624,-0.1221719457013574,-0.0042034869835204,-0.1773522064945878,256.0,307.0,0.048780487804878,-0.0068405981546293,0.0024815696443911,-0.0003505639944133
2010-12-15,230.0,230.0,230.0,230.0,1000.0,230.0,223.4,238.2,249.52,278.06666666666666,299.13,False,False,False,False,False,False,False,False,False,True,False,0.0478260869565217,0.0347826086956521,,,-0.0848695652173913,-0.2089855072463768,0.1913043478260869,-0.117391304347826,-0.0038360105490289,-0.169185558354324,234.0,298.0,5.0,-0.0076947739660146,-0.0008541758113853,0.0003674764344914
2010-12-16,237.0,237.0,237.0,237.0,1000.0,237.0,226.2,236.1,247.8,277.0933333333333,298.53,False,False,False,False,False,False,False,False,False,False,False,0.0717299578059071,0.050632911392405,,,-0.0455696202531646,-0.1691701828410688,0.1476793248945147,-0.1561181434599156,-0.0035126551823694,-0.1617958492164336,258.0,312.0,1.0,-0.0069410815173526,0.0007536924486619,0.0003233553666595
2010-12-24,232.0,237.0,232.0,237.0,1600.0,237.0,229.6,233.9,246.96,276.4,297.975,False,False,False,False,False,False,False,False,False,False,False,0.0379746835443038,0.0632911392405063,,,-0.0420253164556962,-0.1662447257383965,0.1392405063291139,-0.1561181434599156,-0.0025084418716835,-0.1539119281744335,240.0,318.0,1.6,-0.0034013605442177,0.0035397209731349,0.0010042133106859
2010-12-27,248.0,248.0,248.0,248.0,1100.0,248.0,234.6,232.8,247.2,276.0133333333333,297.465,False,False,False,False,True,False,True,False,False,False,False,-0.0604838709677419,0.0161290322580645,,,0.0032258064516129,-0.1129569892473117,0.0282258064516129,-0.1935483870967742,-0.0014008985073184,-0.149914089347079,252.0,261.0,0.6875,0.0009708737864076,0.0043722343306253,0.001107543364365
2010-12-28,260.0,260.0,260.0,260.0,1100.0,260.0,242.4,233.0,247.44,275.7333333333333,297.265,False,False,False,False,False,False,True,False,False,True,False,-0.0846153846153846,-0.0307692307692307,,,0.0483076923076923,-0.0605128205128203,-0.0384615384615384,-0.2538461538461538,-0.0010154738878144,-0.151931330472103,261.0,320.0,1.0,0.0009699321047527,-9.416816549848076e-07,0.000385424619504
2010-12-29,272.0,272.0,241.0,241.0,1500.0,241.0,244.6,234.0,246.76,275.0933333333333,296.965,False,False,False,False,False,False,False,False,False,True,True,-0.0124481327800829,0.0954356846473029,,,-0.0239004149377593,-0.1414661134163207,-0.0373443983402489,-0.2199170124481327,-0.0023264831329972,-0.1606837606837606,274.0,336.0,1.3636363636363635,-0.0027557140541417,-0.0037256461588944,-0.0013110092451828
2010-12-30,254.0,254.0,253.0,254.0,900.0,254.0,248.0,237.1,246.92,274.44,296.71,False,False,False,False,False,False,True,False,False,False,False,-0.0196850393700787,-0.0157480314960629,,,0.0278740157480315,-0.0804724409448818,-0.0905511811023622,-0.2401574803149606,-0.0023806053539327,-0.172501054407423,250.0,280.0,0.6,0.000647983152438,0.0034036972065797,-5.4122220935527016e-05
2011-01-04,230.0,246.0,230.0,246.0,800.0,246.0,249.8,239.7,246.56,273.48,296.445,False,False,False,False,False,False,False,False,False,True,False,0.024390243902439,0.0691056910569105,,,-0.0022764227642276,-0.1117073170731708,-0.008130081300813,-0.2073170731707317,-0.0035103115401491,-0.1814768460575719,263.0,300.0,0.8888888888888888,-0.0014600908500972,-0.0021080740025353,-0.0011297061862163
2011-01-07,233.0,233.0,233.0,233.0,100.0,233.0,246.8,240.7,245.56,272.58666666666664,296.255,False,False,False,False,False,False,False,False,False,True,False,0.0815450643776824,0.1888412017167382,,,-0.0539055793991416,-0.1698998569384834,-0.0128755364806866,-0.1802575107296137,-0.0032772451575035,-0.1865392604902367,277.0,276.0,0.125,-0.0040723244828147,-0.0026122336327175,0.0002330663826455
2011-01-13,238.0,238.0,238.0,238.0,100.0,238.0,242.4,242.4,244.76,271.56,296.02,False,False,False,False,False,False,False,False,False,False,False,0.0588235294117647,0.0294117647058823,,,-0.0284033613445377,-0.1410084033613445,-0.0336134453781512,-0.1596638655462184,-0.0037806255216771,-0.1897689768976897,290.0,280.0,1.0,-0.0032685079261317,0.000803816556683,-0.0005033803641735
2011-01-14,238.0,238.0,238.0,238.0,400.0,238.0,241.8,243.2,243.44,270.3333333333333,295.715,False,False,False,False,False,False,False,False,False,True,False,0.1092436974789916,0.0630252100840336,,,-0.0228571428571428,-0.1358543417366946,-0.0966386554621848,-0.2100840336134453,-0.004537607891492,-0.1986019736842104,304.0,304.0,4.0,-0.0054222806441011,-0.0021537727179694,-0.0007569823698149
2011-01-17,249.0,249.0,249.0,249.0,900.0,249.0,240.8,244.4,243.52,269.04,295.46,False,False,False,False,True,False,True,False,False,False,False,0.0040160642570281,0.0160642570281124,,,0.022008032128514,-0.0804819277108434,-0.1365461847389558,-0.2048192771084337,-0.0048072157795617,-0.2033551554828151,282.0,315.0,2.25,0.0003285151116951,0.0057507957557963,-0.0002696078880696
2011-01-18,252.0,252.0,252.0,252.0,900.0,252.0,242.0,245.9,243.24,267.7733333333333,295.82,False,False,False,False,False,False,False,False,False,True,False,0.0436507936507936,-0.0079365079365079,,,0.0347619047619047,-0.0625925925925925,-0.115079365079365,-0.2896825396825397,-0.0047303689687797,-0.2167547783651891,282.0,283.0,1.0,-0.0011511264594639,-0.001479641571159,7.684681078203113e-05
2011-01-24,252.0,252.0,250.0,252.0,800.0,252.0,245.8,246.3,242.48,266.49333333333334,296.11,False,False,False,False,False,False,False,False,False,True,False,0.0992063492063492,0.0079365079365079,,,0.0377777777777778,-0.0575132275132275,-0.1468253968253968,-0.2857142857142857,-0.0048031220293189,-0.2261469752334552,282.0,290.0,0.8888888888888888,-0.0031342791158034,-0.0019831526563395,-7.275306053923427e-05
2011-01-25,252.0,252.0,252.0,252.0,700.0,252.0,248.6,245.5,242.76,265.76,296.5,False,False,False,False,False,False,True,False,True,False,False,-0.0277777777777777,0.0555555555555555,,,0.0366666666666667,-0.0546031746031745,-0.1269841269841269,-0.3055555555555556,-0.0027593818984548,-0.2313645621181263,264.0,304.0,0.875,0.0011534025374855,0.004287681653289,0.0020437401308641
2011-01-26,264.0,264.0,264.0,264.0,900.0,264.0,253.8,247.8,243.32,265.3066666666667,296.755,False,False,False,False,False,False,True,False,False,False,True,-0.0416666666666666,0.0378787878787878,,,0.0783333333333333,-0.0049494949494949,-0.1666666666666666,-0.3068181818181818,-0.0017087144436626,-0.2405165456012914,278.0,315.0,1.2857142857142858,0.002301495972382,0.0011480934348964,0.0010506674547921
2011-01-27,250.0,250.0,250.0,250.0,1000.0,250.0,254.0,247.4,243.0,264.48,296.905,False,False,False,False,False,False,False,False,False,True,False,0.012,0.088,,,0.028,-0.05792,-0.188,-0.3,-0.0031256301673724,-0.2465642683912692,280.0,316.0,1.1111111111111112,-0.0013168724279835,-0.0036183684003655,-0.0014169157237097
2011-01-28,263.0,263.0,263.0,263.0,600.0,263.0,256.2,249.1,243.16,263.74666666666667,297.065,False,False,False,False,False,False,True,False,False,False,True,-0.0494296577946768,0.026615969581749,,,0.0754372623574144,-0.0028390367553865,-0.2395437262357414,-0.3307984790874524,-0.0027804458824124,-0.2593336009634684,258.0,316.0,0.6,0.0006580029610133,0.0019748753889968,0.0003451842849599
2011-01-31,277.0,277.0,277.0,277.0,600.0,277.0,261.2,253.5,243.88,263.96,297.305,False,False,False,False,False,False,True,True,True,False,False,-0.0830324909747292,-0.0794223826714801,,,0.1195667870036101,0.0470758122743683,-0.2888086642599278,-0.3862815884476534,0.0008082032631205,-0.280473372781065,242.0,286.0,1.0,0.002952271608988,0.0022942686479747,0.003588649145533
2011-02-01,245.0,245.0,245.0,245.0,1000.0,245.0,259.8,254.2,243.36,262.96,297.39,False,False,False,False,False,False,False,False,False,True,False,0.0857142857142857,0.0204081632653061,,,0.0066938775510203,-0.0733061224489795,-0.1755102040816326,-0.3061224489795918,-0.0038028597505324,-0.2942564909520062,254.0,256.0,1.6666666666666667,-0.002136752136752,-0.00508902374574,-0.0046110630136529
2011-02-03,253.0,253.0,253.0,253.0,100.0,253.0,257.6,255.7,244.24,261.8533333333333,297.515,False,False,False,False,False,False,True,False,True,False,False,0.0830039525691699,-0.0830039525691699,,,0.0346245059288537,-0.0349934123847165,-0.2094861660079051,-0.3280632411067193,-0.0042262844340343,-0.3054360578803285,258.0,234.0,0.1,0.0036030134294136,0.0057397655661657,-0.0004234246835019
2011-02-07,253.0,253.0,253.0,253.0,400.0,253.0,258.2,256.1,245.44,261.49333333333334,297.24,False,False,False,False,False,False,True,False,False,False,False,0.075098814229249,-0.0869565217391304,,,0.0298814229249011,-0.0335704874835309,-0.2569169960474308,-0.3478260869565217,-0.0013767081378746,-0.3194064818430301,250.0,258.0,4.0,0.0048891786179921,0.0012861651885784,0.0028495762961597
2011-02-14,250.0,250.0,250.0,250.0,100.0,250.0,255.6,255.9,246.64,260.82666666666665,296.875,False,False,False,False,False,False,True,False,False,True,False,0.08,-0.024,,,0.01344,-0.0433066666666666,-0.248,-0.316,-0.0025559758715878,-0.322000781555295,255.0,240.0,0.25,0.0048653908530651,-2.3787764926980204e-05,-0.0011792677337132
2011-02-15,254.0,254.0,254.0,254.0,800.0,254.0,251.0,256.1,247.88,260.53333333333336,296.43,False,False,False,False,False,False,True,False,False,False,False,0.0039370078740157,-0.0944881889763779,,,0.0240944881889763,-0.0257217847769029,-0.2716535433070866,-0.3307086614173228,-0.0011258955987715,-0.3264349863334636,258.0,252.0,8.0,0.005002420526061,0.0001370296729958,0.0014300802728162
2011-02-16,266.0,266.0,266.0,266.0,900.0,266.0,255.2,257.5,249.68,260.3466666666667,296.045,False,False,False,False,False,False,True,False,False,False,True,-0.0601503759398496,-0.1353383458646616,,,0.0613533834586465,0.0212531328320801,-0.3007518796992481,-0.3496240601503759,-0.0007169927276451,-0.3308737864077669,258.0,261.0,1.125,0.0072092278115988,0.0022068072855378,0.0004089028711264
2011-02-21,274.0,274.0,274.0,274.0,500.0,274.0,259.4,258.5,251.44,259.94666666666666,295.7,False,False,False,False,False,False,True,False,False,True,False,-0.1532846715328467,-0.2153284671532846,,,0.0823357664233576,0.0512895377128954,-0.3284671532846715,-0.3722627737226277,-0.0015387771850637,-0.3377176015473888,271.0,274.0,0.5555555555555556,0.0069996818326439,-0.0002095459789549,-0.0008217844574185
2011-02-24,273.0,273.0,272.0,272.0,300.0,272.0,263.2,260.7,252.84,259.37333333333333,295.35,False,False,False,False,False,False,True,False,False,True,False,-0.150735294117647,-0.2095588235294117,,,0.0704411764705882,0.0464215686274509,-0.3345588235294117,-0.3566176470588235,-0.0022104559708013,-0.3433064825469888,247.0,250.0,0.6,0.0055370985603543,-0.0014625832722895,-0.0006716787857376
2011-02-25,270.0,270.0,270.0,270.0,1200.0,270.0,267.2,261.4,254.16,259.2,294.84,False,False,False,False,False,False,True,False,False,True,False,-0.0962962962962963,-0.174074074074074,,,0.0586666666666666,0.04,-0.3111111111111111,-0.3407407407407407,-0.0006687242798354,-0.3442999234889058,259.0,263.0,4.0,0.0051935788479697,-0.0003435197123846,0.0015417316909659
2011-02-28,270.0,270.0,255.0,255.0,1500.0,255.0,267.4,259.2,254.44,258.7333333333333,294.445,False,False,False,False,False,False,True,False,False,True,False,-0.0980392156862745,-0.1568627450980392,,,0.0021960784313725,-0.0146405228758168,-0.2745098039215686,-0.3215686274509804,-0.0018036588508117,-0.3375771604938272,271.0,277.0,1.25,0.0011004559031598,-0.0040931229448098,-0.0011349345709763
2011-03-01,250.0,250.0,250.0,250.0,100.0,250.0,264.2,259.7,254.04,258.0133333333333,294.0,False,False,False,False,False,False,False,False,False,True,False,-0.08,-0.12,,,-0.0161599999999999,-0.0320533333333332,-0.26,-0.308,-0.0027905534597694,-0.3376973430881786,245.0,290.0,0.0666666666666666,-0.0015745551881593,-0.0026750110913192,-0.0009868946089576
2011-03-02,252.0,252.0,232.0,232.0,4800.0,232.0,255.8,257.6,253.68,256.9066666666667,293.43,False,False,False,False,False,False,False,False,False,False,False,-0.0732758620689655,-0.0517241379310344,,,-0.093448275862069,-0.1073563218390805,-0.2112068965517241,-0.2801724137931034,-0.0043076603695244,-0.3334627329192547,250.0,304.0,48.0,-0.0014191106906338,0.0001554444975255,-0.001517106909755
2011-03-03,233.0,234.0,231.0,231.0,800.0,231.0,247.6,255.4,252.76,255.7733333333333,293.255,False,False,False,False,False,False,False,False,False,True,False,-0.0692640692640692,-0.1212121212121212,,,-0.0941991341991341,-0.1072438672438671,-0.1904761904761904,-0.264069264069264,-0.0044310066204453,-0.3257635082223963,258.0,282.0,0.1666666666666666,-0.0036398164266498,-0.002220705736016,-0.0001233462509209
2011-03-04,230.0,244.0,225.0,244.0,1300.0,244.0,242.4,254.8,252.68,254.81333333333333,293.145,False,False,False,False,False,False,False,False,False,False,False,-0.0860655737704918,-0.180327868852459,,,-0.0355737704918033,-0.0443169398907103,-0.2336065573770492,-0.3114754098360656,-0.0037674637643241,-0.325353218210361,259.0,282.0,1.625,-0.000316605983853,0.0033232104427968,0.0006635428561212
2011-03-08,230.0,230.0,230.0,230.0,100.0,230.0,237.4,252.4,252.56,254.06666666666663,293.115,False,False,False,False,False,False,False,False,False,True,False,-0.0652173913043478,-0.1434782608695652,,,-0.0980869565217391,-0.1046376811594201,-0.2,-0.2739130434782608,-0.0029388611912885,-0.3201267828843107,259.0,282.0,0.0769230769230769,-0.0004751346214761,-0.000158528637623,0.0008286025730356
2011-03-09,230.0,230.0,230.0,230.0,100.0,230.0,233.4,248.8,252.24,253.72,293.085,False,False,False,False,False,False,False,False,False,True,False,-0.0434782608695652,-0.1217391304347826,,,-0.096695652173913,-0.1031304347826087,-0.208695652173913,-0.2391304347826087,-0.001366335593042,-0.3094855305466237,258.0,264.0,1.0,-0.0012686330478908,-0.0007934984264147,0.0015725255982464
2011-03-11,223.0,223.0,215.0,215.0,500.0,215.0,230.0,242.9,251.32,253.46666666666667,292.925,False,False,False,False,False,False,False,False,False,True,False,0.0232558139534883,-0.0697674418604651,,,-0.1689302325581395,-0.1789147286821705,-0.1395348837209302,-0.213953488372093,-0.0009994739610731,-0.2939481268011527,231.0,278.0,5.0,-0.0036606716536686,-0.0023920386057778,0.0003668616319689
2011-03-15,220.0,220.0,215.0,215.0,1000.0,215.0,226.8,237.2,249.96,252.8933333333333,292.47,False,False,False,False,False,False,False,False,False,True,False,-0.055813953488372,-0.1255813953488372,,,-0.1626046511627907,-0.1762480620155038,-0.1209302325581395,-0.2186046511627907,-0.002267095481626,-0.2799325463743675,223.0,280.0,2.0,-0.0054408705392862,-0.0017801988856175,-0.0012676215205529
2011-03-16,223.0,223.0,223.0,223.0,1100.0,223.0,222.6,232.5,248.8,252.66666666666663,291.98,False,False,False,False,False,False,False,False,False,False,False,-0.1031390134529148,-0.1569506726457399,,,-0.115695067264574,-0.1330343796711508,-0.1300448430493273,-0.2511210762331838,-0.0008970976253298,-0.2701075268817204,220.0,258.0,1.1,-0.0046623794212218,0.0007784911180643,0.0013699978562961
2011-03-17,215.0,215.0,215.0,215.0,100.0,215.0,219.6,228.5,247.32,252.1733333333333,291.4,False,False,False,False,False,False,False,False,False,True,False,-0.0837209302325581,-0.1395348837209302,,,-0.1503255813953488,-0.1728992248062014,-0.0883720930232558,-0.2232558139534883,-0.0019563263363822,-0.2599562363238512,223.0,242.0,0.0909090909090909,-0.0059841500889536,-0.0013217706677318,-0.0010592287110523
2011-03-18,207.0,220.0,200.0,220.0,2500.0,220.0,217.6,225.5,246.04,251.6266666666667,290.67,False,False,False,False,False,False,False,False,False,False,False,-0.0818181818181818,-0.1545454545454545,,,-0.1183636363636363,-0.1437575757575759,-0.0954545454545454,-0.2545454545454545,-0.0021725307333614,-0.2541019955654102,221.0,254.0,25.0,-0.0052024061128271,0.0007817439761264,-0.0002162043969791
2011-03-22,220.0,220.0,220.0,220.0,100.0,220.0,218.6,224.3,244.28,250.90666666666667,289.94,False,False,False,False,False,False,False,False,False,True,False,-0.0909090909090909,-0.1636363636363636,,,-0.1103636363636363,-0.1404848484848485,-0.0909090909090909,-0.2681818181818182,-0.002869592942927,-0.2527864467231387,230.0,258.0,0.04,-0.0072048468970034,-0.0020024407841762,-0.0006970622095656
2011-03-23,210.0,210.0,200.0,203.0,4200.0,203.0,216.2,221.5,242.4,250.28,289.155,False,False,False,False,False,False,False,False,False,True,False,-0.0738916256157635,-0.1083743842364532,,,-0.1940886699507389,-0.2329064039408867,-0.0147783251231527,-0.2068965517241379,-0.0025038623408449,-0.2474040632054176,237.0,250.0,42.0,-0.0077557755775577,-0.0005509286805543,0.0003657306020821
2011-03-24,205.0,206.0,200.0,200.0,3500.0,200.0,211.6,217.1,239.88,249.44,288.355,False,False,False,False,False,False,False,False,False,True,False,-0.06,-0.07,,,-0.1993999999999999,-0.2471999999999999,0.0,-0.19,-0.0033675432969852,-0.2349147858129894,237.0,255.0,0.8333333333333334,-0.0105052526263131,-0.0027494770487554,-0.0008636809561403
2011-03-25,208.0,208.0,195.0,197.0,2600.0,197.0,208.0,213.8,236.68,248.3733333333333,287.545,False,False,False,False,False,False,False,False,False,True,False,-0.0609137055837563,-0.0609137055837563,,,-0.2014213197969543,-0.26077834179357,0.015228426395939,-0.1878172588832487,-0.0042946102641186,-0.2263797942001871,248.0,258.0,0.7428571428571429,-0.0135203650498562,-0.003015112423543,-0.0009270669671333
2011-03-28,202.0,202.0,202.0,202.0,1100.0,202.0,204.4,211.0,234.96,247.2,286.76,False,False,False,False,False,False,False,False,False,False,False,-0.0792079207920792,-0.0841584158415841,,,-0.1631683168316832,-0.2237623762376237,-0.0247524752475247,-0.1584158415841584,-0.0047464940668823,-0.2184834123222748,260.0,258.0,0.4230769230769231,-0.0073203949608443,0.0061999700890119,-0.0004518838027637
2011-03-29,201.0,201.0,200.0,200.0,200.0,200.0,200.4,209.5,232.84,245.81333333333333,285.96,False,False,False,False,False,False,False,False,False,True,False,-0.08,-0.085,,,-0.1642,-0.2290666666666666,0.0,-0.15,-0.0056411369060533,-0.2124105011933174,241.0,271.0,0.1818181818181818,-0.0091049647826834,-0.001784569821839,-0.0008946428391709
2011-03-30,187.0,189.0,185.0,188.0,7100.0,188.0,197.4,206.8,230.24,244.56,285.1,False,False,False,False,False,False,False,False,False,True,False,-0.0372340425531914,-0.0053191489361702,,,-0.2246808510638298,-0.3008510638297872,0.0372340425531914,-0.1170212765957446,-0.0051248500708755,-0.2030947775628626,254.0,247.0,35.5,-0.0112925642807504,-0.002187599498067,0.0005162868351777
2011-03-31,193.0,193.0,188.0,188.0,3200.0,188.0,195.0,203.3,227.76,243.30666666666667,284.415,False,False,False,False,False,False,False,False,False,False,False,-0.0106382978723404,-0.0053191489361702,,,-0.2114893617021276,-0.2941843971631206,0.0372340425531914,-0.101063829787234,-0.0051512494519947,-0.1883915395966552,246.0,259.0,0.4507042253521127,-0.0108886547242712,0.0004039095564792,-2.63993811191526e-05
2011-04-01,186.0,188.0,185.0,185.0,1600.0,185.0,192.6,200.3,225.0,242.0133333333333,283.71,False,False,False,False,False,False,False,False,False,True,False,0.0,-0.0054054054054054,,,-0.2162162162162162,-0.3081801801801799,0.054054054054054,-0.1081081081081081,-0.0053440581786129,-0.1772341487768347,233.0,271.0,0.5,-0.0122666666666666,-0.0013780119423953,-0.0001928087266182
2011-04-04,187.0,187.0,184.0,186.0,1600.0,186.0,189.4,196.9,221.8,240.97333333333333,283.085,False,False,False,False,False,False,False,False,False,True,False,-0.0053763440860215,-0.021505376344086,,,-0.1924731182795699,-0.2955555555555555,0.043010752688172,-0.1236559139784946,-0.0043158302440102,-0.1635347892331133,238.0,245.0,1.0,-0.0144274120829575,-0.0021607454162909,0.0010282279346026
2011-04-05,184.0,186.0,184.0,184.0,1000.0,184.0,186.2,193.3,218.2,239.72,282.375,False,False,False,False,False,False,False,False,False,True,False,-0.0054347826086956,0.0054347826086956,,,-0.1858695652173912,-0.3028260869565217,0.1032608695652173,-0.0869565217391304,-0.0052283219311418,-0.1443352302121055,238.0,250.0,0.625,-0.0164986251145738,-0.0020712130316163,-0.0009124916871316
2011-04-06,181.0,181.0,181.0,181.0,200.0,181.0,184.8,191.1,214.56,238.4,281.605,False,False,False,False,False,False,False,False,False,True,False,0.0331491712707182,0.0441988950276243,,,-0.1854143646408839,-0.3171270718232044,0.1049723756906077,-0.1049723756906077,-0.0055369127516778,-0.1339612768184196,249.0,258.0,0.2,-0.0169649515287098,-0.0004663264141359,-0.0003085908205359
2011-04-07,181.0,186.0,181.0,186.0,1700.0,186.0,184.4,189.7,211.2,237.44,281.135,False,False,False,False,False,False,False,False,False,False,False,0.0053763440860215,0.043010752688172,,,-0.1354838709677418,-0.2765591397849462,0.075268817204301,-0.0967741935483871,-0.0040431266846361,-0.1244069583552978,252.0,259.0,8.5,-0.0159090909090909,0.0010558606196188,0.0014937860670416
2011-04-08,185.0,185.0,185.0,185.0,500.0,185.0,184.4,188.5,208.4,236.68,280.56,False,False,False,False,False,False,False,False,False,False,False,-0.0054054054054054,0.0594594594594594,,,-0.1264864864864865,-0.2793513513513513,0.081081081081081,-0.1243243243243243,-0.0032110866993408,-0.1177718832891246,252.0,259.0,0.2941176470588235,-0.0134357005758156,0.0024733903332753,0.0008320399852953
2011-04-11,185.0,185.0,185.0,185.0,1000.0,185.0,184.2,186.8,205.8,235.76,279.99,False,False,False,False,False,False,False,False,False,False,False,-0.0162162162162162,0.0756756756756756,,,-0.1124324324324324,-0.2743783783783783,0.0486486486486486,-0.1081081081081081,-0.003902273498473,-0.1124197002141327,252.0,258.0,2.0,-0.0126336248785228,0.0008020756972928,-0.0006911867991322
2011-04-13,183.0,183.0,183.0,183.0,400.0,183.0,184.0,185.1,203.84,234.76,279.41,False,False,False,False,False,False,False,False,False,False,False,0.0109289617486338,0.0928961748633879,,,-0.113879781420765,-0.2828415300546447,0.0273224043715847,-0.087431693989071,-0.0042596694496507,-0.1058887088060507,264.0,231.0,0.4,-0.0096153846153846,0.0030182402631381,-0.0003573959511776
2011-04-14,183.0,187.0,183.0,187.0,200.0,187.0,185.2,185.0,202.08,233.92,278.85,False,False,False,False,False,False,False,False,False,False,False,0.0106951871657754,0.0695187165775401,,,-0.0806417112299466,-0.2509090909090908,0.0320855614973262,-0.1176470588235294,-0.0035909712722298,-0.1059459459459459,250.0,223.0,0.5,-0.0087094220110846,0.0009059626042999,0.0006686981774208
2011-04-15,189.0,189.0,185.0,187.0,3200.0,187.0,185.4,184.9,199.8,233.0133333333333,278.12,False,False,False,False,False,False,False,False,False,True,False,0.0374331550802139,0.0695187165775401,,,-0.0684491978609626,-0.2460606060606058,0.0427807486631016,-0.1497326203208556,-0.0038910505836577,-0.1108707409410492,263.0,220.0,16.0,-0.0114114114114114,-0.0027019894003267,-0.0003000793114278
2011-04-18,192.0,192.0,184.0,184.0,2300.0,184.0,185.2,184.8,197.96,232.02666666666667,277.365,False,False,False,False,False,False,False,False,False,False,False,0.0652173913043478,0.0869565217391304,,,-0.0758695652173913,-0.2610144927536232,0.0380434782608695,-0.0978260869565217,-0.004252384783358,-0.1098484848484849,277.0,223.0,0.71875,-0.0092948070317235,0.0021166043796878,-0.0003613341997003
2011-04-20,184.0,184.0,182.0,182.0,700.0,182.0,184.6,184.4,196.04,231.0133333333333,276.6,False,False,False,False,False,False,False,False,False,True,False,0.0934065934065934,0.0824175824175824,,,-0.0771428571428571,-0.2693040293040291,0.0989010989010989,-0.0659340659340659,-0.0043864711993537,-0.10412147505423,245.0,221.0,0.3043478260869565,-0.0097939196082432,-0.0004991125765196,-0.0001340864159957
2011-04-22,187.0,187.0,185.0,185.0,1400.0,185.0,185.0,184.5,194.84,229.86666666666667,275.88,False,False,False,False,False,False,False,False,False,False,False,0.081081081081081,0.081081081081081,,,-0.0531891891891892,-0.2425225225225225,0.0162162162162162,-0.0864864864864864,-0.0049883990719255,-0.1040650406504064,253.0,230.0,2.0,-0.0061588996099362,0.0036350199983069,-0.0006019278725717
2011-04-25,189.0,189.0,189.0,189.0,1000.0,189.0,185.4,185.3,193.8,229.09333333333333,275.175,False,False,False,False,False,False,False,False,False,False,True,0.0582010582010582,0.0317460317460317,,,-0.0253968253968254,-0.2121340388007054,0.0476190476190476,-0.0952380952380952,-0.003375625654755,-0.1030760928224502,253.0,237.0,0.7142857142857143,-0.0053663570691434,0.0007925425407928,0.0016127734171705
2011-04-26,194.0,194.0,194.0,194.0,1000.0,194.0,186.8,186.1,192.64,228.22666666666663,274.495,False,False,False,False,True,False,False,False,False,True,False,0.0309278350515463,0.0051546391752577,,,0.0070103092783505,-0.1764261168384878,-0.0773195876288659,-0.1288659793814432,-0.003797394403225,-0.1063944116066629,250.0,237.0,1.0,-0.0060215946843855,-0.0006552376152421,-0.00042176874847
2011-04-27,196.0,196.0,196.0,196.0,800.0,196.0,189.2,187.2,191.88,227.22666666666663,273.98,False,False,False,False,False,False,False,False,False,False,False,0.0204081632653061,-0.0051020408163265,,,0.0210204081632653,-0.1593197278911562,-0.0816326530612244,-0.1326530612244898,-0.0044008919140945,-0.1073717948717948,254.0,248.0,0.8,-0.0039608088388575,0.0020607858455279,-0.0006034975108695
2011-04-28,199.0,199.0,199.0,199.0,900.0,199.0,192.6,188.6,191.04,226.6133333333333,273.375,False,False,False,False,False,False,False,False,False,True,False,-0.0100502512562814,-0.0251256281407035,,,0.04,-0.1387604690117252,-0.1206030150753768,-0.1457286432160804,-0.0027065191809836,-0.1113467656415694,266.0,260.0,1.125,-0.0043969849246231,-0.0004361760857655,0.0016943727331109
2011-05-02,190.0,200.0,190.0,200.0,300.0,200.0,195.6,190.3,190.24,225.94666666666663,272.9,False,False,False,False,False,False,False,False,False,False,False,0.0,0.015,,,0.0487999999999999,-0.1297333333333331,-0.085,-0.16,-0.0029505488020772,-0.1187598528638992,274.0,241.0,0.3333333333333333,-0.0042052144659376,0.0001917704586854,-0.0002440296210935
2011-05-09,204.0,204.0,200.0,200.0,200.0,200.0,197.8,191.6,190.12,225.1733333333333,272.475,False,False,False,False,False,False,False,False,False,False,False,-0.025,0.0,,,0.0493999999999999,-0.1258666666666666,-0.125,-0.135,-0.0034343912837516,-0.1205636743215031,272.0,254.0,0.6666666666666666,-0.0006311803071744,0.0035740341587632,-0.0004838424816744
2011-05-10,200.0,200.0,200.0,200.0,100.0,200.0,199.0,192.9,190.12,224.38666666666663,272.05,False,False,False,False,False,False,False,False,False,False,False,-0.025,0.0,,,0.0493999999999999,-0.1219333333333331,-0.12,-0.135,-0.0035058529918593,-0.1192327630896837,270.0,246.0,0.5,0.0,0.0006311803071744,-7.146170810771318e-05
2011-05-13,195.0,200.0,195.0,200.0,900.0,200.0,199.8,194.5,190.24,223.6,271.725,False,False,False,False,False,False,True,False,False,False,False,-0.025,0.0,,,0.0487999999999999,-0.1179999999999999,-0.15,-0.135,-0.0035181872391173,-0.122879177377892,255.0,233.0,9.0,0.0006307821698906,0.0006307821698906,-1.2334247257926936e-05
2011-05-16,197.0,197.0,197.0,197.0,900.0,197.0,199.4,196.0,190.04,222.78666666666663,271.41,False,False,False,False,False,False,False,False,False,True,False,-0.015228426395939,-0.015228426395939,,,0.0353299492385787,-0.1308967851099829,-0.1370558375634517,-0.1218274111675127,-0.0036507271530314,-0.1280612244897959,250.0,238.0,1.0,-0.0010524100189434,-0.0016831921888341,-0.0001325399139141
2011-05-17,200.0,200.0,200.0,200.0,1000.0,200.0,199.4,197.5,190.04,222.3733333333333,271.045,False,False,False,False,False,False,False,False,False,False,False,0.015,-0.06,,,0.0498,-0.1118666666666665,-0.15,-0.125,-0.0018587360594795,-0.1316455696202531,232.0,238.0,1.1111111111111112,0.0,0.0010524100189434,0.0017919910935518
2011-05-20,192.0,195.0,190.0,195.0,700.0,195.0,198.4,198.1,190.32,222.0,270.57,False,False,False,False,False,False,True,False,True,False,False,0.0256410256410256,-0.0102564102564102,,,0.024,-0.1384615384615384,-0.1538461538461538,-0.1743589743589743,-0.0016816816816815,-0.1393235739525491,231.0,249.0,0.7,0.0014712063892391,0.0014712063892391,0.0001770543777979
2011-05-24,195.0,195.0,195.0,195.0,100.0,195.0,197.4,198.2,190.6,221.66666666666663,270.095,False,False,False,False,False,False,True,False,False,True,False,0.0256410256410256,0.0,,,0.0225641025641025,-0.1367521367521365,-0.123076923076923,-0.1282051282051282,-0.0015037593984964,-0.1392532795156407,244.0,252.0,0.1428571428571428,0.0014690451206715,-2.1612685676126835e-06,0.0001779222831851
2011-05-25,195.0,195.0,195.0,195.0,900.0,195.0,196.4,198.1,191.0,221.2933333333333,269.62,False,False,False,False,False,False,True,False,False,False,False,0.0256410256410256,-0.0205128205128205,,,0.0205128205128205,-0.1348376068376066,-0.1282051282051282,-0.1025641025641025,-0.0016870518768452,-0.1362948006057546,230.0,252.0,9.0,0.0020942408376963,0.0006251957170247,-0.0001832924783488
2011-05-26,199.0,199.0,194.0,194.0,900.0,194.0,195.8,197.6,191.32,220.9333333333333,269.14,False,False,False,False,False,False,True,False,False,True,False,0.0,0.0309278350515463,,,0.0138144329896907,-0.1388316151202747,-0.1082474226804123,-0.1237113402061855,-0.0016294508147253,-0.1341093117408907,230.0,252.0,1.0,0.0016725904244197,-0.0004216504132765,5.760106211987934e-05
2011-05-30,204.0,204.0,203.0,203.0,1200.0,203.0,196.4,197.9,192.08,220.57333333333327,268.705,False,False,False,False,False,False,True,False,False,False,False,-0.0738916256157635,-0.0738916256157635,,,0.0537931034482758,-0.0865681444991786,-0.1527093596059113,-0.1773399014778325,-0.0016321102581154,-0.1359272359777665,215.0,264.0,1.3333333333333333,0.0039566847147023,0.0022840942902825,-2.65944339006524e-06
2011-05-31,203.0,203.0,200.0,200.0,1000.0,200.0,197.4,197.9,192.84,220.08,268.255,False,False,False,False,False,False,True,False,False,True,False,-0.035,-0.01,,,0.0357999999999999,-0.1004,-0.125,-0.14,-0.0022416091118377,-0.136432541687721,215.0,250.0,0.8333333333333334,0.003941091059946,-1.5593654756286025e-05,-0.0006094988537223
2011-06-01,199.0,200.0,199.0,200.0,400.0,200.0,198.4,197.9,193.4,219.58666666666667,267.805,False,False,False,False,False,False,True,False,False,True,False,-0.025,-0.105,,,0.0329999999999999,-0.0979333333333333,-0.11,-0.11,-0.0022466452122169,-0.1339060131379484,223.0,263.0,0.4,0.0028955532574974,-0.0010455378024485,-5.036100379160642e-06
2011-06-02,198.0,200.0,198.0,200.0,200.0,200.0,199.4,197.9,194.0,218.94666666666663,267.355,False,False,False,False,False,False,True,False,False,False,False,-0.045,-0.1,,,0.03,-0.0947333333333331,-0.135,-0.13,-0.0029230862919434,-0.1334007074279939,215.0,277.0,0.5,0.0030927835051546,0.0001972302476571,-0.0006764410797265
2011-06-03,190.0,195.0,190.0,194.0,2700.0,194.0,199.4,197.6,194.36,218.06666666666663,266.825,False,False,False,False,False,False,True,False,False,True,False,0.0309278350515463,-0.0979381443298969,,,-0.0018556701030928,-0.1240549828178692,-0.1082474226804123,-0.0876288659793814,-0.0040354631611127,-0.1300607287449392,220.0,245.0,13.5,0.0018522329697469,-0.0012405505354076,-0.0011123768691693
2011-06-07,188.0,188.0,188.0,188.0,100.0,188.0,196.4,196.4,194.56,217.36,266.315,False,False,False,False,False,False,True,False,False,True,False,0.0,-0.026595744680851,,,-0.0348936170212766,-0.1561702127659575,-0.1117021276595744,-0.0957446808510638,-0.0032511348300819,-0.1272912423625254,220.0,253.0,0.037037037037037,0.0010279605263157,-0.0008242724434312,0.0007843283310308
2011-06-10,193.0,193.0,193.0,193.0,100.0,193.0,195.0,196.2,194.8,216.54666666666665,265.88,False,False,False,False,False,False,True,False,False,False,False,0.0259067357512953,-0.0932642487046632,,,-0.0093264248704663,-0.1220034542314334,-0.1191709844559585,-0.1191709844559585,-0.0037559263592144,-0.121814475025484,203.0,253.0,1.0,0.0012320328542094,0.0002040723278937,-0.0005047915291324
2011-06-14,195.0,195.0,195.0,195.0,200.0,195.0,194.0,196.2,195.12,215.86666666666667,265.405,False,False,False,False,False,False,True,False,False,False,False,-0.082051282051282,-0.0974358974358974,,,-0.0006153846153846,-0.107008547008547,-0.1384615384615384,-0.1589743589743589,-0.0031500926497837,-0.1248725790010193,200.0,250.0,2.0,0.0016400164001639,0.0004079835459544,0.0006058337094307
2011-06-15,200.0,200.0,191.0,191.0,1300.0,191.0,192.2,195.8,195.4,215.30666666666667,264.91,False,False,False,False,False,False,True,False,False,True,False,-0.0575916230366492,-0.1099476439790576,,,-0.0230366492146597,-0.127260034904014,-0.1256544502617801,-0.0837696335078534,-0.0026009412930393,-0.1230847803881512,197.0,254.0,6.5,0.0014329580348004,-0.0002070583653635,0.0005491513567443
2011-06-16,200.0,200.0,200.0,200.0,1100.0,200.0,193.4,196.4,196.12,214.8,264.385,False,False,False,True,True,False,True,False,False,False,True,-0.125,-0.15,,,0.0193999999999999,-0.074,-0.125,-0.115,-0.0023587833643699,-0.1221995926680244,202.0,266.0,0.8461538461538461,0.0036712217009993,0.0022382636661989,0.0002421579286694
2011-06-17,188.0,188.0,188.0,188.0,200.0,188.0,193.4,194.9,196.24,214.13333333333333,263.8,False,False,False,False,False,False,True,False,False,True,False,-0.026595744680851,-0.0957446808510638,,,-0.0438297872340426,-0.1390070921985815,-0.101063829787234,-0.0319148936170212,-0.0031133250311333,-0.1077475628527449,200.0,274.0,0.1818181818181818,0.0006114961271912,-0.0030597255738081,-0.0007545416667634
2011-06-23,198.0,198.0,198.0,198.0,100.0,198.0,194.4,194.7,196.6,213.4533333333333,263.19,False,False,False,False,False,False,True,False,True,False,False,-0.1161616161616161,-0.1666666666666666,,,0.0070707070707071,-0.0780471380471379,-0.1515151515151515,-0.1313131313131313,-0.0031857080392279,-0.1068310220852593,188.0,272.0,0.5,0.0018311291963376,0.0012196330691464,-7.238300809462748e-05
2011-06-24,183.0,185.0,172.0,179.0,43900.0,179.0,191.2,192.6,196.0,212.48,262.335,False,False,False,False,False,False,False,False,False,True,False,-0.0167597765363128,-0.0446927374301676,,,-0.0949720670391061,-0.1870391061452513,-0.0670391061452514,-0.0446927374301676,-0.0045808232931726,-0.1007268951194185,188.0,270.0,439.0,-0.0030612244897958,-0.0048923536861335,-0.0013951152539447
2011-06-27,181.0,181.0,179.0,180.0,4700.0,180.0,189.0,190.6,195.36,211.52,261.51,False,False,False,False,False,False,False,False,False,True,False,-0.0555555555555555,-0.0555555555555555,,,-0.0853333333333334,-0.1751111111111111,-0.0722222222222222,0.0277777777777777,-0.004538577912254,-0.0855194123819516,185.0,255.0,0.1070615034168565,-0.0032760032760032,-0.0002147787862073,4.224538091860807e-05
2011-06-28,185.0,185.0,175.0,175.0,4400.0,175.0,184.0,188.7,194.4,210.4933333333333,260.635,False,False,False,False,False,False,False,False,False,True,False,-0.0285714285714285,-0.0114285714285714,,,-0.1108571428571428,-0.2028190476190474,-0.0628571428571428,0.08,-0.0048774307974917,-0.0699523052464228,186.0,250.0,0.9361702127659576,-0.0049382716049383,-0.0016622683289351,-0.0003388528852376
2011-06-29,180.0,183.0,180.0,183.0,1300.0,183.0,183.0,188.2,193.72,209.41333333333333,259.96,False,False,False,False,False,False,False,False,False,False,False,-0.0710382513661202,-0.0601092896174863,,,-0.0585792349726775,-0.144335154826958,-0.1202185792349726,0.0546448087431694,-0.0051572647395898,-0.0552603613177469,184.0,232.0,0.2954545454545454,-0.0035102209374355,0.0014280506675028,-0.0002798339420981
2011-06-30,186.0,186.0,163.0,175.0,29500.0,175.0,178.4,186.4,192.72,208.41333333333333,259.26,False,False,False,False,False,False,False,False,False,True,False,-0.0571428571428571,0.0,,,-0.1012571428571428,-0.1909333333333333,-0.08,0.0457142857142857,-0.0047981575075171,-0.0391630901287554,181.0,231.0,22.692307692307693,-0.0051888750518887,-0.0016786541144532,0.0003591072320727
2011-07-01,175.0,177.0,173.0,176.0,3400.0,176.0,177.8,184.5,191.76,207.25333333333333,258.485,False,False,False,False,False,False,False,False,False,False,False,-0.0284090909090909,0.0113636363636363,,,-0.0895454545454545,-0.1775757575757575,-0.0795454545454545,0.034090909090909,-0.0055970149253731,-0.0195121951219511,186.0,244.0,0.1152542372881356,-0.0050062578222778,0.0001826172296108,-0.000798857417856
2011-07-04,177.0,177.0,170.0,170.0,4700.0,170.0,175.8,182.4,190.56,205.82666666666665,257.595,False,False,False,False,False,False,False,False,False,True,False,0.0,0.0176470588235294,,,-0.1209411764705882,-0.2107450980392156,-0.0588235294117647,-0.0058823529411764,-0.0069313985878085,-0.0115131578947368,185.0,230.0,1.3823529411764706,-0.0062972292191435,-0.0012909713968656,-0.0013343836624354
2011-07-05,170.0,170.0,170.0,170.0,1900.0,170.0,174.8,179.4,189.48,204.82666666666665,256.695,False,False,False,False,False,False,False,False,False,False,False,0.0176470588235294,0.0176470588235294,,,-0.1145882352941175,-0.2048627450980391,0.0,0.0058823529411764,-0.0048821767998958,0.0016722408026754,185.0,230.0,0.4042553191489361,-0.0056998100063331,0.0005974192128103,0.0020492217879127
2011-07-06,170.0,170.0,170.0,170.0,1800.0,170.0,172.2,177.6,188.28,203.72,255.82,False,False,False,False,False,False,False,False,False,True,False,0.0117647058823529,-0.0176470588235294,,,-0.1075294117647058,-0.1983529411764706,0.0,0.0529411764705882,-0.005432292689312,0.0101351351351352,183.0,215.0,0.9473684210526316,-0.0063734862970044,-0.0006736762906712,-0.0005501158894162
2011-07-07,172.0,172.0,165.0,165.0,2300.0,165.0,170.2,174.3,187.08,202.54666666666665,254.855,False,False,False,False,False,False,False,False,False,True,False,0.0606060606060606,0.0303030303030303,,,-0.1338181818181819,-0.2275555555555554,0.006060606060606,0.1151515151515151,-0.0057929036929761,0.0361445783132529,187.0,215.0,1.2777777777777777,-0.0064143681847337,-4.088188772934098e-05,-0.000360611003664
2011-07-08,170.0,171.0,170.0,171.0,900.0,171.0,169.2,173.5,186.12,201.4933333333333,254.05,False,False,False,False,False,False,False,False,False,False,False,0.0409356725146198,-0.0175438596491228,,,-0.0884210526315789,-0.1783235867446392,-0.0116959064327485,0.0935672514619883,-0.0052276336686077,0.0501440922190201,187.0,223.0,0.391304347826087,-0.0051579626047711,0.0012564055799625,0.0005652700243683
2011-07-11,170.0,170.0,170.0,170.0,1000.0,170.0,169.2,172.5,185.12,200.3733333333333,253.16,False,False,False,False,False,False,False,False,False,True,False,0.0176470588235294,-0.0176470588235294,,,-0.0889411764705882,-0.1786666666666665,-0.0294117647058823,0.1294117647058823,-0.0055895661431993,0.0602898550724638,184.0,215.0,1.1111111111111112,-0.0054019014693171,-0.000243938864546,-0.0003619324745916
2011-07-12,170.0,175.0,170.0,173.0,1200.0,173.0,169.8,172.3,184.28,199.13333333333333,252.26,False,False,False,False,False,False,False,False,False,False,False,0.0,0.0115606936416184,,,-0.0652023121387283,-0.1510597302504816,-0.0578034682080924,0.0751445086705202,-0.0062269835955807,0.0597794544399302,182.0,220.0,1.2,-0.0045582808769264,0.0008436205923907,-0.0006374174523813
2011-07-13,172.0,172.0,172.0,172.0,400.0,172.0,170.2,171.2,183.04,197.7733333333333,251.38,False,False,False,False,False,False,False,False,False,True,False,-0.0290697674418604,-0.0174418604651162,,,-0.0641860465116278,-0.1498449612403099,-0.0232558139534883,0.0232558139534883,-0.0068765590237983,0.056658878504673,185.0,220.0,0.3333333333333333,-0.0067744755244755,-0.0022161946475491,-0.0006495754282176
2011-07-14,175.0,175.0,173.0,175.0,400.0,175.0,172.2,171.2,182.04,196.48,250.49,False,False,False,False,False,False,False,False,False,False,False,-0.0285714285714285,-0.04,,,-0.0402285714285713,-0.122742857142857,-0.0742857142857142,-0.0171428571428571,-0.0065825190010857,0.0502336448598132,189.0,203.0,1.0,-0.005493298176225,0.0012811773482505,0.0002940400227126
2011-07-15,178.0,178.0,178.0,178.0,1100.0,178.0,173.6,171.4,181.16,195.25333333333333,249.68,False,False,False,False,False,False,False,False,False,False,False,-0.0561797752808988,-0.0617977528089887,,,-0.017752808988764,-0.0969288389513108,-0.0561797752808988,0.0617977528089887,-0.0062824364927615,0.0530921820303383,194.0,200.0,2.75,-0.0048575844557297,0.0006357137204952,0.0003000825083242
2011-07-19,182.0,182.0,173.0,173.0,1500.0,173.0,174.2,171.7,180.08,194.16,248.77,False,False,False,False,False,False,False,False,False,True,False,-0.0346820809248554,-0.0346820809248554,,,-0.0409248554913295,-0.1223121387283236,-0.0635838150289017,0.0404624277456647,-0.0056310946298585,0.0576587070471753,196.0,197.0,1.3636363636363635,-0.0059973345179919,-0.0011397500622621,0.0006513418629029
2011-07-20,173.0,173.0,173.0,173.0,100.0,173.0,174.2,172.0,179.24,193.13333333333333,247.77,False,False,False,False,False,False,False,False,False,False,False,0.0115606936416184,-0.0520231213872832,,,-0.0360693641618497,-0.1163776493256261,-0.0462427745664739,0.0924855491329479,-0.0053158439765274,0.0662790697674419,199.0,202.0,0.0666666666666666,-0.0046864539165365,0.0013108806014554,0.000315250653331
2011-07-22,172.0,172.0,167.0,167.0,1700.0,167.0,173.2,171.7,178.4,192.26666666666668,246.65,False,False,False,False,False,False,False,False,False,True,False,0.0119760479041916,-0.0359281437125748,,,-0.0682634730538922,-0.1512974051896208,0.0,0.1077844311377245,-0.0045076282940359,0.0716365754222481,200.0,200.0,17.0,-0.0047085201793722,-2.2066262835710067e-05,0.0008082156824915
2011-07-25,170.0,170.0,170.0,170.0,1900.0,170.0,172.2,172.2,177.48,191.4533333333333,245.585,False,False,False,False,False,False,False,False,False,True,True,-0.0117647058823529,-0.0529411764705882,,,-0.0439999999999999,-0.1261960784313724,-0.0294117647058823,0.1058823529411764,-0.004248206699631,0.0708478513356563,200.0,188.0,1.1176470588235294,-0.0051836826684697,-0.0004751624890975,0.0002594215944049
2011-07-26,175.0,175.0,167.0,168.0,1600.0,168.0,170.2,171.9,176.4,190.44,244.91,False,False,False,False,False,False,False,False,False,True,False,-0.0059523809523809,-0.0357142857142857,,,-0.05,-0.1335714285714285,-0.0535714285714285,0.125,-0.0053210109920884,0.0738801628853984,200.0,188.0,0.8421052631578947,-0.0061224489795917,-0.0009387663111219,-0.0010728042924573
2011-07-27,168.0,168.0,167.0,167.0,200.0,167.0,169.0,171.6,175.44,189.6,244.23,False,False,False,False,False,False,False,False,False,False,False,0.0,-0.0419161676646706,,,-0.0505389221556886,-0.1353293413173652,-0.0059880239520958,0.059880239520958,-0.0044303797468354,0.067016317016317,200.0,185.0,0.125,-0.0054719562243502,0.0006504927552414,0.0008906312452529
2011-07-28,176.0,176.0,175.0,175.0,1400.0,175.0,169.4,171.8,174.44,188.86666666666667,243.61,False,False,False,False,True,False,False,False,False,True,False,-0.0628571428571428,-0.0285714285714285,,,0.0032,-0.0792380952380952,-0.0285714285714285,0.0114285714285714,-0.0038828097423225,0.0605355064027938,197.0,186.0,7.0,-0.0057326301307039,-0.0002606739063537,0.0005475700045129
2011-07-29,179.0,179.0,169.0,169.0,1900.0,169.0,169.8,171.5,173.68,188.25333333333333,242.98,False,False,False,False,False,False,False,False,False,False,False,-0.0473372781065088,0.0059171597633136,,,-0.0276923076923077,-0.1139250493096646,0.0,0.1124260355029585,-0.0032580211063107,0.0693877551020408,200.0,184.0,1.3571428571428572,-0.0043758636573007,0.0013567664734032,0.0006247886360118
2011-08-01,168.0,168.0,168.0,168.0,100.0,168.0,169.4,170.8,172.48,187.6266666666667,242.42,False,False,False,False,False,False,False,False,False,True,False,-0.0416666666666666,-0.0119047619047619,,,-0.0266666666666666,-0.1168253968253969,0.0178571428571428,0.119047619047619,-0.0033399658897099,0.0831381733021076,195.0,181.0,0.0526315789473684,-0.0069573283858999,-0.0025814647285991,-8.194478339920057e-05
2011-08-03,167.0,167.0,167.0,167.0,100.0,167.0,169.2,169.7,172.0,186.88,241.785,False,False,False,False,False,False,False,False,False,False,False,-0.029940119760479,0.0119760479041916,,,-0.029940119760479,-0.1190419161676646,0.0119760479041916,0.0778443113772455,-0.0039954337899545,0.084855627578079,195.0,186.0,1.0,-0.0027906976744185,0.0041666307114813,-0.0006554679002446
2011-08-04,167.0,167.0,167.0,167.0,300.0,167.0,169.2,169.1,171.48,186.24,241.08,False,False,False,False,False,False,False,False,False,True,False,-0.0419161676646706,-0.0119760479041916,,,-0.0268263473053891,-0.1152095808383234,0.0179640718562874,0.1317365269461078,-0.0034364261168384,0.0940272028385571,195.0,185.0,3.0,-0.0030324236062515,-0.0002417259318329,0.000559007673116
2011-08-05,164.0,164.0,162.0,164.0,1200.0,164.0,167.0,168.2,171.04,185.4933333333333,240.29,False,False,False,False,False,False,False,False,False,False,False,0.0365853658536585,-0.0060975609756097,,,-0.0429268292682926,-0.1310569105691055,0.0365853658536585,0.1097560975609756,-0.0040253018976424,0.0957193816884662,194.0,185.0,4.0,-0.0025724976613657,0.0004599259448857,-0.000588875780804
2011-08-08,161.0,161.0,161.0,161.0,100.0,161.0,165.4,167.6,170.16,184.70666666666668,239.405,False,False,False,False,False,False,False,False,False,True,False,0.0559006211180124,0.0434782608695652,,,-0.0568944099378881,-0.1472463768115942,0.0434782608695652,0.186335403726708,-0.0042590052696165,0.1032219570405728,203.0,183.0,0.0833333333333333,-0.005171603196991,-0.0025991055356252,-0.000233703371974
2011-08-10,161.0,161.0,161.0,161.0,100.0,161.0,164.0,166.7,169.6,184.14666666666668,238.475,False,False,False,False,False,False,False,False,False,False,False,0.031055900621118,0.0062111801242236,,,-0.0534161490683229,-0.143768115942029,0.0745341614906832,0.1801242236024844,-0.0030410542321338,0.110377924415117,200.0,187.0,1.0,-0.0033018867924528,0.0018697164045381,0.0012179510374826
2011-08-11,161.0,162.0,155.0,162.0,1100.0,162.0,163.0,166.1,169.04,183.64,237.495,False,False,False,False,False,False,False,False,False,True,False,0.0432098765432098,0.037037037037037,,,-0.0434567901234567,-0.1335802469135801,0.0679012345679012,0.1790123456790123,-0.0027590212735062,0.115593016255268,200.0,187.0,11.0,-0.0033128253667771,-1.0938574324264197e-05,0.0002820329586275
2011-08-12,162.0,162.0,160.0,160.0,1500.0,160.0,161.6,165.4,168.64,183.14666666666668,236.57,False,False,False,False,False,False,False,False,False,False,False,0.03125,0.0125,,,-0.0539999999999999,-0.1446666666666667,0.08125,0.1875,-0.0026936517181128,0.1281741233373639,200.0,184.0,1.3636363636363635,-0.0023719165085389,0.0009409088582381,6.536955539339145e-05
2011-08-15,168.0,170.0,165.0,170.0,1400.0,170.0,162.8,164.9,168.64,182.72,235.665,False,False,False,False,True,False,False,False,False,False,False,-0.0411764705882352,-0.0294117647058823,,,0.008,-0.0748235294117647,0.0176470588235294,0.1294117647058823,-0.0023350846468185,0.1406913280776227,194.0,182.0,0.9333333333333332,0.0,0.0023719165085389,0.0003585670712943
2011-08-16,170.0,170.0,170.0,170.0,1300.0,170.0,164.6,165.0,168.64,182.32,234.75,False,False,False,False,False,False,False,False,False,False,False,-0.0117647058823529,-0.0176470588235294,,,0.008,-0.072470588235294,0.0294117647058823,0.0705882352941176,-0.0021939447125932,0.1363636363636363,188.0,185.0,0.9285714285714286,0.0,0.0,0.0001411399342252
2011-08-19,166.0,166.0,166.0,166.0,100.0,166.0,165.6,164.8,168.68,182.02666666666667,233.84,False,False,False,False,False,False,True,False,False,False,False,-0.0240963855421686,-0.0060240963855421,,,-0.016144578313253,-0.0965461847389558,-0.0301204819277108,0.108433734939759,-0.0016114854966304,0.1353155339805824,193.0,189.0,0.0769230769230769,0.0002371354043159,0.0002371354043159,0.0005824592159628
2011-08-23,162.0,170.0,162.0,169.0,600.0,169.0,167.0,165.0,168.6,181.7733333333333,232.985,False,False,False,False,False,False,False,False,False,True,False,-0.0059171597633136,-0.059171597633136,,,0.0023668639053254,-0.0755818540433923,0.0059171597633136,0.1242603550295858,-0.0013936771070198,0.1399999999999999,195.0,194.0,6.0,-0.0004744958481614,-0.0007116312524773,0.0002178083896105
2011-08-24,168.0,168.0,165.0,165.0,400.0,165.0,168.0,164.8,168.4,181.50666666666663,232.29,False,False,False,False,False,False,False,False,False,True,False,-0.0181818181818181,0.006060606060606,,,-0.0206060606060606,-0.1000404040404038,0.0606060606060606,0.1515151515151515,-0.0014691838683611,0.1419902912621357,191.0,196.0,0.6666666666666666,-0.0011876484560569,-0.0007131526078955,-7.550676134132736e-05
2011-08-25,173.0,174.0,163.0,163.0,4700.0,163.0,166.6,164.7,168.0,181.2,231.56,False,False,False,False,False,False,False,False,False,True,False,0.0122699386503067,0.0429447852760736,,,-0.0306748466257668,-0.1116564417177913,0.0429447852760736,0.1165644171779141,-0.0016924208977187,0.1426836672738312,200.0,199.0,11.75,-0.0023809523809524,-0.0011933039248954,-0.0002232370293575
2011-08-26,169.0,169.0,168.0,168.0,1200.0,168.0,166.2,165.4,167.84,180.98666666666668,230.85,False,False,False,False,False,False,False,False,False,False,True,-0.0059523809523809,0.0059523809523809,,,0.0009523809523809,-0.0773015873015873,-0.0059523809523809,0.1428571428571428,-0.001178724031236,0.1384522370012092,188.0,200.0,0.2553191489361702,-0.0009532888465204,0.0014276635344319,0.0005136968664827
2011-08-30,173.0,173.0,162.0,162.0,4000.0,162.0,165.4,165.5,167.32,180.7333333333333,230.11,False,False,False,False,False,False,False,False,False,True,False,0.0185185185185185,0.0555555555555555,,,-0.0328395061728394,-0.1156378600823042,0.0617283950617283,0.1604938271604938,-0.0014016967908523,0.1365558912386706,198.0,200.0,3.333333333333333,-0.0031078173559646,-0.0021545285094442,-0.0002229727596163
2011-08-31,168.0,168.0,168.0,168.0,1100.0,168.0,165.2,166.1,166.92,180.4933333333333,229.505,False,False,False,False,False,False,False,False,False,False,True,-0.0535714285714285,0.0059523809523809,,,0.0064285714285715,-0.0743650793650792,0.0595238095238095,0.1547619047619047,-0.0013296890005169,0.1342564720048164,179.0,200.0,0.275,-0.0023963575365444,0.0007114598194201,7.200779033538765e-05
2011-09-02,167.0,167.0,162.0,162.0,1000.0,162.0,164.6,166.3,166.48,180.18666666666667,228.93,False,False,False,False,False,False,False,False,False,True,False,0.0246913580246913,0.0493827160493827,,,-0.0276543209876542,-0.1122633744855967,0.074074074074074,0.1481481481481481,-0.0017019387302055,0.1304870715574262,180.0,200.0,0.9090909090909092,-0.0026429601153291,-0.0002466025787846,-0.0003722497296885
2011-09-05,165.0,165.0,165.0,165.0,100.0,165.0,165.0,165.8,166.16,179.92,228.35,False,False,False,False,False,False,False,False,False,False,False,0.0303030303030303,0.0303030303030303,,,-0.007030303030303,-0.0904242424242423,0.0727272727272727,0.1818181818181818,-0.0014821402104639,0.1357056694813027,175.0,197.0,0.1,-0.0019258545979778,0.0007171055173513,0.0002197985197416
2011-09-09,167.0,167.0,167.0,167.0,100.0,167.0,164.8,165.5,166.16,179.70666666666668,227.74,False,False,False,False,False,False,False,False,False,False,False,0.0119760479041916,0.0059880239520958,,,0.0050299401197604,-0.0760878243512974,0.0179640718562874,0.1317365269461078,-0.0011871197507047,0.1419939577039275,183.0,200.0,1.0,0.0,0.0019258545979778,0.0002950204597592
2011-09-12,165.0,165.0,165.0,165.0,100.0,165.0,165.4,165.4,165.96,179.41333333333333,227.05,False,False,False,False,False,False,False,False,False,True,False,0.0363636363636363,0.0484848484848484,,,-0.0058181818181818,-0.0873535353535353,0.0303030303030303,0.1515151515151515,-0.0016349583828776,0.1463119709794437,175.0,195.0,1.0,-0.0012051096649794,-0.0012051096649794,-0.0004478386321729
2011-09-14,167.0,167.0,156.0,159.0,1900.0,159.0,163.6,164.4,165.6,179.04,226.255,False,False,False,False,False,False,False,False,False,True,False,0.0628930817610062,0.0880503144654088,,,-0.0415094339622641,-0.1260377358490565,0.0314465408805031,0.2327044025157232,-0.0020851951146857,0.1569343065693429,176.0,195.0,19.0,-0.0021739130434783,-0.0009688033784988,-0.0004502367318081
2011-09-15,166.0,166.0,166.0,166.0,1200.0,166.0,164.4,164.5,165.56,178.8,225.585,False,False,False,False,False,False,False,False,False,False,False,0.0240963855421686,0.0421686746987951,,,0.0026506024096385,-0.0771084337349398,0.0542168674698795,0.180722891566265,-0.0013422818791945,0.1598784194528876,170.0,195.0,0.631578947368421,-0.0002416042522347,0.0019323087912435,0.0007429132354912
2011-09-16,171.0,171.0,170.0,170.0,1300.0,170.0,165.4,165.2,165.36,178.64,224.86,False,False,False,False,False,False,False,False,False,True,True,0.0,0.0176470588235294,,,0.0272941176470587,-0.0508235294117646,0.0411764705882352,0.1529411764705882,-0.00089565606807,0.1634382566585956,170.0,194.0,1.0833333333333333,-0.0012094823415577,-0.0009678780893229,0.0004466258111245
2011-09-22,169.0,169.0,169.0,169.0,200.0,169.0,165.8,165.3,165.36,178.42666666666668,224.055,False,False,False,False,False,False,False,False,False,False,False,-0.0059171597633136,0.0355029585798816,,,0.0215384615384614,-0.0557790927021696,0.0769230769230769,0.165680473372781,-0.0011956359288595,0.1657592256503325,170.0,203.0,0.1538461538461538,0.0,0.0012094823415577,-0.0002999798607895
2011-09-26,171.0,171.0,171.0,171.0,900.0,171.0,167.0,166.2,165.48,178.18666666666667,223.18,False,False,False,False,False,False,True,False,False,False,True,0.0116959064327485,-0.0584795321637426,,,0.032280701754386,-0.042027290448343,0.0058479532163742,0.1520467836257309,-0.0013469021251122,0.1648616125150421,165.0,200.0,4.5,0.0007251631617112,0.0007251631617112,-0.0001512661962527
2011-09-27,170.0,170.0,169.0,169.0,1500.0,169.0,169.0,166.3,165.56,177.85333333333332,222.29,False,False,False,False,False,False,True,False,False,True,False,0.0236686390532544,0.0059171597633136,,,0.0203550295857988,-0.0523865877712031,0.0118343195266272,0.2130177514792899,-0.001874203463528,0.1707757065544195,171.0,200.0,1.6666666666666667,0.0004832085044697,-0.0002419546572414,-0.0005273013384157
2011-09-29,170.0,170.0,170.0,170.0,1100.0,170.0,169.8,167.1,165.68,177.50666666666666,221.4,False,False,False,False,False,False,True,False,False,False,True,0.0176470588235294,0.0294117647058823,,,0.0254117647058823,-0.044156862745098,0.088235294117647,0.2058823529411764,-0.0019529782918951,0.1765409934171155,170.0,200.0,0.7333333333333333,0.0007242877836794,0.0002410792792096,-7.877482836707132e-05
2011-09-30,178.0,178.0,170.0,170.0,1200.0,170.0,169.8,167.6,165.92,177.12,220.715,False,False,False,False,False,False,True,False,True,False,False,0.0176470588235294,0.0,,,0.024,-0.0418823529411764,0.1117647058823529,0.2058823529411764,-0.0021830773863293,0.1789976133651551,173.0,194.0,1.0909090909090908,0.0014464802314367,0.0007221924477573,-0.0002300990944342
2011-10-05,168.0,168.0,168.0,168.0,100.0,168.0,169.6,167.7,166.2,176.69333333333333,220.065,False,False,False,False,False,False,True,False,False,False,False,0.0416666666666666,-0.0059523809523809,,,0.0107142857142857,-0.0517460317460317,0.1488095238095238,0.1369047619047619,-0.0024147298520978,0.1794871794871796,172.0,188.0,0.0833333333333333,0.0016847172081829,0.0002382369767461,-0.0002316524657684
2011-10-06,173.0,173.0,173.0,173.0,100.0,173.0,170.0,168.5,166.68,176.33333333333334,219.37,False,False,False,False,False,False,True,False,False,False,True,-0.0693641618497109,-0.0057803468208092,,,0.0365317919075144,-0.0192678227360308,0.0578034682080924,0.1502890173410404,-0.0020415879017012,0.1792284866468842,175.0,193.0,1.0,0.0028797696184306,0.0011950524102477,0.0003731419503966
2011-10-07,173.0,173.0,173.0,173.0,100.0,173.0,170.8,169.9,167.12,175.97333333333333,218.645,False,False,False,False,False,False,True,False,False,True,False,-0.0173410404624277,0.0289017341040462,,,0.0339884393063583,-0.0171868978805394,0.0520231213872832,0.0924855491329479,-0.0020457645097742,0.1653914067098292,178.0,195.0,1.0,0.0026328386787936,-0.0002469309396369,-4.176608073046609e-06
2011-10-11,173.0,173.0,173.0,173.0,200.0,173.0,171.4,170.6,167.64,175.61333333333334,218.205,False,False,False,False,False,False,True,False,False,False,False,0.0115606936416184,0.0057803468208092,,,0.0309826589595376,-0.0151059730250482,-0.0231213872832369,0.0867052023121387,-0.0020499582415912,0.1559202813599061,173.0,191.0,2.0,0.0031018849916486,0.0004690463128549,-4.193731817004557e-06
2011-10-12,173.0,173.0,173.0,173.0,100.0,173.0,172.0,170.9,167.76,175.29333333333332,217.47,False,False,False,False,False,False,True,False,False,True,False,-0.0173410404624277,0.0231213872832369,,,0.0302890173410405,-0.0132562620423891,-0.0115606936416184,0.1560693641618497,-0.0018255115235416,0.1562317144528963,173.0,200.0,0.5,0.0007153075822603,-0.0023865774093882,0.0002244467180496
2011-10-13,173.0,175.0,173.0,175.0,900.0,175.0,173.4,171.5,167.96,174.96,216.665,False,False,False,False,False,False,True,False,False,False,False,-0.0457142857142857,-0.0285714285714285,,,0.0402285714285713,0.0002285714285713,0.0228571428571428,0.1257142857142857,-0.0019051973784482,0.1521865889212827,167.0,188.0,9.0,0.0011907597046916,0.0004754521224312,-7.968585490668333e-05
2011-10-14,175.0,175.0,161.0,161.0,1100.0,161.0,171.0,170.5,167.76,174.50666666666666,216.07,False,False,False,False,False,False,False,False,False,True,False,0.0683229813664596,0.0559006211180124,,,-0.0419875776397514,-0.0838923395445134,0.1428571428571428,0.2422360248447205,-0.0025977995110025,0.1607038123167155,170.0,198.0,1.2222222222222223,-0.0011921793037673,-0.002382939008459,-0.0006926021325542
2011-10-17,169.0,170.0,169.0,170.0,1300.0,170.0,170.4,170.6,167.8,174.17333333333335,215.42,False,False,False,False,False,False,True,False,False,False,False,0.0470588235294117,-0.0352941176470588,,,0.0129411764705881,-0.0245490196078432,0.1,0.1823529411764705,-0.0019138023424939,0.1576787807737397,168.0,179.0,1.181818181818182,0.0002383790226461,0.0014305583264135,0.0006839971685085
2011-10-18,175.0,175.0,175.0,175.0,1200.0,175.0,170.8,171.1,168.2,173.90666666666667,214.915,False,False,False,False,False,False,True,False,True,False,True,-0.0057142857142857,0.0,,,0.0388571428571429,0.006247619047619,0.0971428571428571,0.1714285714285714,-0.0015333895576171,0.1542957334891876,167.0,180.0,0.9230769230769232,0.0023781212841853,0.0021397422615392,0.0003804127848767
2011-10-21,170.0,170.0,170.0,170.0,100.0,170.0,170.2,171.1,168.48,173.58666666666667,214.365,False,False,False,False,False,False,True,False,False,True,False,0.0411764705882352,0.0411764705882352,,,0.0089411764705882,-0.0210980392156863,0.0941176470588235,0.2647058823529412,-0.0018434595591058,0.1601402688486265,175.0,175.0,0.0833333333333333,0.001661918328585,-0.0007162029556003,-0.0003100700014886
2011-10-24,165.0,168.0,165.0,167.0,500.0,167.0,168.6,171.0,168.44,173.10666666666663,213.68,False,False,False,False,False,False,False,False,False,True,False,0.0179640718562874,0.0898203592814371,,,-0.0086227544910179,-0.0365668662674648,0.0538922155688622,0.3473053892215569,-0.0027728568127554,0.1807017543859649,169.0,183.0,5.0,-0.0002374732842554,-0.0018993916128404,-0.0009293972536495
2011-10-25,172.0,172.0,172.0,172.0,900.0,172.0,170.8,170.9,168.84,172.73333333333332,212.965,False,False,False,False,False,False,True,False,True,False,False,-0.0116279069767441,0.0,,,0.0183720930232557,-0.0042635658914727,0.0,0.3081395348837209,-0.002161327672713,0.1966062024575774,168.0,175.0,1.8,0.0023691068467188,0.0026065801309742,0.0006115291400423
2011-10-26,178.0,178.0,178.0,178.0,1000.0,178.0,172.4,171.4,169.24,172.44,212.44,False,False,False,False,False,False,True,False,False,True,True,-0.0786516853932584,-0.0393258426966292,,,0.0492134831460673,0.0312359550561797,0.0617977528089887,0.2696629213483146,-0.0017010747699682,0.2147024504084013,167.0,176.0,1.1111111111111112,0.0023635074450484,-5.5994016703352426e-06,0.0004602529027448
2011-10-28,177.0,177.0,174.0,174.0,1100.0,174.0,172.2,171.5,169.72,172.09333333333333,211.86,False,False,False,False,False,False,True,False,False,False,False,0.0057471264367816,0.0632183908045977,,,0.0245977011494252,0.0109578544061302,0.0344827586206896,0.3275862068965517,-0.0020144107848454,0.239067055393586,167.0,170.0,1.1,0.0028281876031109,0.0004646801580624,-0.0003133360148771
2011-10-31,177.0,177.0,177.0,177.0,1000.0,177.0,173.6,171.9,170.2,171.86666666666667,211.225,False,False,False,False,False,False,True,False,False,True,True,0.0,0.0677966101694915,,,0.0384180790960452,0.0290018832391713,0.0677966101694915,0.3163841807909605,-0.0013188518231186,0.2553810354857475,164.0,170.0,0.9090909090909092,0.0028202115158636,-7.976087247315959e-06,0.0006955589617267
2011-11-02,170.0,170.0,170.0,170.0,100.0,170.0,174.2,171.4,170.32,171.6266666666667,210.5,False,False,False,False,False,False,True,False,False,True,False,0.0705882352941176,0.1352941176470588,,,-0.0018823529411764,-0.0095686274509805,0.088235294117647,0.2941176470588235,-0.0013983840894964,0.2724620770128354,161.0,170.0,0.1,0.0007045561296383,-0.0021156553862252,-7.953226637781433e-05
2011-11-08,170.0,170.0,170.0,170.0,1000.0,170.0,173.8,172.3,170.52,171.32,209.77,False,False,False,False,False,False,True,False,False,False,True,0.0117647058823529,0.0764705882352941,,,-0.0030588235294118,-0.0077647058823529,0.1058823529411764,0.3058823529411765,-0.0017900225698499,0.2785838653511317,161.0,165.0,10.0,0.001172882946282,0.0004683268166437,-0.0003916384803535
2011-11-09,164.0,164.0,164.0,164.0,100.0,164.0,171.0,171.7,170.72,170.90666666666667,209.01,False,False,False,False,False,False,True,False,False,True,False,0.0426829268292682,0.1097560975609756,,,-0.0409756097560975,-0.0421138211382113,0.1524390243902439,0.3353658536585366,-0.002418474020908,0.2935352358765288,162.0,171.0,0.1,0.0011715089034675,-1.3740428144613443e-06,-0.000628451451058
2011-11-10,175.0,175.0,175.0,175.0,200.0,175.0,171.2,171.7,171.08,170.69333333333333,208.455,False,True,False,True,True,False,True,False,False,False,False,0.0571428571428571,-0.0342857142857142,,,0.0223999999999999,0.0246095238095238,0.0114285714285714,0.2,-0.0012498047180128,0.2964472917880024,160.0,170.0,2.0,0.0021042787000234,0.0009327697965558,0.0011686693028952
2011-11-14,177.0,177.0,177.0,177.0,200.0,177.0,171.2,172.4,171.36,170.38666666666666,208.06,False,False,False,False,False,False,True,False,False,True,True,0.0677966101694915,-0.0338983050847457,,,0.0318644067796609,0.0373634651600753,0.0,0.2146892655367231,-0.0017998278425542,0.291183294663573,170.0,173.0,1.0,0.0016339869281045,-0.0004702917719188,-0.0005500231245413
2011-11-15,183.0,183.0,182.0,182.0,1200.0,182.0,173.6,173.9,171.88,170.30666666666667,207.8,False,False,False,False,False,False,True,False,False,False,False,0.0604395604395604,-0.0164835164835164,,,0.0556043956043956,0.0642490842490842,0.0329670329670329,0.1593406593406593,-0.0004697408596256,0.271995399654974,170.0,172.0,6.0,0.0030253665347916,0.001391379606687,0.0013300869829285
2011-11-16,186.0,186.0,172.0,172.0,1200.0,172.0,174.0,173.9,171.92,169.96,207.37,False,False,False,False,False,False,True,False,False,True,False,0.063953488372093,0.0697674418604651,,,0.0004651162790698,0.011860465116279,0.0930232558139534,0.377906976744186,-0.0020396956146544,0.2788959171937895,166.0,175.0,1.0,0.0002326663564448,-0.0027927001783467,-0.0015699547550287
2011-11-18,171.0,171.0,171.0,171.0,100.0,171.0,175.4,173.2,172.0,169.85333333333332,207.025,False,False,False,False,False,False,True,False,False,False,False,0.0643274853801169,0.0935672514619883,,,-0.0058479532163742,0.0067056530214425,0.0526315789473684,0.3684210526315789,-0.0006279927780831,0.2886836027713626,169.0,178.0,0.0833333333333333,0.0004651162790698,0.000232449922625,0.0014117028365712
2011-11-25,185.0,185.0,185.0,185.0,900.0,185.0,177.4,174.3,172.6,169.92,206.69,False,False,False,False,False,False,True,True,True,False,True,-0.0864864864864864,0.0378378378378378,,,0.067027027027027,0.0815135135135135,0.0216216216216216,0.2810810810810811,0.0003923414940363,0.2839931153184165,165.0,173.0,9.0,0.0034762456546928,0.003011129375623,0.0010203342721195
2011-11-28,189.0,189.0,189.0,189.0,900.0,189.0,179.8,175.5,173.36,170.10666666666663,206.33,False,False,False,False,False,False,True,True,False,False,False,-0.0952380952380952,-0.0158730158730158,,,0.0827513227513226,0.0999647266313935,-0.037037037037037,0.2698412698412698,0.0010973506819249,0.2792022792022792,163.0,173.0,1.0,0.0043839409321643,0.0009076952774714,0.0007050091878885
2011-11-29,190.0,193.0,190.0,193.0,1000.0,193.0,182.0,177.8,174.36,170.24,205.925,False,False,False,False,False,False,True,True,False,False,False,-0.0725388601036269,-0.0880829015544041,,,0.0965803108808289,0.1179274611398963,-0.0103626943005181,0.2435233160621761,0.0007832080200504,0.2739032620922383,168.0,167.0,1.1111111111111112,0.0057352603808212,0.0013513194486568,-0.0003141426618744
2011-11-30,198.0,198.0,183.0,183.0,1000.0,183.0,184.2,179.1,174.76,170.34666666666666,205.59,False,False,False,False,False,False,True,True,False,True,False,0.0054644808743169,-0.0601092896174863,,,0.0450273224043716,0.069143897996357,0.0382513661202185,0.2295081967213114,0.0006261740763931,0.2663316582914574,162.0,170.0,1.0,0.0022888532845043,-0.0034464070963169,-0.0001570339436572
2011-12-01,182.0,182.0,182.0,182.0,600.0,182.0,186.4,180.9,175.12,170.42666666666668,205.185,False,False,False,False,False,False,True,True,False,True,False,0.0274725274725274,0.0384615384615384,,,0.0378021978021977,0.0635897435897435,0.0494505494505494,0.2637362637362637,0.0004694101079643,0.2598120508568269,168.0,168.0,0.6,0.0020557332115121,-0.0002331200729921,-0.0001567639684287
2011-12-02,177.0,177.0,169.0,169.0,2300.0,169.0,183.2,180.3,174.96,170.41333333333333,204.645,False,False,False,False,False,False,False,False,False,True,False,0.136094674556213,0.0650887573964497,,,-0.0352662721893491,-0.0083629191321498,0.1242603550295858,0.3609467455621302,-7.824113919108224e-05,0.2750970604547975,162.0,167.0,3.8333333333333335,-0.0009144947416552,-0.0029702279531674,-0.0005476512471554
2011-12-06,171.0,171.0,171.0,171.0,500.0,171.0,179.6,179.7,174.88,170.42666666666668,204.05,False,False,False,False,False,False,False,True,False,False,False,0.087719298245614,0.1052631578947368,,,-0.0226900584795321,0.0033528265107211,0.1228070175438596,0.3391812865497076,7.823501799414975e-05,0.287145242070117,165.0,175.0,0.217391304347826,-0.0004574565416286,0.0004570382000265,0.0001564761571852
2011-12-12,199.0,199.0,174.0,179.0,6100.0,179.0,176.8,179.4,175.04,170.54666666666665,203.425,False,False,False,False,False,False,True,True,False,False,False,-0.0167597765363128,0.0335195530726257,,,0.022122905027933,0.0472253258845438,0.0167597765363128,0.2849162011173184,0.0007036197326243,0.2998885172798215,167.0,169.0,12.2,0.0009140767824497,0.0013715333240783,0.0006253847146302
2011-12-13,183.0,184.0,183.0,184.0,200.0,184.0,177.0,180.6,175.96,170.8,202.935,False,False,False,False,False,False,True,True,True,False,True,-0.0652173913043478,0.0217391304347826,,,0.043695652173913,0.0717391304347825,0.0,0.2228260869565217,0.0014832162373147,0.2846068660022148,165.0,168.0,0.0327868852459016,0.0052284610138668,0.0043143842314171,0.0007795965046903
2011-12-14,183.0,187.0,183.0,187.0,200.0,187.0,178.0,182.2,176.64,171.01333333333332,202.46,False,False,False,False,False,False,True,True,False,True,False,0.0106951871657754,0.0106951871657754,,,0.0554010695187166,0.0854901960784314,0.0160427807486631,0.0748663101604278,0.0012474660845156,0.2552140504939627,159.0,167.0,1.0,0.0038496376811592,-0.0013788233327075,-0.000235750152799
2011-12-15,192.0,192.0,192.0,192.0,1000.0,192.0,182.6,182.9,177.32,171.30666666666667,202.01,False,False,False,False,False,False,True,True,False,True,False,-0.0625,-0.078125,,,0.0764583333333333,0.1077777777777777,-0.0104166666666666,0.1979166666666666,0.0017123287671233,0.2465828321487151,166.0,167.0,5.0,0.0038348748026167,-1.476287854252148e-05,0.0004648626826076
2011-12-16,195.0,195.0,186.0,186.0,1600.0,186.0,185.6,182.6,177.96,171.48,201.62,False,False,False,False,False,False,True,True,False,True,False,0.0161290322580645,-0.0483870967741935,,,0.0432258064516128,0.0780645161290323,-0.021505376344086,0.2365591397849462,0.0010108078687503,0.2431544359255203,170.0,164.0,1.6,0.0035963137783772,-0.0002385610242395,-0.0007015208983729
2011-12-20,176.0,176.0,176.0,176.0,1000.0,176.0,185.0,180.9,178.32,171.53333333333333,201.11,False,False,False,False,False,False,True,True,False,True,False,0.0511363636363636,0.0681818181818181,,,-0.0131818181818181,0.0253787878787878,0.0909090909090909,0.3068181818181818,0.0003109211037699,0.2493090105030403,169.0,161.0,0.625,0.0020188425302825,-0.0015774712480946,-0.0006998867649804
2011-12-21,172.0,172.0,172.0,172.0,600.0,172.0,182.6,179.8,178.32,171.49333333333334,200.57,False,False,False,False,False,False,False,False,False,True,False,0.0930232558139534,0.0930232558139534,,,-0.0367441860465115,0.0029457364341084,0.0930232558139534,0.3081395348837209,-0.0002332452184729,0.2569521690767519,171.0,161.0,0.6,0.0,-0.0020188425302825,-0.0005441663222429
2011-12-22,184.0,189.0,184.0,189.0,300.0,189.0,183.0,180.5,178.76,171.64,200.225,False,False,False,False,False,False,True,True,True,False,True,0.0,-0.0476190476190476,,,0.0541798941798942,0.0918518518518519,0.0264550264550264,0.1904761904761904,0.0008545016701622,0.2493074792243767,169.0,162.0,0.5,0.0024614007607965,0.0024614007607965,0.0010877468886352
2011-12-26,187.0,187.0,177.0,180.0,5200.0,180.0,180.6,181.6,179.0,171.73333333333332,199.915,False,False,False,False,False,False,True,True,False,True,False,-0.0166666666666666,0.05,,,0.0055555555555555,0.045925925925926,0.0333333333333333,0.25,0.0005434782608695,0.2389867841409692,170.0,160.0,17.333333333333332,0.001340782122905,-0.0011206186378915,-0.0003110234092926
2011-12-27,189.0,189.0,189.0,189.0,1300.0,189.0,181.2,183.4,179.48,171.94666666666666,199.59,False,False,False,False,False,False,True,True,False,False,False,-0.0634920634920634,-0.037037037037037,,,0.0503703703703704,0.0902292768959436,0.0317460317460317,0.2698412698412698,0.0012406947890819,0.2328244274809159,170.0,170.0,0.25,0.0026743926899932,0.0013336105670881,0.0006972165282123
2011-12-28,185.0,185.0,185.0,185.0,200.0,185.0,183.0,184.0,180.08,172.18666666666667,199.225,False,False,False,False,False,False,True,True,False,False,False,0.0162162162162162,0.0324324324324324,,,0.0265945945945945,0.0692612612612612,0.0216216216216216,0.3513513513513513,0.0013938361468174,0.2396739130434782,168.0,170.0,0.1538461538461538,0.0033318525099956,0.0006574598200024,0.0001531413577355
2011-12-29,188.0,188.0,188.0,188.0,1300.0,188.0,186.2,184.4,180.8,172.42666666666668,198.915,False,False,False,False,False,False,True,True,False,False,False,0.0,0.0106382978723404,,,0.0382978723404254,0.082836879432624,0.0106382978723404,0.3297872340425531,0.00139189607176,0.2505422993492407,173.0,166.0,6.5,0.0039823008849557,0.00065044837496,-1.940075057432246e-06
2011-12-30,189.0,189.0,189.0,189.0,800.0,189.0,186.2,184.6,181.8,172.70666666666668,198.585,False,False,False,False,False,False,True,True,False,False,False,-0.0476190476190476,0.0105820105820105,,,0.038095238095238,0.0862081128747794,0.037037037037037,0.4126984126984127,0.0016212460433876,0.284940411700975,173.0,169.0,0.6153846153846154,0.0055005500550055,0.0015182491700497,0.0002293499716276
2012-01-04,177.0,177.0,177.0,177.0,100.0,177.0,185.6,183.1,181.88,172.84,198.18,False,False,False,False,False,False,True,True,False,True,False,0.0677966101694915,0.0734463276836158,,,-0.0275706214689265,0.023502824858757,0.1073446327683615,0.5875706214689266,0.0007714263673531,0.3233205898416167,173.0,165.0,0.125,0.0004398504508466,-0.0050606996041588,-0.0008498196760344
2012-01-05,177.0,177.0,177.0,177.0,200.0,177.0,183.2,182.2,181.88,172.86666666666667,197.775,False,False,False,False,False,False,False,True,False,True,False,0.0282485875706214,0.0847457627118644,,,-0.0275706214689265,0.023352165725047,0.1073446327683615,0.5875706214689266,0.000154261473197,0.357848518111965,173.0,163.0,2.0,0.0,-0.0004398504508466,-0.000617164894156
2012-01-06,187.0,188.0,187.0,188.0,300.0,188.0,183.8,183.4,182.12,173.12,197.36,False,False,False,False,False,False,True,True,True,False,True,0.0159574468085106,-0.0319148936170212,,,0.0312765957446808,0.0791489361702127,0.0478723404255319,0.2765957446808511,0.0014633394947627,0.3544165757906216,175.0,168.0,1.5,0.0013178124313639,0.0013178124313639,0.0013090780215656
2012-01-10,188.0,188.0,188.0,188.0,300.0,188.0,183.8,185.0,182.76,173.38666666666666,197.065,False,False,False,False,False,False,True,True,False,False,False,0.0106382978723404,-0.0212765957446808,,,0.0278723404255319,0.0777304964539007,0.0478723404255319,0.2446808510638297,0.0015379883112887,0.3475675675675676,161.0,162.0,1.0,0.0035018603633179,0.0021840479319539,7.46488165259795e-05
2012-01-11,180.0,180.0,180.0,180.0,300.0,180.0,182.0,184.1,183.12,173.56,196.67,False,False,False,False,False,False,True,True,False,True,False,0.0611111111111111,0.0555555555555555,,,-0.0173333333333333,0.0357777777777777,0.1388888888888889,0.3611111111111111,0.0009986940155182,0.3650190114068442,170.0,168.0,1.0,0.0019659239842726,-0.0015359363790452,-0.0005392942957705
2012-01-13,189.0,189.0,189.0,189.0,300.0,189.0,184.4,185.0,183.28,173.85333333333332,196.26,False,False,False,False,False,False,True,True,False,True,True,0.0052910052910052,0.0052910052910052,,,0.0302645502645502,0.0801410934744268,0.0846560846560846,0.3386243386243386,0.0016872459544442,0.3735135135135135,175.0,162.0,1.0,0.0008729812309035,-0.0010929427533691,0.000688551938926
2012-01-16,194.0,194.0,182.0,182.0,2300.0,182.0,185.4,184.3,183.0,174.09333333333333,195.945,False,False,False,False,False,False,False,True,False,True,False,0.0549450549450549,0.0,,,-0.0054945054945054,0.0434432234432234,0.1263736263736263,0.2692307692307692,0.0013785708815195,0.3738469886055343,170.0,165.0,7.666666666666667,-0.0015300546448087,-0.0024030358757122,-0.0003086750729247
2012-01-17,191.0,191.0,191.0,191.0,1100.0,191.0,186.0,184.9,182.92,174.49333333333334,195.65,False,False,False,False,False,False,False,True,False,False,True,-0.0471204188481675,0.0052356020942408,,,0.042303664921466,0.0864223385689354,0.0,0.225130890052356,0.002292351188202,0.3607355327203893,167.0,167.0,0.4782608695652174,-0.000437349661054,0.0010927049837546,0.0009137803066825
2012-01-20,191.0,191.0,190.0,190.0,200.0,190.0,186.4,185.1,183.2,174.88,195.31,False,False,False,False,False,False,True,True,True,False,False,-0.031578947368421,-0.0105263157894736,,,0.0357894736842105,0.079578947368421,0.0473684210526315,0.2631578947368421,0.0022110399512045,0.3538627768773636,172.0,165.0,0.1818181818181818,0.0015283842794759,0.00196573394053,-8.131123699749035e-05
2012-01-23,191.0,191.0,191.0,191.0,600.0,191.0,188.6,185.3,183.56,175.26666666666668,194.97,False,False,False,False,False,False,True,True,False,False,False,-0.0052356020942408,0.0157068062827225,,,0.0389528795811518,0.0823734729493891,-0.0104712041884816,0.2931937172774869,0.0022061620387981,0.3416082029141931,178.0,159.0,3.0,0.0019612115929397,0.0004328273134637,-4.877912406451527e-06
2012-01-24,191.0,191.0,190.0,190.0,200.0,190.0,188.8,186.6,184.4,175.66666666666666,194.625,False,False,False,False,False,False,True,True,False,False,False,0.0,-0.0210526315789473,,,0.0294736842105262,0.0754385964912281,-0.0105263157894736,0.3421052631578947,0.0022770398481972,0.3183279742765273,174.0,166.0,0.3333333333333333,0.0045553145336225,0.0025941029406828,7.087780939909073e-05
2012-01-25,191.0,192.0,191.0,192.0,2000.0,192.0,190.8,188.1,185.24,175.96,194.295,False,False,False,False,False,False,True,True,False,True,False,-0.0520833333333333,0.015625,,,0.0352083333333332,0.0835416666666666,0.0416666666666666,0.3229166666666667,0.0016670455406532,0.2934609250398725,177.0,170.0,10.0,0.0045346577413085,-2.065679231398696e-05,-0.0006099943075439
2012-01-26,182.0,182.0,182.0,182.0,1400.0,182.0,189.0,187.5,185.36,176.12,194.05,False,False,False,False,False,False,True,True,False,True,False,0.0549450549450549,0.0384615384615384,,,-0.0184615384615385,0.0323076923076922,0.0824175824175824,0.3736263736263736,0.0009084714967067,0.3029333333333334,170.0,169.0,0.7,0.0006473888649115,-0.003887268876397,-0.0007585740439465
2012-01-27,184.0,184.0,184.0,184.0,100.0,184.0,187.8,187.1,185.36,176.36,193.855,False,False,False,False,False,False,False,True,False,True,False,0.0217391304347826,0.0326086956521739,,,-0.0073913043478261,0.0415217391304347,0.0869565217391304,0.4130434782608695,0.0013608528010887,0.3196151790486372,170.0,171.0,0.0714285714285714,0.0,-0.0006473888649115,0.0004523813043819
2012-01-30,190.0,190.0,185.0,190.0,1100.0,190.0,187.6,188.1,185.48,176.64,193.705,False,False,False,False,False,False,True,True,False,False,True,0.0210526315789473,0.031578947368421,,,0.0237894736842105,0.0703157894736842,0.0578947368421052,0.3684210526315789,0.001585144927536,0.3205741626794259,164.0,169.0,11.0,0.0006469700237221,0.0006469700237221,0.0002242921264473
2012-01-31,199.0,199.0,180.0,190.0,1000.0,190.0,187.6,188.2,185.4,176.97333333333333,193.54,False,False,False,False,False,False,False,True,False,True,False,-0.0210526315789473,0.031578947368421,,,0.0242105263157894,0.0685614035087719,0.0789473684210526,0.3421052631578947,0.0018835229413094,0.3209351753453773,175.0,170.0,0.9090909090909092,-0.0004314994606255,-0.0010784694843476,0.0002983780137734
2012-02-01,182.0,182.0,182.0,182.0,1000.0,182.0,185.6,188.2,185.24,177.22666666666666,193.345,False,False,False,False,False,False,False,True,False,True,False,0.0714285714285714,0.0769230769230769,,,-0.0178021978021978,0.0262271062271062,0.1813186813186813,0.3131868131868132,0.0014294312368341,0.3251859723698194,177.0,170.0,1.0,-0.0008637443316778,-0.0004322448710522,-0.0004540917044753
2012-02-07,192.0,192.0,192.0,192.0,300.0,192.0,187.6,188.3,185.88,177.54666666666665,193.155,False,False,False,False,False,False,True,True,True,False,False,-0.015625,0.0260416666666666,,,0.031875,0.0752777777777778,0.171875,0.2604166666666667,0.0018023430459597,0.3287307488050981,182.0,168.0,0.3,0.0034430815579943,0.0043068258896721,0.0003729118091255
2012-02-08,188.0,188.0,188.0,188.0,200.0,188.0,188.4,188.1,186.52,177.89333333333337,192.91,False,False,False,False,False,False,True,True,False,True,False,0.0106382978723404,0.0478723404255319,,,0.0078723404255318,0.0537588652482267,0.1968085106382978,0.3297872340425531,0.0019487333233401,0.3354598617756512,172.0,173.0,0.6666666666666666,0.0034312674244049,-1.1814133589362844e-05,0.0001463902773804
2012-02-09,193.0,194.0,193.0,194.0,300.0,194.0,189.2,188.4,186.72,178.24,192.695,False,False,False,False,False,False,True,True,False,True,False,0.0103092783505154,0.056701030927835,,,0.0375257731958762,0.0812371134020618,0.1649484536082474,0.2422680412371134,0.0019449431478155,0.3301486199575371,171.0,173.0,1.5,0.0010711225364181,-0.0023601448879868,-3.790175524628512e-06
2012-02-10,199.0,199.0,186.0,186.0,3600.0,186.0,188.4,188.0,186.96,178.56,192.385,False,False,False,False,False,False,True,True,False,False,False,0.053763440860215,0.1021505376344086,,,-0.0051612903225806,0.0399999999999999,0.2419354838709677,0.2526881720430107,0.0017921146953404,0.3212765957446808,185.0,173.0,12.0,0.0012836970474968,0.0002125745110787,-0.000152828452475
2012-02-13,195.0,195.0,195.0,195.0,200.0,195.0,191.0,188.3,187.2,178.96,192.06,False,False,False,False,False,False,True,True,False,True,False,0.0051282051282051,0.0512820512820512,,,0.04,0.0822564102564102,0.1948717948717948,0.2307692307692307,0.0022351363433169,0.3117365905469993,189.0,173.0,0.0555555555555555,0.0012820512820511,-1.64576544566062e-06,0.0004430216479765
2012-02-14,186.0,189.0,186.0,189.0,3600.0,189.0,190.4,189.0,187.36,179.25333333333333,191.8,False,False,False,False,False,False,True,True,False,True,False,0.0423280423280423,0.0105820105820105,,,0.0086772486772486,0.0515696649029982,0.164021164021164,0.3068783068783068,0.0016364177328175,0.3052910052910052,193.0,175.0,18.0,0.0008539709649873,-0.0004280803170638,-0.0005987186104994
2012-02-15,192.0,192.0,188.0,190.0,1300.0,190.0,190.8,189.6,187.44,179.58666666666667,191.48,False,False,False,False,False,False,True,True,False,True,False,0.0368421052631578,0.0473684210526315,,,0.0134736842105263,0.0548070175438596,0.1684210526315789,0.2842105263157894,0.0018561140396466,0.2927215189873418,183.0,161.0,0.3611111111111111,0.0004268032437045,-0.0004271677212827,0.000219696306829
2012-02-16,196.0,196.0,196.0,196.0,1100.0,196.0,191.2,190.2,187.72,180.08,191.23,False,False,False,False,False,False,True,True,True,False,False,0.0459183673469387,-0.0357142857142857,,,0.0422448979591836,0.0812244897959183,0.1173469387755102,0.2091836734693877,0.0027395231748852,0.2765509989484754,182.0,170.0,0.8461538461538461,0.0014915832090347,0.0010647799653301,0.0008834091352386
2012-02-22,196.0,196.0,196.0,196.0,100.0,196.0,193.2,190.8,188.48,180.48,191.045,False,False,False,False,False,False,True,True,False,False,False,0.0459183673469387,-0.0408163265306122,,,0.0383673469387755,0.0791836734693878,0.0714285714285714,0.2040816326530612,0.0022163120567374,0.2625786163522012,169.0,175.0,0.0909090909090909,0.004032258064516,0.0025406748554813,-0.0005232111181478
2012-02-23,196.0,196.0,196.0,196.0,300.0,196.0,193.4,192.2,189.24,180.82666666666665,190.835,False,False,False,False,False,False,True,True,False,True,False,0.0459183673469387,0.0204081632653061,,,0.0344897959183673,0.0774149659863946,0.096938775510204,0.2091836734693877,0.0019171213685297,0.2523413111342352,171.0,170.0,3.0,0.0040160642570282,-1.6193807487866786e-05,-0.0002991906882077
2012-02-24,197.0,197.0,197.0,197.0,200.0,197.0,195.0,192.7,189.6,181.2,190.63,False,False,False,False,False,False,True,True,False,True,False,-0.0304568527918781,0.0,,,0.0375634517766497,0.0802030456852792,0.0710659898477157,0.2030456852791878,0.0020603384841795,0.246497145822522,179.0,167.0,0.6666666666666666,0.0018987341772151,-0.0021173300798131,0.0001432171156498
2012-02-27,197.0,197.0,197.0,197.0,900.0,197.0,196.4,193.6,189.96,181.54666666666665,190.37,False,False,False,False,False,False,True,True,False,True,False,0.0101522842639593,0.015228426395939,,,0.035736040609137,0.0784433164128596,0.2030456852791878,0.2385786802030456,0.001909518213866,0.2376033057851239,184.0,172.0,4.5,0.001895135818067,-3.5983591480787374e-06,-0.0001508202703135
2012-02-28,207.0,207.0,204.0,205.0,2100.0,205.0,198.2,194.7,190.96,182.02666666666667,190.135,False,False,False,False,False,False,True,True,False,False,False,-0.0780487804878048,-0.0195121951219512,,,0.0684878048780487,0.1120650406504064,0.1414634146341463,0.1951219512195122,0.0026369762672136,0.2326656394453005,187.0,178.0,2.333333333333333,0.0052366987850858,0.0033415629670188,0.0007274580533476
2012-02-29,205.0,205.0,205.0,205.0,900.0,205.0,200.0,196.6,191.6,182.4933333333333,189.9,False,False,False,False,False,False,True,True,False,True,False,-0.0829268292682926,0.0,,,0.0653658536585366,0.1097886178861789,0.1560975609756097,0.2341463414634146,0.0025571710382112,0.2309257375381485,192.0,174.0,0.4285714285714285,0.003340292275574,-0.0018964065095118,-7.980522900239827e-05
2012-03-01,205.0,205.0,205.0,205.0,100.0,205.0,201.8,197.6,192.52,182.96,189.665,False,False,False,False,False,False,True,True,False,False,False,-0.024390243902439,0.048780487804878,,,0.0608780487804877,0.1075121951219511,0.1707317073170731,0.1951219512195122,0.0025506485934996,0.2272267206477733,186.0,177.0,0.1111111111111111,0.0047787242883857,0.0014384320128116,-6.522444711640901e-06
2012-03-06,191.0,191.0,191.0,191.0,100.0,191.0,200.6,197.8,192.52,183.26666666666668,189.3,False,False,False,False,False,False,False,True,False,True,False,0.031413612565445,0.1780104712041884,,,-0.0079581151832461,0.0404886561954624,0.256544502617801,0.2827225130890052,0.0016733357584576,0.2249747219413549,176.0,170.0,1.0,0.0,-0.0047787242883857,-0.000877312835042
2012-03-07,187.0,202.0,187.0,199.0,300.0,199.0,201.0,198.7,192.88,183.6133333333333,189.045,False,False,False,False,False,False,True,True,True,False,False,0.0050251256281407,0.1306532663316583,,,0.0307537688442211,0.077319932998325,0.1306532663316583,0.2412060301507537,0.0018880255609612,0.2209360845495722,172.0,170.0,3.0,0.0018664454583159,0.0018664454583159,0.0002146898025036
2012-03-08,189.0,189.0,189.0,189.0,200.0,189.0,197.8,198.0,192.8,183.82666666666665,188.675,False,False,False,False,False,False,False,True,False,True,False,0.0634920634920634,0.1957671957671957,,,-0.0201058201058201,0.0273721340388007,0.2169312169312169,0.328042328042328,0.0011605135272358,0.2323232323232323,189.0,164.0,0.6666666666666666,-0.000414937759336,-0.0022813832176519,-0.0007275120337254
2012-03-09,188.0,188.0,188.0,188.0,100.0,188.0,194.4,197.2,192.72,184.02666666666667,188.23,False,False,False,False,False,False,False,True,False,True,False,0.0904255319148936,0.2287234042553191,,,-0.0251063829787233,0.0211347517730496,0.2234042553191489,0.3191489361702128,0.0010867990146356,0.2434077079107505,180.0,175.0,0.5,-0.0004151100041511,-1.722448151479151e-07,-7.371451260017596e-05
2012-03-12,193.0,200.0,193.0,200.0,300.0,200.0,193.4,197.6,193.04,184.38666666666663,188.005,False,False,False,False,False,False,True,True,True,False,True,0.075,0.165,,,0.0348,0.0780666666666668,0.145,0.225,0.0019524188299947,0.2449392712550607,189.0,177.0,3.0,0.0016576875259013,0.0020727975300524,0.000865619815359
2012-03-13,199.0,199.0,197.0,197.0,200.0,197.0,194.6,197.6,193.64,184.68,187.725,False,False,False,False,False,False,True,True,False,False,False,0.1421319796954314,0.116751269035533,,,0.0170558375634518,0.0625380710659898,0.1675126903553299,0.2284263959390862,0.0015883329723488,0.2474696356275304,185.0,182.0,0.6666666666666666,0.0030985333608758,0.0014408458349744,-0.0003640858576458
2012-03-14,200.0,200.0,200.0,200.0,300.0,200.0,194.8,197.9,194.28,185.2,187.46,False,False,False,False,False,False,True,True,False,False,False,0.125,0.11,,,0.0285999999999999,0.074,0.125,0.24,0.0028077753779696,0.247599797877716,188.0,172.0,1.5,0.0032942145357217,0.0001956811748458,0.0012194424056208
2012-03-15,200.0,201.0,190.0,201.0,3500.0,201.0,197.2,197.5,194.72,185.6133333333333,187.215,False,False,False,False,False,False,True,True,False,True,False,0.1243781094527363,0.0895522388059701,,,0.0312437810945273,0.0765505804311775,0.0,0.1691542288557214,0.0022268515192873,0.2450632911392405,189.0,171.0,11.666666666666666,0.0022596548890714,-0.0010345596466502,-0.0005809238586822
2012-03-16,205.0,205.0,205.0,205.0,2800.0,205.0,200.6,197.5,195.32,186.0133333333333,186.97,False,False,False,False,False,False,True,True,False,False,False,0.1268292682926829,0.024390243902439,,,0.0472195121951219,0.0926178861788619,0.1219512195121951,0.2634146341463415,0.0021503834850547,0.2481012658227848,177.0,185.0,0.8,0.0030718820397296,0.0008122271506581,-7.646803423265978e-05
2012-03-19,205.0,218.0,205.0,215.0,1300.0,215.0,203.6,198.5,196.64,186.6133333333333,186.715,False,False,False,False,False,False,True,True,False,False,True,0.0837209302325581,0.0,,,0.0853953488372093,0.132031007751938,0.0697674418604651,0.1860465116279069,0.0032152043440984,0.2468513853904282,177.0,189.0,0.4642857142857143,0.0067127746135068,0.0036408925737772,0.0010648208590437
2012-03-21,226.0,260.0,225.0,225.0,4600.0,225.0,209.2,201.9,197.96,187.38666666666663,186.47,False,False,False,False,False,False,True,True,False,True,False,-0.0222222222222222,-0.0622222222222222,,,0.1201777777777777,0.1671703703703705,0.0222222222222222,0.0711111111111111,0.004126938949765,0.2238732045567111,188.0,193.0,3.5384615384615383,0.0066680137401496,-4.476087335724809e-05,0.0009117346056666
2012-03-22,225.0,256.0,220.0,225.0,2100.0,225.0,214.2,204.5,199.44,188.09333333333333,186.235,False,False,False,False,False,False,True,True,False,False,False,-0.0133333333333333,0.0533333333333333,,,0.1136,0.1640296296296296,0.0,0.0533333333333333,0.003757000070887,0.2034229828850855,188.0,183.0,0.4565217391304347,0.0074207781789008,0.0007527644387512,-0.000369938878878
2012-03-23,221.0,236.0,221.0,226.0,800.0,226.0,219.2,208.2,200.72,188.7333333333333,186.015,False,False,False,False,False,False,True,True,False,True,False,-0.0309734513274336,0.0353982300884955,,,0.111858407079646,0.164896755162242,-0.0044247787610619,0.1283185840707964,0.0033910279053335,0.1839577329490875,180.0,182.0,0.3809523809523809,0.0063770426464727,-0.0010437355324281,-0.0003659721655534
2012-03-26,237.0,250.0,230.0,231.0,1300.0,231.0,224.4,212.5,202.52,189.4933333333333,185.895,False,False,False,False,False,False,True,True,False,False,False,-0.0909090909090909,0.0259740259740259,,,0.1232900432900432,0.1796825396825397,-0.0259740259740259,0.0822510822510822,0.0040106951871658,0.1609411764705881,189.0,169.0,1.625,0.008888011060636,0.0025109684141633,0.0006196672818322
2012-03-27,233.0,233.0,233.0,233.0,800.0,233.0,228.0,215.8,204.04,190.24,185.81,False,False,False,False,False,False,True,True,False,True,False,-0.0772532188841201,0.0300429184549356,,,0.1242918454935622,0.183519313304721,0.0300429184549356,0.0171673819742489,0.0039248668348754,0.139481000926784,182.0,171.0,0.6153846153846154,0.0074495197020191,-0.0014384913586169,-8.58283522904681e-05
2012-03-28,220.0,220.0,220.0,220.0,200.0,220.0,227.0,218.1,205.28,190.90666666666667,185.75,False,False,False,False,False,False,True,True,False,True,False,-0.0409090909090909,0.0909090909090909,,,0.0669090909090909,0.1322424242424242,0.1363636363636363,0.0409090909090909,0.0034921078362899,0.1215038972948188,191.0,179.0,0.25,0.0060405300077942,-0.0014089896942248,-0.0004327589985854
2012-03-29,231.0,231.0,222.0,222.0,1100.0,222.0,226.4,220.3,206.56,191.6,185.705,False,False,False,False,False,False,True,True,False,False,False,0.0675675675675675,0.0135135135135135,,,0.0695495495495495,0.1369369369369369,0.1261261261261261,0.0,0.0036186499652052,0.0985020426690875,190.0,184.0,5.5,0.0061967467079783,0.000156216700184,0.0001265421289153
2012-03-30,233.0,233.0,219.0,219.0,1300.0,219.0,225.0,222.1,207.48,192.3333333333333,185.58,False,False,False,False,False,False,True,True,False,True,False,0.0684931506849315,0.0502283105022831,,,0.0526027397260274,0.1217656012176561,0.2191780821917808,0.0639269406392694,0.0038128249566723,0.0886987843313823,191.0,187.0,1.181818181818182,0.0044341623288991,-0.0017625843790792,0.0001941749914671
2012-04-03,215.0,215.0,210.0,210.0,300.0,210.0,220.8,222.6,208.04,192.8,185.48,False,False,False,False,False,False,True,True,False,True,False,0.1285714285714285,0.0952380952380952,,,0.0093333333333333,0.0819047619047618,0.3380952380952381,0.0952380952380952,0.002420470262794,0.073225516621743,190.0,192.0,0.2307692307692307,0.0026917900403768,-0.0017423722885222,-0.0013923546938783
2012-04-06,215.0,215.0,215.0,215.0,100.0,215.0,217.2,222.6,208.8,193.30666666666667,185.405,False,False,False,False,False,False,True,True,False,False,False,0.1162790697674418,0.0651162790697674,,,0.0288372093023255,0.1008992248062015,0.3069767441860465,0.0465116279069767,0.0026210511794729,0.059748427672956,192.0,186.0,0.3333333333333333,0.0036398467432951,0.0009480567029182,0.0002005809166789
2012-04-09,211.0,211.0,211.0,211.0,100.0,211.0,215.4,221.2,209.36,193.69333333333333,185.385,False,False,False,False,False,False,True,True,False,True,False,0.1374407582938388,0.0900473933649289,,,0.0077725118483411,0.0820221169036335,0.1374407582938388,0.1232227488151658,0.0019962827837818,0.0646473779385172,182.0,176.0,1.0,0.0026748184944593,-0.0009650282488357,-0.0006247683956911
2012-04-10,237.0,237.0,237.0,237.0,200.0,237.0,218.4,222.4,210.96,194.56,185.495,False,False,False,False,False,False,True,True,False,False,True,-0.050632911392405,-0.050632911392405,,,0.1098734177215189,0.1790717299578059,-0.0126582278481012,-0.0084388185654008,0.0044544956140351,0.0580035971223021,184.0,172.0,2.0,0.0075843761850587,0.0049095576905994,0.0024582128302532
2012-04-13,229.0,234.0,229.0,234.0,300.0,234.0,221.4,223.2,212.12,195.4,185.55,False,False,False,False,False,False,True,True,False,True,False,-0.017094017094017,-0.141025641025641,,,0.0935042735042734,0.1649572649572649,0.047008547008547,0.0128205128205128,0.0042988741044012,0.0461469534050179,190.0,189.0,1.5,0.0054686026777295,-0.0021157735073291,-0.0001556215096338
2012-04-16,237.0,237.0,237.0,237.0,1000.0,237.0,226.8,223.8,213.4,196.09333333333333,185.66,False,False,False,False,False,False,True,True,False,False,False,-0.0295358649789029,-0.0295358649789029,,,0.0995780590717299,0.1726019690576652,0.0675105485232067,0.0337552742616033,0.0035357312844223,0.0411081322609472,190.0,180.0,3.333333333333333,0.0059981255857544,0.0005295229080248,-0.0007631428199788
2012-04-17,240.0,240.0,240.0,240.0,1100.0,240.0,231.8,224.5,214.8,196.7733333333333,185.76,False,False,False,False,False,False,True,True,False,False,False,-0.0458333333333333,-0.0416666666666666,,,0.1049999999999999,0.1801111111111112,-0.0375,0.0208333333333333,0.003455752812034,0.0414253897550111,182.0,189.0,1.1,0.0065176908752328,0.0005195652894783,-7.997847238831561e-05
2012-04-18,240.0,240.0,240.0,240.0,100.0,240.0,237.6,226.5,216.76,197.4,185.86,False,False,False,False,False,False,True,True,False,False,False,-0.0416666666666666,-0.0416666666666666,,,0.0968333333333333,0.1774999999999999,-0.025,0.0,0.0031746031746033,0.0370860927152318,192.0,185.0,0.0909090909090909,0.0090422587193208,0.002524567844088,-0.0002811496374307
2012-04-20,230.0,230.0,225.0,225.0,200.0,225.0,235.2,226.8,217.8,197.96,185.97,False,False,False,False,False,False,True,True,False,True,False,0.0,0.0,,,0.0319999999999999,0.1201777777777777,0.0666666666666666,0.0666666666666666,0.0028288543140028,0.0436507936507935,188.0,188.0,2.0,0.0047750229568412,-0.0042672357624795,-0.0003457488606004
2012-04-25,236.0,236.0,230.0,230.0,800.0,230.0,234.4,227.9,219.44,198.6,186.12,False,False,False,False,False,False,True,True,False,False,False,-0.1260869565217391,-0.0217391304347826,,,0.0459130434782608,0.1365217391304348,0.0739130434782608,0.0217391304347826,0.0032225579053372,0.0394910048266783,194.0,189.0,4.0,0.0074735690849434,0.0026985461281021,0.0003937035913344
2012-04-26,241.0,241.0,230.0,230.0,2200.0,230.0,233.0,229.9,221.12,199.41333333333333,186.285,False,False,False,False,False,False,True,True,False,False,False,0.0,-0.0217391304347826,,,0.0386086956521739,0.1329855072463768,0.108695652173913,0.0217391304347826,0.0040786306499063,0.0326228795128316,186.0,177.0,2.75,0.0075976845151954,0.0001241154302519,0.000856072744569
2012-04-27,229.0,229.0,229.0,229.0,800.0,229.0,230.8,231.3,222.28,200.18666666666667,186.42,False,False,False,False,False,False,True,True,False,True,False,0.0043668122270742,0.0480349344978165,,,0.0293449781659388,0.1258224163027656,0.1091703056768559,0.0480349344978165,0.0038630611429332,0.0328577604842196,195.0,177.0,0.3636363636363636,0.0052186431527802,-0.0023790413624151,-0.000215569506973
2012-05-02,230.0,230.0,230.0,230.0,100.0,230.0,228.8,233.2,223.6,200.86666666666667,186.57,False,False,False,False,False,False,True,True,False,False,False,0.0,0.0869565217391304,,,0.0278260869565217,0.1266666666666666,0.0869565217391304,0.0434782608695652,0.0033853302356455,0.0257289879931389,189.0,188.0,0.125,0.0059033989266547,0.0006847557738744,-0.0004777309072877
2012-05-07,225.0,225.0,225.0,225.0,100.0,225.0,228.8,232.0,224.6,201.41333333333333,186.755,False,False,False,False,False,False,True,True,False,True,False,0.0,0.1111111111111111,,,0.0017777777777778,0.1048296296296296,0.1555555555555555,0.0666666666666666,0.0027141533165628,0.0331896551724137,190.0,188.0,1.0,0.0044523597506678,-0.0014510391759868,-0.0006711769190826
2012-05-11,220.0,220.0,201.0,201.0,1200.0,201.0,223.0,228.7,224.6,201.6,186.82,False,False,False,False,False,False,False,True,False,True,False,0.1194029850746268,0.3283582089552239,,,-0.117412935323383,-0.0029850746268656,0.2935323383084577,0.1940298507462686,0.0009259259259259,0.0494097070397901,196.0,180.0,12.0,0.0,-0.0044523597506678,-0.0017882273906369
2012-05-14,190.0,230.0,190.0,230.0,9600.0,230.0,223.0,228.0,225.6,202.10666666666663,187.045,False,False,False,False,False,False,True,True,True,False,False,-0.0217391304347826,0.2217391304347826,,,0.0191304347826087,0.1212753623188407,0.108695652173913,-0.0260869565217391,0.0025069270352287,0.0434210526315789,196.0,189.0,8.0,0.0044326241134751,0.0044326241134751,0.0015810011093028
2012-05-15,230.0,230.0,230.0,230.0,800.0,230.0,223.2,227.0,226.2,202.69333333333333,187.265,False,False,False,False,False,False,True,True,False,True,False,0.0434782608695652,0.2217391304347826,,,0.0165217391304348,0.1187246376811594,0.0391304347826087,0.017391304347826,0.0028943560057888,0.0431718061674009,196.0,182.0,0.0833333333333333,0.0026525198938991,-0.0017801042195759,0.0003874289705601
2012-05-16,230.0,230.0,201.0,230.0,3100.0,230.0,223.2,226.0,226.4,203.41333333333333,187.495,False,False,False,False,False,False,True,True,False,True,False,0.0869565217391304,0.0434782608695652,,,0.0156521739130434,0.1155942028985507,0.0521739130434782,0.0434782608695652,0.0035395909805977,0.047787610619469,197.0,191.0,3.875,0.0008833922261484,-0.0017691276677506,0.0006452349748089
2012-05-18,225.0,225.0,225.0,225.0,100.0,225.0,223.2,226.0,226.4,204.12,187.715,False,False,False,False,False,False,False,True,False,True,False,0.1111111111111111,0.04,,,-0.0062222222222222,0.0927999999999999,0.1111111111111111,0.0311111111111111,0.0034620158076948,0.0442477876106194,197.0,190.0,0.032258064516129,0.0,-0.0008833922261484,-7.757517290291841e-05
2012-05-22,225.0,225.0,225.0,225.0,100.0,225.0,228.0,225.5,226.36,204.6,187.91,False,False,False,False,False,False,False,True,False,True,False,0.1866666666666666,0.0888888888888888,,,-0.0060444444444445,0.0906666666666666,0.0711111111111111,0.0622222222222222,0.0023460410557184,0.0483370288248337,205.0,191.0,1.0,-0.0001767096660186,-0.0001767096660186,-0.0011159747519764
2012-05-24,225.0,225.0,225.0,225.0,100.0,225.0,227.0,225.0,226.12,205.2,188.11,False,False,False,False,False,False,False,True,False,True,False,0.2488888888888888,0.1244444444444444,,,-0.0049777777777777,0.088,0.0355555555555555,-0.0044444444444444,0.0029239766081871,0.0457777777777778,205.0,190.0,1.0,-0.0010613833362816,-0.0008846736702629,0.0005779355524686
2012-05-25,236.0,240.0,236.0,240.0,500.0,240.0,229.0,226.1,226.4,205.88,188.385,False,False,False,True,True,False,True,True,True,False,True,0.1708333333333333,-0.0375,,,0.0566666666666666,0.1421666666666667,0.0,-0.1208333333333333,0.0033028948902273,0.0278637770897833,205.0,192.0,5.0,0.0012367491166077,0.0022981324528894,0.0003789182820402
2012-05-28,240.0,250.0,240.0,250.0,3300.0,250.0,233.0,228.1,227.6,206.74666666666667,188.72,False,False,False,False,False,False,True,True,False,False,False,-0.04,-0.064,,,0.0896,0.1730133333333333,-0.012,-0.18,0.0041919257061782,0.0035072336694432,191.0,182.0,6.6,0.0052724077328646,0.0040356586162568,0.0008890308159509
2012-05-29,250.0,250.0,250.0,250.0,200.0,250.0,238.0,230.6,228.72,207.57333333333327,189.035,False,False,False,False,False,False,True,True,False,True,False,-0.064,-0.04,,,0.08512,0.1697066666666669,-0.024,-0.18,0.0039825282631034,-0.0225498699045966,199.0,184.0,0.0606060606060606,0.0048968170689052,-0.0003755906639593,-0.0002093974430748
2012-05-30,263.0,267.0,251.0,267.0,1700.0,267.0,246.4,237.2,230.64,208.6133333333333,189.435,False,False,False,False,False,False,True,True,False,False,False,-0.0823970037453183,-0.0749063670411985,,,0.1361797752808989,0.2186766541822722,-0.1123595505617977,-0.2322097378277153,0.0049852997571266,-0.0645025295109611,189.0,190.0,8.5,0.0083246618106138,0.0034278447417086,0.0010027714940231
2012-05-31,281.0,281.0,281.0,281.0,800.0,281.0,257.6,242.3,233.48,210.0,189.92,False,False,False,False,False,False,True,True,False,False,False,-0.099644128113879,-0.092526690391459,,,0.1691103202846975,0.2526690391459075,-0.1601423487544484,-0.2348754448398576,0.0066031746031746,-0.0879075526207181,188.0,190.0,0.4705882352941176,0.012163782765119,0.0038391209545051,0.001617874846048
2012-06-01,281.0,281.0,281.0,281.0,100.0,281.0,265.8,247.4,236.12,211.38666666666663,190.415,False,False,False,False,False,False,True,True,False,True,False,-0.1779359430604982,-0.096085409252669,,,0.1597153024911032,0.2477342823250298,-0.1565836298932384,-0.2348754448398576,0.0065598587107352,-0.1143896523848019,200.0,182.0,0.125,0.0111807555480264,-0.0009830272170925,-4.331589243941007e-05
2012-06-04,238.0,240.0,238.0,240.0,300.0,240.0,263.8,248.4,237.28,212.08,190.69,False,False,False,False,False,False,True,True,False,True,False,-0.025,0.0416666666666666,,,0.0113333333333333,0.1163333333333332,-0.0125,-0.075,0.0032692065887089,-0.1252012882447664,197.0,192.0,3.0,0.0048887390424814,-0.006292016505545,-0.0032906521220263
2012-06-05,258.0,258.0,234.0,234.0,200.0,234.0,260.6,249.3,237.16,212.69333333333333,190.915,False,False,False,False,False,False,False,True,False,True,False,0.0256410256410256,0.1111111111111111,,,-0.0135042735042734,0.091054131054131,0.0427350427350427,-0.0512820512820512,0.0028836509528584,-0.1323706377858002,200.0,188.0,0.6666666666666666,-0.0005059875189745,-0.0053947265614559,-0.0003855556358504
2012-06-13,237.0,245.0,237.0,245.0,200.0,245.0,256.2,251.3,237.6,213.56,191.17,False,False,False,False,False,False,True,True,True,False,False,0.0081632653061224,0.0612244897959183,,,0.030204081632653,0.1283265306122449,0.0,-0.1591836734693877,0.004058188175064,-0.1524074810982889,201.0,194.0,1.0,0.0018518518518518,0.0023578393708263,0.0011745372222055
2012-06-14,253.0,253.0,253.0,253.0,100.0,253.0,250.6,254.1,238.24,214.41333333333333,191.455,False,False,False,False,False,False,True,True,False,False,False,0.0079051383399209,0.0079051383399209,,,0.0583399209486165,0.1525164690382082,0.0,-0.1857707509881423,0.0039798519992537,-0.1688311688311688,205.0,186.0,0.5,0.0026863666890531,0.0008345148372012,-7.833617581029257e-05
2012-06-15,264.0,264.0,231.0,231.0,3000.0,231.0,240.6,253.2,237.88,215.06666666666663,191.615,False,False,False,False,False,False,False,True,False,True,False,0.0995670995670995,0.0346320346320346,,,-0.0297835497835497,0.0689754689754691,0.0606060606060606,-0.0909090909090909,0.003037817730936,-0.1662717219589257,215.0,195.0,30.0,-0.0015133680847486,-0.0041997347738017,-0.0009420342683177
2012-06-18,234.0,234.0,234.0,234.0,1000.0,234.0,239.4,251.6,237.64,215.64,191.785,False,False,False,False,False,False,False,True,False,False,False,0.0683760683760683,0.0341880341880341,,,-0.0155555555555554,0.0784615384615385,0.047008547008547,-0.1025641025641025,0.00265875224139,-0.1589825119236884,225.0,189.0,0.3333333333333333,-0.0010099309880491,0.0005034370966994,-0.0003790654895459
2012-06-21,235.0,243.0,235.0,240.0,300.0,240.0,240.6,250.6,238.24,216.30666666666667,191.985,False,False,False,False,False,False,True,True,True,False,False,0.0833333333333333,0.0416666666666666,,,0.0073333333333332,0.0987222222222222,0.0291666666666666,-0.1625,0.0030820440115885,-0.1572226656025539,225.0,190.0,0.3,0.0025184687709873,0.0035283997590365,0.0004232917701985
2012-06-22,244.0,247.0,244.0,247.0,400.0,247.0,241.0,248.6,238.92,217.0533333333333,192.22,False,False,False,False,False,False,True,True,False,False,False,0.0526315789473684,-0.0242914979757085,,,0.0327125506072875,0.1212415654520918,0.0161943319838056,-0.1497975708502024,0.0034400147429202,-0.1484312148028962,226.0,196.0,1.3333333333333333,0.0028461409676878,0.0003276721967005,0.0003579707313316
2012-06-25,255.0,255.0,235.0,255.0,1800.0,255.0,241.4,246.0,239.92,217.92,192.495,False,False,False,False,False,False,True,True,False,False,False,0.0,-0.0862745098039215,,,0.0591372549019608,0.1454117647058824,-0.0274509803921568,-0.188235294117647,0.0039769946157611,-0.1426829268292682,231.0,196.0,4.5,0.0041680560186728,0.001321915050985,0.0005369798728409
2012-06-26,254.0,254.0,254.0,254.0,1000.0,254.0,246.0,243.3,240.92,218.74666666666667,192.78,False,False,False,False,False,False,True,True,False,True,False,-0.0590551181102362,-0.0551181102362204,,,0.051496062992126,0.1387926509186351,-0.0354330708661417,-0.1850393700787401,0.0037791052054127,-0.1364570489108097,233.0,196.0,0.5555555555555556,0.0041507554374896,-1.7300581183267785e-05,-0.0001978894103484
2012-06-27,255.0,255.0,243.0,250.0,300.0,250.0,249.2,244.3,241.72,219.6533333333333,193.03,False,False,False,False,False,False,True,True,False,True,True,-0.032,-0.012,,,0.03312,0.1213866666666667,-0.032,-0.18,0.0041277164016023,-0.1469504707327057,220.0,197.0,0.3,0.0033096144299189,-0.0008411410075706,0.0003486111961896
2012-06-28,258.0,260.0,258.0,260.0,1100.0,260.0,253.2,246.9,243.12,220.66666666666663,193.355,False,False,False,False,False,False,True,True,False,False,False,-0.0384615384615384,-0.0615384615384615,,,0.0649230769230769,0.1512820512820514,-0.0461538461538461,-0.2230769230769231,0.0045921450151056,-0.1640340218712029,222.0,197.0,3.6666666666666665,0.0057584731819677,0.0024488587520488,0.0004644286135032
2012-06-29,260.0,260.0,260.0,260.0,700.0,260.0,255.8,248.4,245.48,221.6,193.68,False,False,False,False,False,False,True,True,False,False,False,-0.073076923076923,-0.0884615384615384,,,0.0558461538461538,0.1476923076923077,-0.0961538461538461,-0.2115384615384615,0.0042117930204574,-0.1694847020933977,219.0,205.0,0.6363636363636364,0.0096138178262994,0.0038553446443316,-0.0003803519946482
2012-07-02,255.0,255.0,255.0,255.0,100.0,255.0,255.8,248.6,246.48,222.46666666666667,193.98,False,False,False,False,False,False,True,True,False,True,False,-0.0862745098039215,-0.0745098039215686,,,0.0334117647058823,0.1275816993464052,0.0156862745098039,-0.2274509803921568,0.0038957147138148,-0.1737731295253418,210.0,205.0,0.1428571428571428,0.0040571243102888,-0.0055566935160105,-0.0003160783066425
2012-07-04,255.0,255.0,239.0,239.0,200.0,239.0,252.8,249.4,246.84,223.22666666666663,194.205,False,False,False,False,False,False,True,True,False,True,True,0.00418410041841,-0.00836820083682,,,-0.0328033472803347,0.0659972105997212,0.0669456066945606,-0.1757322175732217,0.0034046111575676,-0.1816359262229351,215.0,205.0,2.0,0.0014584346135148,-0.0025986896967739,-0.0004911035562472
2012-07-05,242.0,242.0,242.0,242.0,100.0,242.0,251.2,250.2,247.32,223.8933333333333,194.4,False,False,False,False,False,False,True,True,False,False,False,0.0206611570247933,-0.0206611570247933,,,-0.0219834710743801,0.0748209366391185,-0.0041322314049586,-0.1776859504132231,0.0029776083849452,-0.1886490807354116,211.0,191.0,0.5,0.0019408054342551,0.0004823708207402,-0.0004270027726223
2012-07-09,250.0,250.0,250.0,250.0,100.0,250.0,249.2,251.2,248.32,224.72,194.65,False,False,False,False,False,False,True,True,False,False,False,-0.024,-0.024,,,0.00672,0.10112,-0.052,-0.22,0.0036786519520589,-0.1942675159235668,237.0,199.0,1.0,0.0040270618556701,0.0020862564214149,0.0007010435671136
2012-07-10,249.0,249.0,241.0,241.0,1100.0,241.0,245.4,250.6,248.96,225.34666666666664,194.855,False,False,False,False,False,False,True,True,False,True,False,-0.0165975103734439,0.0165975103734439,,,-0.0330290456431535,0.0649515905947442,0.0580912863070539,-0.2116182572614107,0.0027809005384295,-0.2003192338387868,234.0,189.0,11.0,0.0025706940874036,-0.0014563677682664,-0.0008977514136293
2012-07-11,238.0,241.0,233.0,233.0,1100.0,233.0,241.0,248.4,249.28,225.97333333333333,195.02,False,False,False,False,False,False,True,True,False,True,False,0.0128755364806866,0.0858369098712446,,,-0.0698712446351931,0.0301573676680973,0.0729613733905579,-0.1845493562231759,0.0027731885768233,-0.2000805152979066,237.0,188.0,1.0,0.0012836970474967,-0.0012869970399068,-7.711961606203174e-06
2012-07-13,240.0,240.0,240.0,240.0,200.0,240.0,241.2,247.0,249.28,226.57333333333327,195.25,False,False,False,False,False,False,False,True,False,True,False,-0.0125,0.0208333333333333,,,-0.0386666666666666,0.0559444444444447,-0.0125,-0.2291666666666666,0.0026481492379212,-0.2044534412955465,240.0,200.0,0.1818181818181818,0.0,-0.0012836970474967,-0.0001250393389021
2012-07-17,245.0,247.0,245.0,247.0,800.0,247.0,242.2,246.7,249.16,227.34666666666664,195.545,False,False,False,False,False,False,False,True,False,True,False,-0.0404858299595141,-0.0080971659919028,,,-0.008744939271255,0.0795681511470986,-0.0728744939271255,-0.2469635627530364,0.003401560025805,-0.2111876773408998,240.0,197.0,4.0,-0.0004816182372772,-0.0004816182372772,0.0007534107878838
2012-07-18,245.0,245.0,244.0,244.0,900.0,244.0,241.0,245.1,248.92,228.06666666666663,195.8,False,False,False,False,False,False,False,True,False,True,False,0.0,0.0122950819672131,,,-0.0201639344262294,0.0653005464480875,-0.0901639344262295,-0.2622950819672131,0.0031569716457176,-0.2150142798857608,225.0,200.0,1.125,-0.0009641651936365,-0.0004825469563592,-0.0002445883800874
2012-07-19,245.0,245.0,237.0,237.0,200.0,237.0,240.2,242.8,247.72,228.6133333333333,196.01,False,False,False,False,False,False,False,True,False,True,False,0.0337552742616033,0.0590717299578059,,,-0.0452320675105485,0.0353867791842476,-0.0168776371308016,-0.2194092827004219,0.0023912282748163,-0.2158154859967051,230.0,201.0,0.2222222222222222,-0.0048441789116744,-0.0038800137180378,-0.0007657433709012
2012-07-23,237.0,237.0,236.0,236.0,300.0,236.0,240.8,240.9,245.92,229.14666666666668,196.235,False,False,False,False,False,False,False,True,False,True,False,0.0720338983050847,0.0508474576271186,,,-0.0420338983050846,0.0290395480225988,-0.0254237288135593,-0.2330508474576271,0.0023274758524381,-0.216272312162723,230.0,205.0,1.5,-0.0073194534808068,-0.0024752745691323,-6.375242237819994e-05
2012-07-24,237.0,237.0,237.0,237.0,200.0,237.0,240.2,240.7,244.16,229.69333333333333,196.42,False,False,False,False,False,False,False,True,False,False,False,0.0337552742616033,0.0337552742616033,,,-0.030210970464135,0.0308298171589311,-0.050632911392405,-0.2067510548523206,0.0023799849074127,-0.219360199418363,229.0,215.0,0.6666666666666666,-0.0072083879423328,0.0001110655384739,5.2509054974574434e-05
2012-07-25,237.0,237.0,237.0,237.0,1000.0,237.0,238.2,240.2,244.04,230.22666666666663,196.665,False,False,False,False,False,False,False,True,False,False,False,0.0337552742616033,0.0210970464135021,,,-0.0297046413502109,0.028579465541491,0.0,-0.2067510548523206,0.002316557595413,-0.2223147377185677,230.0,225.0,5.0,-0.000491722668415,0.0067166652739178,-6.342731199963664e-05
2012-07-26,245.0,245.0,244.0,244.0,800.0,244.0,238.2,239.6,244.44,230.85333333333327,196.895,False,False,False,False,False,False,True,True,True,False,False,0.0122950819672131,0.0163934426229508,,,-0.0018032786885245,0.0538797814207653,-0.0368852459016393,-0.221311475409836,0.0027145662469676,-0.2224540901502503,225.0,225.0,0.8,0.0016363933889707,0.0021281160573857,0.0003980086515545
2012-07-30,257.0,257.0,237.0,245.0,1100.0,245.0,239.8,240.0,244.44,231.38666666666663,197.225,False,False,False,True,True,False,False,True,False,True,False,0.0244897959183673,-0.0408163265306122,,,0.0022857142857142,0.0555646258503403,-0.0326530612244898,-0.1918367346938775,0.0023049441051055,-0.2204166666666666,201.0,226.0,1.375,0.0,-0.0016363933889707,-0.000409622141862
2012-07-31,253.0,253.0,253.0,253.0,700.0,253.0,243.2,242.0,244.44,232.02666666666667,197.59,False,False,False,False,False,False,False,True,False,False,False,-0.0197628458498023,0.0237154150197628,,,0.0338339920948616,0.0828985507246376,-0.0316205533596837,-0.2094861660079051,0.0027583036432595,-0.2227272727272727,230.0,231.0,0.6363636363636364,0.0,0.0,0.000453359538154
2012-08-08,245.0,245.0,245.0,245.0,100.0,245.0,244.8,242.5,245.0,232.56,197.94,False,False,False,False,False,False,True,True,True,False,False,0.0,0.0408163265306122,,,0.0,0.0507755102040816,0.0,-0.1510204081632653,0.0022933149868134,-0.2148453608247422,230.0,233.0,0.1428571428571428,0.0022857142857142,0.0022857142857142,-0.0004649886564461
2012-08-09,245.0,245.0,245.0,245.0,300.0,245.0,246.4,242.3,245.44,233.28,198.25,False,False,False,False,False,False,True,True,False,True,False,-0.0122448979591836,-0.0163265306122449,,,-0.0017959183673469,0.0478367346938775,-0.0204081632653061,-0.1795918367346938,0.0030864197530864,-0.2080066033842344,230.0,220.0,3.0,0.0017926988265971,-0.0004930154591171,0.0007931047662729
2012-08-14,247.0,247.0,247.0,247.0,600.0,247.0,247.0,242.6,245.72,233.92,198.61,False,False,False,False,False,False,True,True,False,True,False,0.0040485829959514,-0.0404858299595141,,,0.0051821862348178,0.0529554655870445,-0.0283400809716599,-0.1862348178137652,0.002735978112175,-0.2003297609233305,225.0,222.0,2.0,0.0011395083835259,-0.0006531904430711,-0.0003504416409113
2012-08-15,259.0,259.0,251.0,251.0,800.0,251.0,248.2,244.0,245.88,234.74666666666667,198.985,False,False,False,False,False,False,True,True,False,True,False,-0.0637450199203187,0.0159362549800796,,,0.020398406374502,0.0647543160690571,-0.0637450199203187,-0.2111553784860557,0.0035215267522436,-0.1995901639344262,225.0,219.0,1.3333333333333333,0.0006507239303725,-0.0004887844531534,0.0007855486400685
2012-08-16,258.0,258.0,248.0,248.0,900.0,248.0,247.2,245.2,245.6,235.54666666666665,199.375,False,False,False,False,False,False,False,True,False,True,False,0.0443548387096774,0.0080645161290322,,,0.0096774193548387,0.0502150537634409,-0.0524193548387096,-0.1733870967741935,0.003396354579418,-0.1937194127243067,225.0,210.0,1.125,-0.0011400651465798,-0.0017907890769523,-0.0001251721728256
2012-08-17,245.0,245.0,245.0,245.0,100.0,245.0,247.2,246.0,245.24,236.14666666666668,199.75,False,False,False,False,False,True,False,True,False,True,False,0.0408163265306122,-0.0326530612244898,,,-0.0009795918367347,0.0361360544217686,-0.0204081632653061,-0.1673469387755102,0.0025407938569251,-0.1898373983739837,240.0,215.0,0.1111111111111111,-0.0014679497634969,-0.0003278846169171,-0.0008555607224928
2012-08-20,242.0,242.0,242.0,242.0,100.0,242.0,246.6,246.5,244.92,236.74666666666667,200.11,False,False,False,False,False,False,False,True,False,False,False,-0.0041322314049586,-0.0537190082644628,,,-0.0120661157024792,0.0217079889807162,-0.0082644628099173,-0.1735537190082644,0.0025343545843658,-0.1866125760649087,250.0,211.0,1.0,-0.0013065490772498,0.0001614006862471,-6.4392725593470646e-06
2012-08-21,245.0,248.0,245.0,248.0,1500.0,248.0,246.8,246.9,244.44,237.38666666666663,200.525,False,False,False,False,False,False,False,True,False,True,False,-0.0443548387096774,-0.1048387096774193,,,0.0143548387096774,0.0427956989247313,-0.032258064516129,-0.1935483870967742,0.0026960233655356,-0.1838801134062373,250.0,237.0,15.0,-0.0019636720667648,-0.000657122989515,0.0001616687811698
2012-08-22,235.0,235.0,235.0,235.0,100.0,235.0,243.6,245.9,243.44,237.84,200.845,False,False,False,False,False,False,False,True,False,True,False,0.0851063829787234,-0.0085106382978723,,,-0.0359148936170212,-0.0120851063829787,0.0212765957446808,-0.1489361702127659,0.0019060432783946,-0.1797478649857666,267.0,234.0,0.0666666666666666,-0.0041077883667433,-0.0021441162999785,-0.000789980087141
2012-08-23,259.0,259.0,259.0,259.0,600.0,259.0,245.8,246.5,243.6,238.56,201.29,False,False,False,False,False,False,True,True,False,False,True,-0.0347490347490347,-0.1119691119691119,,,0.0594594594594594,0.0789189189189189,-0.1351351351351351,-0.2162162162162162,0.0030181086519114,-0.1805273833671399,281.0,237.0,6.0,0.0006568144499178,0.0047646028166612,0.0011120653735168
2012-08-24,255.0,255.0,255.0,255.0,500.0,255.0,247.8,247.5,244.24,239.09333333333333,201.7,False,False,False,False,False,False,True,True,True,False,False,-0.0705882352941176,-0.1176470588235294,,,0.0421960784313725,0.0623790849673202,-0.0823529411764705,-0.2156862745098039,0.0022306491188935,-0.1870707070707071,281.0,240.0,0.8333333333333334,0.00262037340321,0.0019635589532921,-0.0007874595330178
2012-08-27,245.0,245.0,241.0,241.0,900.0,241.0,247.6,247.1,244.2,239.30666666666667,202.045,False,False,False,False,False,False,False,True,False,True,False,-0.0497925311203319,-0.0165975103734439,,,-0.0132780082987551,0.0070262793914245,-0.0041493775933609,-0.1576763485477178,0.0008914642299977,-0.1849453662484823,240.0,240.0,1.8,-0.0001638001638002,-0.0027841735670102,-0.0013391848888957
2012-08-28,253.0,253.0,237.0,237.0,1100.0,237.0,245.4,246.1,243.68,239.46666666666667,202.355,False,False,False,False,False,False,False,True,False,True,False,-0.0632911392405063,-0.0084388185654008,,,-0.0281856540084388,-0.010407876230661,-0.0210970464135021,-0.1434599156118143,0.0006681514476614,-0.1808208045509955,234.0,225.0,1.2222222222222223,-0.0021339461588968,-0.0019701459950965,-0.0002233127823363
2012-08-30,249.0,255.0,249.0,255.0,1000.0,255.0,249.4,246.5,244.24,239.85333333333327,202.74,False,False,False,False,False,False,True,True,True,False,False,-0.0862745098039215,-0.0705882352941176,,,0.0421960784313725,0.0593986928104577,-0.0627450980392156,-0.2,0.0016120962810603,-0.1797160243407708,245.0,230.0,0.9090909090909092,0.0022928267278087,0.0044267728867055,0.0009439448333989
2012-08-31,250.0,250.0,250.0,250.0,700.0,250.0,247.6,246.7,244.92,240.10666666666663,203.125,False,False,False,False,False,False,True,True,False,False,False,-0.08,-0.02,,,0.02032,0.0395733333333334,-0.104,-0.192,0.0010550866281653,-0.1815970814754762,253.0,230.0,0.7,0.0027764167891555,0.0004835900613468,-0.000557009652895
2012-09-05,237.0,237.0,237.0,237.0,100.0,237.0,244.0,245.9,244.8,240.16,203.445,False,False,False,False,False,False,False,True,False,True,False,-0.050632911392405,0.0337552742616033,,,-0.0329113924050633,-0.0133333333333333,-0.1097046413502109,-0.1518987341772152,0.0002220741727738,-0.1801545343635624,231.0,229.0,0.1428571428571428,-0.0004901960784312,-0.0032666128675868,-0.0008330124553915
2012-09-10,229.0,229.0,229.0,229.0,1300.0,229.0,241.6,244.6,244.08,240.28,203.755,False,False,False,False,False,False,False,True,False,True,False,0.0349344978165938,0.0480349344978165,,,-0.0658515283842795,-0.0492576419213973,-0.1048034934497816,-0.131004366812227,0.0004994173464291,-0.1762060506950122,234.0,230.0,13.0,-0.0029498525073746,-0.0024596564289433,0.0002773431736553
2012-09-12,222.0,222.0,222.0,222.0,100.0,222.0,238.6,242.0,243.2,240.28,204.015,False,False,False,False,False,False,False,False,False,True,False,0.0585585585585585,0.081081081081081,,,-0.0954954954954954,-0.0823423423423423,-0.0765765765765765,-0.0765765765765765,0.0,-0.1652892561983471,240.0,225.0,0.0769230769230769,-0.0036184210526316,-0.000668568545257,-0.0004994173464291
2012-09-18,233.0,233.0,233.0,233.0,400.0,233.0,234.2,241.8,243.04,240.46666666666667,204.34,False,False,False,False,False,False,False,True,False,False,False,0.0171673819742489,0.0085836909871244,,,-0.0430901287553647,-0.0320457796852646,-0.1201716738197424,-0.1201716738197424,0.000776268367064,-0.162531017369727,247.0,201.0,4.0,-0.0006583278472679,0.0029600932053637,0.000776268367064
2012-09-19,236.0,236.0,230.0,230.0,1300.0,230.0,230.2,238.9,242.8,240.7333333333333,204.655,False,False,False,False,False,False,False,True,False,True,False,0.0652173913043478,0.0217391304347826,,,-0.0556521739130435,-0.0466666666666664,-0.0652173913043478,-0.108695652173913,0.001107726391581,-0.1515278359146087,255.0,230.0,3.25,-0.0009884678747939,-0.000330140027526,0.000331458024517
2012-09-20,225.0,225.0,225.0,225.0,100.0,225.0,227.8,235.9,242.32,240.86666666666667,204.905,False,False,False,False,False,False,False,True,False,True,False,0.0888888888888888,0.0666666666666666,,,-0.0769777777777777,-0.0705185185185185,-0.0444444444444444,-0.0888888888888888,0.0005535566011626,-0.1386180584993642,254.0,230.0,0.0769230769230769,-0.0019808517662595,-0.0009923838914655,-0.0005541697904184
2012-09-24,237.0,237.0,235.0,237.0,300.0,237.0,229.4,235.5,242.32,241.2133333333333,205.245,False,False,False,False,False,False,False,True,False,False,False,0.0126582278481012,0.0126582278481012,,,-0.0224472573839662,-0.0177777777777776,-0.0632911392405063,-0.1350210970464135,0.0014371787076445,-0.1363057324840764,250.0,230.0,3.0,0.0,0.0019808517662595,0.0008836221064818
2012-09-25,237.0,237.0,235.0,235.0,700.0,235.0,232.0,235.3,241.96,241.18666666666667,205.58,False,False,False,False,False,False,False,False,False,True,False,0.0212765957446808,0.0212765957446808,,,-0.0296170212765957,-0.0263262411347517,-0.0553191489361702,-0.1276595744680851,-0.0001105644314223,-0.1347216319592011,260.0,225.0,2.333333333333333,-0.0014878492312778,-0.0014878492312778,-0.0015477431390668
2012-09-26,237.0,237.0,237.0,237.0,700.0,237.0,232.8,233.5,241.64,241.22666666666663,205.93,False,False,False,False,False,False,False,True,False,False,False,-0.0084388185654008,0.0126582278481012,,,-0.0195780590717299,-0.0178340365682136,-0.1308016877637131,-0.1350210970464135,0.0001658191465839,-0.1276231263383298,260.0,225.0,1.0,-0.0013242840589307,0.0001635651723471,0.0002763835780062
2012-09-27,245.0,245.0,245.0,245.0,700.0,245.0,235.8,233.0,241.32,241.3333333333333,206.32,False,False,True,False,True,False,False,True,False,True,False,-0.0408163265306122,-0.0857142857142857,,,0.0150204081632653,0.0149659863945579,-0.1591836734693877,-0.1632653061224489,0.0004419889502763,-0.1244635193133047,255.0,225.0,1.0,-0.0013260401127133,-1.7560537826511857e-06,0.0002761698036923
2012-09-28,245.0,245.0,245.0,245.0,500.0,245.0,239.8,233.8,241.32,241.4,206.725,False,False,False,False,False,False,False,True,False,False,True,-0.0204081632653061,-0.0448979591836734,,,0.0150204081632653,0.0146938775510203,-0.1428571428571428,-0.1632653061224489,0.0002761668047501,-0.125748502994012,239.0,240.0,0.7142857142857143,0.0,0.0013260401127133,-0.0001658221455261
2012-10-01,240.0,240.0,240.0,240.0,100.0,240.0,240.4,234.9,241.12,241.4,207.12,False,False,False,False,False,False,False,False,False,True,False,0.0,0.0,,,-0.0046666666666666,-0.0058333333333333,-0.125,-0.0833333333333333,0.0,-0.1209025117071094,242.0,250.0,0.2,-0.0008294625082945,-0.0008294625082945,-0.0002761668047501
2012-10-05,240.0,240.0,240.0,240.0,100.0,240.0,241.4,236.7,240.84,241.6,207.515,False,False,False,False,False,False,False,True,False,True,False,0.0,-0.0333333333333333,,,-0.0035,-0.0066666666666666,-0.1625,-0.125,0.0008278145695363,-0.1254752851711026,250.0,250.0,1.0,-0.0011625975751536,-0.000333135066859,0.0008278145695363
2012-10-09,235.0,235.0,235.0,235.0,100.0,235.0,241.0,236.9,240.2,241.66666666666663,207.88,False,False,False,False,False,False,False,True,False,True,False,0.0212765957446808,0.0170212765957446,,,-0.022127659574468,-0.0283687943262409,-0.1063829787234042,-0.102127659574468,0.0002758620689653,-0.1236808780075982,241.0,267.0,1.0,-0.0026644462947544,-0.0015018487196007,-0.0005519525005709
2012-10-10,235.0,235.0,235.0,235.0,100.0,235.0,239.0,237.4,239.68,241.7333333333333,208.255,False,False,False,False,False,False,False,True,False,False,True,-0.0468085106382978,-0.0468085106382978,,,-0.0199148936170213,-0.0286524822695033,-0.1191489361702127,-0.0723404255319148,0.0002757859900716,-0.120050547598989,233.0,281.0,1.0,-0.0021695594125499,0.0004948868822044,-7.607889369529165e-08
2012-10-12,239.0,240.0,239.0,240.0,400.0,240.0,238.0,238.9,239.48,241.88,208.605,False,False,False,False,True,False,False,True,False,False,False,-0.025,-0.1208333333333333,,,0.0021666666666667,-0.0078333333333333,-0.1375,-0.1208333333333333,0.0006063612810761,-0.1230640435328589,240.0,281.0,4.0,-0.0008351428094204,0.0013344166031295,0.0003305752910044
2012-10-15,240.0,240.0,240.0,240.0,800.0,240.0,238.0,239.2,239.4,242.0133333333333,208.955,False,False,False,False,False,False,False,True,False,False,False,0.0,-0.1458333333333333,,,0.0024999999999999,-0.0083888888888887,-0.1458333333333333,-0.125,0.0005509338328465,-0.1220735785953176,247.0,240.0,2.0,-0.0003341687552213,0.0005009740541991,-5.5427448229642784e-05
2012-10-16,240.0,240.0,240.0,240.0,800.0,240.0,238.0,239.7,239.08,242.2133333333333,209.325,False,False,False,False,False,False,False,True,False,True,False,-0.0333333333333333,-0.1458333333333333,,,0.0038333333333332,-0.0092222222222221,-0.1583333333333333,-0.1125,0.0008257183749863,-0.1205673758865247,244.0,234.0,1.0,-0.0013384641124309,-0.0010042953572096,0.0002747845421397
2012-10-23,240.0,240.0,240.0,240.0,1000.0,240.0,239.0,240.0,239.28,242.7333333333333,209.68,False,False,False,False,False,False,True,True,False,False,False,-0.0041666666666666,-0.1458333333333333,,,0.0029999999999999,-0.0113888888888887,-0.1458333333333333,-0.0875,0.0021422686075253,-0.1158333333333333,237.0,245.0,1.25,0.0008358408559009,0.0021743049683319,0.001316550232539
2012-10-24,240.0,240.0,224.0,224.0,1100.0,224.0,236.8,237.9,237.88,242.6533333333333,209.975,False,False,False,False,False,True,False,False,False,True,False,0.0,-0.0401785714285714,,,-0.0619642857142856,-0.0832738095238094,-0.1205357142857142,-0.0267857142857142,-0.0003296884444199,-0.1025641025641025,236.0,253.0,1.1,-0.0058853203295779,-0.0067211611854789,-0.0024719570519452
2012-10-25,225.0,234.0,224.0,234.0,800.0,234.0,235.6,236.8,237.04,242.70666666666668,210.33,False,False,False,False,False,False,False,True,False,False,False,-0.0982905982905982,-0.0811965811965812,,,-0.0129914529914529,-0.0372079772079772,-0.1581196581196581,-0.0598290598290598,0.0002197439982421,-0.0920608108108108,237.0,231.0,0.7272727272727273,-0.0035437057036787,0.0023416146258992,0.0005494324426621
2012-10-26,240.0,240.0,240.0,240.0,600.0,240.0,235.6,236.8,237.0,242.84,210.69,False,False,False,False,False,False,False,True,False,False,False,-0.1458333333333333,-0.075,,,0.0125,-0.0118333333333333,-0.1708333333333333,-0.1208333333333333,0.0005490583649041,-0.0958614864864865,237.0,234.0,0.75,-0.0001687763713079,0.0033749293323707,0.0003293143666619
2012-10-29,232.0,232.0,232.0,232.0,100.0,232.0,234.0,236.0,236.8,242.9333333333333,211.04,False,False,False,False,False,False,False,True,False,True,False,-0.1163793103448275,-0.043103448275862,,,-0.0206896551724138,-0.047126436781609,-0.1594827586206896,-0.1293103448275862,0.0003841931942918,-0.096186440677966,244.0,240.0,0.1666666666666666,-0.0008445945945945,-0.0006758182232865,-0.0001648651706122
2012-10-30,239.0,239.0,239.0,239.0,500.0,239.0,233.8,236.4,236.16,243.12,211.395,False,False,False,False,False,False,False,True,False,True,False,-0.1422594142259414,-0.1380753138075313,,,0.0118828451882845,-0.0172384937238493,-0.205020920502092,-0.0836820083682008,0.0007677964242624,-0.094331641285956,245.0,247.0,5.0,-0.002710027100271,-0.0018654325056765,0.0003836032299706
2012-10-31,240.0,240.0,224.0,224.0,1600.0,224.0,233.8,235.3,235.12,243.10666666666663,211.705,False,False,False,False,False,False,False,False,False,True,False,-0.0401785714285714,-0.0803571428571428,,,-0.0496428571428571,-0.0852976190476188,-0.1517857142857142,0.3169642857142857,-5.484560960913475e-05,-0.0573735656608584,253.0,255.0,3.2,-0.0044232732221843,-0.0017132461219133,-0.0008226420338716
2012-11-05,221.0,221.0,211.0,211.0,1800.0,211.0,229.2,232.4,234.08,242.72,211.935,False,False,False,False,False,False,False,False,False,True,False,0.0189573459715639,-0.0047393364928909,,,-0.1093838862559242,-0.1503317535545023,-0.1232227488151658,0.1706161137440758,-0.001593056471105,-0.0301204819277108,245.0,254.0,1.125,-0.004442925495557,-1.965227337265805e-05,-0.0015382108614959
2012-11-06,205.0,205.0,205.0,205.0,300.0,205.0,222.2,228.9,233.12,242.12,212.125,False,False,False,False,False,False,False,False,False,False,False,0.0829268292682926,0.024390243902439,,,-0.137170731707317,-0.1810731707317073,-0.0926829268292682,0.5951219512195122,-0.0024781100280852,0.0358235037134119,245.0,250.0,0.1666666666666666,-0.0041180507892931,0.0003248747062639,-0.0008850535569801
2012-11-09,205.0,205.0,205.0,205.0,700.0,205.0,216.8,225.4,232.44,241.52,212.325,False,False,False,False,False,False,False,False,False,False,False,0.0829268292682926,-0.0195121951219512,,,-0.1338536585365853,-0.1781463414634146,-0.1219512195121951,0.9853658536585366,-0.0024842663133487,0.1379769299023957,247.0,260.0,2.333333333333333,-0.0029254861469626,0.0011925646423304,-6.156285263543906e-06
2012-11-12,205.0,205.0,205.0,205.0,100.0,205.0,210.0,221.9,231.32,240.69333333333333,212.555,False,False,False,False,False,False,False,False,False,True,False,0.0048780487804878,0.024390243902439,,,-0.128390243902439,-0.1741138211382113,-0.0975609756097561,0.7560975609756098,-0.0034345224905828,0.2194682289319514,251.0,260.0,0.1428571428571428,-0.0048417776240705,-0.0019162914771078,-0.000950256177234
2012-11-13,213.0,215.0,213.0,215.0,200.0,215.0,208.2,221.0,230.72,239.81333333333333,212.8,False,False,False,False,False,False,False,False,False,False,False,-0.041860465116279,-0.0372093023255813,,,-0.0731162790697674,-0.1154108527131782,-0.1581395348837209,0.5023255813953489,-0.003669520738352,0.2719457013574661,248.0,255.0,2.0,-0.0026005547850207,0.0022412228390497,-0.0002349982477692
2012-11-14,220.0,220.0,215.0,215.0,300.0,215.0,209.0,219.1,230.32,238.9333333333333,213.025,False,False,False,False,False,False,False,False,False,False,False,-0.0232558139534883,-0.0372093023255813,,,-0.0712558139534883,-0.1113178294573642,-0.1255813953488372,0.3953488372093023,-0.0036830357142858,0.3194888178913739,245.0,239.0,1.5,-0.001736714136853,0.0008638406481676,-1.3514975933781766e-05
2012-11-15,222.0,222.0,222.0,222.0,1200.0,222.0,212.4,217.3,229.72,238.69333333333333,213.29,False,False,False,False,False,False,False,False,False,True,False,-0.054054054054054,-0.0765765765765765,,,-0.0347747747747747,-0.0751951951951951,-0.1531531531531531,0.3558558558558558,-0.0010054742486872,0.3718361711919006,242.0,242.0,4.0,-0.0026118753264843,-0.0008751611896312,0.0026775614655985
2012-11-16,221.0,222.0,221.0,222.0,1500.0,222.0,215.8,216.3,229.2,238.53333333333333,213.545,False,False,False,False,False,False,False,False,False,False,False,-0.0945945945945946,-0.09009009009009,,,-0.0324324324324323,-0.0744744744744744,-0.1441441441441441,0.3198198198198198,-0.0006707657909446,0.4202496532593618,248.0,250.0,1.25,-0.0022687609075044,0.0003431144189799,0.0003347084577425
2012-11-21,210.0,210.0,206.0,206.0,1000.0,206.0,216.0,213.0,227.96,238.0133333333333,213.73,False,False,False,False,False,False,False,False,False,True,False,0.0194174757281553,-0.0048543689320388,,,-0.1066019417475728,-0.1554045307443363,-0.0388349514563106,0.470873786407767,-0.0021847515545349,0.4816901408450705,235.0,241.0,0.6666666666666666,-0.0054395507983855,-0.0031707898908811,-0.0015139857635902
2012-11-22,210.0,210.0,206.0,206.0,800.0,206.0,214.2,211.2,226.4,237.38666666666663,213.91,False,False,False,False,False,False,False,False,False,True,False,0.0048543689320388,-0.0436893203883495,,,-0.0990291262135922,-0.1523624595469253,-0.029126213592233,0.4563106796116505,-0.0026398562120871,0.4966856060606062,259.0,233.0,0.8,-0.0068904593639576,-0.001450908565572,-0.0004551046575522
2012-11-26,206.0,210.0,206.0,210.0,900.0,210.0,213.2,211.1,225.0,237.10666666666663,214.11,False,False,False,False,False,False,False,False,False,False,False,-0.0142857142857142,-0.0619047619047619,,,-0.0714285714285714,-0.1290793650793648,-0.0095238095238095,0.4619047619047619,-0.0011809031097115,0.5258171482709618,255.0,240.0,1.125,-0.0062222222222222,0.0006682371417353,0.0014589531023756
2012-11-27,210.0,210.0,210.0,210.0,700.0,210.0,210.8,211.6,223.8,236.78666666666663,214.32,False,False,False,False,False,False,False,False,False,False,True,-0.0238095238095238,-0.0523809523809523,,,-0.0657142857142857,-0.1275555555555554,-0.0428571428571428,0.4285714285714285,-0.001351427445239,0.5094517958412098,241.0,247.0,0.7777777777777778,-0.0053619302949061,0.0008602919273161,-0.0001705243355274
2012-11-28,206.0,206.0,201.0,201.0,300.0,201.0,206.6,211.2,222.24,236.26666666666668,214.46,False,False,False,False,False,False,False,False,False,True,False,0.0049751243781094,-0.0298507462686567,,,-0.1056716417910448,-0.1754560530679934,0.0,0.4228855721393035,-0.002200902934537,0.4550189393939395,237.0,244.0,0.4285714285714285,-0.0070194384449244,-0.0016575081500183,-0.000849475489298
2012-11-29,212.0,212.0,209.0,210.0,800.0,210.0,207.4,211.7,221.24,235.7733333333333,214.645,False,False,False,False,False,False,False,False,False,False,True,-0.0238095238095238,-0.0952380952380952,,,-0.0535238095238095,-0.1227301587301586,-0.0571428571428571,0.4047619047619047,-0.0020924051348754,0.420878601794993,255.0,237.0,2.6666666666666665,-0.0045199783041041,0.0024994601408202,0.0001084977996615
2012-11-30,208.0,208.0,204.0,207.0,800.0,207.0,207.6,210.9,220.12,235.13333333333333,214.815,False,False,False,False,False,False,False,False,False,True,False,-0.0483091787439613,-0.0821256038647343,,,-0.0633816425120773,-0.1359098228663445,-0.0096618357487922,0.429951690821256,-0.0027218599376239,0.413466097676624,250.0,236.0,1.0,-0.0050881337452298,-0.0005681554411257,-0.0006294548027485
2012-12-05,207.0,207.0,207.0,207.0,100.0,207.0,207.0,210.1,218.8,234.50666666666663,214.985,False,False,False,False,False,False,False,False,False,True,False,-0.0483091787439613,-0.1062801932367149,,,-0.0570048309178744,-0.1328824476650562,-0.0144927536231884,0.4202898550724637,-0.0026722765521947,0.4159923845787721,237.0,237.0,0.125,-0.0060329067641681,-0.0009447730189382,4.958338542919178e-05
2012-12-06,205.0,205.0,205.0,205.0,200.0,205.0,206.0,208.4,217.4,233.90666666666667,215.135,False,False,False,False,False,False,False,False,False,True,False,-0.0292682926829268,-0.0926829268292682,,,-0.0604878048780488,-0.1410081300813008,-0.024390243902439,0.4390243902439024,-0.0025651256911587,0.4246641074856044,229.0,237.0,2.0,-0.0064397424103036,-0.0004068356461354,0.000107150861036
2012-12-07,203.0,203.0,202.0,202.0,700.0,202.0,206.2,206.4,215.88,233.13333333333333,215.34,False,False,False,False,False,False,False,False,False,True,False,-0.0346534653465346,-0.1089108910891089,,,-0.0687128712871286,-0.1541254125412541,-0.0099009900990099,0.4702970297029702,-0.0033171289676866,0.440406976744186,222.0,244.0,3.5,-0.0070409486751899,-0.0006012062648863,-0.0007520032765278
2012-12-10,203.0,205.0,203.0,205.0,1300.0,205.0,205.2,206.3,214.48,232.4,215.515,False,False,False,False,False,False,False,False,False,False,False,-0.073170731707317,-0.0975609756097561,,,-0.0462439024390243,-0.1336585365853659,-0.024390243902439,0.4439024390243902,-0.0031554790590934,0.4377120698012603,233.0,245.0,1.8571428571428568,-0.0065274151436031,0.0005135335315868,0.0001616499085931
2012-12-11,205.0,205.0,197.0,197.0,200.0,197.0,203.2,205.4,213.4,231.6266666666667,215.625,False,False,False,False,False,False,False,False,False,False,False,-0.0355329949238578,-0.0812182741116751,,,-0.083248730964467,-0.1757698815566837,0.0304568527918781,0.5025380710659898,-0.0033387059636195,0.4420642648490749,230.0,253.0,0.1538461538461538,-0.0050609184629802,0.0014664966806229,-0.000183226904526
2012-12-12,197.0,197.0,197.0,197.0,500.0,197.0,201.2,204.1,211.92,231.06666666666663,215.76,False,False,False,False,False,False,False,False,False,True,False,-0.0609137055837563,-0.0456852791878172,,,-0.075736040609137,-0.1729272419627747,0.015228426395939,0.4720812182741117,-0.0024235429890366,0.4429201371876531,225.0,245.0,2.5,-0.0069837674594187,-0.0019228489964384,0.0009151629745829
2012-12-13,197.0,199.0,197.0,199.0,300.0,199.0,200.0,203.0,210.28,230.4933333333333,215.92,False,False,False,False,False,False,False,False,False,True,False,-0.0653266331658291,-0.0552763819095477,,,-0.0566834170854271,-0.1582579564489111,0.0201005025125628,0.4673366834170854,-0.0024874182912014,0.4467980295566502,237.0,245.0,0.6,-0.0077991249762221,-0.0008153575168033,-6.387530216482888e-05
2012-12-14,198.0,198.0,195.0,195.0,400.0,195.0,198.6,202.4,208.8,229.76,216.035,False,False,False,False,False,False,False,False,False,False,False,-0.0769230769230769,-0.0256410256410256,,,-0.0707692307692308,-0.1782564102564102,0.041025641025641,0.4871794871794871,-0.0031917363045496,0.4530632411067194,235.0,247.0,1.3333333333333333,-0.0070881226053639,0.0007110023708581,-0.0007043180133481
2012-12-17,200.0,200.0,190.0,190.0,1600.0,190.0,195.6,200.4,206.84,229.08,216.095,False,False,False,False,False,False,False,False,False,True,False,-0.0263157894736842,0.0421052631578947,,,-0.0886315789473684,-0.2056842105263158,0.0736842105263157,0.5210526315789473,-0.0029683953204119,0.4645708582834331,237.0,251.0,4.0,-0.0094759234190679,-0.0023878008137039,0.0002233409841376
2012-12-18,195.0,195.0,190.0,190.0,1200.0,190.0,194.2,198.7,205.48,228.50666666666663,216.175,False,False,False,False,False,False,False,False,False,False,False,-0.0473684210526315,0.0526315789473684,,,-0.0814736842105262,-0.2026666666666665,0.0631578947368421,0.5157894736842106,-0.0025090442291984,0.4730749874182184,245.0,248.0,0.75,-0.006618649016936,0.0028572744021318,0.0004593510912135
2012-12-19,187.0,187.0,183.0,185.0,3700.0,185.0,191.8,196.5,204.44,227.7733333333333,216.215,False,False,False,False,False,False,False,False,False,False,False,0.0162162162162162,0.1243243243243243,,,-0.105081081081081,-0.231207207207207,0.0864864864864864,0.5405405405405406,-0.0032195750160978,0.4849872773536896,245.0,245.0,3.083333333333333,-0.0050870671101545,0.0015315819067814,-0.0007105307868993
2012-12-20,186.0,188.0,186.0,186.0,1100.0,186.0,189.2,194.6,203.68,226.96,216.295,False,False,False,False,False,False,False,False,False,False,False,0.010752688172043,0.0806451612903225,,,-0.0950537634408602,-0.2202150537634409,0.0698924731182795,0.5053763440860215,-0.0035835976970977,0.4917780061664955,240.0,242.0,0.2972972972972973,-0.003731343283582,0.0013557238265724,-0.0003640226809999
2012-12-21,180.0,181.0,180.0,180.0,4000.0,180.0,186.2,192.4,202.68,226.10666666666663,216.345,False,False,False,False,False,False,False,False,False,True,False,0.0555555555555555,0.1166666666666666,,,-0.126,-0.2561481481481479,0.1388888888888889,0.5833333333333334,-0.0037740299563629,0.5025987525987526,240.0,248.0,3.636363636363636,-0.0049338859285573,-0.0012025426449752,-0.0001904322592652
2012-12-25,185.0,185.0,185.0,185.0,1300.0,185.0,185.2,190.4,201.88,225.41333333333333,216.45,False,False,False,False,False,False,False,False,False,False,False,0.0702702702702702,0.0702702702702702,,,-0.0912432432432432,-0.2184504504504504,0.1081081081081081,0.4864864864864865,-0.0030758310658936,0.5073529411764706,235.0,235.0,0.325,-0.0039627501486031,0.0009711357799541,0.0006981988904693
2012-12-26,188.0,188.0,181.0,181.0,1500.0,181.0,183.4,188.8,200.52,224.68,216.48,False,False,False,False,False,False,False,False,False,True,False,0.1049723756906077,0.1325966850828729,,,-0.1078453038674033,-0.2413259668508287,0.1325966850828729,0.4917127071823204,-0.0032639012521511,0.5063559322033896,235.0,259.0,1.1538461538461535,-0.006782365848793,-0.0028196157001898,-0.0001880701862575
2012-12-27,188.0,188.0,188.0,188.0,800.0,188.0,184.0,187.9,199.44,224.02666666666667,216.535,False,False,False,False,False,False,False,False,False,False,False,0.1063829787234042,0.0851063829787234,,,-0.0608510638297872,-0.1916312056737588,0.0904255319148936,0.4361702127659574,-0.0029163194857755,0.5029270888770621,240.0,255.0,0.5333333333333333,-0.0054151624548737,0.0013672033939193,0.0003475817663756
2012-12-28,188.0,188.0,188.0,188.0,700.0,188.0,184.4,186.8,198.08,223.3733333333333,216.565,False,False,False,False,False,False,False,False,False,True,False,0.0691489361702127,0.0638297872340425,,,-0.0536170212765958,-0.1881560283687942,0.0904255319148936,0.4361702127659574,-0.0029248492807259,0.4999999999999998,240.0,241.0,0.875,-0.0068659127625201,-0.0014507503076464,-8.529794950465006e-06
2013-01-04,188.0,190.0,188.0,190.0,800.0,190.0,186.4,186.3,196.8,222.6533333333333,216.655,False,False,False,False,False,False,False,False,False,False,False,0.0578947368421052,0.0526315789473684,,,-0.0357894736842105,-0.1718596491228068,0.0789473684210526,0.4421052631578947,-0.0032337265704533,0.4954374664519592,240.0,237.0,1.1428571428571428,-0.0065040650406504,0.0003618477218697,-0.0003088772897273
2013-01-07,192.0,198.0,192.0,198.0,1200.0,198.0,189.0,187.1,196.48,222.02666666666667,216.79,False,False,False,False,True,False,False,False,False,False,True,0.0,0.0101010101010101,,,0.0076767676767677,-0.1213468013468013,0.0353535353535353,0.404040404040404,-0.0028224837857313,0.4831640833778728,240.0,255.0,1.5,-0.0016286644951141,0.0048754005455362,0.000411242784722
2013-01-09,202.0,205.0,200.0,200.0,600.0,200.0,192.8,188.1,196.24,221.32,216.865,False,False,False,False,False,False,False,False,False,False,False,0.025,0.015,,,0.0187999999999999,-0.1065999999999999,0.025,0.25,-0.003192963431532,0.455077086656034,224.0,250.0,0.5,-0.0012229922543822,0.0004056722407318,-0.0003704796458007
2013-01-11,208.0,208.0,200.0,208.0,800.0,208.0,196.8,190.4,196.16,220.82666666666665,216.96,False,False,False,False,False,False,False,False,False,False,False,-0.0192307692307692,-0.0384615384615384,,,0.0569230769230769,-0.0616666666666666,-0.0144230769230769,0.1634615384615384,-0.0022340297065572,0.4149159663865545,234.0,237.0,1.3333333333333333,-0.0004078303425775,0.0008151619118047,0.0009589337249748
2013-01-15,207.0,207.0,201.0,201.0,1500.0,201.0,199.4,191.9,195.8,220.24,217.0,False,False,False,False,False,False,False,False,False,True,False,-0.0049751243781094,0.0099502487562189,,,0.025870646766169,-0.0957213930348259,0.0945273631840796,0.2487562189054726,-0.0026637607458529,0.3887441375716519,240.0,229.0,1.875,-0.0018386108273747,-0.0014307804847972,-0.0004297310392957
2013-01-16,201.0,201.0,201.0,201.0,1300.0,201.0,201.6,194.0,195.8,219.6266666666667,217.09,False,False,False,False,False,False,False,False,False,False,False,-0.0049751243781094,0.0099502487562189,,,0.025870646766169,-0.0926699834162522,0.044776119402985,0.3233830845771144,-0.0027926177756191,0.3639175257731959,232.0,222.0,0.8666666666666667,0.0,0.0018386108273747,-0.0001288570297662
2013-01-17,200.0,200.0,198.0,198.0,200.0,198.0,201.6,195.3,195.32,218.92,217.17,False,False,False,False,False,False,False,False,False,True,False,0.0101010101010101,0.0303030303030303,,,0.0135353535353535,-0.1056565656565655,0.0656565656565656,0.404040404040404,-0.003227967598514,0.356374807987711,239.0,233.0,0.1538461538461538,-0.0024575056317838,-0.0024575056317838,-0.0004353498228949
2013-01-21,196.0,205.0,196.0,205.0,300.0,205.0,202.6,197.7,195.24,218.34666666666664,217.35,False,False,False,False,False,False,False,False,False,False,False,-0.0097560975609756,-0.0146341463414634,,,0.0476097560975609,-0.0651056910569104,0.0634146341463414,0.3560975609756097,-0.0026257938446507,0.343955488113303,224.0,230.0,1.5,-0.0004097520999794,0.0020477535318044,0.0006021737538633
2013-01-24,204.0,204.0,204.0,204.0,100.0,204.0,201.8,199.3,195.12,217.8,217.515,False,False,False,False,False,False,False,False,False,True,False,-0.0196078431372549,-0.0147058823529411,,,0.0435294117647058,-0.0676470588235294,0.034313725490196,0.3627450980392157,-0.0025099479644932,0.337180130456598,211.0,225.0,0.3333333333333333,-0.0006150061500615,-0.000205254050082,0.0001158458801575
2013-01-25,203.0,203.0,197.0,200.0,2100.0,200.0,201.6,200.5,194.92,217.24,217.62,False,False,False,False,False,False,False,False,False,True,False,0.015,-0.005,,,0.0254,-0.0862,0.05,0.3,-0.0025777941447247,0.3241895261845386,205.0,237.0,21.0,-0.0010260619741433,-0.0004110558240818,-6.784618023151449e-05
2013-01-28,200.0,200.0,200.0,200.0,800.0,200.0,201.4,201.5,194.84,216.6,217.7,False,False,False,False,False,False,False,False,False,False,False,0.015,0.025,,,0.0257999999999999,-0.0829999999999999,0.065,0.325,-0.002954755309326,0.3131513647642681,205.0,235.0,0.3809523809523809,-0.000410593307329,0.0006154686668143,-0.0003769611646012
2013-01-29,200.0,200.0,200.0,200.0,200.0,200.0,201.8,201.7,194.64,216.13333333333333,217.765,False,False,False,False,False,False,False,False,False,True,False,0.02,0.025,,,0.0268,-0.0806666666666666,0.095,0.355,-0.0021591610117211,0.3083787803668815,205.0,237.0,0.25,-0.0010275380189067,-0.0006169447115777,0.0007955942976048
2013-01-30,203.0,203.0,203.0,203.0,700.0,203.0,201.4,202.0,194.88,215.38666666666663,217.82,False,False,False,False,False,False,True,False,True,False,False,-0.0049261083743842,0.0098522167487684,,,0.04,-0.0610180623973725,0.0738916256157635,0.2315270935960591,-0.0034666336511082,0.3064356435643563,215.0,245.0,3.5,0.0012315270935961,0.0022590651125028,-0.001307472639387
2013-01-31,204.0,204.0,199.0,200.0,800.0,200.0,200.6,201.2,195.0,214.6533333333333,217.89,False,False,False,False,False,False,True,False,False,True,False,0.005,0.025,,,0.025,-0.0732666666666665,0.1,0.17,-0.0034163612646747,0.3076540755467198,215.0,245.0,1.1428571428571428,0.0006153846153846,-0.0006161424782114,5.02723864334682e-05
2013-02-04,204.0,204.0,202.0,203.0,700.0,203.0,201.2,201.4,195.16,214.14666666666668,218.025,False,False,False,False,False,False,True,False,False,False,False,-0.0197044334975369,0.0098522167487684,,,0.0386206896551724,-0.0549096880131363,0.0394088669950738,0.1379310344827586,-0.0023659797023844,0.2964250248262166,222.0,240.0,0.875,0.0008198401311744,0.0002044555157897,0.0010503815622902
2013-02-05,203.0,203.0,203.0,203.0,100.0,203.0,201.8,201.6,195.48,213.69333333333333,218.18,False,False,False,False,False,False,True,False,True,False,False,0.0098522167487684,0.0098522167487684,,,0.0370443349753695,-0.0526765188834154,-0.0049261083743842,0.2315270935960591,-0.0021214201035752,0.287202380952381,222.0,240.0,0.1428571428571428,0.0016369961121341,0.0008171559809597,0.0002445595988092
2013-02-06,203.0,204.0,203.0,204.0,600.0,204.0,202.6,202.2,196.04,213.0133333333333,218.255,False,False,False,False,False,False,True,False,False,False,True,0.0049019607843137,0.0049019607843137,,,0.0390196078431372,-0.0441830065359475,0.0735294117647058,0.1764705882352941,-0.0031922884326491,0.2645895153313551,206.0,235.0,6.0,0.0028565598857376,0.0012195637736034,-0.0010708683290738
2013-02-07,202.0,202.0,202.0,202.0,100.0,202.0,202.4,201.9,196.52,212.3733333333333,218.365,False,False,False,False,False,False,True,False,False,True,False,0.0148514851485148,0.0148514851485148,,,0.027128712871287,-0.0513531353135312,0.4603960396039604,0.1485148514851485,-0.0030135610246106,0.2436849925705794,206.0,235.0,0.1666666666666666,0.002442499491146,-0.0004140603945915,0.0001787274080384
2013-02-14,201.0,201.0,200.0,201.0,500.0,201.0,202.6,201.6,197.16,211.8933333333333,218.425,False,False,False,False,False,False,True,False,False,False,False,0.0199004975124378,0.0199004975124378,,,0.0191044776119403,-0.0541956882255388,0.2288557213930348,0.5522388059701493,-0.002265290712308,0.2624007936507936,210.0,240.0,5.0,0.0032460945425034,0.0008035950513574,0.0007482703123026
2013-02-15,203.0,203.0,199.0,199.0,1800.0,199.0,201.8,201.5,197.68,211.4933333333333,218.495,False,False,False,False,False,False,True,False,False,True,False,0.0301507537688442,0.1055276381909547,,,0.0066331658291456,-0.0627805695142377,0.6432160804020101,0.9698492462311558,-0.0018913125709242,0.3285359801488833,210.0,240.0,3.6,0.0026305139619587,-0.0006155805805447,0.0003739781413837
2013-02-18,205.0,205.0,205.0,205.0,1000.0,205.0,202.2,202.0,198.68,211.26666666666668,218.58,False,False,False,False,False,False,True,False,False,False,True,0.0,0.024390243902439,,,0.0308292682926828,-0.0305691056910569,0.9853658536585366,1.302439024390244,-0.0010728936573049,0.4277227722772276,201.0,240.0,0.5555555555555556,0.0050332192470304,0.0024027052850716,0.0008184189136192
2013-02-21,205.0,205.0,205.0,205.0,100.0,205.0,202.4,202.5,199.48,210.8933333333333,218.66,False,False,False,False,False,False,True,False,False,True,False,0.0,0.0292682926829268,,,0.0269268292682927,-0.0287479674796747,0.7560975609756098,0.9121951219512195,-0.0017702472023773,0.4839506172839506,210.0,240.0,0.1,0.0040104271104871,-0.0010227921365432,-0.0006973535450723
2013-02-25,205.0,205.0,205.0,205.0,800.0,205.0,203.0,202.7,200.44,210.56,218.8,False,False,False,False,False,False,True,False,False,False,False,0.0,0.0634146341463414,,,0.0222439024390244,-0.0271219512195122,0.5756097560975609,0.7073170731707317,-0.0015830800405267,0.5318204242723237,207.0,224.0,8.0,0.0047894631810018,0.0007790360705146,0.0001871671618505
2013-02-26,205.0,205.0,205.0,205.0,800.0,205.0,203.8,203.2,201.12,210.2933333333333,218.94,False,False,False,False,False,False,True,False,False,True,True,0.0,0.0292682926829268,,,0.0189268292682926,-0.0258211382113819,0.4634146341463415,0.624390243902439,-0.001268069997464,0.5767716535433071,207.0,234.0,1.0,0.0033810660302307,-0.001408397150771,0.0003150100430627
2013-02-27,205.0,205.0,205.0,205.0,700.0,205.0,205.0,203.4,201.8,209.86666666666667,219.025,False,False,False,False,False,False,True,False,False,True,False,0.073170731707317,0.024390243902439,,,0.0156097560975609,-0.023739837398374,0.4682926829268293,0.551219512195122,-0.0020330368487926,0.6179941002949854,205.0,240.0,0.875,0.0033696729435084,-1.1393086722284037e-05,-0.0007649668513286
2013-02-28,205.0,205.0,205.0,205.0,700.0,205.0,205.0,203.6,202.4,209.46666666666667,219.11,False,False,False,False,False,False,True,False,False,True,False,0.024390243902439,0.0390243902439024,,,0.0126829268292682,-0.0217886178861788,0.4292682926829268,0.5121951219512195,-0.0019096117122851,0.6458742632612968,202.0,232.0,1.0,0.0029644268774703,-0.0004052460660381,0.0001234251365074
2013-03-04,205.0,205.0,205.0,205.0,400.0,205.0,205.0,203.7,202.68,209.04,219.235,False,False,False,False,False,False,True,False,False,True,False,0.0292682926829268,0.0682926829268292,,,0.0113170731707316,-0.0197073170731706,0.4780487804878048,0.2195121951219512,-0.0020410766679423,0.6499754540991657,205.0,239.0,0.5714285714285714,0.001381488059996,-0.0015829388174742,-0.0001314649556571
2013-03-06,205.0,205.0,205.0,205.0,2500.0,205.0,205.0,204.0,202.88,208.50666666666663,219.315,False,False,False,False,False,False,True,False,False,True,False,0.0634146341463414,0.0634146341463414,,,0.0103414634146341,-0.0171056910569104,0.4634146341463415,0.6097560975609756,-0.0025578718506204,0.6955882352941175,197.0,224.0,6.25,0.0009858044164037,-0.0003956836435923,-0.000516795182678
2013-03-07,205.0,205.0,205.0,205.0,100.0,205.0,205.0,204.4,202.76,207.97333333333333,219.43,False,False,False,False,False,False,False,False,False,True,False,0.0292682926829268,0.073170731707317,,,0.0109268292682927,-0.0145040650406503,0.4975609756097561,0.5121951219512195,-0.0025644313373507,0.6912915851272015,197.0,211.0,0.04,-0.000591832708621,-0.0015776371250247,-6.559486730385328e-06
2013-03-08,210.0,224.0,207.0,220.0,3100.0,220.0,208.0,206.5,203.52,207.70666666666668,219.575,False,False,False,False,False,False,True,False,True,False,False,-0.0454545454545454,-0.0409090909090909,,,0.0749090909090908,0.0558787878787878,0.3636363636363636,0.2863636363636364,-0.0012838618564641,0.6213075060532688,199.0,205.0,31.0,0.0037342767295598,0.0043261094381808,0.0012805694808866
2013-03-11,208.0,211.0,208.0,210.0,800.0,210.0,209.0,207.0,203.88,207.30666666666667,219.675,False,False,False,False,False,False,True,False,False,True,False,0.0142857142857142,-0.0380952380952381,,,0.0291428571428571,0.0128253968253968,0.3619047619047619,0.7285714285714285,-0.0019295086184718,0.5647342995169081,195.0,205.0,0.2580645161290322,0.0017657445556208,-0.0019685321739389,-0.0006456467620076
2013-03-12,210.0,211.0,210.0,211.0,200.0,211.0,210.2,207.6,204.4,206.98666666666668,219.775,False,False,False,False,False,False,True,False,False,False,False,0.0379146919431279,0.0379146919431279,,,0.0312796208530805,0.0190205371248024,0.3981042654028436,0.4976303317535545,-0.0015459933006956,0.5236030828516378,190.0,205.0,0.25,0.0025440313111546,0.0007782867555337,0.0003835153177761
2013-03-14,208.0,218.0,208.0,218.0,400.0,218.0,212.8,208.9,204.92,206.76,219.915,False,False,False,False,False,False,True,False,False,True,False,0.0,0.3532110091743119,,,0.06,0.0515596330275229,0.3577981651376147,0.6192660550458715,-0.0010962790997615,0.5155576831019627,190.0,215.0,2.0,0.0025375756392737,-6.45567188087455e-06,0.0004497142009341
2013-03-15,216.0,216.0,211.0,211.0,1500.0,211.0,214.0,209.5,205.2,206.3733333333333,220.01,False,False,False,False,False,False,True,False,False,True,False,0.0426540284360189,0.1706161137440758,,,0.0274881516587678,0.0219273301737757,0.3933649289099526,0.6113744075829384,-0.0018736270836026,0.5145584725536994,185.0,215.0,3.75,0.001364522417154,-0.0011730532221197,-0.0007773479838411
2013-03-18,212.0,212.0,210.0,210.0,900.0,210.0,212.0,210.0,205.6,205.97333333333333,220.15,False,False,False,False,False,False,True,False,False,False,False,0.0047619047619047,0.5571428571428572,,,0.0209523809523809,0.0191746031746031,0.4047619047619047,0.7142857142857143,-0.0019419989642671,0.530952380952381,186.0,222.0,0.6,0.0019455252918288,0.0005810028746748,-6.83718806644897e-05
2013-03-21,212.0,214.0,212.0,213.0,400.0,213.0,212.6,210.8,206.12,205.6133333333333,220.295,False,True,False,False,False,False,True,False,False,False,False,-0.0516431924882629,0.9107981220657276,,,0.032300469483568,0.034679186228482,0.3943661971830985,0.6525821596244131,-0.0017508592179496,0.545066413662239,180.0,222.0,0.4444444444444444,0.0025228022511159,0.000577276959287,0.0001911397463174
2013-03-22,214.0,219.0,212.0,219.0,1500.0,219.0,214.2,212.2,206.88,205.3333333333333,220.44,False,False,False,False,False,False,True,False,False,False,False,0.0,0.6438356164383562,,,0.0553424657534246,0.0624048706240487,0.3515981735159817,0.54337899543379,-0.0013636363636363,0.5763430725730444,185.0,206.0,3.75,0.0036736272235111,0.0011508249723952,0.0003872228543132
2013-03-25,218.0,218.0,217.0,218.0,1300.0,218.0,214.2,213.5,207.48,205.25333333333333,220.58,False,False,False,False,False,False,True,False,False,True,False,0.3532110091743119,0.481651376146789,,,0.048256880733945,0.0584709480122324,0.3577981651376147,0.5045871559633027,-0.0003897622450304,0.565807962529274,181.0,206.0,0.8666666666666667,0.0028918449971081,-0.000781782226403,0.0009738741186059
2013-03-26,220.0,220.0,220.0,220.0,800.0,220.0,216.0,215.0,208.28,205.06666666666663,220.77,False,False,False,False,False,False,True,False,False,False,False,0.1227272727272727,0.3636363636363636,,,0.0532727272727272,0.067878787878788,0.3181818181818182,0.4636363636363636,-0.0009102730819247,0.5604651162790698,188.0,210.0,0.6153846153846154,0.0038409832917227,0.0009491382946146,-0.0005205108368942
2013-03-27,219.0,219.0,211.0,211.0,700.0,211.0,216.2,214.1,208.6,204.68,220.865,False,False,False,False,False,False,True,False,False,True,False,0.5497630331753555,0.4265402843601896,,,0.0113744075829384,0.029952606635071,0.3838862559241706,0.4739336492890995,-0.0018891277441207,0.5801027557216255,188.0,210.0,0.875,0.0015340364333652,-0.0023069468583574,-0.0009788546621959
2013-03-28,218.0,218.0,202.0,202.0,1900.0,202.0,214.0,213.3,208.56,204.28,220.935,False,False,False,False,False,False,False,False,False,True,False,1.0148514851485149,0.4504950495049505,,,-0.0324752475247524,-0.0112871287128712,0.4356435643564356,0.5396039603960396,-0.0019580967299784,0.5616502578527895,190.0,201.0,2.7142857142857144,-0.0001917913310317,-0.001725827764397,-6.896898585777517e-05
2013-03-29,213.0,219.0,213.0,219.0,400.0,219.0,214.0,214.1,209.16,204.0133333333333,221.06,False,False,False,False,False,False,True,False,True,False,True,0.6438356164383562,0.3835616438356164,,,0.044931506849315,0.0684322678843228,0.319634703196347,0.4200913242009132,-0.0013071041108426,0.553479682391406,198.0,210.0,0.2105263157894736,0.0028686173264486,0.0030604086574804,0.0006509926191358
2013-04-01,208.0,299.0,208.0,295.0,20800.0,295.0,229.4,221.8,212.88,204.96,221.605,False,False,False,False,False,False,True,True,False,False,False,0.0949152542372881,0.0169491525423728,,,0.2783728813559322,0.3052203389830508,-0.023728813559322,0.023728813559322,0.0046187874056728,0.4765554553651938,200.0,207.0,52.0,0.0174746335963923,0.0146060162699437,0.0059258915165155
2013-04-02,375.0,375.0,243.0,247.0,80500.0,247.0,234.8,225.4,214.72,205.44,221.865,False,False,False,False,False,False,True,True,False,True,False,0.2145748987854251,0.242914979757085,,,0.1306882591093117,0.1682591093117409,0.1538461538461538,0.2226720647773279,0.0023364485981307,0.4361135758651285,208.0,207.0,3.870192307692308,0.0085692995529061,-0.0089053340434862,-0.002282338807542
2013-04-03,327.0,327.0,327.0,327.0,22700.0,327.0,258.0,237.1,219.84,207.06666666666663,222.555,False,False,False,False,False,False,True,True,False,False,False,-0.0795107033639143,-0.0825688073394495,,,0.3277064220183486,0.3667686034658513,-0.1437308868501529,-0.0795107033639143,0.0078557630392786,0.3403627161535218,201.0,205.0,0.2819875776397516,0.0232896652110626,0.0147203656581564,0.0055193144411478
2013-04-04,407.0,407.0,406.0,407.0,48800.0,407.0,299.0,256.5,227.92,209.76,223.64,False,False,False,False,False,False,True,True,False,False,False,-0.2800982800982801,-0.2972972972972973,,,0.44,0.4846191646191646,-0.2997542997542997,-0.2825552825552825,0.012840071192474,0.2155945419103314,201.0,202.0,2.149779735682819,0.0354510354510353,0.0121613702399727,0.0049843081531953
2013-04-05,399.0,487.0,345.0,360.0,112900.0,360.0,327.2,270.6,234.12,211.82666666666665,224.46,False,False,False,False,False,False,True,True,False,True,False,-0.1583333333333333,-0.1805555555555555,,,0.3496666666666667,0.4115925925925926,-0.2361111111111111,-0.1527777777777778,0.0097564046075407,0.1400591278640058,198.0,205.0,2.3135245901639343,0.0264821459080813,-0.0089688895429539,-0.0030836665849333
2013-04-08,360.0,360.0,315.0,323.0,35900.0,323.0,332.8,281.1,238.84,213.26666666666668,225.095,False,False,False,False,False,False,True,True,False,True,False,-0.0712074303405572,-0.0835913312693498,,,0.2605572755417956,0.3397316821465428,-0.1640866873065015,-0.0619195046439628,0.0067521100343858,0.0885805763073638,205.0,197.0,0.3179805137289637,0.0197621838887958,-0.0067199620192855,-0.0030042945731548
2013-04-09,316.0,316.0,298.0,300.0,28400.0,300.0,343.4,289.1,242.64,214.4,225.615,False,False,False,False,False,False,True,True,False,True,False,0.0233333333333333,-0.02,,,0.1912,0.2853333333333333,-0.1,-0.05,0.0052860696517412,0.0456589415427187,204.0,197.0,0.7910863509749304,0.0156610616551268,-0.0041011222336689,-0.0014660403826446
2013-04-10,300.0,301.0,293.0,301.0,12000.0,301.0,338.2,298.1,246.48,215.4533333333333,226.135,False,False,False,False,False,False,True,True,False,True,False,-0.0033222591362126,-0.0199335548172757,,,0.1811295681063123,0.2842081949058693,-0.1029900332225913,-0.0265780730897009,0.004888916393341,0.008050989600805,200.0,199.0,0.4225352112676056,0.0155793573515092,-8.17043036176017e-05,-0.0003971532584001
2013-04-11,300.0,300.0,285.0,293.0,8200.0,293.0,315.4,307.2,250.0,216.4,226.615,False,False,False,False,False,False,True,True,False,True,False,-0.0238907849829351,0.0136518771331058,,,0.1467576791808873,0.2614334470989761,-0.0648464163822525,-0.0546075085324232,0.0043746149106593,-0.0328776041666665,200.0,195.0,0.6833333333333333,0.01408,-0.0014993573515092,-0.0005143014826817
2013-04-12,299.0,307.0,295.0,303.0,5300.0,303.0,304.0,315.6,253.92,217.69333333333333,227.105,False,False,False,False,False,False,True,True,False,False,False,-0.0264026402640264,-0.0231023102310231,,,0.161980198019802,0.2815401540154015,-0.0825082508250825,-0.1452145214521452,0.0059410791939731,-0.0750950570342206,200.0,190.0,0.6463414634146342,0.0154379332073093,0.0013579332073093,0.0015664642833137
2013-04-15,302.0,302.0,289.0,300.0,3200.0,300.0,299.4,316.1,257.72,218.94666666666663,227.58,False,False,False,False,False,False,True,True,False,True,False,-0.0133333333333333,-0.0133333333333333,,,0.1409333333333332,0.2701777777777779,-0.1666666666666666,-0.1133333333333333,0.005724377321722,-0.0879468522619424,203.0,190.0,0.6037735849056604,0.0147446841533448,-0.0006932490539644,-0.000216701872251
2013-04-16,295.0,308.0,295.0,307.0,1900.0,307.0,300.8,322.1,261.8,220.24,228.09,False,False,False,False,False,False,True,True,False,False,False,-0.0423452768729641,-0.0553745928338762,,,0.1472312703583061,0.2826058631921824,-0.2117263843648208,-0.1693811074918566,0.005872381644267,-0.1195280968643278,200.0,185.0,0.59375,0.0155844155844155,0.0008397314310706,0.000148004322545
2013-04-17,297.0,300.0,297.0,300.0,700.0,300.0,300.6,319.4,265.0,221.44,228.635,False,False,False,False,False,False,True,True,False,True,False,-0.0166666666666666,-0.0266666666666666,,,0.1166666666666666,0.2618666666666667,-0.1633333333333333,-0.14,0.0054190751445086,-0.1255479023168439,203.0,186.0,0.3684210526315789,0.0120754716981131,-0.0035089438863023,-0.0004533064997584
2013-04-18,297.0,297.0,286.0,286.0,6600.0,286.0,299.2,307.3,268.04,222.57333333333327,229.07,False,False,False,False,False,False,True,True,False,True,False,0.0384615384615384,0.0139860139860139,,,0.0627972027972027,0.221771561771562,-0.0699300699300699,-0.0489510489510489,0.0050919547115554,-0.097624471200781,203.0,180.0,9.428571428571429,0.0113415908073422,-0.0007338808907709,-0.0003271204329531
2013-04-19,285.0,300.0,283.0,295.0,2500.0,295.0,297.6,300.8,271.4,223.70666666666668,229.6,False,False,False,False,False,False,True,True,False,False,False,0.0033898305084745,-0.0203389830508474,,,0.08,0.2416723163841807,-0.0576271186440678,-0.1084745762711864,0.0050661580641319,-0.0920877659574467,204.0,185.0,0.3787878787878788,0.0123802505526895,0.0010386597453473,-2.5796647423506104e-05
2013-04-22,297.0,297.0,285.0,296.0,2600.0,296.0,296.8,298.1,274.52,224.8933333333333,230.14,False,False,False,False,False,False,True,True,False,True,False,0.0,-0.027027027027027,,,0.0725675675675676,0.2402252252252252,-0.0608108108108108,-0.1317567567567567,0.0052765755617476,-0.0992955384099296,202.0,181.0,1.04,0.0113652921462917,-0.0010149584063978,0.0002104174976157
2013-04-23,296.0,296.0,294.0,294.0,1200.0,294.0,294.2,297.5,277.84,226.0533333333333,230.61,False,False,False,False,False,False,True,True,False,False,False,-0.0136054421768707,-0.0306122448979591,,,0.0549659863945579,0.2311111111111111,-0.0544217687074829,-0.0850340136054421,0.0051315323817388,-0.1028571428571429,201.0,188.0,0.4615384615384615,0.0119493233515692,0.0005840312052774,-0.0001450431800088
2013-04-24,294.0,295.0,288.0,295.0,5800.0,295.0,293.2,296.9,281.24,227.25333333333333,231.1,False,False,False,False,False,False,True,True,False,False,False,-0.0101694915254237,-0.0508474576271186,,,0.0466440677966101,0.2296497175141243,-0.1186440677966101,-0.0542372881355932,0.0052804505984511,-0.1057595149882114,199.0,188.0,4.833333333333333,0.0120893187313327,0.0001399953797635,0.0001489182167123
2013-04-25,300.0,300.0,288.0,297.0,3400.0,297.0,295.4,297.3,284.6,228.52,231.585,False,False,False,False,False,False,True,True,False,True,False,-0.0235690235690235,-0.0404040404040404,,,0.0417508417508416,0.2305723905723905,-0.1077441077441077,-0.0909090909090909,0.0055429138222767,-0.1093171880255634,205.0,190.0,0.5862068965517241,0.0118060435699227,-0.00028327516141,0.0002624632238255
2013-04-26,300.0,305.0,286.0,296.0,4300.0,296.0,295.6,296.6,287.68,229.7333333333333,232.06,False,False,False,False,False,False,True,True,False,True,False,-0.0236486486486486,-0.0709459459459459,,,0.028108108108108,0.223873873873874,-0.0844594594594594,-0.1013513513513513,0.0052814857806149,-0.1048550236008092,205.0,198.0,1.2647058823529411,0.0107063403781979,-0.0010997031917248,-0.0002614280416617
2013-04-30,300.0,300.0,288.0,296.0,2100.0,296.0,295.6,296.2,290.8,231.0533333333333,232.515,False,False,False,False,False,False,True,True,False,False,False,-0.027027027027027,-0.0878378378378378,,,0.0175675675675675,0.2194144144144144,-0.1554054054054054,-0.125,0.0057129667032143,-0.1060094530722484,205.0,200.0,0.4883720930232558,0.0107290233837689,2.268300557098716e-05,0.0004314809225993
2013-05-01,291.0,291.0,287.0,290.0,4000.0,290.0,294.8,294.5,293.6,232.2933333333333,232.89,False,False,False,False,False,False,True,True,False,True,False,-0.0172413793103448,-0.0689655172413793,,,-0.0124137931034483,0.1989885057471265,-0.193103448275862,-0.0827586206896551,0.0053380782918148,-0.0971137521222411,205.0,208.0,1.9047619047619049,0.0095367847411444,-0.0011922386426244,-0.0003748884113994
2013-05-02,295.0,295.0,292.0,292.0,600.0,292.0,294.2,293.7,296.84,233.53333333333333,233.225,False,False,False,False,False,False,True,True,False,False,False,-0.0410958904109589,-0.0753424657534246,,,-0.0165753424657533,0.2002283105022831,-0.2089041095890411,-0.0890410958904109,0.0053097345132744,-0.0919305413687436,205.0,201.0,0.15,0.0109149710281631,0.0013781862870187,-2.834377854036771e-05
2013-05-07,292.0,292.0,284.0,290.0,2800.0,290.0,292.8,294.1,300.36,234.8,233.55,False,False,False,False,False,False,True,True,False,False,False,-0.0172413793103448,-0.0551724137931034,,,-0.0357241379310345,0.1903448275862068,-0.1379310344827586,-0.0827586206896551,0.0053946621237933,-0.0952057123427405,205.0,201.0,4.666666666666667,0.0117192702090825,0.0008042991809194,8.492761051885882e-05
2013-05-08,292.0,292.0,289.0,289.0,800.0,289.0,291.4,293.5,303.16,236.12,233.865,False,False,False,False,False,False,True,True,False,True,False,-0.0484429065743944,-0.0380622837370242,,,-0.0489965397923876,0.1829757785467128,-0.1695501730103806,-0.0588235294117647,0.0055903777740131,-0.090289608177172,205.0,198.0,0.2857142857142857,0.009236046971896,-0.0024832232371864,0.0001957156502198
2013-05-09,290.0,292.0,288.0,288.0,1200.0,288.0,289.8,292.7,302.88,237.42666666666668,234.15,False,False,False,False,False,False,False,True,False,True,False,-0.0625,-0.1319444444444444,,,-0.0516666666666666,0.1756018518518518,-0.1944444444444444,-0.1041666666666666,0.0055034536979839,-0.0874615647420566,205.0,205.0,1.5,-0.0009244585314316,-0.0101605055033277,-8.692407602922409e-05
2013-05-10,286.0,289.0,265.0,285.0,3600.0,285.0,288.8,291.8,304.4,238.76,234.41,False,False,False,False,False,False,True,True,True,False,False,-0.0526315789473684,-0.1508771929824561,,,-0.0680701754385964,0.1622456140350877,0.0947368421052631,-0.0947368421052631,0.0055844083319371,-0.0884167237834133,205.0,204.0,3.0,0.004993429697766,0.0059178882291977,8.095463395319143e-05
2013-05-13,280.0,287.0,273.0,280.0,4300.0,280.0,286.4,290.3,302.52,240.0133333333333,234.71,False,False,False,False,False,False,False,True,False,True,False,-0.0357142857142857,-0.1035714285714285,,,-0.0804285714285713,0.1428095238095239,0.4,-0.0285714285714285,0.0052219321148823,-0.0861178091629348,220.0,200.0,1.1944444444444444,-0.0062144651593282,-0.0112078948570943,-0.0003624762170547
2013-05-14,280.0,285.0,276.0,285.0,2000.0,285.0,285.4,289.1,297.64,241.41333333333333,235.025,False,False,False,False,False,False,False,True,False,True,False,-0.0385964912280701,-0.0666666666666666,,,-0.0443508771929824,0.1529356725146199,0.656140350877193,-0.087719298245614,0.0057991825914063,-0.0857834659287444,210.0,200.0,0.4651162790697674,-0.0163956457465394,-0.0101811805872111,0.0005772504765239
2013-05-15,285.0,285.0,275.0,275.0,2800.0,275.0,282.6,287.0,294.24,242.6133333333333,235.305,False,False,False,False,False,False,False,True,False,False,False,0.0109090909090909,0.0109090909090909,,,-0.0699636363636364,0.117769696969697,0.4254545454545455,-0.0436363636363636,0.0049461420092327,-0.0801393728222996,211.0,200.0,1.4,-0.0115551930396954,0.004840452706844,-0.0008530405821735
2013-05-16,276.0,276.0,247.0,270.0,8500.0,270.0,279.0,284.4,292.12,243.8,235.605,False,False,False,False,False,False,False,True,False,False,False,-0.074074074074074,0.0296296296296296,,,-0.0819259259259259,0.0970370370370369,0.2962962962962963,0.0,0.0048673776319388,-0.0678621659634316,218.0,203.0,3.0357142857142856,-0.0072572915240312,0.0042979015156641,-7.876437729388563e-05
2013-05-17,270.0,270.0,257.0,270.0,5900.0,270.0,276.0,282.4,290.92,244.8933333333333,235.88,False,False,False,False,False,False,False,True,False,False,False,-0.1037037037037037,0.0296296296296296,,,-0.0774814814814815,0.0929876543209877,0.2333333333333333,-0.0222222222222222,0.0044645287744322,-0.0619688385269121,211.0,200.0,0.6941176470588235,-0.0041248453183005,0.0031324462057307,-0.0004028488575065
2013-05-20,270.0,270.0,270.0,270.0,200.0,270.0,274.0,280.2,289.68,245.98666666666668,236.175,False,False,False,False,False,False,False,True,False,True,False,-0.0703703703703703,-0.037037037037037,,,-0.0728888888888889,0.0889382716049382,0.1777777777777777,0.0259259259259259,0.0044446853487995,-0.0506780870806566,210.0,203.0,0.0338983050847457,-0.0042805854736261,-0.0001557401553255,-1.9843425632781915e-05
2013-05-21,262.0,274.0,262.0,274.0,2400.0,274.0,271.8,278.6,288.92,247.10666666666663,236.36,False,False,False,False,False,False,False,True,False,False,False,-0.0291970802919708,-0.0328467153284671,,,-0.0544525547445256,0.0981508515815086,0.1313868613138686,0.0072992700729927,0.0045324556197051,-0.0416367552045944,213.0,203.0,12.0,-0.0026304859476671,0.0016500995259589,8.777027090567033e-05
2013-05-22,270.0,279.0,270.0,278.0,700.0,278.0,272.4,277.5,287.92,248.1733333333333,236.58,False,False,False,False,False,False,False,True,False,True,False,0.0,-0.0251798561151079,,,-0.0356834532374101,0.1072901678657074,-0.1007194244604316,-0.0107913669064748,0.0042980712405309,-0.0367567567567567,219.0,204.0,0.2916666666666667,-0.0034731869963878,-0.0008427010487207,-0.0002343843791742
2013-05-23,278.0,278.0,250.0,250.0,2000.0,250.0,268.4,273.7,285.92,248.84,236.645,False,False,False,False,False,False,False,True,False,True,False,0.112,0.0,,,-0.14368,0.0046399999999999,0.32,0.228,0.0026790976799014,-0.0054804530507855,218.0,202.0,2.857142857142857,-0.0069949636261891,-0.0035217766298012,-0.0016189735606294
2013-05-24,240.0,243.0,239.0,242.0,1500.0,242.0,262.8,269.4,283.32,249.2933333333333,236.655,False,False,False,False,False,False,False,True,False,True,False,0.1487603305785124,-0.0330578512396694,,,-0.1707438016528925,-0.0301377410468317,0.2809917355371901,0.2396694214876033,0.0018184735519065,0.0259836674090571,220.0,201.0,0.75,-0.0091769024424679,-0.0021819388162788,-0.0008606241279949
2013-05-27,246.0,253.0,243.0,251.0,3200.0,251.0,259.0,266.5,281.36,249.96,236.71,False,False,False,False,False,False,False,True,False,False,False,0.0358565737051792,-0.0796812749003984,,,-0.1209561752988048,0.0041434262948206,0.1274900398406374,0.1553784860557769,0.0026670934016111,0.0439024390243902,211.0,199.0,2.1333333333333333,-0.0069661643446118,0.0022107380978561,0.0008486198497045
2013-05-28,263.0,266.0,263.0,266.0,1800.0,266.0,257.4,264.6,280.56,250.82666666666665,236.915,False,False,False,False,False,False,False,True,False,False,False,-0.0037593984962406,-0.0601503759398496,,,-0.0547368421052631,0.0570426065162907,0.3646616541353383,0.0977443609022556,0.0034552413353177,0.0634920634920633,202.0,205.0,0.5625,-0.0028514399771885,0.0041147243674232,0.0007881479337066
2013-05-29,271.0,278.0,271.0,278.0,500.0,278.0,257.4,264.9,279.88,251.8933333333333,237.155,False,False,False,False,False,False,False,True,False,False,False,-0.0251798561151079,-0.1366906474820144,,,-0.0067625899280575,0.0939088729016787,0.1366906474820144,0.0431654676258992,0.0042345966546686,0.0724801812004531,219.0,205.0,0.2777777777777778,-0.0024296126911533,0.0004218272860351,0.0007793553193508
2013-05-30,278.0,278.0,278.0,278.0,400.0,278.0,263.0,265.7,279.16,252.86666666666667,237.395,False,False,False,False,False,False,False,True,False,True,False,-0.1007194244604316,-0.1654676258992805,,,-0.0041726618705036,0.0904076738609112,0.2697841726618705,0.0575539568345323,0.0038491958871606,0.0782837786977795,295.0,205.0,0.8,-0.0025791660696373,-0.000149553378484,-0.0003854007675079
2013-05-31,279.0,279.0,278.0,278.0,700.0,278.0,270.2,266.5,278.52,253.85333333333327,237.64,False,False,False,False,False,False,False,True,False,False,False,-0.158273381294964,0.1223021582733813,,,-0.0018705035971222,0.0868585131894486,0.2230215827338129,0.0719424460431654,0.0038867587583378,0.0878048780487804,247.0,205.0,1.75,-0.0022978601177654,0.0002813059518718,3.756287117720643e-05
2013-06-03,263.0,263.0,259.0,260.0,1300.0,260.0,272.0,265.5,277.12,254.6533333333333,237.79,False,False,False,False,False,False,False,True,False,True,False,-0.1115384615384615,0.5076923076923077,,,-0.0658461538461538,0.0205641025641026,0.3846153846153846,0.123076923076923,0.0031415257343317,0.0975517890772127,327.0,205.0,1.8571428571428568,-0.0050519630484987,-0.0027541029307332,-0.000745233024006
2013-06-04,252.0,265.0,252.0,265.0,500.0,265.0,271.8,264.6,275.84,255.52,237.99,False,False,False,False,False,False,False,True,False,False,False,-0.0566037735849056,0.7811320754716982,,,-0.0409056603773584,0.0357735849056603,0.3283018867924528,0.1018867924528302,0.0033917762471301,0.1073318216175358,407.0,205.0,0.3846153846153846,-0.0046403712296984,0.0004115918188002,0.0002502505127983
2013-06-05,269.0,271.0,269.0,271.0,200.0,271.0,270.4,263.9,274.84,256.46666666666664,238.34,False,False,False,False,False,False,False,True,False,False,False,-0.1143911439114391,0.4464944649446494,,,-0.0141697416974168,0.0536285362853629,0.2472324723247232,0.055350553505535,0.0036911879386533,0.1144372868510801,360.0,205.0,0.4,-0.0036384805705137,0.0010018906591847,0.0002994116915231
2013-06-06,263.0,270.0,250.0,250.0,800.0,250.0,264.8,263.9,273.0,257.0933333333333,238.44,False,False,False,False,False,False,False,True,False,True,False,-0.072,0.4,,,-0.092,-0.0283733333333332,0.312,0.144,0.00243750648273,0.1064797271693824,323.0,205.0,4.0,-0.0067399267399266,-0.0031014461694128,-0.0012536814559233
2013-06-07,226.0,240.0,210.0,234.0,4300.0,234.0,256.0,263.1,270.76,257.5466666666667,238.46,False,False,False,False,False,False,False,True,False,True,False,0.3333333333333333,0.4230769230769231,,,-0.157094017094017,-0.1006267806267806,0.376068376068376,0.2008547008547008,0.0017601987989233,0.1026225769669327,300.0,205.0,5.375,-0.0082730093071355,-0.0015330825672088,-0.0006773076838066
2013-06-10,218.0,231.0,218.0,231.0,200.0,231.0,250.2,261.1,268.32,257.92,238.465,False,False,False,False,False,False,False,True,False,True,False,0.696969696969697,0.3766233766233766,,,-0.1615584415584415,-0.1165367965367966,0.3463203463203463,0.238095238095238,0.0014474772539288,0.1095365760245115,301.0,220.0,0.0465116279069767,-0.0090936195587358,-0.0008206102516003,-0.0003127215449944
2013-06-11,254.0,254.0,250.0,250.0,1100.0,250.0,247.2,259.5,266.72,258.5466666666667,238.59,False,False,False,False,False,False,False,True,False,False,False,0.888,0.24,,,-0.0668800000000001,-0.0341866666666667,0.244,0.16,0.0024238048579237,0.1156069364161849,293.0,210.0,5.5,-0.0059988002399518,0.0030948193187839,0.0009763276039949
2013-06-12,242.0,242.0,228.0,240.0,1200.0,240.0,241.0,255.7,264.76,259.02666666666664,238.665,False,False,False,False,False,False,False,True,False,True,False,0.6333333333333333,0.0416666666666666,,,-0.1031666666666666,-0.0792777777777776,0.2958333333333333,0.375,0.0018530910588354,0.1478294876808761,303.0,211.0,1.0909090909090908,-0.0074029309563379,-0.001404130716386,-0.0005707137990882
2013-06-13,232.0,232.0,232.0,232.0,200.0,232.0,237.4,251.1,262.52,259.4266666666667,238.7,False,False,False,False,False,False,False,True,False,True,False,0.5086206896551724,0.4224137931034483,,,-0.1315517241379309,-0.1182183908045977,0.3017241379310345,0.3146551724137931,0.0015418615408337,0.1732377538829153,300.0,218.0,0.1666666666666666,-0.0085326832241353,-0.0011297522677973,-0.0003112295180017
2013-06-14,233.0,312.0,233.0,312.0,67100.0,312.0,253.0,254.5,263.6,260.9066666666667,239.06,False,False,False,False,True,False,True,True,True,False,True,0.0673076923076923,-0.0064102564102564,,,0.155128205128205,0.1637606837606836,-0.032051282051282,-0.0897435897435897,0.0056725265739984,0.1520628683693516,307.0,211.0,335.5,0.0040971168437027,0.012629800067838,0.0041306650331646
2013-06-17,392.0,392.0,392.0,392.0,12800.0,392.0,285.2,267.7,268.08,263.48,239.77,False,False,False,False,False,False,True,True,False,False,False,-0.1887755102040816,-0.2780612244897959,,,0.3161224489795918,0.3278571428571428,-0.2321428571428571,-0.2704081632653061,0.0097667122109204,0.0930145685468809,300.0,210.0,0.1907600596125186,0.0167114294240523,0.0126143125803496,0.004094185636922
2013-06-18,472.0,472.0,472.0,472.0,60500.0,472.0,329.6,288.4,275.56,267.04,240.88,False,False,False,False,False,False,True,True,False,False,False,-0.3432203389830508,-0.2309322033898305,,,0.4161864406779661,0.4342372881355932,-0.3813559322033898,-0.4322033898305085,0.0133313361294188,0.0062413314840499,286.0,213.0,4.7265625,0.0271447234722021,0.0104332940481497,0.0035646239184983
2013-06-19,411.0,412.0,392.0,392.0,89800.0,392.0,360.0,300.5,280.24,269.53333333333336,241.505,False,False,False,False,False,False,True,True,False,True,False,-0.3622448979591837,-0.1938775510204081,,,0.2851020408163265,0.3124149659863945,-0.221938775510204,-0.3188775510204081,0.0092505565174375,-0.0405990016638934,295.0,219.0,1.484297520661157,0.0166999714530402,-0.0104447520191618,-0.0040807796119812
2013-06-20,353.0,373.0,324.0,350.0,76500.0,350.0,383.6,310.5,283.44,271.46666666666664,241.85,False,False,False,False,False,False,True,True,False,True,False,-0.0571428571428571,0.0085714285714285,,,0.1901714285714285,0.2243809523809524,-0.1342857142857142,-0.2285714285714285,0.0071218074656186,-0.0766505636070853,296.0,218.0,0.8518930957683741,0.0112898673440586,-0.0054101041089816,-0.0021287490518189
2013-06-21,323.0,345.0,305.0,333.0,17700.0,333.0,387.8,320.4,285.96,273.17333333333335,242.11,False,False,False,False,False,False,True,True,False,True,False,-0.069069069069069,0.021021021021021,,,0.1412612612612613,0.1796596596596596,-0.1441441441441441,-0.2102102102102102,0.006247559547052,-0.1107990012484394,294.0,220.0,0.2313725490196078,0.0088124213176667,-0.0024774460263919,-0.0008742479185665
2013-06-24,318.0,326.0,305.0,318.0,17700.0,318.0,373.0,329.1,287.88,274.68,242.5,False,False,False,False,False,False,True,True,False,True,False,-0.110062893081761,0.1320754716981132,,,0.0947169811320754,0.1362264150943396,-0.0786163522012578,-0.110062893081761,0.0054851706227852,-0.135217259191735,295.0,211.0,1.0,0.0066694456023343,-0.0021429757153323,-0.0007623889242667
2013-06-25,304.0,310.0,281.0,310.0,15500.0,310.0,340.6,335.1,289.32,276.08,242.88,False,False,False,False,False,False,True,True,False,True,False,0.1709677419354838,0.1354838709677419,,,0.0667096774193548,0.1094193548387097,-0.1064516129032258,-0.0806451612903225,0.0050709939148072,-0.1521933751119069,297.0,202.0,0.8757062146892656,0.0049771878888427,-0.0016922577134915,-0.000414176707978
2013-06-26,286.0,303.0,250.0,250.0,17400.0,250.0,312.2,336.1,288.2,276.68,242.905,False,False,False,False,False,False,False,True,False,True,False,0.264,0.352,,,-0.1527999999999999,-0.10672,0.036,0.132,0.0021685701893885,-0.1686997917286523,296.0,219.0,1.1225806451612903,-0.0038861901457321,-0.0088633780345749,-0.0029024237254186
2013-06-27,261.0,330.0,261.0,330.0,19700.0,330.0,308.2,345.9,291.4,278.3466666666667,243.29,False,False,False,False,False,False,True,True,True,False,False,0.0696969696969697,-0.006060606060606,,,0.116969696969697,0.1565252525252524,-0.1939393939393939,-0.1515151515151515,0.0059877371143897,-0.199479618386817,296.0,295.0,1.132183908045977,0.0109814687714481,0.0148676589171802,0.0038191669250012
2013-06-28,394.0,410.0,300.0,310.0,144100.0,310.0,303.6,345.7,294.12,279.74666666666667,243.685,False,False,False,False,False,False,True,True,False,True,False,0.0967741935483871,0.0387096774193548,,,0.0512258064516128,0.0975913978494623,-0.1774193548387097,-0.0967741935483871,0.0050045279062007,-0.2001735608909458,290.0,247.0,7.314720812182741,0.0092479260165919,-0.0017335427548561,-0.000983209208189
2013-07-01,300.0,308.0,270.0,283.0,56900.0,283.0,296.6,334.8,295.4,280.58666666666664,243.93,False,False,False,False,False,False,True,True,False,True,False,0.2720848056537102,0.0989399293286219,,,-0.043816254416961,0.008527679623086,-0.0883392226148409,-0.0247349823321554,0.0029937274282454,-0.1771206690561529,292.0,327.0,0.3948646773074254,0.0043331076506431,-0.0049148183659488,-0.0020108004779552
2013-07-02,297.0,363.0,297.0,363.0,175800.0,363.0,307.2,323.9,299.28,282.62666666666667,244.545,False,False,False,False,False,False,True,True,False,False,False,-0.0303030303030303,-0.1432506887052341,,,0.1755371900826447,0.2214141414141414,-0.2506887052341597,-0.2396694214876033,0.0072180025475303,-0.1469589379438097,290.0,407.0,3.0896309314587,0.0129644480085538,0.0086313403579107,0.0042242751192848
2013-07-03,332.0,349.0,316.0,316.0,82900.0,316.0,320.4,316.3,300.8,284.02666666666664,244.89,False,False,False,False,False,False,True,True,False,True,False,0.0696202531645569,-0.0158227848101265,,,0.0481012658227847,0.1011814345991562,-0.1677215189873417,-0.1139240506329113,0.0049291146371231,-0.1223521972810622,289.0,360.0,0.4715585893060295,0.0050531914893618,-0.007911256519192,-0.0022888879104071
2013-07-04,324.0,380.0,324.0,353.0,86000.0,353.0,325.0,316.6,303.8,285.82666666666665,245.38,False,False,False,False,False,False,True,True,False,False,False,-0.0708215297450425,-0.1444759206798866,,,0.1393767705382436,0.1902927289896128,-0.2719546742209632,-0.1869688385269121,0.0062975229742968,-0.1178142766898294,288.0,323.0,1.037394451145959,0.009874917709019,0.0048217262196572,0.0013684083371736
2013-07-05,345.0,345.0,328.0,340.0,20200.0,340.0,331.0,317.3,306.28,287.5466666666667,245.81,False,False,False,False,False,False,True,True,False,True,True,-0.0529411764705882,-0.1117647058823529,,,0.0991764705882353,0.1542745098039215,-0.2088235294117647,-0.1588235294117647,0.0059816377631457,-0.1125118184683264,285.0,300.0,0.2348837209302325,0.0080971659919027,-0.0017777517171163,-0.000315885211151
2013-07-08,348.0,360.0,317.0,360.0,22500.0,360.0,346.4,321.5,310.28,289.5466666666667,246.36,False,False,False,False,False,False,True,True,False,False,False,-0.1361111111111111,-0.1638888888888889,,,0.1381111111111111,0.1957037037037036,-0.225,-0.1666666666666666,0.0069073494197826,-0.1188180404354587,280.0,301.0,1.113861386138614,0.0128915817970865,0.0047944158051837,0.0009257116566368
2013-07-09,359.0,359.0,340.0,352.0,7800.0,352.0,344.2,325.7,313.76,291.4,246.82,False,False,False,False,False,False,True,True,False,True,False,-0.1164772727272727,-0.1704545454545454,,,0.1086363636363636,0.1721590909090909,-0.2329545454545454,-0.1477272727272727,0.0063601006634636,-0.1255756831439974,285.0,293.0,0.3466666666666667,0.0110912799592045,-0.0018003018378819,-0.000547248756319
2013-07-10,359.0,359.0,338.0,338.0,3300.0,338.0,348.6,334.5,316.44,292.9866666666667,247.21,False,False,False,False,False,False,True,True,False,True,False,-0.0798816568047337,-0.0976331360946745,,,0.0637869822485207,0.1331755424063116,-0.2130177514792899,-0.1715976331360946,0.0054154910348594,-0.1494768310911808,275.0,303.0,0.4230769230769231,0.0084692200733156,-0.0026220598858888,-0.0009446096286041
2013-07-11,330.0,344.0,322.0,328.0,5300.0,328.0,343.6,334.3,319.56,294.4533333333333,247.575,False,False,False,False,False,False,True,True,False,False,False,-0.0792682926829268,-0.0762195121951219,,,0.0257317073170731,0.1022764227642276,-0.2103658536585365,-0.1189024390243902,0.0049809817062125,-0.1462758001794796,270.0,300.0,1.606060606060606,0.0097634247089748,0.0012942046356591,-0.0004345093286469
2013-07-12,329.0,329.0,322.0,322.0,2100.0,322.0,340.0,335.5,323.08,295.81333333333333,247.99,False,False,False,False,False,False,True,True,False,False,True,-0.062111801242236,-0.1149068322981366,,,-0.0033540372670806,0.0813250517598343,-0.1739130434782608,-0.1273291925465838,0.0045974939150816,-0.1490312965722801,270.0,307.0,0.3962264150943396,0.0108951343320539,0.001131709623079,-0.0003834877911309
2013-07-16,337.0,337.0,301.0,311.0,15100.0,311.0,330.2,338.3,326.28,297.14666666666665,248.335,False,False,False,False,False,False,True,True,False,True,False,-0.0321543408360128,-0.0578778135048231,,,-0.0491318327974275,0.0445444801714898,-0.1446945337620578,-0.1028938906752411,0.0044871219599748,-0.1551877032219923,270.0,300.0,7.190476190476191,0.0098075272771852,-0.0010876070548687,-0.0001103719551068
2013-07-17,337.0,340.0,305.0,311.0,10500.0,311.0,322.0,333.1,328.72,298.6,248.64,False,False,False,False,False,False,True,True,False,True,False,-0.0610932475884244,-0.1093247588424437,,,-0.0569774919614148,0.0398713826366558,-0.1446945337620578,-0.0932475884244373,0.004867157847734,-0.140198138697088,274.0,286.0,0.695364238410596,0.0074227305913849,-0.0023847966858002,0.0003800358877592
2013-07-18,312.0,312.0,309.0,311.0,2200.0,311.0,316.6,332.6,331.56,299.82666666666665,248.99,False,False,False,False,False,False,True,True,False,False,False,-0.0192926045016077,-0.1672025723472668,,,-0.0661093247588424,0.0359271168274384,-0.1254019292604501,-0.0964630225080385,0.0040912527237958,-0.1386049308478653,278.0,295.0,0.2095238095238095,0.008565568826155,0.0011428382347701,-0.0007759051239381
2013-07-19,311.0,313.0,302.0,302.0,4400.0,302.0,311.4,327.5,334.36,299.92,249.335,False,False,False,False,False,False,True,True,False,True,False,0.0033112582781456,-0.119205298013245,,,-0.1071523178807947,0.0068874172185429,-0.1456953642384106,-0.043046357615894,0.0003111940962035,-0.1245801526717557,250.0,296.0,2.0,0.0083742074410815,-0.0001913613850735,-0.0037800586275923
2013-07-22,301.0,308.0,301.0,302.0,1600.0,302.0,307.4,323.7,333.96,300.6533333333333,249.645,False,False,False,False,False,False,False,True,False,True,False,-0.0562913907284768,-0.1556291390728476,,,-0.1058278145695363,0.0044591611479029,-0.1456953642384106,-0.043046357615894,0.0024391325557673,-0.1133765832561013,242.0,294.0,0.3636363636363636,-0.0011977482333214,-0.0095719556744029,0.0021279384595637
2013-07-23,302.0,303.0,300.0,301.0,1200.0,301.0,305.4,317.8,330.32,300.3066666666667,249.915,False,False,False,False,False,False,False,False,False,True,False,-0.0265780730897009,-0.1428571428571428,,,-0.0974086378737541,0.0023034330011074,-0.0963455149501661,-0.0764119601328903,-0.0011543755272387,-0.1038388923851478,251.0,295.0,0.75,-0.0110196173407604,-0.0098218691074389,-0.003593508083006
2013-07-24,304.0,304.0,291.0,292.0,5600.0,292.0,301.6,311.8,323.12,298.7733333333333,250.155,False,False,False,False,False,False,False,False,False,True,False,-0.0513698630136986,-0.0684931506849315,,,-0.1065753424657534,-0.0231963470319633,-0.1095890410958904,-0.0308219178082191,-0.0051320956801143,-0.09204618345093,266.0,297.0,4.666666666666667,-0.0222827432532804,-0.01126312591252,-0.0039777201528756
2013-07-25,306.0,307.0,298.0,305.0,1700.0,305.0,300.4,308.5,319.64,298.04,250.495,False,False,False,False,False,False,False,False,False,False,False,-0.1508196721311475,-0.1377049180327869,,,-0.0479999999999999,0.0228196721311474,-0.1377049180327869,0.1901639344262295,-0.0024605198407371,-0.0554294975688817,278.0,296.0,0.3035714285714285,-0.0108872481541735,0.0113954950991069,0.0026715758393772
2013-07-26,312.0,312.0,300.0,303.0,2800.0,303.0,300.6,306.0,317.76,297.7733333333333,250.83,False,False,False,False,False,False,False,False,False,False,False,-0.1221122112211221,-0.1518151815181518,,,-0.0487128712871286,0.0172497249724973,-0.1089108910891089,0.0957095709570957,-0.0008955357542651,-0.0336601307189542,278.0,296.0,1.6470588235294117,-0.0059164149043302,0.0049708332498432,0.0015649840864719
2013-07-29,295.0,295.0,285.0,285.0,2500.0,285.0,297.2,302.3,315.84,297.5733333333333,251.07,False,False,False,False,False,False,False,False,False,True,False,-0.1052631578947368,-0.0561403508771929,,,-0.1082105263157893,-0.0441169590643274,-0.0736842105263157,0.1684210526315789,-0.0006721032350568,-0.0046311610982468,278.0,290.0,0.8928571428571429,-0.0060790273556231,-0.0001626124512928,0.0002234325192082
2013-07-30,277.0,293.0,277.0,293.0,4500.0,293.0,295.6,300.5,314.84,297.46666666666664,251.35,False,False,False,False,False,False,False,False,False,False,False,-0.1194539249146757,-0.0477815699658703,,,-0.0745392491467576,-0.015244596131968,-0.0546075085324232,0.0784982935153583,-0.0003585835948005,0.0136439267886856,260.0,292.0,1.8,-0.003176216490916,0.0029028108647071,0.0003135196402562
2013-07-31,292.0,292.0,277.0,277.0,1500.0,277.0,292.6,297.1,313.52,297.25333333333333,251.515,False,False,False,False,False,False,False,False,False,True,False,-0.0180505415162454,-0.0252707581227436,,,-0.1318411552346569,-0.0731167268351383,-0.003610108303249,0.1227436823104693,-0.0007176818875032,0.035005048805116,265.0,290.0,0.3333333333333333,-0.0042102577188057,-0.0010340412278897,-0.0003590982927026
2013-08-01,277.0,285.0,253.0,259.0,11500.0,259.0,283.4,291.9,313.88,296.6666666666667,251.585,False,False,False,False,False,False,True,False,True,False,False,0.0154440154440154,0.027027027027027,,,-0.2118918918918918,-0.1454311454311455,0.0617760617760617,0.1891891891891892,-0.0019775280898875,0.0626927029804728,271.0,289.0,7.666666666666667,0.0011469351344463,0.0053571928532521,-0.0012598462023842
2013-08-02,259.0,266.0,255.0,266.0,1900.0,266.0,276.0,288.3,311.32,296.2133333333333,251.65,False,False,False,False,False,False,False,False,False,True,False,-0.0338345864661654,-0.0263157894736842,,,-0.170375939849624,-0.1135839598997492,0.1541353383458646,0.1766917293233082,-0.0015304285199857,0.0842872008324662,250.0,288.0,0.1652173913043478,-0.0082230502376975,-0.0093699853721438,0.0004470995699018
2013-08-05,260.0,266.0,255.0,255.0,1800.0,255.0,270.0,283.6,309.12,295.52,251.7,False,False,False,False,False,False,False,False,False,False,False,0.0549019607843137,0.0431372549019607,,,-0.212235294117647,-0.1589019607843136,0.1764705882352941,0.2039215686274509,-0.0023461469048907,0.1086036671368122,234.0,285.0,0.9473684210526316,-0.0071169772256728,0.0011060730120247,-0.000815718384905
2013-08-06,263.0,263.0,255.0,258.0,1000.0,258.0,263.0,279.3,308.12,294.96,251.765,False,False,False,False,False,False,False,False,False,False,False,0.0813953488372093,0.0310077519379844,,,-0.1942635658914729,-0.1432558139534883,0.1240310077519379,0.1976744186046511,-0.0018985625169514,0.1367704976727532,231.0,280.0,0.5555555555555556,-0.0032454887706088,0.0038714884550639,0.0004475843879393
2013-08-07,262.0,273.0,262.0,272.0,3500.0,272.0,262.0,277.3,304.48,294.7733333333333,251.89,False,False,False,False,False,False,False,False,False,True,False,-0.0073529411764705,-0.0220588235294117,,,-0.1194117647058824,-0.0837254901960783,0.0735294117647058,0.1544117647058823,-0.0006332549303419,0.1561485755499459,250.0,285.0,3.5,-0.0119548081975827,-0.0087093194269738,0.0012653075866094
2013-08-08,264.0,267.0,263.0,263.0,700.0,263.0,262.8,273.1,302.36,294.3466666666667,251.95,False,False,False,False,False,False,False,False,False,False,False,0.0114068441064638,0.0342205323193916,,,-0.1496577946768061,-0.1191888466413182,0.1026615969581749,0.1863117870722433,-0.0014495379597751,0.1552544855364334,240.0,275.0,0.2,-0.0070115094589231,0.0049432987386595,-0.0008162830294332
2013-08-09,261.0,261.0,257.0,257.0,400.0,257.0,261.0,268.5,298.52,293.82666666666665,251.995,False,False,False,False,False,False,False,False,False,True,False,0.0077821011673151,0.0038910505836575,,,-0.1615564202334629,-0.1432944228274967,0.1439688715953307,0.2062256809338521,-0.001769750873531,0.166852886405959,232.0,270.0,0.5714285714285714,-0.0128634597346912,-0.005851950275768,-0.0003202129137558
2013-08-12,267.0,270.0,261.0,269.0,2700.0,269.0,263.8,266.9,295.68,293.49333333333334,252.115,False,False,False,False,False,False,False,False,False,False,False,-0.0111524163568773,-0.0408921933085501,,,-0.099182156133829,-0.0910532837670384,0.1078066914498141,0.1338289962825278,-0.0011357441395601,0.1633570625702511,312.0,270.0,6.75,-0.0096049783549782,0.0032584813797129,0.0006340067339708
2013-08-13,270.0,280.0,270.0,279.0,1000.0,279.0,268.0,265.5,292.44,293.28,252.3,False,False,True,False,False,False,False,False,False,True,False,-0.046594982078853,-0.025089605734767,,,-0.0481720430107526,-0.0511827956989246,0.046594982078853,0.1218637992831541,-0.0007274049827242,0.1683615819209039,392.0,270.0,0.3703703703703703,-0.0110791957324579,-0.0014742173774797,0.0004083391568359
2013-08-14,280.0,280.0,264.0,270.0,3500.0,270.0,267.6,264.8,289.16,292.92,252.41,False,False,False,False,False,False,False,False,False,True,False,-0.0148148148148148,-0.037037037037037,,,-0.070962962962963,-0.0848888888888889,0.0814814814814814,0.1518518518518518,-0.0012290045063497,0.1714501510574017,472.0,274.0,3.5,-0.0113432009959882,-0.0002640052635303,-0.0005015995236254
2013-08-15,266.0,266.0,266.0,266.0,1200.0,266.0,268.2,265.5,286.28,292.52,252.565,False,False,False,False,False,False,False,False,False,False,True,0.0225563909774436,-0.0112781954887218,,,-0.0762406015037592,-0.0996992481203006,0.075187969924812,0.1654135338345864,-0.00136742786818,0.1691148775894538,392.0,278.0,0.3428571428571428,-0.0100600810395418,0.0012831199564463,-0.0001384233618303
2013-08-16,279.0,279.0,259.0,259.0,2000.0,259.0,268.6,264.8,283.52,292.02666666666664,252.565,False,False,False,False,False,False,False,False,False,False,False,-0.0038610038610038,0.0424710424710424,,,-0.0946718146718146,-0.1275160875160874,0.1042471042471042,0.2007722007722007,-0.0016893434389553,0.1714501510574017,350.0,250.0,1.6666666666666667,-0.0097347629796839,0.0003253180598579,-0.0003219155707752
2013-08-19,266.0,266.0,266.0,266.0,200.0,266.0,268.0,265.9,281.28,291.70666666666665,252.62,False,False,False,False,False,False,False,False,False,False,True,-0.0300751879699248,-0.0075187969924812,,,-0.0574436090225562,-0.096641604010025,0.056390977443609,0.150375939849624,-0.0010969924124691,0.1662279052275293,333.0,242.0,0.1,-0.0079635949943117,0.0017711679853721,0.0005923510264862
2013-08-20,266.0,266.0,266.0,266.0,100.0,266.0,265.4,266.7,279.48,291.36,252.745,False,False,False,False,False,False,False,False,False,False,False,0.0225563909774436,0.0413533834586466,,,-0.0506766917293233,-0.0953383458646617,0.075187969924812,0.1578947368421052,-0.0011898224418816,0.1623547056617923,318.0,251.0,0.5,-0.0064405324173463,0.0015230625769654,-9.283002941251942e-05
2013-08-21,266.0,266.0,246.0,266.0,2300.0,266.0,264.6,266.1,277.68,291.04,252.89,False,False,False,False,False,False,False,False,False,True,False,-0.0225563909774436,0.037593984962406,,,-0.0439097744360902,-0.0941353383458647,0.0902255639097744,0.1842105263157894,-0.0010995052226497,0.1653513716647876,310.0,266.0,23.0,-0.0064822817631806,-4.174934583434271e-05,9.031721923185914e-05
2013-08-22,272.0,272.0,272.0,272.0,100.0,272.0,265.8,267.0,276.12,290.81333333333333,252.975,False,False,False,False,False,False,False,False,False,False,True,-0.0330882352941176,0.0110294117647058,,,-0.0151470588235294,-0.0691666666666666,0.213235294117647,0.1323529411764706,-0.0007794232268122,0.1599250936329587,250.0,278.0,0.0434782608695652,-0.0056497175141243,0.0008325642490563,0.0003200819958375
2013-08-23,268.0,268.0,258.0,258.0,500.0,258.0,265.6,267.1,274.36,290.41333333333336,253.015,False,False,False,False,False,False,False,False,False,True,False,0.0465116279069767,0.189922480620155,,,-0.0634108527131783,-0.1256330749354006,0.1821705426356589,0.1860465116279069,-0.0013773472292364,0.1579932609509546,330.0,278.0,5.0,-0.0064149292899839,-0.0007652117758596,-0.0005979240024241
2013-08-26,269.0,269.0,258.0,258.0,1200.0,258.0,264.0,266.0,272.6,290.05333333333334,253.12,False,False,False,False,False,False,False,False,False,True,False,0.0232558139534883,0.1627906976744186,,,-0.0565891472868217,-0.1242377260981912,0.1007751937984496,0.1782945736434108,-0.00124115105268,0.1624060150375939,310.0,278.0,2.4,-0.0064563462949376,-4.141700495367481e-05,0.0001361961765563
2013-08-27,270.0,272.0,264.0,272.0,3300.0,272.0,265.2,265.3,271.44,289.94666666666666,253.335,False,False,False,False,True,False,False,False,False,False,False,0.0183823529411764,0.0661764705882353,,,0.0020588235294117,-0.0659803921568627,0.0514705882352941,0.088235294117647,-0.0003678837487354,0.1590652091971352,283.0,260.0,2.75,-0.0042735042735043,0.0021828420214332,0.0008732673039445
2013-08-28,264.0,264.0,260.0,260.0,1300.0,260.0,264.0,264.3,270.16,289.61333333333334,253.525,False,False,False,False,False,False,False,False,False,True,False,0.0615384615384615,0.123076923076923,,,-0.0390769230769231,-0.1138974358974359,0.0307692307692307,0.1384615384615384,-0.0011509599005569,0.1577752553916004,363.0,265.0,0.3939393939393939,-0.0047379330766951,-0.0004644288031908,-0.0007830761518215
2013-08-29,273.0,274.0,261.0,263.0,4000.0,263.0,262.2,264.0,268.48,289.4533333333333,253.675,False,False,False,False,False,False,False,False,False,True,False,0.0456273764258555,0.1026615969581749,,,-0.0208365019011407,-0.1005830164765525,0.0152091254752851,0.1254752851711026,-0.0005527661338616,0.1537878787878788,316.0,271.0,3.076923076923077,-0.0062574493444577,-0.0015195162677625,0.0005981937666953
2013-08-30,275.0,275.0,270.0,270.0,800.0,270.0,264.6,265.1,267.16,289.4533333333333,253.875,False,False,False,False,False,False,False,False,False,False,True,0.137037037037037,0.0888888888888888,,,0.0105185185185184,-0.0720493827160493,0.0,0.0888888888888888,0.0,0.1425877027536777,353.0,250.0,0.2,-0.0049408594100913,0.0013165899343664,0.0005527661338616
2013-09-02,272.0,273.0,264.0,264.0,4600.0,264.0,265.8,264.9,266.32,289.37333333333333,254.07,False,False,False,False,False,False,False,False,False,False,False,0.1363636363636363,0.1287878787878787,,,-0.0087878787878787,-0.0961111111111111,-0.0037878787878787,0.1136363636363636,-0.0002764594756484,0.1389203473008683,340.0,234.0,5.75,-0.0031541003304296,0.0017867590796616,-0.0002764594756484
2013-09-03,275.0,277.0,275.0,277.0,500.0,277.0,266.8,266.0,265.68,289.46666666666664,254.27,False,False,False,False,False,False,False,True,False,False,True,0.0469314079422382,0.0541516245487364,,,0.0408664259927797,-0.0450060168471719,0.0216606498194945,0.0433212996389891,0.0003224320589589,0.1270676691729323,360.0,231.0,0.108695652173913,-0.0024089129780186,0.000745187352411,0.0005988915346073
2013-09-04,276.0,276.0,276.0,276.0,300.0,276.0,270.0,267.0,265.64,289.49333333333334,254.475,False,False,False,False,False,False,False,True,False,False,False,0.0579710144927536,0.0579710144927536,,,0.037536231884058,-0.0488888888888889,0.0326086956521739,0.0217391304347826,9.21149594695304e-05,0.1104868913857678,352.0,250.0,0.6,-0.0001505797319681,0.0022583332460504,-0.0002303170994893
2013-09-05,273.0,279.0,272.0,275.0,1300.0,275.0,272.4,267.3,266.28,289.4533333333333,254.665,False,False,False,False,False,False,True,False,True,False,False,0.0545454545454545,0.04,,,0.031709090909091,-0.0525575757575757,0.029090909090909,0.04,-0.0001381915334654,0.101010101010101,338.0,240.0,4.333333333333333,0.0024034850533272,0.0025540647852954,-0.0002303064929349
2013-09-06,274.0,355.0,274.0,307.0,80700.0,307.0,279.8,272.2,267.92,290.2133333333333,254.975,False,False,False,False,False,False,True,True,False,False,False,-0.0423452768729641,-0.0684039087947882,,,0.1272964169381107,0.0546796959826276,-0.0879478827361563,-0.0423452768729641,0.002618763208674,0.0767817781043351,328.0,232.0,62.07692307692308,0.0061212302179756,0.0037177451646484,0.0027569547421395
2013-09-09,334.0,356.0,285.0,300.0,49300.0,300.0,287.0,276.4,269.72,290.9866666666667,255.25,False,False,False,False,False,False,True,True,False,False,False,-0.0066666666666666,-0.0633333333333333,,,0.1009333333333332,0.0300444444444444,-0.0666666666666666,-0.01,0.0026576246334312,0.0578871201157742,322.0,312.0,0.61090458488228,0.0066735874239952,0.0005523572060196,3.886142475715941e-05
2013-09-10,298.0,300.0,290.0,290.0,7900.0,290.0,289.6,278.2,271.0,291.50666666666666,255.5,False,False,False,False,False,False,True,True,False,True,False,0.0068965517241379,-0.0137931034482758,,,0.0655172413793103,-0.0051954022988505,-0.0482758620689655,0.0206896551724137,0.0017838357041576,0.0510424155283968,311.0,392.0,0.1602434077079107,0.0047232472324722,-0.001950340191523,-0.0008737889292735
2013-09-11,290.0,299.0,288.0,292.0,6600.0,292.0,292.8,281.4,271.8,291.8533333333333,255.76,False,False,False,False,False,False,True,True,False,True,False,0.0,-0.0068493150684931,,,0.0691780821917807,0.0005022831050229,-0.0547945205479452,0.0273972602739726,0.0011878112293845,0.0405117270788913,311.0,472.0,0.8354430379746836,0.0029433406916851,-0.0017799065407871,-0.0005960244747731
2013-09-12,294.0,304.0,290.0,290.0,2000.0,290.0,295.8,284.1,272.88,292.0133333333333,256.035,False,False,False,False,False,False,True,True,False,False,False,-0.0137931034482758,0.1379310344827586,,,0.0590344827586207,-0.0069425287356321,-0.0344827586206896,0.0482758620689655,0.0005479201862929,0.0334389299542414,311.0,392.0,0.303030303030303,0.0039577836411608,0.0010144429494757,-0.0006398910430915
2013-09-13,291.0,294.0,291.0,294.0,600.0,294.0,293.2,286.5,274.36,292.2266666666667,256.33,False,False,False,False,False,False,True,True,False,False,False,-0.0272108843537414,0.0374149659863945,,,0.0668027210884353,0.0060317460317459,-0.0238095238095238,0.0340136054421768,0.0007300269197427,0.0282722513089006,302.0,350.0,0.3,0.0053943723574865,0.0014365887163256,0.0001821067334498
2013-09-17,308.0,308.0,291.0,298.0,5900.0,298.0,292.8,289.9,275.52,292.49333333333334,256.62,False,False,False,False,False,False,True,True,False,True,False,-0.0570469798657718,-0.046979865771812,,,0.0754362416107383,0.0184787472035793,-0.0402684563758389,0.0201342281879194,0.0009117016912065,0.0196619523973785,302.0,333.0,9.833333333333334,0.0042102206736351,-0.0011841516838513,0.0001816747714638
2013-09-18,309.0,309.0,292.0,292.0,2500.0,292.0,293.2,291.4,276.04,292.92,256.88,False,False,False,False,False,False,True,True,False,True,False,-0.0205479452054794,-0.0205479452054794,,,0.0546575342465752,-0.0031506849315069,0.0273972602739726,0.0273972602739726,0.0014565979334517,0.018188057652711,301.0,318.0,0.423728813559322,0.0018837849587017,-0.0023264357149334,0.0005448962422451
2013-09-19,293.0,300.0,291.0,292.0,2600.0,292.0,293.2,293.0,276.92,293.28,257.14,False,False,False,False,False,False,True,True,False,False,False,-0.0068493150684931,-0.0821917808219178,,,0.0516438356164383,-0.0043835616438355,0.0273972602739726,0.0445205479452054,0.0012274959083468,0.0204778156996587,292.0,310.0,1.04,0.003177813086812,0.0012940281281102,-0.0002291020251048
2013-09-20,285.0,286.0,285.0,286.0,2200.0,286.0,292.4,294.1,277.72,293.48,257.37,False,False,False,False,False,False,True,True,False,True,False,0.1538461538461538,-0.0664335664335664,,,0.0289510489510488,-0.0261538461538462,-0.0209790209790209,0.0594405594405594,0.0006814774430967,0.0224413464807887,305.0,250.0,0.8461538461538461,0.0028805991646262,-0.0002972139221857,-0.00054601846525
2013-09-24,287.0,288.0,285.0,286.0,4200.0,286.0,290.8,292.0,278.8,293.96,257.68,False,False,False,False,False,False,True,True,False,False,False,0.0664335664335664,-0.0559440559440559,,,0.0251748251748251,-0.0278321678321677,0.0104895104895104,0.0594405594405594,0.0016328752211183,0.0328767123287672,303.0,330.0,1.9090909090909087,0.003873744619799,0.0009931454551727,0.0009513977780215
2013-09-25,294.0,294.0,281.0,281.0,1300.0,281.0,287.4,290.1,279.4,294.58666666666664,257.915,False,False,False,False,False,False,True,True,False,True,False,0.0106761565836298,-0.0640569395017793,,,0.005693950177936,-0.0483511269276393,0.0,0.1032028469750889,0.0021272743731329,0.0441227163047223,285.0,310.0,0.3095238095238095,0.0021474588403721,-0.0017262857794269,0.0004943991520145
2013-09-26,297.0,297.0,286.0,286.0,1500.0,286.0,286.2,289.7,280.2,295.32,258.145,False,False,False,False,False,False,True,True,False,False,False,0.0,-0.0104895104895104,,,0.0202797202797203,-0.0325874125874125,-0.0244755244755244,0.0944055944055944,0.00248318208497,0.0514325163962721,293.0,283.0,1.1538461538461535,0.0028551034975018,0.0007076446571297,0.000355907711837
2013-09-27,300.0,300.0,290.0,290.0,1800.0,290.0,285.8,289.5,281.16,295.8533333333333,258.435,False,False,False,False,False,False,True,True,False,False,False,-0.0758620689655172,-0.0172413793103448,,,0.0304827586206895,-0.0201839080459768,-0.0275862068965517,0.0689655172413793,0.0018026950290683,0.0556131260794474,277.0,363.0,1.2,0.0034144259496373,0.0005593224521355,-0.0006804870559016
2013-09-30,298.0,335.0,288.0,330.0,8200.0,330.0,294.6,293.5,283.48,297.05333333333334,258.89,False,False,False,False,False,False,True,True,False,False,True,-0.1909090909090909,-0.1424242424242424,,,0.1409696969696969,0.0998383838383838,-0.1484848484848485,-0.0696969696969697,0.0040396786211231,0.0422487223168653,259.0,316.0,4.555555555555555,0.0081839988711725,0.0047695729215351,0.0022369835920548
2013-10-01,307.0,315.0,301.0,305.0,5700.0,305.0,298.4,294.6,285.36,298.02666666666664,259.295,False,False,False,False,False,False,True,True,False,True,False,-0.1147540983606557,-0.081967213114754,,,0.0643934426229507,0.0228633879781421,-0.0524590163934426,-0.0065573770491803,0.0032659269863993,0.0380176510522742,266.0,353.0,0.6951219512195121,0.0065881693299691,-0.0015958295412033,-0.0007737516347238
2013-10-02,301.0,306.0,283.0,284.0,2600.0,284.0,299.0,293.2,286.4,297.6533333333333,259.66,False,False,False,False,False,False,True,False,False,True,False,-0.0739436619718309,-0.0140845070422535,,,-0.008450704225352,-0.0480751173708919,0.0176056338028169,0.0422535211267605,-0.0012542555097652,0.0402455661664393,255.0,340.0,0.4561403508771929,0.0036312849162009,-0.0029568844137681,-0.0045201824961645
2013-10-03,291.0,292.0,284.0,286.0,6600.0,286.0,299.0,292.6,286.96,296.24,260.065,False,False,False,False,False,False,True,False,False,True,False,-0.0104895104895104,-0.0349650349650349,,,-0.0033566433566432,-0.0358041958041958,-0.0279720279720279,0.0489510489510489,-0.0047709064722296,0.0423786739576212,258.0,360.0,2.5384615384615383,0.0019514914970727,-0.0016797934191282,-0.0035166509624643
2013-10-04,283.0,283.0,265.0,268.0,7400.0,268.0,294.6,290.2,287.28,293.52,260.38,False,False,False,False,False,False,True,False,False,True,False,0.0634328358208955,0.0298507462686567,,,-0.0719402985074625,-0.0952238805970148,0.0559701492537313,0.1082089552238805,-0.0092668301989643,0.0482425913163335,272.0,352.0,1.121212121212121,0.0011138958507379,-0.0008375956463348,-0.0044959237267347
2013-10-07,272.0,272.0,265.0,267.0,2600.0,267.0,282.0,288.3,287.44,291.8533333333333,260.69,False,False,False,False,False,False,True,False,False,True,False,0.0599250936329588,0.048689138576779,,,-0.0765543071161048,-0.0930836454431958,0.3595505617977528,0.1086142322097378,-0.005710630910503,0.0527228581338882,263.0,338.0,0.3513513513513513,0.0005566379070415,-0.0005572579436963,0.0035561992884613
2013-10-08,261.0,270.0,256.0,270.0,5200.0,270.0,275.0,286.7,287.44,290.7866666666667,260.965,False,False,False,False,False,False,False,False,False,True,False,0.037037037037037,0.0629629629629629,,,-0.0645925925925925,-0.0769876543209877,0.2296296296296296,0.1148148148148148,-0.0036682103718646,0.0579002441576561,257.0,328.0,2.0,0.0,-0.0005566379070415,0.0020424205386384
2013-10-09,270.0,274.0,262.0,263.0,3600.0,263.0,270.8,284.9,287.4,289.8533333333333,261.205,False,False,False,False,False,False,False,False,False,True,False,0.0646387832699619,0.0874524714828897,,,-0.0927756653992394,-0.1021039290240809,0.2661596958174905,0.1064638783269961,-0.0032200193201161,0.0579150579150579,269.0,322.0,0.6923076923076923,-0.0001391788448156,-0.0001391788448156,0.0004481910517484
2013-10-10,266.0,290.0,265.0,283.0,4100.0,283.0,270.2,284.6,287.64,289.38666666666666,261.51,False,False,False,False,False,False,True,False,False,False,False,-0.0247349823321554,0.0600706713780918,,,-0.0163957597173144,-0.022567726737338,0.1166077738515901,-0.0918727915194346,-0.0016126059712494,0.0393534785664089,279.0,311.0,1.1388888888888888,0.000834376303713,0.0009735551485286,0.0016074133488666
2013-10-11,283.0,299.0,280.0,285.0,5400.0,285.0,273.6,284.1,288.0,289.05333333333334,261.825,False,False,False,False,False,False,True,False,False,False,False,-0.031578947368421,0.0526315789473684,,,-0.0105263157894736,-0.0142222222222222,0.0912280701754386,-0.1298245614035087,-0.0011531897227731,0.019359380499824,270.0,311.0,1.3170731707317074,0.00125,0.000415623696287,0.0004594162484763
2013-10-15,296.0,296.0,282.0,283.0,1800.0,283.0,276.8,279.4,288.32,289.49333333333334,262.21,False,False,False,False,False,False,True,True,False,True,False,-0.0106007067137809,-0.0106007067137809,,,-0.0187985865724381,-0.022944640753828,0.0883392226148409,-0.1130742049469964,0.0015198968312453,0.0164638511095204,266.0,311.0,0.3333333333333333,0.0011098779134294,-0.0001401220865705,0.0026730865540185
2013-10-16,283.0,286.0,279.0,280.0,1100.0,280.0,278.8,276.9,287.24,288.82666666666665,262.58,False,False,False,False,False,False,False,False,False,True,False,0.025,0.0321428571428571,,,-0.0258571428571428,-0.0315238095238094,0.1178571428571428,-0.0964285714285714,-0.0023081894561906,0.0075839653304442,259.0,302.0,0.6111111111111112,-0.0037599220164321,-0.0048697999298616,-0.003828086287436
2013-10-17,280.0,285.0,278.0,280.0,600.0,280.0,282.2,276.5,286.44,288.4266666666667,262.93,False,False,False,False,False,False,False,False,False,False,False,0.0214285714285714,0.0035714285714285,,,-0.0229999999999999,-0.0300952380952381,0.0964285714285714,-0.0642857142857142,-0.0013868343195265,-0.0032549728752259,266.0,302.0,0.5454545454545454,-0.0027929060187125,0.0009670159977196,0.000921355136664
2013-10-18,280.0,280.0,271.0,276.0,3400.0,276.0,280.8,275.5,285.88,288.3333333333333,263.26,False,False,False,False,False,False,False,False,False,False,False,0.0869565217391304,0.0108695652173913,,,-0.0357971014492753,-0.0446859903381641,0.1195652173913043,-0.0471014492753623,-0.0003236994219654,-0.0130671506352087,266.0,301.0,5.666666666666667,-0.0019588638589618,0.0008340421597507,0.0010631348975611
2013-10-21,276.0,276.0,276.0,276.0,200.0,276.0,279.0,276.3,285.24,287.17333333333335,263.635,False,False,False,False,False,False,False,False,False,True,True,0.0869565217391304,0.0217391304347826,,,-0.0334782608695652,-0.0404830917874396,0.1376811594202898,-0.0688405797101449,-0.0040393722722628,-0.0304017372421282,266.0,292.0,0.0588235294117647,-0.0022437245828074,-0.0002848607238456,-0.0037156728502974
2013-10-22,278.0,280.0,278.0,280.0,200.0,280.0,278.4,277.6,284.84,286.6933333333333,263.985,False,False,False,False,False,False,False,False,False,False,False,0.0,0.0035714285714285,,,-0.0172857142857141,-0.0239047619047618,0.1142857142857142,-0.1107142857142857,-0.0016742628592689,-0.0518731988472623,272.0,305.0,1.0,-0.0014042971492769,0.0008394274335305,0.0023651094129938
2013-10-23,277.0,287.0,277.0,287.0,1900.0,287.0,279.8,279.3,284.56,285.81333333333333,264.385,False,False,False,False,True,False,False,False,False,False,False,0.0069686411149825,0.0069686411149825,,,0.0085017421602787,0.0041347270615563,0.0801393728222996,-0.1219512195121951,-0.0030789326366859,-0.075187969924812,258.0,303.0,9.5,-0.0009839752600505,0.0004203218892263,-0.0014046697774169
2013-10-24,285.0,287.0,285.0,286.0,700.0,286.0,281.0,281.6,284.08,285.0933333333333,264.78,False,False,False,False,False,False,False,False,False,True,False,-0.0174825174825174,0.0104895104895104,,,0.0067132867132867,0.0031701631701632,0.0664335664335664,-0.1013986013986013,-0.0025254887288374,-0.0948153409090909,258.0,285.0,0.3684210526315789,-0.0016896648831315,-0.000705689623081,0.0005534439078484
2013-10-25,292.0,307.0,291.0,300.0,4600.0,300.0,285.8,283.3,284.4,284.2933333333333,265.255,False,True,False,False,False,False,True,False,True,False,False,-0.07,-0.0733333333333333,,,0.052,0.0523555555555556,0.0433333333333333,-0.1333333333333333,-0.0028139949348091,-0.0991881397811508,272.0,293.0,6.571428571428571,0.00112517580872,0.0028148406918516,-0.0002885062059717
2013-10-28,310.0,310.0,300.0,300.0,4600.0,300.0,290.6,284.8,284.72,283.6,265.745,False,False,False,False,False,False,True,False,False,True,False,-0.06,-0.0566666666666666,,,0.0509333333333332,0.0546666666666665,0.0366666666666666,-0.1633333333333333,-0.002444757874941,-0.1028792134831461,260.0,277.0,1.0,0.0011239112110145,-1.2645977055833306e-06,0.0003692370598681
2013-10-29,297.0,297.0,280.0,280.0,4400.0,280.0,290.6,284.5,284.48,282.82666666666665,266.12,False,False,False,False,False,False,False,False,False,True,False,0.0035714285714285,0.2964285714285714,,,-0.016,-0.010095238095238,0.1071428571428571,-0.0714285714285714,-0.0027343013388649,-0.0987697715289983,263.0,259.0,0.9565217391304348,-0.0008436445444319,-0.0019675557554464,-0.0002895434639239
2013-10-30,287.0,289.0,284.0,289.0,1500.0,289.0,291.0,285.4,284.6,282.3066666666667,266.58,False,False,False,False,False,False,True,False,False,False,True,0.0,0.1487889273356401,,,0.0152249134948096,0.0231603229527104,0.0761245674740484,-0.0968858131487889,-0.0018419685448447,-0.0988086895585143,270.0,266.0,0.3409090909090909,0.0004216444132115,0.0012652889576435,0.0008923327940201
2013-10-31,294.0,294.0,280.0,281.0,3500.0,281.0,290.0,285.5,284.6,281.76,267.0,False,False,False,False,False,False,False,False,False,True,False,0.0284697508896797,0.1850533807829181,,,-0.0128113879003559,-0.0027046263345195,0.0889679715302491,-0.0604982206405693,-0.0019401855006625,-0.0984238178633976,264.0,255.0,2.333333333333333,0.0,-0.0004216444132115,-9.82169558177684e-05
2013-11-01,279.0,279.0,279.0,279.0,700.0,279.0,285.8,285.8,284.32,281.3333333333333,267.4,False,False,False,False,False,False,False,False,False,True,False,-0.003584229390681,0.1326164874551971,,,-0.0190681003584229,-0.0083632019115889,0.1039426523297491,-0.068100358422939,-0.0015165876777251,-0.1004198740377886,277.0,258.0,0.2,-0.0009848058525605,-0.0009848058525605,0.0004235978229374
2013-11-05,279.0,282.0,278.0,282.0,1500.0,282.0,282.2,286.4,284.0,280.94666666666666,267.835,False,False,False,False,False,False,False,False,False,True,False,0.0035460992907801,0.1028368794326241,,,-0.0070921985815602,0.0037352245862884,0.1170212765957446,-0.0460992907801418,-0.0013762991789663,-0.0981145251396646,276.0,272.0,2.142857142857143,-0.0011267605633802,-0.0001419547108196,0.0001402884987588
2013-11-06,283.0,284.0,281.0,281.0,400.0,281.0,282.4,286.5,282.04,280.5466666666667,268.29,False,False,False,False,False,False,False,False,False,True,False,0.2918149466192171,0.096085409252669,,,-0.0037010676156584,0.0016132858837484,0.096085409252669,-0.0498220640569395,-0.0014257877477305,-0.0921465968586386,275.0,263.0,0.2666666666666666,-0.0069493688838461,-0.0058226083204659,-4.948856876422592e-05
2013-11-07,281.0,289.0,281.0,289.0,900.0,289.0,282.4,286.7,281.4,280.37333333333333,268.785,False,False,False,False,True,False,False,False,False,False,False,0.1487889273356401,0.0830449826989619,,,0.0262975778546713,0.0298500576701268,0.0588235294117647,-0.0899653979238754,-0.0006182233212859,-0.088943146145797,307.0,257.0,2.25,-0.0022743425728501,0.004675026310996,0.0008075644264445
2013-11-08,289.0,289.0,289.0,289.0,100.0,289.0,284.0,287.0,281.6,280.2,269.305,False,False,False,False,False,False,True,False,False,False,False,0.1522491349480969,0.0622837370242214,,,0.0256055363321798,0.0304498269896194,0.0519031141868512,-0.0865051903114186,-0.000618605757792,-0.0874564459930314,300.0,269.0,0.1111111111111111,0.0007102272727274,0.0029845698455776,-3.824365061488779e-07
2013-11-11,279.0,280.0,278.0,278.0,1900.0,278.0,283.8,284.8,281.28,279.8933333333333,269.765,False,False,False,False,False,False,False,False,False,True,False,0.1366906474820144,0.1115107913669064,,,-0.011798561151079,-0.0068105515587529,0.0647482014388489,-0.0503597122302158,-0.0010956554878048,-0.079002808988764,290.0,279.0,19.0,-0.0011376564277589,-0.0018478837004864,-0.0004770497300127
2013-11-12,288.0,294.0,282.0,283.0,4400.0,283.0,284.0,283.1,281.88,279.7733333333333,270.28,False,False,False,False,False,False,True,False,True,False,False,0.0989399293286219,0.1095406360424028,,,0.0039575971731448,0.0114016489988222,0.0459363957597173,-0.0600706713780918,-0.0004289186484296,-0.0681737901801484,292.0,270.0,2.3157894736842106,0.0021285653469562,0.0032662217747152,0.0006667368393751
2013-11-13,315.0,363.0,315.0,363.0,39500.0,363.0,300.4,291.4,285.72,280.5466666666667,271.17,False,False,False,False,False,False,True,True,False,False,True,-0.1515151515151515,-0.140495867768595,,,0.212892561983471,0.2271441689623507,-0.1845730027548209,-0.256198347107438,0.0027565229789459,-0.0912834591626629,290.0,266.0,8.977272727272727,0.013439731205376,0.0113111658584197,0.0031854416273756
2013-11-14,411.0,443.0,330.0,332.0,328100.0,332.0,309.0,295.7,288.2,280.93333333333334,271.925,False,False,False,False,False,False,True,True,False,True,False,-0.0572289156626506,-0.0662650602409638,,,0.1319277108433735,0.1538152610441767,-0.1144578313253012,-0.2108433734939759,0.001376364499288,-0.104159621237741,294.0,259.0,8.30632911392405,0.0086051353226924,-0.0048345958826835,-0.0013801584796579
2013-11-15,360.0,370.0,332.0,333.0,59200.0,333.0,317.8,300.9,291.0,281.5733333333333,272.65,False,False,False,False,False,False,True,True,False,False,False,-0.078078078078078,-0.084084084084084,,,0.1261261261261261,0.1544344344344344,-0.1171171171171171,-0.2162162162162162,0.0022729425134955,-0.1206380857427715,298.0,266.0,0.1804327948796098,0.0096219931271478,0.0010168578044553,0.0008965780142074
2013-11-18,329.0,330.0,311.0,316.0,27700.0,316.0,325.4,304.6,292.32,281.88,273.29,False,False,False,False,False,False,True,True,False,True,False,-0.0221518987341772,-0.0094936708860759,,,0.0749367088607595,0.1079746835443038,-0.0854430379746835,-0.1613924050632911,0.0010879333995553,-0.1296782665791201,292.0,266.0,0.4679054054054054,0.0045155993431855,-0.0051063937839622,-0.0011850091139401
2013-11-19,323.0,323.0,310.0,311.0,18000.0,311.0,331.0,307.5,293.36,282.3333333333333,273.895,False,False,False,False,False,False,True,True,False,True,False,0.0096463022508038,0.0,,,0.0567202572347266,0.0921757770632369,-0.0932475884244373,-0.1768488745980707,0.0016056670602124,-0.1421138211382113,292.0,266.0,0.6498194945848376,0.0035451322607036,-0.0009704670824818,0.000517733660657
2013-11-20,320.0,320.0,308.0,308.0,11200.0,308.0,320.0,310.2,294.36,282.9866666666667,274.445,False,False,False,False,False,False,True,True,False,True,False,0.0129870129870129,0.0064935064935064,,,0.0442857142857142,0.0812121212121211,-0.0714285714285714,0.0129870129870129,0.0023087071240106,-0.1350741457124435,286.0,272.0,0.6222222222222222,0.0033972007066177,-0.0001479315540858,0.0007030400637982
2013-11-21,309.0,314.0,304.0,313.0,8700.0,313.0,316.2,312.6,295.68,283.61333333333334,275.01,False,False,False,False,False,False,True,True,False,False,False,-0.0095846645367412,-0.0063897763578274,,,0.0553354632587859,0.0938871139510116,-0.060702875399361,-0.1437699680511182,0.0022095811198345,-0.1401151631477927,286.0,258.0,0.7767857142857143,0.0044642857142856,0.0010670850076679,-9.912600417615264e-05
2013-11-22,312.0,313.0,302.0,307.0,11000.0,307.0,311.0,314.4,296.76,284.3066666666667,275.505,False,False,False,False,False,False,True,True,False,True,False,-0.006514657980456,-0.003257328990228,,,0.0333550488599348,0.0739196525515743,-0.0325732899022801,-0.1205211726384364,0.0024386812362237,-0.1431297709923664,281.0,258.0,1.264367816091954,0.0036393044884754,-0.0008249812258102,0.0002291001163892
2013-11-25,309.0,309.0,303.0,309.0,4100.0,309.0,309.6,317.5,298.08,284.9866666666667,276.045,False,False,False,False,False,False,True,True,False,False,False,0.0129449838187702,-0.0032362459546925,,,0.0353398058252427,0.0777130528586838,-0.0420711974110032,-0.1326860841423948,0.0023860765415926,-0.1502362204724409,286.0,272.0,0.3727272727272727,0.0044283413848631,0.0007890368963876,-5.2604694631164586e-05
2013-11-26,309.0,314.0,307.0,314.0,2200.0,314.0,310.2,320.6,299.6,285.5466666666667,276.61,False,False,False,False,False,False,True,True,False,False,False,-0.0095541401273885,0.0031847133757961,,,0.0458598726114648,0.0906157112526538,-0.0445859872611464,-0.197452229299363,0.0019611505416511,-0.1628197130380538,290.0,260.0,0.5365853658536586,0.0050734312416556,0.0006450898567925,-0.0004249259999415
2013-11-27,315.0,317.0,310.0,312.0,4800.0,312.0,311.0,315.5,300.88,286.2,277.18,False,False,False,False,False,False,True,True,False,True,False,-0.0064102564102564,-0.0128205128205128,,,0.0356410256410256,0.0826923076923077,-0.0256410256410256,-0.1858974358974359,0.0022827859305845,-0.1543581616481774,330.0,263.0,2.1818181818181817,0.0042541877160328,-0.0008192435256227,0.0003216353889334
2013-11-28,316.0,316.0,308.0,310.0,4000.0,310.0,310.4,313.3,301.8,286.9066666666667,277.705,False,False,False,False,False,False,True,True,False,True,False,0.0032258064516129,-0.0129032258064516,,,0.0264516129032257,0.0744946236559138,-0.0193548387096774,-0.1935483870967742,0.0024630541871922,-0.1522502393871688,305.0,270.0,0.8333333333333334,0.0030483764082174,-0.0012058113078154,0.0001802682566076
2013-11-29,312.0,312.0,304.0,305.0,4400.0,305.0,310.0,310.5,302.56,287.38666666666666,278.21,False,False,False,False,False,False,True,True,False,True,False,0.0032786885245901,-0.0032786885245901,,,0.0079999999999999,0.0577486338797814,-0.0032786885245901,-0.1540983606557377,0.0016702236243851,-0.1455716586151368,284.0,264.0,1.1,0.0025118984664198,-0.0005364779417975,-0.0007928305628071
2013-12-02,306.0,324.0,306.0,313.0,10400.0,313.0,310.8,310.2,303.08,287.84,278.775,False,False,False,False,False,False,True,True,False,True,False,-0.0159744408945686,-0.0543130990415335,,,0.0316932907348243,0.0803833865814697,-0.0415335463258785,-0.2012779552715655,0.0015749490457661,-0.1495809155383622,286.0,277.0,2.363636363636364,0.0017157186221459,-0.0007961798442739,-9.527457861901382e-05
2013-12-03,311.0,311.0,311.0,311.0,700.0,311.0,310.2,310.2,303.52,288.38666666666666,279.33,False,False,False,False,False,False,True,True,False,True,False,0.0128617363344051,-0.0482315112540192,,,0.0240514469453376,0.0727116827438371,-0.0192926045016077,-0.2057877813504823,0.0018956031254334,-0.1524822695035461,268.0,276.0,0.0673076923076923,0.0014496573537163,-0.0002660612684295,0.0003206540796673
2013-12-04,311.0,311.0,306.0,310.0,5000.0,310.0,309.8,310.4,304.72,288.97333333333336,279.88,False,False,False,False,False,False,True,True,False,False,False,-0.0064516129032258,-0.0451612903225806,,,0.017032258064516,0.0678279569892472,-0.0225806451612903,-0.2032258064516129,0.0020301757947678,-0.1739690721649484,267.0,275.0,7.142857142857143,0.0039380414807037,0.0024883841269873,0.0001345726693343
2013-12-05,311.0,311.0,311.0,311.0,300.0,311.0,310.0,310.2,305.6,289.6666666666667,280.42,False,False,False,False,False,False,True,True,False,True,False,-0.0160771704180064,-0.0546623794212218,,,0.0173633440514468,0.0685959271168273,-0.0257234726688102,-0.1993569131832797,0.0023935558112773,-0.1795615731785944,270.0,307.0,0.06,0.0028795811518324,-0.0010584603288713,0.0003633800165095
2013-12-06,306.0,306.0,305.0,306.0,1100.0,306.0,310.2,310.1,306.6,290.2,280.95,False,False,False,False,False,False,True,True,False,False,False,-0.0065359477124183,-0.0392156862745098,,,-0.0019607843137255,0.0516339869281046,0.0130718954248366,-0.1797385620915032,0.0018378130025268,-0.1854240567558852,263.0,300.0,3.6666666666666665,0.0032615786040443,0.0003819974522119,-0.0005557428087504
2013-12-09,314.0,314.0,305.0,308.0,4300.0,308.0,309.2,310.0,307.76,290.76,281.475,False,False,False,False,False,False,True,True,False,False,False,-0.0389610389610389,-0.0616883116883116,,,0.0007792207792208,0.055974025974026,0.0162337662337662,-0.198051948051948,0.0019259870683725,-0.1919354838709677,283.0,290.0,3.909090909090909,0.0037691707824277,0.0005075921783834,8.817406584566041e-05
2013-12-10,308.0,327.0,308.0,315.0,5800.0,315.0,310.0,310.1,309.08,291.41333333333336,282.035,False,False,False,False,False,False,True,True,False,False,False,-0.0603174603174603,-0.1047619047619047,,,0.0187936507936508,0.0748783068783068,-0.0158730158730158,-0.2158730158730158,0.0022419472913617,-0.1938084488874557,285.0,292.0,1.3488372093023255,0.0042707389672576,0.0005015681848298,0.0003159602229891
2013-12-11,313.0,313.0,308.0,308.0,6200.0,308.0,309.6,309.7,310.16,291.8933333333333,282.555,False,False,False,False,False,False,True,True,False,True,False,-0.0389610389610389,-0.0714285714285714,,,-0.007012987012987,0.0522943722943723,-0.0032467532467532,-0.2012987012987013,0.0016444363237711,-0.1953503390377785,283.0,290.0,1.0689655172413792,0.0034820737683777,-0.0007886651988799,-0.0005975109675906
2013-12-12,316.0,316.0,303.0,306.0,6400.0,306.0,308.6,309.3,310.84,292.53333333333336,283.075,False,False,False,False,False,False,True,True,False,True,False,-0.0392156862745098,-0.0392156862745098,,,-0.0158169934640522,0.0440087145969498,-0.0098039215686274,-0.2026143790849673,0.0021877848678214,-0.196249595861623,280.0,294.0,1.032258064516129,0.002187620640844,-0.0012944531275337,0.0005433485440503
2013-12-13,304.0,305.0,304.0,304.0,2200.0,304.0,308.2,309.2,311.44,293.14666666666665,283.59,False,False,False,False,False,False,True,True,False,True,False,-0.0328947368421052,-0.0230263157894736,,,-0.0244736842105263,0.0357017543859649,-0.0263157894736842,-0.1973684210526315,0.0020922405166922,-0.2005174644243208,280.0,298.0,0.34375,0.0019265348060622,-0.0002610858347817,-9.554435112919507e-05
2013-12-16,306.0,306.0,295.0,296.0,6600.0,296.0,305.8,307.5,312.16,293.46666666666664,284.075,False,False,False,False,False,False,True,True,False,False,False,-0.0236486486486486,0.0,,,-0.0545945945945946,0.0085585585585586,0.0135135135135135,-0.1824324324324324,0.0010904134484325,-0.1986991869918699,276.0,292.0,3.0,0.0023065094823168,0.0003799746762546,-0.0010018270682597
2013-12-17,296.0,296.0,296.0,296.0,1000.0,296.0,302.0,306.0,312.68,293.94666666666666,284.53,False,False,False,False,False,False,True,True,False,True,False,-0.0472972972972973,0.0135135135135135,,,-0.0563513513513513,0.0069369369369369,0.0033783783783783,-0.1756756756756756,0.0016329492878527,-0.1957516339869281,276.0,292.0,0.1515151515151515,0.0016630420877573,-0.0006434673945594,0.0005425358394202
2013-12-18,295.0,298.0,295.0,296.0,1100.0,296.0,299.6,304.6,310.0,294.38666666666666,284.985,False,False,False,False,False,False,False,True,False,True,False,-0.0337837837837837,0.027027027027027,,,-0.0472972972972973,0.0054504504504504,0.0,-0.1891891891891892,0.0014946329090991,-0.1943532501641497,280.0,286.0,1.1,-0.0086451612903226,-0.0103082033780799,-0.0001383163787535
2013-12-19,293.0,294.0,293.0,294.0,3500.0,294.0,297.2,302.9,308.48,294.70666666666665,285.43,False,False,False,False,False,False,False,True,False,False,False,0.0,0.0340136054421768,,,-0.0492517006802721,-0.0024036281179137,0.0238095238095238,-0.1768707482993197,0.0010858254535583,-0.1921426213271706,287.0,286.0,3.1818181818181817,-0.0049273858921161,0.0037177753982064,-0.0004088074555408
2013-12-20,294.0,295.0,290.0,294.0,4500.0,294.0,295.2,301.7,306.92,295.1066666666667,285.875,False,False,False,False,False,False,False,True,False,True,False,0.010204081632653,0.0340136054421768,,,-0.0439455782312925,-0.0037641723356009,-0.010204081632653,-0.1768707482993197,0.0013554421000317,-0.1919124958568113,286.0,281.0,1.2857142857142858,-0.0050827577218819,-0.0001553718297658,0.0002696166464734
2013-12-24,293.0,293.0,288.0,289.0,2200.0,289.0,293.8,299.8,305.84,295.26666666666665,286.295,False,False,False,False,False,False,False,True,False,False,False,0.0242214532871972,0.0380622837370242,,,-0.0582698961937715,-0.0216839677047289,-0.1107266435986159,-0.1557093425605536,0.0005418830435763,-0.1877918612408272,300.0,286.0,0.4888888888888889,-0.0035312581742088,0.001551499547673,-0.0008135590564554
2013-12-25,289.0,291.0,282.0,282.0,4600.0,282.0,291.0,296.5,304.68,295.3466666666667,286.68,False,False,False,False,False,False,False,True,False,True,False,0.0638297872340425,0.0815602836879432,,,-0.0804255319148936,-0.0473286052009457,-0.1205673758865248,-0.1382978723404255,0.0002708681323643,-0.1801011804384485,300.0,290.0,2.090909090909091,-0.0038072732046736,-0.0002760150304647,-0.0002710149112119
2013-12-26,284.0,292.0,284.0,286.0,1800.0,286.0,289.0,294.3,303.8,295.49333333333334,287.085,False,False,False,False,False,False,False,True,False,False,False,0.0629370629370629,0.0594405594405594,,,-0.0622377622377622,-0.0331934731934732,-0.1223776223776223,-0.1573426573426573,0.0004963450952079,-0.1756710839279647,280.0,330.0,0.391304347826087,-0.0028966425279789,0.0009106306766947,0.0002254769628435
2013-12-27,292.0,295.0,287.0,294.0,1500.0,294.0,289.0,293.1,303.04,295.32,287.53,False,False,False,False,False,False,False,False,False,False,False,0.0340136054421768,0.0306122448979591,,,-0.0307482993197279,-0.0044897959183673,-0.1394557823129251,-0.1700680272108843,-0.0005869339473565,-0.1722961446605255,289.0,305.0,0.8333333333333334,-0.002507919746568,0.0003887227814108,-0.0010832790425645
2013-12-30,299.0,299.0,294.0,297.0,2400.0,297.0,289.6,292.4,302.64,295.28,287.99,False,False,False,False,False,False,False,False,False,False,False,0.0235690235690235,0.0437710437710437,,,-0.0189898989898989,0.0057912457912458,-0.1178451178451178,-0.1750841750841751,-0.000135464643728,-0.1699726402188782,281.0,284.0,1.6,-0.0013217023526303,0.0011862173939377,0.0004514693036285
2014-01-06,296.0,297.0,296.0,296.0,2800.0,296.0,291.0,292.4,302.12,295.36,288.37,False,False,False,False,False,False,False,True,False,True,False,0.0135135135135135,0.0574324324324324,,,-0.0206756756756756,0.0021621621621621,-0.1114864864864864,-0.1655405405405405,0.0002708559046588,-0.1682626538987688,279.0,286.0,1.1666666666666667,-0.0017211703958691,-0.0003994680432388,0.0004063205483869
2014-01-07,297.0,300.0,296.0,300.0,4400.0,300.0,294.6,292.8,301.56,295.46666666666664,288.82,False,False,False,False,False,False,False,True,False,True,False,0.0166666666666666,0.0333333333333333,,,-0.0052,0.0151111111111112,-0.1433333333333333,-0.18,0.0003610108303247,-0.1687158469945355,282.0,268.0,1.5714285714285714,-0.0018570102135561,-0.000135839817687,9.015492566591372e-05
2014-01-08,300.0,304.0,299.0,304.0,3600.0,304.0,298.2,293.6,301.24,295.6533333333333,289.285,False,False,False,False,True,False,False,True,False,False,False,-0.0032894736842105,0.0098684210526315,,,0.009078947368421,0.0274561403508772,-0.1809210526315789,-0.0888157894736842,0.0006313700730585,-0.1583787465940055,281.0,267.0,0.8181818181818182,-0.0010622759261718,0.0007947342873843,0.0002703592427337
2014-01-09,304.0,304.0,300.0,304.0,3500.0,304.0,300.2,294.6,301.0,295.7866666666667,289.715,False,False,False,False,False,False,False,True,False,False,False,-0.0032894736842105,-0.0032894736842105,,,0.0098684210526315,0.027017543859649,-0.1710526315789473,-0.1381578947368421,0.0004507753335739,-0.1544467073998643,289.0,270.0,0.9722222222222222,-0.000797342192691,0.0002649337334807,-0.0001805947394846
2014-01-10,304.0,304.0,304.0,304.0,1200.0,304.0,301.6,295.6,300.96,295.8666666666667,290.18,False,False,False,False,False,False,False,True,False,False,False,0.0197368421052631,-0.0263157894736842,,,0.01,0.0267543859649122,-0.1546052631578947,-0.1710526315789473,0.0002703920684992,-0.1539242219215156,289.0,263.0,0.3428571428571428,-0.0001329080276449,0.0006644341650461,-0.0001803832650746
2014-01-14,301.0,305.0,300.0,300.0,2300.0,300.0,302.4,296.7,300.44,295.97333333333336,290.63,False,False,False,False,False,True,False,True,False,True,False,0.0433333333333333,0.0,,,-0.0014666666666666,0.0134222222222221,-0.1333333333333333,-0.1733333333333333,0.0003603928281827,-0.1557128412537916,278.0,283.0,1.9166666666666667,-0.001730794834243,-0.0015978868065981,9.000075968350525e-05
2014-01-15,302.0,305.0,302.0,305.0,1400.0,305.0,303.4,299.0,300.2,296.14666666666665,291.09,False,False,False,False,False,False,False,True,False,False,False,0.0163934426229508,-0.0262295081967213,,,0.0157377049180328,0.0290273224043716,-0.1770491803278688,-0.2098360655737705,0.0005852955742648,-0.1628762541806019,283.0,285.0,0.6086956521739131,-0.0007994670219853,0.0009313278122576,0.000224902746082
2014-01-16,302.0,305.0,302.0,303.0,2900.0,303.0,303.2,300.7,299.92,296.37333333333333,291.51,False,False,False,False,False,False,False,True,False,True,False,0.0132013201320132,-0.0231023102310231,,,0.0101650165016501,0.0218701870187018,-0.1419141914191419,-0.2145214521452145,0.0007648011517006,-0.1686065846358496,363.0,283.0,2.071428571428572,-0.0009335822886102,-0.0001341152666248,0.0001795055774357
2014-01-17,304.0,304.0,303.0,303.0,700.0,303.0,303.0,301.6,299.6,296.6,291.935,False,False,False,False,False,False,False,True,False,True,False,0.0,-0.0066006600660066,,,0.0112211221122111,0.021122112211221,-0.1386138613861386,-0.198019801980198,0.0007642166779052,-0.1714190981432361,332.0,280.0,0.2413793103448276,-0.0010680907877169,-0.0001345084991067,-5.844737954107618e-07
2014-01-20,305.0,310.0,305.0,310.0,5500.0,310.0,304.2,302.9,299.76,296.9866666666667,292.385,False,False,False,False,False,False,True,True,False,False,False,-0.0451612903225806,-0.0612903225806451,,,0.0330322580645161,0.0419784946236558,-0.1483870967741935,-0.2161290322580645,0.0013019664182454,-0.1756355232750082,333.0,280.0,7.857142857142857,0.0005337603416065,0.0016018511293234,0.0005377497403402
2014-01-21,312.0,315.0,311.0,313.0,7600.0,313.0,306.8,304.6,299.96,297.3466666666667,292.895,False,False,False,False,False,False,True,True,False,False,False,-0.0415335463258785,-0.1789137380191693,,,0.0416613418530352,0.0500106496272629,-0.1693290734824281,-0.2364217252396166,0.0012107080399982,-0.1828627708470125,316.0,276.0,1.3818181818181818,0.0006667555674089,0.0001329952258024,-9.125837824720016e-05
2014-01-22,310.0,312.0,308.0,310.0,800.0,310.0,307.8,305.6,299.76,297.61333333333334,293.435,False,False,False,False,False,False,False,True,False,True,False,-0.0419354838709677,-0.2,,,0.0330322580645161,0.0399569892473117,-0.132258064516129,-0.2354838709677419,0.0008960172035302,-0.1884816753926702,311.0,276.0,0.1052631578947368,-0.0006672004270082,-0.0013339559944171,-0.0003146908364679
2014-01-23,309.0,312.0,306.0,307.0,1400.0,307.0,308.6,305.9,299.72,297.3066666666667,293.875,False,False,False,False,False,False,False,False,False,False,False,-0.0358306188925081,-0.1824104234527687,,,0.0237133550488598,0.0315743756786101,-0.1302931596091205,-0.2280130293159609,-0.0010314826441833,-0.2023537103628636,308.0,280.0,1.75,-0.0001334578940343,0.0005337425329739,-0.0019274998477136
2014-01-24,304.0,306.0,303.0,303.0,2500.0,303.0,308.6,305.8,299.6,297.28,293.915,False,False,False,False,False,False,False,False,False,True,False,-0.0066006600660066,-0.165016501650165,,,0.0112211221122111,0.0188778877887789,-0.132013201320132,-0.2277227722772277,-8.970218873351473e-05,-0.2112491824722041,313.0,287.0,1.7857142857142858,-0.0004005340453938,-0.0002670761513595,0.0009417804554498
2014-01-27,295.0,297.0,292.0,296.0,4800.0,296.0,305.8,305.0,299.28,297.44,294.16,False,False,False,False,False,True,False,True,False,True,False,-0.0168918918918918,-0.1148648648648648,,,-0.0110810810810809,-0.0048648648648648,-0.1081081081081081,-0.2128378378378378,0.0005379236148467,-0.2154098360655737,307.0,286.0,1.92,-0.0010692328254479,-0.000668698780054,0.0006276258035802
2014-01-28,294.0,300.0,294.0,300.0,1100.0,300.0,303.2,305.0,299.44,297.62666666666667,294.025,False,False,False,False,False,False,True,True,False,False,False,-0.1433333333333333,-0.1233333333333333,,,0.0018666666666666,0.0079111111111111,-0.12,-0.2233333333333333,0.000627183944091,-0.2203278688524589,309.0,300.0,0.2291666666666666,0.0005343307507347,0.0016035635761826,8.926032924425791e-05
2014-01-29,300.0,304.0,297.0,297.0,1500.0,297.0,300.6,304.2,299.48,298.0133333333333,293.475,False,False,False,False,False,False,True,True,False,True,False,-0.1649831649831649,-0.1346801346801346,,,-0.0083501683501684,-0.00341189674523,-0.1043771043771043,-0.1885521885521885,0.0012974810970426,-0.2182774490466797,314.0,300.0,1.3636363636363635,0.0001335648457326,-0.0004007659050021,0.0006702971529515
2014-01-30,298.0,298.0,296.0,296.0,2700.0,296.0,298.4,303.5,299.48,298.4,293.155,False,False,False,False,False,False,False,True,False,True,False,-0.152027027027027,-0.1587837837837837,,,-0.0117567567567568,-0.008108108108108,-0.0878378378378378,-0.1722972972972972,0.0012957998212689,-0.214168039538715,312.0,280.0,1.8,0.0,-0.0001335648457326,-1.6812757736475292e-06
2014-01-31,301.0,301.0,301.0,301.0,500.0,301.0,298.0,303.3,299.76,298.81333333333333,293.045,False,False,False,False,False,False,True,True,False,False,False,-0.1594684385382059,-0.1627906976744186,,,0.0041196013289036,0.0072646733111849,-0.1295681063122923,-0.1727574750830564,0.0013832492972201,-0.2116716122650841,310.0,289.0,0.1851851851851851,0.0009340805978114,0.0009340805978114,8.74494759512338e-05
2014-02-03,301.0,301.0,281.0,291.0,6300.0,291.0,297.0,301.4,299.64,299.18666666666667,293.0,False,False,False,False,False,False,False,True,False,True,False,-0.0996563573883161,-0.1168384879725085,,,-0.0296907216494844,-0.0281328751431844,-0.1030927835051546,-0.1615120274914089,0.0012478274432907,-0.2063702720637027,305.0,281.0,12.6,-0.000400480576692,-0.0013345611745035,-0.0001354218539294
2014-02-04,269.0,269.0,238.0,257.0,7900.0,257.0,288.4,295.8,298.36,298.84,292.78,False,False,True,False,False,False,False,False,False,True,False,0.0233463035019455,0.0116731517509727,,,-0.1609338521400778,-0.1628015564202333,0.0311284046692607,-0.046692607003891,-0.0011600410476063,-0.1893171061528059,313.0,279.0,1.253968253968254,-0.0042901193189434,-0.0038896387422514,-0.002407868490897
2014-02-05,258.0,258.0,248.0,248.0,7600.0,248.0,278.6,289.6,297.0,298.3466666666667,292.555,False,False,False,False,False,False,False,False,False,True,False,0.0362903225806451,0.0120967741935483,,,-0.1975806451612903,-0.2030107526881721,0.032258064516129,-0.0120967741935483,-0.00165355738291,-0.1691988950276244,311.0,282.0,0.9620253164556962,-0.0045791245791246,-0.0002890052601811,-0.0004935163353037
2014-02-06,247.0,252.0,247.0,251.0,1600.0,251.0,269.6,284.0,295.6,297.92,292.295,False,False,False,False,False,False,False,False,False,True,False,-0.0079681274900398,0.0358565737051792,,,-0.1776892430278885,-0.1869322709163347,0.2430278884462151,-0.0039840637450199,-0.0014321518080916,-0.1482394366197182,310.0,281.0,0.2105263157894736,-0.0047361299052773,-0.0001570053261526,0.0002214055748183
2014-02-07,258.0,258.0,252.0,253.0,900.0,253.0,260.0,279.0,293.96,297.56,292.06,False,False,False,False,False,False,False,False,False,True,False,-0.0039525691699604,0.0316205533596837,,,-0.1618972332015809,-0.1761264822134387,0.0592885375494071,-0.0237154150197628,-0.0012098400322624,-0.1283154121863799,311.0,289.0,0.5625,-0.0055789903388217,-0.0008428604335444,0.0002223117758292
2014-02-10,257.0,262.0,257.0,262.0,400.0,262.0,254.2,275.6,292.56,297.32,291.835,False,False,False,False,False,False,False,False,False,False,False,-0.0190839694656488,0.0076335877862595,,,-0.1166412213740458,-0.1348091603053434,0.0305343511450381,-0.0419847328244274,-0.0008072110856989,-0.1110304789550073,306.0,289.0,0.4444444444444444,-0.0047853431774677,0.0007936471613539,0.0004026289465635
2014-02-12,263.0,266.0,255.0,263.0,4300.0,263.0,255.4,271.9,291.24,297.14666666666665,291.65,False,False,False,False,False,False,False,False,False,False,False,-0.0114068441064638,-0.0114068441064638,,,-0.1073764258555133,-0.1298352344740176,0.0190114068441064,-0.0418250950570342,-0.0005833258547967,-0.0919455682236115,308.0,278.0,10.75,-0.0045323444581787,0.0002529987192889,0.0002238852309021
2014-02-13,261.0,268.0,256.0,257.0,1900.0,257.0,257.2,267.9,289.52,296.8933333333333,291.505,False,False,False,False,False,False,False,False,False,True,False,-0.0233463035019455,0.046692607003891,,,-0.1265369649805446,-0.1552269779507133,-0.0194552529182879,-0.0155642023346303,-0.0008532806395113,-0.0739081746920492,315.0,283.0,0.4418604651162791,-0.0059408676429953,-0.0014085231848165,-0.0002699547847145
2014-02-14,258.0,258.0,248.0,249.0,2200.0,249.0,256.8,263.2,287.32,296.48,291.275,False,False,False,False,False,False,False,False,False,True,False,0.0441767068273092,0.072289156626506,,,-0.1538955823293172,-0.1906827309236948,0.0200803212851405,0.0160642570281124,-0.0013941356359056,-0.0543313069908813,308.0,363.0,1.1578947368421053,-0.007656967840735,-0.0017161001977396,-0.0005408549963942
2014-02-17,257.0,257.0,252.0,252.0,1500.0,252.0,256.6,258.3,285.24,296.0133333333333,291.055,False,False,False,False,False,False,False,False,False,False,False,0.0357142857142857,0.0436507936507936,,,-0.1319047619047619,-0.1746560846560846,-0.0079365079365079,-0.0079365079365079,-0.0015765055628125,-0.0360046457607433,306.0,332.0,0.6818181818181818,-0.0072921048941241,0.0003648629466108,-0.0001823699269069
2014-02-18,261.0,261.0,252.0,257.0,1300.0,257.0,255.6,254.9,283.36,295.62666666666667,290.87,False,False,False,False,False,False,False,False,False,False,False,0.0272373540856031,0.0272373540856031,,,-0.102568093385214,-0.1502983138780804,0.0038910505836575,-0.0155642023346303,-0.0013079559805159,-0.0196155355041192,304.0,333.0,0.8666666666666667,-0.0066346696781479,0.0006574352159762,0.0002685495822966
2014-02-19,259.0,260.0,259.0,260.0,1500.0,260.0,255.0,255.2,281.76,295.0933333333333,290.695,False,False,False,False,False,False,False,False,False,False,False,0.0,0.0153846153846153,,,-0.0836923076923076,-0.1349743589743588,-0.0384615384615384,-0.0269230769230769,-0.0018073377914333,-0.0176332288401253,296.0,316.0,1.1538461538461535,-0.0056785917092561,0.0009560779688917,-0.0004993818109173
2014-02-20,255.0,255.0,251.0,251.0,300.0,251.0,253.8,255.5,279.6,294.44,290.465,False,False,False,False,False,False,False,False,False,True,False,0.0717131474103585,0.0597609561752988,,,-0.1139442231075698,-0.1730677290836653,-0.0159362549800796,0.0119521912350597,-0.0022189014173797,-0.0152641878669276,296.0,311.0,0.2,-0.0077253218884119,-0.0020467301791557,-0.0004115636259464
2014-02-21,255.0,260.0,255.0,260.0,300.0,260.0,256.0,256.4,277.88,294.17333333333335,290.285,False,False,False,False,False,False,False,False,False,False,False,0.0269230769230769,0.0384615384615384,,,-0.0687692307692307,-0.1314358974358974,-0.05,-0.0269230769230769,-0.0009064950369396,-0.017550702028081,296.0,308.0,1.0,-0.006189722182237,0.0015355997061748,0.0013124063804401
2014-02-24,259.0,264.0,259.0,261.0,800.0,261.0,257.8,257.2,276.2,293.8,290.11,False,False,False,False,False,False,False,False,False,False,False,0.0076628352490421,0.003831417624521,,,-0.0582375478927202,-0.1256704980842912,-0.0459770114942528,-0.0153256704980842,-0.0012707056954844,-0.0167185069984447,294.0,313.0,2.6666666666666665,-0.0060825488776249,0.0001071733046121,-0.0003642106585448
2014-02-25,265.0,266.0,262.0,264.0,1300.0,264.0,259.2,257.4,274.36,293.5733333333333,289.98,False,False,False,False,False,False,False,False,False,True,False,0.0,-0.0113636363636363,,,-0.0392424242424242,-0.1120202020202019,-0.0492424242424242,-0.0265151515151515,-0.0007720955581797,-0.015151515151515,294.0,307.0,1.625,-0.0067065169849831,-0.0006239681073582,0.0004986101373047
2014-02-26,266.0,266.0,255.0,260.0,1900.0,260.0,259.2,257.1,272.24,293.32,289.82,False,False,False,False,False,False,False,False,False,True,False,0.0153846153846153,0.0192307692307692,,,-0.0470769230769231,-0.1281538461538461,-0.05,-0.0038461538461538,-0.0008636756216191,-0.0112796577207313,289.0,309.0,1.4615384615384617,-0.0077872465471642,-0.0010807295621811,-9.15800634394107e-05
2014-02-27,265.0,269.0,264.0,269.0,3500.0,269.0,262.8,258.3,270.6,293.14666666666665,289.715,False,False,False,False,False,False,False,False,False,False,True,-0.0111524163568773,-0.0483271375464684,,,-0.0059479553903346,-0.0897645600991325,-0.0817843866171003,-0.0074349442379182,-0.0005912853634131,-0.0104529616724739,282.0,314.0,1.8421052631578947,-0.006060606060606,0.0017266404865582,0.000272390258206
2014-02-28,268.0,268.0,267.0,267.0,600.0,267.0,264.2,260.1,269.0,292.96,289.605,False,False,False,False,False,False,False,False,False,False,False,0.0112359550561797,0.1685393258426966,,,-0.0074906367041198,-0.0972284644194755,-0.0786516853932584,-0.0262172284644194,-0.0006371745858365,-0.0146097654748174,286.0,312.0,0.1714285714285714,-0.0059479553903346,0.0001126506702713,-4.588922242339689e-05
2014-03-04,263.0,263.0,263.0,263.0,100.0,263.0,264.6,261.2,267.4,292.61333333333334,289.48,False,False,False,False,False,False,False,False,False,True,False,-0.0038022813688212,0.0190114068441064,,,-0.0167300380228136,-0.1125982256020279,-0.0722433460076045,-0.0228136882129277,-0.0011847261459946,-0.0160796324655436,294.0,310.0,0.1666666666666666,-0.005983545250561,-3.558986022638572e-05,-0.000547551560158
2014-03-05,263.0,264.0,263.0,264.0,300.0,264.0,264.6,261.9,266.12,292.28,289.375,False,False,False,False,False,False,False,False,False,False,False,-0.0113636363636363,0.0227272727272727,,,-0.008030303030303,-0.107121212121212,-0.0757575757575757,-0.0227272727272727,-0.0011404589206698,-0.0168003054600991,297.0,305.0,3.0,-0.0048098602134374,0.0011736850371235,4.426722532480066e-05
2014-03-06,264.0,265.0,264.0,264.0,300.0,264.0,265.4,262.3,264.68,292.0933333333333,289.295,False,False,False,False,False,False,False,False,False,True,False,0.0037878787878787,0.0151515151515151,,,-0.0025757575757576,-0.1064141414141413,-0.0833333333333333,-0.0416666666666666,-0.0006390651389966,-0.0182996568814335,296.0,313.0,1.0,-0.0054405319631252,-0.0006306717496878,0.0005013937816731
2014-03-07,266.0,266.0,266.0,266.0,100.0,266.0,264.8,263.8,263.44,291.8666666666667,289.2,False,False,False,False,True,False,False,False,False,False,False,-0.037593984962406,-0.0526315789473684,,,0.0096240601503759,-0.0972431077694235,-0.0827067669172932,-0.0451127819548872,-0.0007766103243488,-0.0238817285822593,300.0,311.0,0.3333333333333333,-0.0047069541451564,0.0007335778179688,-0.0001375451853522
2014-03-11,267.0,270.0,267.0,270.0,900.0,270.0,265.4,264.8,262.4,290.62666666666667,289.175,False,False,False,False,False,False,False,False,False,False,False,0.1555555555555555,-0.0592592592592592,,,0.0281481481481482,-0.076395061728395,-0.1111111111111111,-0.0592592592592592,-0.0042666421984677,-0.0271903323262839,304.0,310.0,9.0,-0.0039634146341464,0.00074353951101,-0.0034900318741188
2014-03-12,266.0,266.0,262.0,262.0,1400.0,262.0,265.2,264.9,260.84,289.6933333333333,289.135,False,False,False,False,False,False,False,False,False,True,False,0.0229007633587786,-0.0458015267175572,,,0.0044274809160306,-0.1056997455470737,-0.0763358778625954,-0.0305343511450381,-0.0032217977631518,-0.0286900717251791,304.0,311.0,1.5555555555555556,-0.0059806778101518,-0.0020172631760054,0.0010448444353158
2014-03-13,265.0,265.0,260.0,261.0,1000.0,261.0,264.6,264.6,259.64,288.7333333333333,289.09,False,False,False,False,False,False,False,False,False,False,False,0.0344827586206896,-0.0114942528735632,,,0.0052107279693487,-0.1062579821200509,-0.0727969348659003,-0.0268199233716475,-0.0033248672362042,-0.0287226001511716,304.0,306.0,0.7142857142857143,-0.0046217840086272,0.0013588938015245,-0.0001030694730523
2014-03-14,260.0,265.0,258.0,265.0,1600.0,265.0,264.8,265.1,259.96,288.05333333333334,289.065,False,False,False,False,False,False,True,False,True,False,False,0.0113207547169811,-0.0566037735849056,,,0.0190188679245283,-0.0869937106918239,-0.0792452830188679,-0.0415094339622641,-0.0023606739492684,-0.032440588457186,300.0,308.0,1.6,0.0012309586090167,0.005852742617644,0.0009641932869357
2014-03-17,264.0,274.0,256.0,256.0,6500.0,256.0,262.8,263.8,260.28,287.32,288.975,False,False,False,False,False,False,True,False,False,True,False,-0.015625,-0.03515625,,,-0.0167187499999998,-0.1223437499999999,-0.05078125,-0.0078125,-0.0025523226135784,-0.0326004548900683,305.0,315.0,4.0625,0.0012294452128476,-1.5133961690694166e-06,-0.0001916486643099
2014-03-18,268.0,336.0,268.0,312.0,171000.0,312.0,271.2,268.3,262.72,287.37333333333333,289.145,False,False,False,False,False,False,True,True,False,False,True,-0.1858974358974359,-0.2083333333333333,,,0.1579487179487178,0.0789316239316239,-0.2275641025641025,-0.1826923076923076,0.0001855890131304,-0.0506895266492732,303.0,308.0,26.307692307692307,0.0092874543239953,0.0080580091111476,0.0027379116267088
2014-03-19,291.0,292.0,265.0,268.0,72400.0,268.0,272.4,268.8,263.32,286.7733333333333,289.235,False,False,False,False,False,False,True,False,False,True,False,-0.0671641791044776,-0.0708955223880597,,,0.0174626865671642,-0.070049751243781,-0.0895522388059701,-0.044776119402985,-0.002092244746141,-0.052827380952381,303.0,306.0,0.4233918128654971,0.0022785963846269,-0.0070088579393683,-0.0022778337592715
2014-03-20,267.0,270.0,257.0,270.0,15200.0,270.0,274.2,269.4,263.64,286.28,289.375,False,False,False,False,False,False,True,False,False,True,False,-0.0444444444444444,-0.0703703703703703,,,0.0235555555555556,-0.0602962962962961,-0.0925925925925925,-0.0444444444444444,-0.0017232546225141,-0.0549368968077208,310.0,304.0,0.2099447513812154,0.0012137763617053,-0.0010648200229216,0.0003689901236269
2014-03-24,270.0,270.0,256.0,268.0,6900.0,268.0,274.8,269.8,263.84,285.7333333333333,289.46,False,False,False,False,False,False,True,False,False,True,False,-0.0671641791044776,-0.0783582089552238,,,0.0155223880597015,-0.0661691542288555,-0.0783582089552238,-0.0410447761194029,-0.0019132057862809,-0.0548554484803558,313.0,296.0,0.4539473684210526,0.0007580351728319,-0.0004557411888733,-0.0001899511637668
2014-03-25,267.0,267.0,251.0,252.0,12800.0,252.0,274.0,268.4,263.64,284.9066666666667,289.39,False,False,False,False,False,False,False,False,False,True,False,-0.0198412698412698,-0.0198412698412698,,,-0.0461904761904761,-0.1305820105820107,-0.0238095238095238,0.0119047619047619,-0.0029015350056156,-0.0495529061102831,310.0,296.0,1.855072463768116,-0.0007586102260658,-0.0015166453988977,-0.0009883292193346
2014-03-26,261.0,261.0,251.0,254.0,2900.0,254.0,262.4,266.8,263.84,284.1333333333333,289.27,False,False,False,False,False,False,True,False,False,False,False,-0.0275590551181102,-0.0314960629921259,,,-0.0387401574803148,-0.1186351706036745,0.0905511811023622,0.0078740157480314,-0.0027217268887847,-0.043103448275862,307.0,296.0,0.2265625,0.0007580351728319,0.0015166453988977,0.0001798081168308
2014-03-27,251.0,252.0,248.0,250.0,1100.0,250.0,258.8,265.6,263.76,283.3333333333333,289.13,False,False,False,False,False,False,False,False,False,True,False,-0.004,-0.024,,,-0.0550399999999999,-0.1333333333333332,0.048,0.044,-0.0028235294117647,-0.036144578313253,303.0,294.0,0.3793103448275862,-0.00030330603579,-0.001061341208622,-0.00010180252298
2014-03-28,254.0,258.0,250.0,258.0,4500.0,258.0,256.4,265.3,263.8,282.70666666666665,289.03,False,False,False,False,False,False,True,False,False,False,False,-0.0271317829457364,-0.0542635658914728,,,-0.0224806201550388,-0.0957622739018087,-0.0232558139534883,0.0232558139534883,-0.0022166674527189,-0.0312853373539389,296.0,294.0,4.090909090909091,0.0001516300227445,0.0004549360585346,0.0006068619590457
2014-03-31,257.0,258.0,249.0,250.0,4300.0,250.0,252.8,263.8,263.4,281.8666666666667,288.98,False,False,False,False,False,False,False,False,False,True,False,-0.012,-0.032,,,-0.0535999999999999,-0.1274666666666667,-0.008,0.036,-0.002980132450331,-0.0238817285822593,300.0,289.0,0.9555555555555556,-0.0015186028853456,-0.0016702329080901,-0.000763464997612
2014-04-01,257.0,257.0,238.0,247.0,21000.0,247.0,251.8,262.9,263.24,281.0133333333333,288.89,False,False,False,False,False,False,False,False,False,False,False,0.0,-0.0121457489878542,,,-0.065748987854251,-0.1377058029689608,-0.0242914979757085,0.0404858299595141,-0.003036629341431,-0.01939901103081,297.0,282.0,4.883720930232558,-0.0006078103631665,0.000910792522179,-5.649689110004451e-05
2014-04-02,247.0,250.0,242.0,247.0,6100.0,247.0,250.4,256.4,262.72,280.17333333333335,288.77,False,False,False,False,False,False,False,False,False,True,False,-0.0040485829959514,-0.0283400809716599,,,-0.0636437246963563,-0.1343049932523617,-0.0364372469635627,0.0445344129554655,-0.0029981440060913,0.0066302652106086,296.0,286.0,0.2904761904761905,-0.0019792935444579,-0.0013714831812913,3.848533533970392e-05
2014-04-03,247.0,249.0,246.0,249.0,1500.0,249.0,250.2,254.5,262.24,279.3466666666667,288.765,False,False,False,False,False,False,False,False,False,False,False,-0.0200803212851405,-0.0281124497991967,,,-0.0531726907630522,-0.1218741633199465,-0.0240963855421686,0.0441767068273092,-0.0029592859529377,0.0157170923379174,301.0,294.0,0.2459016393442623,-0.00183038438072,0.0001489091637378,3.8858053153617046e-05
2014-04-04,248.0,253.0,245.0,251.0,3000.0,251.0,248.8,252.6,261.72,278.61333333333334,288.85,False,False,False,False,False,False,False,False,False,True,False,-0.0278884462151394,-0.0358565737051792,,,-0.0427091633466136,-0.1100132802124834,-0.0318725099601593,0.0278884462151394,-0.0026320826952527,0.0233570863024544,291.0,297.0,2.0,-0.0019868561821793,-0.0001564718014593,0.000327203257685
2014-04-07,247.0,251.0,247.0,247.0,2100.0,247.0,248.2,250.5,261.2,277.8,288.93,False,False,False,False,False,False,False,False,False,True,False,-0.020242914979757,-0.0121457489878542,,,-0.05748987854251,-0.1246963562753036,-0.0323886639676113,0.0728744939271255,-0.0029277657787376,0.0351297405189621,257.0,296.0,0.7,-0.0019908116385912,-3.955456411907331e-06,-0.0002956830834849
2014-04-08,247.0,249.0,246.0,247.0,3400.0,247.0,248.2,250.0,260.32,276.8933333333333,288.915,False,False,False,False,False,False,False,False,False,True,False,-0.0121457489878542,-0.0161943319838056,,,-0.0539271255060728,-0.1210256410256409,-0.0404858299595141,0.117408906882591,-0.003274425771657,0.0455999999999999,248.0,300.0,1.619047619047619,-0.0033804548248309,-0.0013896431862396,-0.0003466599929193
2014-04-09,250.0,250.0,246.0,246.0,1800.0,246.0,248.0,249.2,259.48,276.06666666666666,288.945,False,False,False,False,False,False,False,False,False,False,False,-0.024390243902439,-0.0203252032520325,,,-0.0547967479674797,-0.1222222222222222,-0.0365853658536585,0.073170731707317,-0.0029944457860419,0.0521669341894061,251.0,304.0,0.5294117647058824,-0.0032372437182055,0.0001432111066254,0.000279979985615
2014-04-10,249.0,249.0,241.0,244.0,2600.0,244.0,247.0,248.6,258.72,275.24,289.005,False,False,False,False,False,False,False,False,False,False,False,-0.0081967213114754,0.0,,,-0.0603278688524591,-0.1280327868852459,-0.040983606557377,0.0860655737704918,-0.0030034394225645,0.0563153660498794,253.0,304.0,1.4444444444444444,-0.0029375386518243,0.0002997050663812,-8.993636522530973e-06
2014-04-11,244.0,245.0,241.0,244.0,800.0,244.0,245.6,247.2,257.92,274.44,288.665,False,False,False,False,False,False,False,False,False,True,False,-0.0081967213114754,0.0040983606557377,,,-0.0570491803278689,-0.1247540983606557,-0.0450819672131147,0.0655737704918032,-0.0029150269639994,0.0606796116504854,262.0,304.0,0.3076923076923077,-0.0031017369727047,-0.0001641983208804,8.84124585650444e-05
2014-04-14,244.0,245.0,239.0,242.0,3400.0,242.0,244.6,246.4,257.04,273.72,287.915,False,False,False,False,False,False,False,False,False,True,False,0.0082644628099173,0.0206611570247933,,,-0.0621487603305786,-0.1310743801652893,-0.0371900826446281,0.0661157024793388,-0.0026304252520823,0.0637175324675325,263.0,300.0,4.25,-0.0034235916588857,-0.0003218546861809,0.0002846017119171
2014-04-15,244.0,244.0,243.0,244.0,900.0,244.0,244.0,246.1,256.16,273.02666666666664,286.775,False,False,False,False,False,False,False,False,False,True,False,-0.0040983606557377,0.0081967213114754,,,-0.0498360655737705,-0.1189617486338796,-0.0122950819672131,0.0573770491803278,-0.0025394344874739,0.0654205607476635,257.0,305.0,0.2647058823529412,-0.0034353529044347,-1.176124554895172e-05,9.099076460837184e-05
2014-04-16,248.0,248.0,240.0,240.0,2200.0,240.0,242.8,245.4,254.96,272.28,286.015,False,False,False,False,False,False,False,False,False,True,False,0.0041666666666666,0.1541666666666666,,,-0.0623333333333333,-0.1344999999999999,0.0208333333333333,0.0708333333333333,-0.0027422751089564,0.0680521597392013,249.0,303.0,2.4444444444444446,-0.0047066206463759,-0.0012712677419412,-0.0002028406214825
2014-04-17,241.0,242.0,238.0,242.0,1200.0,242.0,242.4,244.7,254.16,271.58666666666664,285.475,False,False,False,False,False,False,False,False,False,False,False,0.0082644628099173,0.0826446280991735,,,-0.0502479338842975,-0.1222589531680439,0.0289256198347107,0.0371900826446281,-0.0025528990132063,0.0674295055169595,252.0,303.0,0.5454545454545454,-0.0031476235442241,0.0015589971021518,0.0001893760957501
2014-04-18,242.0,242.0,242.0,242.0,100.0,242.0,242.0,243.8,253.4,270.8933333333333,285.02,False,False,False,False,False,False,False,False,False,False,False,0.012396694214876,0.0413223140495867,,,-0.0471074380165289,-0.1193939393939393,0.0082644628099173,0.012396694214876,-0.0025594329871535,0.0660377358490564,257.0,310.0,0.0833333333333333,-0.0029992107340173,0.0001484128102068,-6.533973947272197e-06
2014-04-21,242.0,244.0,242.0,244.0,200.0,244.0,242.4,243.5,252.56,270.2933333333333,284.65,False,False,False,False,False,False,False,False,False,True,False,0.0122950819672131,0.0163934426229508,,,-0.0350819672131147,-0.1077595628415298,0.0040983606557377,-0.0163934426229508,-0.0022198105761642,0.0570841889117042,260.0,313.0,2.0,-0.0033259423503326,-0.0003267316163152,0.0003396224109893
2014-04-22,240.0,243.0,240.0,243.0,2500.0,243.0,242.2,243.1,252.04,269.7733333333333,284.315,False,False,False,False,False,False,False,False,False,False,False,0.0123456790123456,-0.0082304526748971,,,-0.0372016460905349,-0.1101783264746226,0.0082304526748971,-0.0041152263374485,-0.0019275441111055,0.0448375154257507,251.0,310.0,12.5,-0.0020631645770513,0.0012627777732813,0.0002922664650586
2014-04-23,241.0,243.0,241.0,241.0,700.0,241.0,242.4,242.6,249.2,269.17333333333335,284.27,False,False,False,False,False,False,False,False,False,True,False,0.1493775933609958,-0.0124481327800829,,,-0.0340248962655601,-0.1169017980636238,0.0373443983402489,0.0456431535269709,-0.0022290469585891,0.0420445177246497,260.0,307.0,0.28,-0.0113964686998395,-0.0093333041227881,-0.0003015028474835
2014-04-24,245.0,245.0,244.0,244.0,700.0,244.0,242.8,242.6,248.24,268.50666666666666,283.84,False,False,False,False,False,False,False,False,False,False,False,0.0737704918032786,-0.0040983606557377,,,-0.0173770491803279,-0.1004371584699453,0.0122950819672131,-0.0081967213114754,-0.0024828682093555,0.0325638911788953,261.0,303.0,1.0,-0.0038672252658716,0.0075292434339678,-0.0002538212507663
2014-04-25,246.0,246.0,245.0,245.0,700.0,245.0,243.4,242.7,247.24,267.81333333333333,283.515,False,False,False,False,False,False,False,False,False,True,False,0.0285714285714285,-0.0081632653061224,,,-0.0091428571428571,-0.0931156462585034,0.0244897959183673,0.0163265306122449,-0.0025888678681668,0.0276060980634528,264.0,296.0,1.0,-0.0040446529687752,-0.0001774277029036,-0.0001059996588113
2014-04-28,248.0,248.0,244.0,247.0,1400.0,247.0,244.0,243.2,246.4,267.16,283.335,False,False,False,False,True,False,False,False,False,False,True,0.0040485829959514,-0.0323886639676113,,,0.0024291497975708,-0.0816194331983806,0.020242914979757,0.0121457489878542,-0.002445475869641,0.022203947368421,260.0,300.0,2.0,-0.0034090909090909,0.0006355620596843,0.0001433919985257
2014-04-30,249.0,261.0,243.0,246.0,11900.0,246.0,244.6,243.4,246.16,266.44,282.75,False,False,False,False,False,False,False,False,False,False,False,-0.0203252032520325,-0.0365853658536585,,,-0.000650406504065,-0.0830894308943089,0.0284552845528455,0.016260162601626,-0.0027022969524096,0.0180772391125719,269.0,297.0,8.5,-0.0009749756256093,0.0024341152834815,-0.0002568210827685
2014-05-01,250.0,326.0,250.0,277.0,385200.0,277.0,251.8,247.1,247.08,266.08,282.555,False,False,False,False,False,False,True,False,True,False,True,-0.1407942238267148,-0.1444043321299639,,,0.1080144404332129,0.0394223826714802,-0.0866425992779783,-0.075812274368231,-0.0013529765484065,0.0024281667341157,267.0,296.0,32.36974789915966,0.0037234903674923,0.0046984659931017,0.0013493204040031
2014-05-02,269.0,271.0,246.0,262.0,68700.0,262.0,255.4,249.1,247.56,265.52,282.1,False,False,False,False,False,False,True,False,False,True,False,-0.0725190839694656,-0.1068702290076335,,,0.0551145038167938,-0.0134351145038167,-0.0458015267175572,-0.0458015267175572,-0.0021090689966857,-0.0060216780409474,263.0,301.0,0.1783489096573208,0.0019389238972369,-0.0017845664702553,-0.0007560924482792
2014-05-07,262.0,262.0,252.0,252.0,18900.0,252.0,256.8,250.1,247.32,264.82666666666665,281.66,False,False,False,False,False,False,False,False,False,True,False,-0.0357142857142857,-0.0753968253968253,,,0.0185714285714286,-0.0508994708994708,0.0039682539682539,0.0198412698412698,-0.0026180646460577,-0.0051979208316672,264.0,291.0,0.2751091703056768,-0.0009704027171276,-0.0029093266143646,-0.000508995649372
2014-05-08,254.0,254.0,248.0,248.0,9800.0,248.0,257.0,250.5,247.24,264.1333333333333,281.1,False,False,False,False,False,False,False,False,False,False,False,-0.0362903225806451,-0.0604838709677419,,,0.0030645161290322,-0.0650537634408601,0.0201612903225806,0.0362903225806451,-0.0026249369005552,0.0,264.0,257.0,0.5185185185185185,-0.0003235722375019,0.0006468304796256,-6.872254497476259e-06
2014-05-09,247.0,248.0,240.0,241.0,11400.0,241.0,256.0,250.3,247.0,263.28,280.545,False,False,False,False,False,True,False,False,False,True,False,-0.0165975103734439,0.0,,,-0.0248962655601659,-0.0924481327800828,0.0539419087136929,0.0456431535269709,-0.0032411627671427,0.0047942469037154,266.0,248.0,1.163265306122449,-0.0009716599190283,-0.0006480876815264,-0.0006162258665875
2014-05-12,241.0,250.0,237.0,238.0,10700.0,238.0,248.2,250.0,246.64,262.41333333333336,280.045,False,False,False,False,False,False,False,False,False,True,False,-0.0042016806722689,0.0294117647058823,,,-0.0363025210084033,-0.102577030812325,0.0630252100840336,0.0798319327731092,-0.0033026777094657,0.008,270.0,251.0,0.9385964912280702,-0.0014596172559196,-0.0004879573368912,-6.151494232300644e-05
2014-05-13,238.0,247.0,238.0,243.0,1700.0,243.0,244.4,249.9,246.4,261.61333333333334,279.62,False,False,False,False,False,False,False,False,False,False,False,-0.037037037037037,0.0246913580246913,,,-0.0139917695473251,-0.0765980795610425,0.0576131687242798,0.0905349794238683,-0.0030579481168136,0.0176070428171268,262.0,253.0,0.1588785046728972,-0.0009740259740258,0.0004855912818937,0.0002447295926521
2014-05-14,239.0,244.0,235.0,243.0,3500.0,243.0,242.6,249.7,246.08,260.72,279.225,False,False,False,False,False,False,False,False,False,True,False,-0.0411522633744856,0.0041152263374485,,,-0.0126748971193416,-0.0729218106995885,0.0576131687242798,0.0864197530864197,-0.0034264089188912,0.0244293151782139,261.0,262.0,2.0588235294117645,-0.001300390117035,-0.0003263641430091,-0.0003684608020775
2014-05-15,246.0,246.0,237.0,239.0,4000.0,239.0,240.8,248.9,245.76,259.7333333333333,278.865,False,False,False,False,False,False,False,False,False,True,False,-0.0251046025104602,0.0251046025104602,,,-0.0282845188284518,-0.0867503486750347,0.0836820083682008,0.1087866108786611,-0.003798767967146,0.0337484933708316,265.0,263.0,1.1428571428571428,-0.0013020833333334,-1.693216298338492e-06,-0.0003723590482548
2014-05-16,242.0,242.0,235.0,237.0,4200.0,237.0,240.0,248.0,245.36,258.76,278.495,False,False,False,False,False,False,False,False,False,True,False,0.0168776371308016,0.0337552742616033,,,-0.0352742616033755,-0.0918143459915611,0.1265822784810126,0.1181434599156118,-0.0037615293450815,0.0435483870967742,256.0,257.0,1.05,-0.0016302575806976,-0.0003281742473642,3.723862206451078e-05
2014-05-19,243.0,243.0,237.0,237.0,500.0,237.0,239.8,244.0,245.0,257.82666666666665,278.125,False,False,False,False,False,False,False,False,False,False,False,0.0337552742616033,0.0548523206751054,,,-0.0337552742616033,-0.0878762306610407,0.0970464135021097,0.1181434599156118,-0.0036200031028598,0.0643442622950819,312.0,249.0,0.119047619047619,-0.001469387755102,0.0001608698255955,0.0001415262422217
2014-05-20,237.0,237.0,233.0,234.0,2700.0,234.0,238.0,241.2,244.6,256.9066666666667,277.785,False,False,False,False,False,False,False,False,False,True,False,0.0641025641025641,0.0555555555555555,,,-0.0452991452991452,-0.097891737891738,0.0982905982905982,0.1111111111111111,-0.0035810670541829,0.0808457711442786,268.0,252.0,5.4,-0.0016353229762878,-0.0001659352211857,3.8936048676875296e-05
2014-05-21,235.0,235.0,233.0,233.0,1100.0,233.0,236.0,239.3,244.16,256.06666666666666,277.44,False,False,False,False,False,False,False,False,False,True,False,0.0472103004291845,0.0772532188841201,,,-0.0478969957081544,-0.0989985693848354,0.1072961373390558,0.1158798283261802,-0.0032803957302786,0.0906811533639782,270.0,257.0,0.4074074074074074,-0.0018020969855832,-0.0001667740092953,0.0003006713239042
2014-05-22,233.0,233.0,233.0,233.0,100.0,233.0,234.8,237.8,243.8,255.1733333333333,277.1,False,False,False,False,False,False,False,False,False,False,False,0.0515021459227467,0.0815450643776824,,,-0.0463519313304721,-0.0951645207439198,0.0858369098712446,0.1244635193133047,-0.0035008882850873,0.0996635828427249,268.0,260.0,0.0909090909090909,-0.0014766201804757,0.0003254768051074,-0.0002204925548086
2014-05-23,235.0,242.0,235.0,241.0,1100.0,241.0,235.6,237.8,243.68,254.42666666666668,276.845,False,False,False,False,False,False,False,False,False,False,False,0.0165975103734439,0.0497925311203319,,,-0.0111203319502074,-0.0557123098201936,0.0539419087136929,0.0871369294605809,-0.0029347028613351,0.1038687973086626,252.0,251.0,11.0,-0.0004924491135916,0.0009841710668841,0.0005661854237521
2014-05-26,242.0,245.0,242.0,245.0,3200.0,245.0,237.2,238.5,243.88,253.74666666666667,276.545,False,False,False,False,True,False,True,False,False,False,True,0.0204081632653061,0.0326530612244898,,,0.0045714285714285,-0.0357006802721088,0.036734693877551,0.0530612244897959,-0.0026798381587935,0.1010482180293502,254.0,260.0,2.909090909090909,0.000820075446941,0.0013125245605326,0.0002548647025416
2014-05-27,252.0,252.0,238.0,249.0,3200.0,249.0,240.2,239.1,244.16,253.0533333333333,276.275,False,False,False,False,False,False,True,False,False,False,False,-0.0080321285140562,0.0040160642570281,,,0.019437751004016,-0.0162784471218205,0.0200803212851405,0.0281124497991967,-0.002739870383055,0.0945211208699288,250.0,261.0,1.0,0.0011467889908256,0.0003267135438846,-6.00322242614729e-05
2014-05-28,250.0,252.0,242.0,244.0,3100.0,244.0,242.4,239.2,244.24,252.42666666666668,276.07,False,False,False,False,False,False,True,False,False,True,False,0.0286885245901639,0.0368852459016393,,,-0.000983606557377,-0.0345355191256831,0.040983606557377,0.0655737704918032,-0.0024825691950136,0.0923913043478261,258.0,264.0,0.96875,0.0003275466754012,-0.0008192423154243,0.0002573011880414
2014-05-29,243.0,245.0,243.0,245.0,2100.0,245.0,244.8,239.8,244.28,252.26666666666668,275.83,False,False,False,False,False,False,True,False,False,True,True,0.0285714285714285,0.0326530612244898,,,0.002938775510204,-0.0296598639455782,0.036734693877551,0.0530612244897959,-0.0006342494714587,0.0867389491242702,250.0,260.0,0.6774193548387096,0.0001637465203864,-0.0001638001550148,0.0018483197235548
2014-05-30,252.0,252.0,245.0,245.0,2500.0,245.0,245.6,240.6,244.36,252.22666666666663,275.67,False,False,False,False,False,False,True,False,False,False,False,0.0326530612244898,0.036734693877551,,,0.0026122448979591,-0.0294965986394556,0.036734693877551,0.0530612244897959,-0.0001585875138766,0.0802161263507896,247.0,269.0,1.1904761904761905,0.0003273858241938,0.0001636393038074,0.0004756619575821
2014-06-02,245.0,251.0,245.0,250.0,6100.0,250.0,246.6,241.9,244.72,252.2133333333333,275.625,False,False,False,False,False,False,True,False,True,False,False,0.012,0.012,,,0.02112,-0.0088533333333332,0.02,0.032,-5.28652992175455e-05,0.0715171558495245,247.0,267.0,2.44,0.0014710689767897,0.0011436831525958,0.000105722214659
2014-06-03,255.0,255.0,247.0,247.0,1700.0,247.0,246.2,243.2,244.84,252.13333333333333,275.53,False,False,False,False,False,False,True,False,False,True,False,0.0121457489878542,0.0404858299595141,,,0.008744939271255,-0.0207827260458839,0.0364372469635627,0.0364372469635627,-0.0003172924378635,0.0641447368421053,249.0,263.0,0.2786885245901639,0.0004901159941186,-0.0009809529826711,-0.0002644271386459
2014-06-04,247.0,251.0,245.0,251.0,600.0,251.0,247.6,245.0,245.08,251.98666666666668,275.51,False,False,False,False,False,False,True,False,False,False,False,0.0079681274900398,0.0239043824701195,,,0.0235856573705178,-0.0039309428950863,0.0278884462151394,0.0239043824701195,-0.0005820413778506,0.0551020408163265,251.0,264.0,0.3529411764705882,0.0009792720744247,0.000489156080306,-0.0002647489399871
2014-06-05,252.0,252.0,251.0,252.0,1300.0,252.0,249.0,246.9,245.28,251.84,275.48,False,False,False,False,False,False,True,False,False,True,False,0.0039682539682539,0.0277777777777777,,,0.0266666666666666,0.0006349206349206,0.0198412698412698,0.0317460317460317,-0.0005823803473104,0.0461725394896719,247.0,264.0,2.1666666666666665,0.000815394651011,-0.0001638774234136,-3.389694598946412e-07
2014-06-06,250.0,253.0,248.0,253.0,3300.0,253.0,250.6,248.1,245.56,251.78666666666663,275.385,False,False,False,False,False,False,True,False,False,False,False,0.0039525691699604,0.0553359683794466,,,0.0294071146245059,0.0047957839262188,0.0079051383399209,0.0118577075098814,-0.0002118195297607,0.0386940749697702,247.0,266.0,2.5384615384615383,0.0011402508551881,0.0003248562041771,0.0003705608175497
2014-06-09,254.0,254.0,249.0,253.0,2800.0,253.0,251.2,248.9,244.6,251.84,275.335,False,False,False,False,False,False,False,True,False,True,False,0.0,0.0276679841897233,,,0.033201581027668,0.0045849802371541,0.0118577075098814,0.0197628458498023,0.0002117746717494,0.0353555644837283,246.0,270.0,0.8484848484848485,-0.0039247751430907,-0.0050650259982789,0.0004235942015101
2014-06-10,254.0,254.0,250.0,250.0,1800.0,250.0,251.8,249.0,244.12,251.81333333333333,275.3,False,False,False,False,False,False,False,False,False,False,False,0.028,0.028,,,0.0235199999999999,-0.0072533333333333,0.044,0.02,-0.0001058985491898,0.0345381526104418,244.0,262.0,0.6428571428571429,-0.0019662461084712,0.0019585290346195,-0.0003176732209392
2014-06-11,253.0,253.0,250.0,253.0,3000.0,253.0,252.2,249.9,244.16,251.76,275.22,False,False,False,False,False,False,True,False,False,False,True,0.0158102766798418,0.0197628458498023,,,0.0349407114624506,0.004901185770751,0.0434782608695652,0.0118577075098814,-0.0002118419658934,0.0292116846738694,244.0,261.0,1.6666666666666667,0.0001638269986893,0.0021300731071605,-0.0001059434167035
2014-06-12,250.0,253.0,250.0,253.0,300.0,253.0,252.4,250.7,244.36,251.66666666666663,275.09,False,False,False,False,False,False,True,False,False,False,False,0.0237154150197628,0.0,,,0.0341501976284584,0.0052700922266141,0.0237154150197628,0.0869565217391304,-0.0003708609271524,0.0327084164339848,242.0,265.0,0.1,0.0008184645604846,0.0006546375617952,-0.0001590189612589
2014-06-13,253.0,254.0,250.0,254.0,4800.0,254.0,252.6,251.6,244.88,251.70666666666668,275.01,False,False,False,False,False,False,True,True,True,False,False,0.0511811023622047,0.0,,,0.0359055118110236,0.009028871391076,0.0118110236220472,0.2086614173228346,0.0001589151393157,0.048489666136725,244.0,256.0,16.0,0.002123489055864,0.0013050244953794,0.0005297760664682
2014-06-16,254.0,258.0,250.0,253.0,4400.0,253.0,252.6,251.9,245.48,251.6133333333333,274.945,False,False,False,False,False,False,True,False,False,False,False,0.0276679841897233,0.0039525691699604,,,0.0297233201581028,0.0054808959156785,0.0197628458498023,0.150197628458498,-0.0003709395368556,0.0603414053195713,240.0,312.0,0.9166666666666666,0.0024441909727879,0.0003207019169239,-0.0005298546761714
2014-06-17,259.0,259.0,251.0,257.0,3400.0,257.0,254.0,252.9,246.04,251.56,274.935,False,False,False,False,False,False,True,False,False,True,False,0.0,-0.0116731517509727,,,0.0426459143968871,0.0211673151750972,0.0116731517509727,0.0778210116731517,-0.0002120103885089,0.0644523527085804,242.0,268.0,0.7727272727272727,0.0022760526743619,-0.000168138298426,0.0001589291483466
2014-06-18,257.0,257.0,257.0,257.0,100.0,257.0,254.8,253.5,246.6,251.46666666666667,274.89,False,False,False,False,False,False,True,False,False,True,False,0.0038910505836575,-0.0116731517509727,,,0.0404669260700389,0.0215304798962386,0.0038910505836575,0.0194552529182879,-0.0003711558854718,0.0639053254437869,242.0,270.0,0.0294117647058823,0.0022708840227088,-5.168651653052105e-06,-0.0001591454969629
2014-06-19,253.0,274.0,251.0,259.0,12900.0,259.0,256.0,254.2,247.4,251.4533333333333,274.855,False,False,False,False,False,False,True,False,False,False,False,-0.0231660231660231,-0.0193050193050193,,,0.0447876447876447,0.0291377091377091,0.0231660231660231,0.0154440154440154,-5.302508086331312e-05,0.0621557828481511,244.0,268.0,129.0,0.0032336297493937,0.0009627457266848,0.0003181308046085
2014-06-20,266.0,270.0,261.0,267.0,3000.0,267.0,258.6,255.6,248.6,251.42666666666668,274.86,False,False,False,False,False,False,True,False,False,False,False,-0.048689138576779,-0.048689138576779,,,0.0689138576779026,0.0583270911360798,0.0337078651685393,-0.0636704119850187,-0.000106061409556,0.0539906103286384,243.0,252.0,0.2325581395348837,0.0048270313757038,0.0015934016263101,-5.303632869272341e-05
2014-06-23,269.0,269.0,260.0,260.0,1000.0,260.0,260.0,256.3,249.52,251.3333333333333,274.8,False,False,False,False,False,False,True,False,False,True,False,-0.023076923076923,-0.0192307692307692,,,0.0403076923076922,0.0333333333333334,0.0153846153846153,-0.0461538461538461,-0.000371352785146,0.0472103004291844,241.0,254.0,0.3333333333333333,0.0036870791920487,-0.001139952183655,-0.0002652913755899
2014-06-24,261.0,262.0,253.0,257.0,4700.0,257.0,260.0,257.0,250.44,251.25333333333333,274.795,False,False,False,False,False,False,True,False,False,True,False,-0.0116731517509727,-0.0038910505836575,,,0.0255252918287937,0.0223605706874189,0.0311284046692607,-0.0272373540856031,-0.0003184037359371,0.0424124513618676,244.0,250.0,4.7,0.0036735345791406,-1.3544612908134718e-05,5.294904920889824e-05
2014-06-25,257.0,261.0,253.0,258.0,3000.0,258.0,260.2,257.5,251.44,251.1733333333333,274.795,False,True,False,False,False,False,True,False,False,False,False,-0.0155038759689922,0.0,,,0.0254263565891472,0.0264599483204135,0.0077519379844961,-0.0581395348837209,-0.0003185051491666,0.0353398058252428,245.0,258.0,0.6382978723404256,0.0039770919503658,0.0003035573712252,-1.0141322952304625e-07
2014-06-26,265.0,265.0,252.0,253.0,5300.0,253.0,259.0,257.5,252.24,251.02666666666667,274.7,False,False,False,False,False,False,True,False,False,True,False,0.0039525691699604,0.0158102766798418,,,0.0030039525691699,0.0077997364953886,0.0197628458498023,-0.0474308300395256,-0.0005842672757209,0.022135922330097,247.0,250.0,1.7666666666666666,0.0031715826197272,-0.0008055093306386,-0.0002657621265543
2014-06-27,259.0,259.0,252.0,254.0,3200.0,254.0,256.4,257.5,252.76,250.86666666666667,274.67,False,False,False,False,False,False,True,False,False,True,False,0.0,0.0039370078740157,,,0.0048818897637795,0.0123359580052493,0.0157480314960629,-0.0354330708661417,-0.0006377889981397,-0.0019417475728155,246.0,247.0,0.6037735849056604,0.0020572875454976,-0.0011142950742296,-5.352172241880799e-05
2014-06-30,255.0,255.0,253.0,254.0,2100.0,254.0,255.2,257.6,253.12,250.6533333333333,274.625,False,False,False,False,False,False,True,False,False,True,False,0.0039370078740157,0.0078740157480314,,,0.0034645669291338,0.0131758530183728,0.0118110236220472,-0.0157480314960629,-0.000851109101548,-0.0182453416149068,277.0,247.0,0.65625,0.0014222503160556,-0.0006350372294419,-0.0002133201034083
2014-07-01,255.0,255.0,254.0,254.0,500.0,254.0,254.6,257.3,253.32,250.54666666666665,274.545,False,False,False,False,False,False,True,False,False,True,False,0.0078740157480314,0.0275590551181102,,,0.0026771653543307,0.0135958005249344,-0.0118110236220472,-0.0157480314960629,-0.0004257357245489,-0.0275942479595803,262.0,249.0,0.238095238095238,0.000789515237644,-0.0006327350784116,0.0004253733769991
2014-07-02,254.0,259.0,254.0,254.0,3100.0,254.0,253.8,257.0,253.72,250.4533333333333,274.495,False,False,False,False,False,False,True,False,True,False,False,0.0157480314960629,0.0393700787401574,,,0.0011023622047244,0.0139632545931759,-0.0354330708661417,-0.0275590551181102,-0.0003726575809199,-0.032295719844358,252.0,251.0,6.2,0.0015765410688948,0.0007870258312508,5.307814362900596e-05
2014-07-03,254.0,254.0,253.0,254.0,800.0,254.0,254.0,256.5,254.08,250.30666666666667,274.38,False,False,False,False,False,False,True,False,False,True,False,0.0118110236220472,0.0196850393700787,,,-0.0003149606299213,0.0145406824146981,-0.0551181102362204,0.0039370078740157,-0.0005859479039044,-0.0335282651072124,248.0,247.0,0.2580645161290322,0.0014168765743073,-0.0001596644945875,-0.0002132903229845
2014-07-04,257.0,257.0,254.0,254.0,500.0,254.0,254.0,255.2,254.44,250.28,274.27,False,False,False,False,False,False,True,False,False,True,False,0.0039370078740157,0.0118110236220472,,,-0.0017322834645669,0.0146456692913385,-0.0472440944881889,-0.0196850393700787,-0.0001065473336529,-0.0289968652037616,241.0,247.0,0.625,0.0014148718754912,-2.0046988161415667e-06,0.0004794005702514
2014-07-07,254.0,256.0,254.0,255.0,1100.0,255.0,254.2,254.7,254.64,249.52,274.17,False,False,False,False,False,False,True,False,False,True,False,0.0039215686274509,0.0117647058823529,,,0.0014117647058824,0.0214901960784313,-0.0117647058823529,-0.0078431372549019,-0.0030458480282141,-0.0251276010993324,238.0,246.0,2.2,0.0007854225573358,-0.0006294493181554,-0.0029393006945611
2014-07-08,256.0,278.0,256.0,256.0,12400.0,256.0,254.6,254.6,255.0,249.36,273.915,False,False,False,False,False,False,True,False,True,False,False,0.01953125,0.015625,,,0.00390625,0.0259374999999999,-0.0546875,-0.00390625,-0.0006416426050689,-0.0227808326787116,243.0,244.0,11.272727272727272,0.0014117647058824,0.0006263421485466,0.0024042054231451
2014-07-09,260.0,262.0,258.0,258.0,1400.0,258.0,255.4,254.6,255.28,249.2,273.705,False,False,False,False,False,False,True,False,False,True,False,0.0232558139534883,0.0,,,0.0105426356589147,0.0341085271317829,-0.0348837209302325,-0.0155038759689922,-0.0006420545746389,-0.0184603299293008,243.0,244.0,0.1129032258064516,0.00109683484801,-0.0003149298578723,-4.119695699817761e-07
2014-07-10,259.0,262.0,256.0,257.0,3200.0,257.0,256.0,255.0,255.48,249.0533333333333,273.54,False,False,False,False,False,False,True,False,False,True,False,0.0077821011673151,0.0311284046692607,,,0.0059143968871595,0.0309208819714657,-0.0272373540856031,-0.0038910505836575,-0.0005888966218748,-0.0141176470588235,239.0,242.0,2.2857142857142856,0.0007828401440425,-0.0003139947039674,5.315795276407691e-05
2014-07-11,256.0,256.0,255.0,255.0,400.0,255.0,256.2,255.1,255.56,249.09333333333333,273.355,False,False,False,False,False,False,True,True,False,True,False,0.0078431372549019,0.0823529411764705,,,-0.0021960784313725,0.0231633986928104,-0.0196078431372549,0.0,0.0001605823787603,-0.0105840846726773,237.0,244.0,0.125,0.0003130380341211,-0.0004698021099213,0.0007494790006352
2014-07-14,257.0,257.0,256.0,256.0,900.0,256.0,256.4,255.3,255.68,249.12,273.185,False,False,False,False,False,False,True,True,False,False,False,0.0078125,0.03125,,,0.0012499999999999,0.0268749999999999,0.0,0.01171875,0.0001070434596446,-0.0078339208773991,237.0,240.0,2.25,0.0004693366708385,0.0001562986367173,-5.353891911575375e-05
2014-07-15,264.0,264.0,257.0,261.0,1800.0,261.0,257.4,256.0,256.12,249.26666666666668,273.02,False,False,False,False,False,False,True,True,True,False,True,-0.003831417624521,0.0153256704980842,,,0.0186973180076628,0.0449553001277138,-0.0421455938697318,-0.0229885057471264,0.0005883926183471,-0.0085937499999999,234.0,242.0,2.0,0.0017179447134155,0.001248608042577,0.0004813491587025
2014-07-16,266.0,271.0,264.0,264.0,6000.0,264.0,258.6,257.0,256.56,249.34666666666664,272.85,False,False,False,False,False,False,True,True,False,True,False,-0.0227272727272727,-0.0151515151515151,,,0.0281818181818181,0.0555050505050506,-0.0265151515151515,-0.0227272727272727,0.0003208384578363,-0.0081712062256809,233.0,242.0,3.333333333333333,0.0017149984409104,-2.946272505078163e-06,-0.0002675541605108
2014-07-17,259.0,259.0,259.0,259.0,700.0,259.0,259.0,257.5,256.8,249.46666666666667,272.685,False,False,False,False,False,False,True,True,False,True,False,0.0231660231660231,-0.0038610038610038,,,0.0084942084942084,0.0368082368082368,-0.0077220077220077,0.0077220077220077,0.0004810261892037,-0.0077669902912621,233.0,244.0,0.1166666666666666,0.0009345794392523,-0.0007804190016581,0.0001601877313674
2014-07-18,259.0,260.0,257.0,257.0,2500.0,257.0,259.4,257.8,256.92,249.6,272.51,False,False,False,False,False,False,True,True,False,True,False,0.0739299610894941,0.0038910505836575,,,0.0003112840466925,0.0287937743190661,-0.0194552529182879,0.0311284046692607,0.000534188034188,-0.0027152831652443,241.0,243.0,3.571428571428572,0.0004670714619336,-0.0004675079773186,5.3161844984237286e-05
2014-07-22,257.0,259.0,257.0,258.0,800.0,258.0,259.8,258.1,257.12,249.74666666666667,272.37,False,False,False,False,False,False,True,True,False,False,False,0.0232558139534883,-0.003875968992248,,,0.0034108527131782,0.0319896640826873,-0.003875968992248,0.0387596899224806,0.000587261758582,0.0019372336303758,245.0,241.0,0.32,0.0007778469197261,0.0003107754577924,5.307372439406085e-05
2014-07-23,259.0,260.0,259.0,260.0,300.0,260.0,259.6,258.5,257.24,249.8933333333333,272.24,False,False,False,False,False,False,True,True,False,True,False,0.0192307692307692,-0.0346153846153846,,,0.0106153846153845,0.0388717948717949,0.0192307692307692,0.1076923076923077,0.0005869170846226,0.0131528046421662,249.0,244.0,0.375,0.000466490436946,-0.00031135648278,-3.446739593711626e-07
2014-07-24,263.0,264.0,258.0,258.0,2000.0,258.0,258.4,258.5,257.28,249.98666666666668,272.125,False,False,False,False,False,False,True,True,False,True,False,0.0077519379844961,-0.0503875968992248,,,0.0027906976744187,0.0310594315245477,0.0232558139534883,0.0503875968992248,0.0003733532455065,0.0197292069632496,244.0,245.0,6.666666666666667,0.0001554726368157,-0.0003110178001302,-0.0002135638391161
2014-07-25,266.0,267.0,265.0,265.0,3000.0,265.0,259.6,259.3,257.52,250.22666666666663,272.02,False,False,False,False,False,False,True,True,False,False,True,-0.0264150943396226,-0.0943396226415094,,,0.0282264150943396,0.0557484276729561,0.0,0.0830188679245283,0.0009591303884476,0.0285383725414576,245.0,247.0,1.5,0.0009319664492078,0.000776493812392,0.000585777142941
2014-07-28,275.0,280.0,267.0,276.0,10900.0,276.0,263.4,261.4,257.88,250.6133333333333,271.95,False,False,False,False,False,False,True,True,False,False,False,-0.0652173913043478,-0.1231884057971014,,,0.0656521739130435,0.0919806763285024,-0.0398550724637681,0.0289855072463768,0.0015428814641413,0.0313695485845449,245.0,246.0,3.633333333333333,0.0013959981386692,0.0004640316894613,0.0005837510756937
2014-07-29,276.0,276.0,260.0,264.0,4500.0,264.0,264.6,262.2,258.04,250.85333333333327,271.62,False,False,False,False,False,False,True,True,False,True,False,-0.0265151515151515,-0.0454545454545454,,,0.0225757575757575,0.04979797979798,0.0037878787878787,0.0151515151515151,0.0009567343467628,0.0316552250190694,250.0,277.0,0.4128440366972477,0.0006200589055961,-0.000775939233073,-0.0005861471173785
2014-07-30,267.0,267.0,265.0,265.0,700.0,265.0,265.6,262.6,258.36,251.13333333333333,271.42,False,False,False,False,False,False,True,True,True,False,False,-0.0528301886792452,-0.0867924528301886,,,0.0250566037735848,0.0523270440251572,-0.0188679245283018,0.0188679245283018,0.0011149455800373,0.0357958872810357,247.0,262.0,0.1555555555555555,0.0012385818238117,0.0006185229182155,0.0001582112332745
2014-07-31,268.0,269.0,260.0,260.0,1900.0,260.0,266.0,262.2,258.44,251.34666666666664,271.3,False,False,False,False,False,False,True,True,False,True,False,-0.0576923076923076,-0.0423076923076923,,,0.006,0.0332820512820514,0.0,0.0076923076923076,0.0008487613389209,0.0389016018306635,251.0,252.0,2.7142857142857144,0.0003095496053241,-0.0009290322184875,-0.0002661842411164
2014-08-01,259.0,259.0,256.0,258.0,1500.0,258.0,264.6,262.1,258.64,251.56,271.16,False,False,False,False,False,False,True,True,False,False,False,-0.0697674418604651,-0.0310077519379844,,,-0.0024806201550387,0.0249612403100775,0.0155038759689922,0.0348837209302325,0.0008480415540362,0.0415871804654711,252.0,248.0,0.7894736842105263,0.0007732755954221,0.0004637259900979,-7.197848846384478e-07
2014-08-04,258.0,258.0,258.0,258.0,500.0,258.0,261.0,262.2,258.8,251.74666666666667,271.11,False,False,False,False,False,False,True,True,False,True,False,-0.0620155038759689,-0.0310077519379844,,,-0.0031007751937984,0.0242377260981912,0.0155038759689922,0.0348837209302325,0.0007414861500979,0.041952707856598,253.0,241.0,0.3333333333333333,0.0006182380216384,-0.0001550375737837,-0.0001065554039382
2014-08-05,257.0,257.0,257.0,257.0,300.0,257.0,259.6,262.1,258.92,251.97333333333333,271.06,False,False,False,False,False,False,True,True,False,True,False,-0.0194552529182879,-0.0038910505836575,,,-0.0074708171206226,0.0195590142671854,0.0038910505836575,0.0544747081712062,0.0008995660916498,0.0434948492941624,253.0,238.0,0.6,0.0004634636181059,-0.0001547744035324,0.0001580799415518
2014-08-06,257.0,257.0,251.0,251.0,3700.0,251.0,256.8,261.2,258.8,252.09333333333333,270.965,False,False,False,False,False,False,False,True,False,True,False,-0.0358565737051792,-0.0039840637450199,,,-0.0310756972111554,-0.0043559096945551,0.0199203187250996,0.0876494023904382,0.0004760141746443,0.0413476263399694,250.0,243.0,12.333333333333334,-0.0004636785162287,-0.0009271421343347,-0.0004235519170055
2014-08-07,251.0,252.0,245.0,245.0,8800.0,245.0,253.8,259.9,258.44,252.13333333333333,270.875,False,False,False,False,False,False,False,True,False,True,False,0.0163265306122449,0.0489795918367346,,,-0.0548571428571428,-0.0291156462585033,0.0612244897959183,0.1469387755102041,0.0001586462189317,0.0504040015390535,253.0,243.0,2.3783783783783785,-0.0013929732239591,-0.0009292947077304,-0.0003173679557125
2014-08-08,246.0,246.0,234.0,240.0,3900.0,240.0,250.2,257.4,257.88,252.08,270.66,False,False,False,False,False,False,False,False,False,True,False,0.0416666666666666,0.0708333333333333,,,-0.0744999999999999,-0.0503333333333333,0.075,0.175,-0.0002115730455939,0.0586635586635587,253.0,239.0,0.4431818181818182,-0.002171552660152,-0.0007785794361928,-0.0003702192645256
2014-08-11,241.0,242.0,239.0,242.0,1700.0,242.0,247.0,254.0,257.4,252.06666666666663,270.445,False,False,False,False,False,False,False,False,False,False,False,0.0330578512396694,0.0413223140495867,,,-0.0636363636363635,-0.0415977961432505,0.0661157024793388,0.140495867768595,-5.289605924376376e-05,0.0696850393700787,254.0,237.0,0.4358974358974359,-0.0018648018648019,0.00030675079535,0.0001586769863501
2014-08-12,241.0,252.0,240.0,252.0,1900.0,252.0,246.0,252.8,257.28,252.2133333333333,270.29,False,False,False,False,False,False,False,True,False,False,False,0.0158730158730158,0.0198412698412698,,,-0.0209523809523808,-0.0008465608465607,0.0238095238095238,0.123015873015873,0.0005815182913935,0.0806962025316454,253.0,237.0,1.1176470588235294,-0.0004664179104477,0.0013983839543541,0.0006344143506373
2014-08-13,249.0,249.0,239.0,242.0,3600.0,242.0,244.2,250.5,256.72,252.18666666666667,270.1,False,False,False,False,False,False,False,False,False,True,False,0.0330578512396694,0.0950413223140495,,,-0.0608264462809918,-0.0420936639118457,0.0578512396694214,0.1735537190082644,-0.0001057417785766,0.0962075848303394,257.0,234.0,1.894736842105263,-0.002181364911187,-0.0017149470007392,-0.0006872600699701
2014-08-14,249.0,249.0,244.0,249.0,2300.0,249.0,245.0,249.4,256.36,252.24,269.945,False,False,False,False,False,False,False,True,False,False,False,0.0321285140562249,0.0602409638554216,,,-0.0295582329317269,-0.0130120481927711,0.0321285140562249,0.1244979919678714,0.0002114388413151,0.1082598235765836,257.0,233.0,0.6388888888888888,-0.0014042752379466,0.0007770896732403,0.0003171806198918
2014-08-15,249.0,253.0,249.0,250.0,4000.0,250.0,247.0,248.6,256.08,252.28,269.815,False,False,False,False,False,False,False,True,False,False,False,0.028,0.06,,,-0.0243199999999999,-0.00912,0.04,0.128,0.0001585539876327,0.1178600160901045,259.0,233.0,1.7391304347826086,-0.0010934083099032,0.0003108669280434,-5.288485368242521e-05
2014-08-18,254.0,254.0,250.0,250.0,2200.0,250.0,248.6,247.8,255.88,252.3333333333333,269.685,False,False,False,False,False,False,False,True,False,False,False,0.008,0.06,,,-0.0235199999999999,-0.0093333333333332,0.024,0.12,0.0002113606340818,0.1267150928167876,267.0,241.0,0.55,-0.0007816163826793,0.0003117919272239,5.280664644906525e-05
2014-08-19,253.0,256.0,253.0,256.0,1800.0,256.0,249.4,247.7,255.88,252.0533333333333,269.565,False,False,False,False,True,False,False,False,False,False,False,0.00390625,0.03515625,,,0.00046875,0.0154166666666667,0.0078125,0.08984375,-0.0011108760050782,0.1303996770286637,260.0,245.0,0.8181818181818182,0.0,0.0007816163826793,-0.0013222366391601
2014-08-20,257.0,257.0,249.0,250.0,2400.0,250.0,251.0,247.6,255.44,251.8933333333333,269.38,False,False,False,False,False,False,False,False,False,True,False,0.06,0.04,,,-0.0217599999999999,-0.0075733333333332,0.02,0.124,-0.0006351894982002,0.1340872374798062,257.0,249.0,1.3333333333333333,-0.0017225180081428,-0.0017225180081428,0.000475686506878
2014-08-21,256.0,257.0,255.0,257.0,600.0,257.0,252.6,248.8,255.16,251.96,269.235,False,False,False,False,False,False,False,True,False,False,True,0.0272373540856031,0.0116731517509727,,,0.0071595330739299,0.0196108949416342,-0.0038910505836575,0.0583657587548638,0.0002645922633223,0.1249999999999998,258.0,244.0,0.25,-0.001097350681925,0.0006251673262177,0.0008997817615226
2014-08-22,255.0,258.0,255.0,257.0,700.0,257.0,254.0,250.5,255.08,252.08,269.02,False,False,False,False,False,False,False,True,False,False,False,0.0311284046692607,0.0194552529182879,,,0.0074708171206225,0.0191439688715952,0.0700389105058365,0.0817120622568093,0.0004760393525864,0.1157684630738523,253.0,245.0,1.1666666666666667,-0.0003136270973811,0.0007837235845439,0.0002114470892641
2014-08-25,260.0,275.0,249.0,252.0,8100.0,252.0,254.4,251.5,254.88,252.22666666666663,268.78,False,False,False,False,False,False,False,True,False,True,False,0.0515873015873015,0.0396825396825396,,,-0.0114285714285714,-0.0008994708994707,0.2182539682539682,0.0952380952380952,0.0005814875508799,0.1113320079522862,254.0,245.0,11.571428571428571,-0.0007846829880728,-0.0004710558906917,0.0001054481982934
2014-08-26,257.0,258.0,251.0,257.0,5100.0,257.0,254.6,252.0,254.84,252.48,268.665,False,False,False,False,False,False,False,True,False,False,False,0.0311284046692607,0.0038910505836575,,,0.0084046692607003,0.0175875486381323,0.1322957198443579,0.0428015564202334,0.0010033798056612,0.1031746031746031,254.0,250.0,0.6296296296296297,-0.000156961230576,0.0006277217574968,0.0004218922547813
2014-08-27,260.0,265.0,252.0,265.0,2900.0,265.0,257.6,254.3,255.04,252.7733333333333,268.545,False,False,False,False,False,False,True,True,False,False,False,-0.0188679245283018,-0.0339622641509433,,,0.0375849056603773,0.0461383647798742,0.0452830188679245,0.0150943396226415,0.0011604599641311,0.0872984663782933,254.0,247.0,0.5686274509803921,0.0007841907151818,0.0009411519457579,0.0001570801584699
2014-08-28,265.0,265.0,264.0,264.0,700.0,264.0,259.0,255.8,255.28,253.0533333333333,268.46,False,False,False,False,False,False,True,True,False,False,False,-0.0151515151515151,-0.0151515151515151,,,0.033030303030303,0.0414646464646465,-0.0075757575757575,0.0037878787878787,0.0011064861162337,0.0750586395621578,254.0,251.0,0.2413793103448276,0.0009401441554372,0.0001559534402553,-5.397384789745745e-05
2014-08-29,265.0,265.0,265.0,265.0,600.0,265.0,260.6,257.3,255.28,253.4,268.39,False,False,False,False,False,False,False,True,False,True,False,-0.0113207547169811,-0.0264150943396226,,,0.0366792452830188,0.0437735849056603,-0.0075471698113207,-0.0075471698113207,0.0013680610365694,0.0614069179945589,254.0,252.0,0.8571428571428571,0.0,-0.0009401441554372,0.0002615749203356
2014-09-01,265.0,265.0,259.0,265.0,1800.0,265.0,263.2,258.8,254.84,253.7733333333333,268.305,False,False,False,False,False,False,False,True,False,True,False,-0.0113207547169811,-0.0264150943396226,,,0.0383396226415094,0.0423647798742139,-0.0566037735849056,-0.0150943396226415,0.0014711290915776,0.0479134466769705,254.0,253.0,3.0,-0.0017265735363365,-0.0017265735363365,0.0001030680550082
2014-09-03,265.0,265.0,265.0,265.0,600.0,265.0,264.8,259.7,254.88,254.14666666666668,268.225,False,False,False,False,False,False,True,True,False,False,False,-0.0264150943396226,-0.0264150943396226,,,0.038188679245283,0.0409559748427672,-0.0641509433962264,0.0037735849056603,0.001468968049945,0.0392760877936079,255.0,253.0,0.3333333333333333,0.0001569365976145,0.001883510133951,-2.1610416326485905e-06
2014-09-04,260.0,265.0,260.0,260.0,2600.0,260.0,263.8,260.7,254.68,254.4933333333333,268.08,False,False,False,False,False,False,False,True,False,True,False,-0.0153846153846153,-0.0153846153846153,,,0.0204615384615384,0.0211794871794872,-0.0384615384615384,0.023076923076923,0.0013621836852306,0.0295358649789029,256.0,250.0,4.333333333333333,-0.0007852991989947,-0.0009422357966093,-0.0001067843647143
2014-09-05,260.0,261.0,260.0,260.0,2500.0,260.0,263.0,261.0,254.68,254.85333333333327,267.935,False,False,True,False,False,False,False,True,False,False,False,0.0,-0.0115384615384615,,,0.0204615384615384,0.019794871794872,-0.0653846153846153,0.05,0.0014125771685673,0.028735632183908,258.0,253.0,0.9615384615384616,0.0,0.0007852991989947,5.0393483336709554e-05
2014-09-08,262.0,262.0,262.0,262.0,100.0,262.0,262.4,261.5,254.84,255.24,267.855,False,False,False,False,False,False,True,True,False,False,False,-0.015267175572519,-0.0076335877862595,,,0.0273282442748091,0.0258015267175572,-0.0801526717557251,0.0305343511450381,0.0015149140678057,0.0237093690248565,257.0,253.0,0.04,0.0006278449223041,0.0006278449223041,0.0001023368992383
2014-09-09,262.0,262.0,262.0,262.0,200.0,262.0,261.8,262.5,255.0,255.52,267.75,False,False,False,False,False,False,True,True,False,True,False,-0.015267175572519,-0.0229007633587786,,,0.0267175572519083,0.0247328244274808,-0.0648854961832061,0.0114503816793893,0.0010958046336881,0.0156190476190477,255.0,254.0,2.0,0.0006274509803921,-3.939419120340544e-07,-0.0004191094341175
2014-09-10,262.0,262.0,256.0,258.0,700.0,258.0,260.4,262.6,255.04,255.69333333333333,267.225,False,False,False,False,False,False,True,True,False,True,False,0.0,0.0,,,0.0114728682170542,0.0089405684754522,-0.0310077519379844,0.0465116279069767,0.0006778953955258,0.0159939070830159,256.0,253.0,3.5,0.0001568381430363,-0.0004706128373557,-0.0004179092381623
2014-09-12,257.0,257.0,256.0,256.0,2300.0,256.0,259.6,261.7,255.24,255.78666666666663,266.845,False,False,False,False,False,False,True,True,False,False,False,0.0,-0.00390625,,,0.0029687499999999,0.0008333333333334,-0.0234375,0.0546875,0.0003648874061717,0.0198700802445547,261.0,257.0,3.2857142857142856,0.0007835762419684,0.000626738098932,-0.0003130079893541
2014-09-16,263.0,263.0,257.0,260.0,900.0,260.0,259.6,261.3,255.84,256.0,266.48,False,False,False,False,False,False,True,True,True,False,False,-0.0115384615384615,-0.0153846153846153,,,0.0159999999999999,0.0153846153846153,-0.05,0.0384615384615384,0.0008333333333334,0.0233448143895903,264.0,257.0,0.391304347826087,0.0023452157598498,0.0015616395178814,0.0004684459271617
2014-09-17,268.0,268.0,258.0,258.0,1300.0,258.0,258.8,260.6,256.56,256.17333333333335,266.19,True,True,False,False,False,False,True,True,False,False,False,0.0077519379844961,0.065891472868217,,,0.0055813953488372,0.007080103359173,-0.0116279069767441,0.0620155038759689,0.0006766252016864,0.0303146584804296,259.0,259.0,1.4444444444444444,0.0028063610851262,0.0004611453252763,-0.000156708131647
2014-09-18,266.0,266.0,258.0,258.0,1200.0,258.0,258.0,259.9,257.2,256.3466666666667,265.925,False,False,False,False,False,False,True,True,False,True,False,-0.0077519379844961,0.189922480620155,,,0.0031007751937984,0.00640826873385,-0.0348837209302325,0.0581395348837209,0.000676167689587,0.0377068103116583,257.0,267.0,0.9230769230769232,0.0024883359253498,-0.0003180251597764,-4.575120993407286e-07
2014-09-19,260.0,260.0,258.0,258.0,600.0,258.0,258.0,259.2,257.44,256.4533333333333,265.675,False,False,False,False,False,False,True,True,False,True,False,0.0,0.127906976744186,,,0.0021705426356589,0.0059948320413437,-0.0193798449612403,0.0542635658914728,0.000415930123739,0.0428240740740741,258.0,260.0,0.5,0.0009322560596644,-0.0015560798656854,-0.000260237565848
2014-09-22,257.0,257.0,256.0,256.0,700.0,256.0,258.0,258.8,258.0,256.5733333333333,265.39,False,False,False,False,False,False,True,True,True,False,False,-0.00390625,0.08203125,,,-0.0078125,-0.0022395833333332,-0.00390625,0.04296875,0.0004677025411838,0.0448222565687788,260.0,257.0,1.1666666666666667,0.0021705426356589,0.0012382865759945,5.177241744476962e-05
2014-09-24,257.0,257.0,257.0,257.0,100.0,257.0,257.4,258.5,258.32,256.6533333333333,265.14,False,False,False,False,False,False,True,True,False,True,False,-0.0038910505836575,0.0194552529182879,,,-0.0051361867704279,0.001348897535668,-0.0116731517509727,0.0505836575875486,0.00031170450413,0.0448742746615087,258.0,258.0,0.1428571428571428,0.0012387736141219,-0.0009317690215369,-0.0001559980370538
2014-09-25,258.0,270.0,253.0,260.0,8800.0,260.0,257.8,258.3,258.72,256.76,264.895,False,False,False,False,False,False,True,True,False,False,False,0.0576923076923076,0.0115384615384615,,,0.0049230769230768,0.0124615384615384,-0.0153846153846153,0.0384615384615384,0.0004154333489121,0.0456833139759969,265.0,253.0,88.0,0.0015460729746445,0.0003072993605225,0.0001037288447821
2014-09-26,265.0,265.0,255.0,256.0,2300.0,256.0,257.4,257.7,258.96,256.8,264.605,False,False,False,False,False,False,True,True,False,True,False,0.19921875,-0.0234375,,,-0.0115624999999999,-0.003125,-0.00390625,0.0625,0.0001557632398754,0.0508343034536283,276.0,254.0,0.2613636363636363,0.0009267840593139,-0.0006192889153305,-0.0002596701090366
2014-09-29,256.0,258.0,255.0,258.0,1400.0,258.0,257.4,257.7,259.04,256.8666666666667,264.335,False,False,False,False,False,False,True,True,False,True,False,0.127906976744186,-0.0387596899224806,,,-0.004031007751938,0.0043927648578811,0.003875968992248,0.065891472868217,0.0002595380223202,0.0527745440434614,264.0,254.0,0.6086956521739131,0.000308832612724,-0.0006179514465899,0.0001037747824447
2014-09-30,260.0,260.0,254.0,255.0,2400.0,255.0,257.2,257.6,259.24,256.93333333333334,264.06,False,False,False,False,False,False,True,True,False,False,False,0.0862745098039215,-0.0196078431372549,,,-0.0166274509803921,-0.0075816993464052,0.0,0.0784313725490196,0.0002594706798131,0.0551242236024844,265.0,254.0,1.7142857142857142,0.0007714858818083,0.0004626532690842,-6.734250708879648e-08
2014-10-01,256.0,260.0,256.0,256.0,800.0,256.0,257.0,257.2,259.2,256.97333333333336,263.815,False,False,False,False,False,False,False,True,False,True,False,0.0234375,-0.05078125,,,-0.0124999999999999,-0.0038020833333334,0.0078125,0.08203125,0.0001556581746485,0.0594867807153966,260.0,254.0,0.3333333333333333,-0.0001543209876543,-0.0009258068694627,-0.0001038125051646
2014-10-02,256.0,336.0,255.0,275.0,408600.0,275.0,260.0,258.9,259.92,257.26666666666665,263.625,False,False,False,True,True,False,True,True,True,False,True,-0.0436363636363636,-0.1236363636363636,,,0.0548363636363635,0.0644848484848485,-0.0509090909090909,-0.0072727272727272,0.001140191759523,0.0521436848203939,258.0,254.0,510.75,0.0027700831024931,0.0029244040901475,0.0009845335848744
2014-10-03,267.0,355.0,254.0,307.0,631500.0,307.0,270.2,263.8,262.12,257.97333333333336,263.605,False,False,False,False,False,False,True,True,False,False,False,-0.1856677524429967,-0.2019543973941368,,,0.1461889250814332,0.1596959826275786,-0.1368078175895765,-0.1042345276872964,0.0027393012197644,0.0333586050037907,258.0,254.0,1.5455212922173274,0.0083931023958491,0.005623019293356,0.0015991094602414
2014-10-06,316.0,338.0,286.0,291.0,147300.0,291.0,276.8,267.1,263.48,258.48,263.51,False,False,False,False,False,False,True,True,False,True,False,-0.1477663230240549,-0.140893470790378,,,0.0945704467353951,0.1117525773195875,-0.0790378006872852,-0.0687285223367697,0.0019601774476426,0.020217147135904,257.0,255.0,0.2332541567695962,0.0051616821011082,-0.0032314202947408,-0.0007791237721218
2014-10-07,292.0,292.0,275.0,277.0,51600.0,277.0,281.2,269.2,263.96,258.74666666666667,263.34,False,False,False,False,False,False,True,True,False,True,False,-0.0974729241877256,-0.0974729241877256,,,0.0470758122743683,0.0658965102286401,0.03971119133574,-0.0180505415162454,0.0010306090899721,0.0141158989598811,251.0,256.0,0.35030549898167,0.0018184573420213,-0.0033432247590869,-0.0009295683576704
2014-10-08,270.0,271.0,260.0,262.0,41500.0,262.0,282.4,269.7,263.88,258.81333333333333,263.12,False,False,False,False,False,False,False,True,False,True,False,-0.0725190839694656,-0.0572519083969465,,,-0.0071755725190839,0.0121628498727735,0.0343511450381679,0.3435114503816794,0.0002575859048992,0.0426399703374119,245.0,258.0,0.8042635658914729,-0.0003031681067151,-0.0021216254487364,-0.0007730231850728
2014-10-09,266.0,270.0,263.0,263.0,24500.0,263.0,280.0,270.0,263.8,258.8666666666667,262.895,False,False,False,False,False,False,False,True,False,True,False,-0.0836501901140684,-0.0304182509505703,,,-0.003041825095057,0.0157160963244613,0.091254752851711,0.6425855513307985,0.0002060262683492,0.1014814814814814,240.0,257.0,0.5903614457831325,-0.0003032600454889,-9.1938773833216e-08,-5.155963655002256e-05
2014-10-10,261.0,265.0,250.0,250.0,31100.0,250.0,268.6,269.4,263.2,258.64,262.57,False,False,False,False,False,False,False,False,False,True,False,-0.02,-0.004,,,-0.0527999999999999,-0.0345599999999999,0.136,1.048,-0.0008763790081452,0.1930215293244246,242.0,255.0,1.2693877551020407,-0.0022796352583587,-0.0019763752128698,-0.0010824052764944
2014-10-14,251.0,258.0,244.0,248.0,21000.0,248.0,260.0,268.4,262.52,258.48,262.27,False,False,False,False,False,False,False,False,False,True,False,0.0080645161290322,0.0201612903225806,,,-0.0585483870967741,-0.0422580645161291,0.0806451612903225,1.467741935483871,-0.0006190034045186,0.3230253353204175,252.0,256.0,0.6752411575562701,-0.0025902788358982,-0.0003106435775394,0.0002573756036266
2014-10-15,255.0,255.0,246.0,250.0,6300.0,250.0,254.6,267.9,262.12,258.38666666666666,261.99,False,False,False,False,False,False,False,False,False,False,False,0.0,0.02,,,-0.04848,-0.0335466666666666,0.08,1.848,-0.0003612157490067,0.4886151549085481,242.0,261.0,0.3,-0.001526018617427,0.0010642602184711,0.0002577876555118
2014-10-16,250.0,250.0,243.0,243.0,7300.0,243.0,250.8,266.6,261.44,258.18666666666667,261.685,False,False,False,False,False,False,False,False,False,True,False,0.0164609053497942,0.0452674897119341,,,-0.0758847736625514,-0.0624965706447187,0.0781893004115226,2.5473251028806585,-0.0007746333402189,0.715303825956489,249.0,264.0,1.1587301587301588,-0.0026009791921664,-0.0010749605747394,-0.0004134175912121
2014-10-17,245.0,248.0,241.0,241.0,5000.0,241.0,246.4,263.2,260.6,258.02666666666664,261.41,False,False,False,False,False,False,False,False,False,True,False,0.0580912863070539,0.0622406639004149,,,-0.0813278008298756,-0.0706500691562931,0.1078838174273859,3.821576763485477,-0.0006200909466722,1.0752279635258362,250.0,259.0,0.684931506849315,-0.0032233307751342,-0.0006223515829677,0.0001545423935466
2014-10-20,244.0,250.0,243.0,245.0,7900.0,245.0,245.4,257.0,259.92,257.9066666666667,261.155,False,False,False,False,False,False,False,False,False,False,False,0.0163265306122449,0.0408163265306122,,,-0.0608979591836735,-0.0526802721088436,0.0897959183673469,6.191836734693878,-0.0004652845990795,1.7038910505836575,250.0,257.0,1.58,-0.002616189596799,0.0006071411783351,0.0001548063475927
2014-10-21,253.0,253.0,248.0,250.0,2900.0,250.0,245.8,252.9,259.6,257.8533333333333,260.925,False,False,False,False,False,False,False,False,False,False,False,0.012,0.036,,,-0.0384,-0.0314133333333331,0.084,9.248,-0.0002068359274008,2.6536180308422304,256.0,258.0,0.3670886075949367,-0.0012326656394452,0.0013835239573537,0.0002584486716787
2014-10-22,252.0,252.0,247.0,250.0,1400.0,250.0,245.8,250.2,259.36,257.8,260.705,False,False,False,False,False,False,False,False,False,False,False,0.02,0.02,,,-0.03744,-0.0312,0.092,7.248,-0.0002068787173517,3.4084732214228617,250.0,260.0,0.4827586206896552,-0.0009253547193091,0.0003073109201361,-4.2789950921960647e-08
2014-10-23,248.0,249.0,245.0,247.0,4300.0,247.0,246.6,248.7,258.84,257.70666666666665,260.47,False,False,False,False,False,False,False,False,False,True,False,0.0283400809716599,0.0445344129554655,,,-0.0479352226720646,-0.0433468286099864,0.1376518218623481,5.323886639676114,-0.0003621688741722,3.921592279855248,257.0,258.0,3.071428571428572,-0.0020089630659868,-0.0010836083466777,-0.0001552901568205
2014-10-24,248.0,259.0,245.0,255.0,16700.0,255.0,249.4,247.9,258.72,257.72,260.3,False,False,False,False,False,False,False,True,False,False,False,0.0039215686274509,0.0235294117647058,,,-0.0145882352941177,-0.0106666666666667,0.1058823529411764,4.627450980392157,5.173573387155847e-05,4.3420734167002815,257.0,265.0,3.883720930232558,-0.0004638218923931,0.0015451411735937,0.0004139046080438
2014-10-27,255.0,257.0,247.0,249.0,11000.0,249.0,250.2,247.8,258.36,257.6533333333333,260.135,False,False,False,False,False,False,False,False,False,True,False,0.0240963855421686,0.0642570281124498,,,-0.0375903614457831,-0.0347523427041498,0.108433734939759,4.112449799196787,-0.0002587456013249,4.651331719128329,252.0,276.0,0.6586826347305389,-0.0013934045517882,-0.0009295826593951,-0.0003104813351965
2014-10-28,253.0,254.0,246.0,253.0,6600.0,253.0,250.8,248.3,258.16,257.62666666666667,259.97,False,False,False,False,False,False,False,False,False,False,True,0.0237154150197628,0.0592885375494071,,,-0.0203952569169961,-0.0182872200263504,0.1185770750988142,3.5573122529644268,-0.0001035089535243,4.857833266210229,257.0,264.0,0.6,-0.0007747133560582,0.00061869119573,0.0001552366478005
2014-10-29,253.0,255.0,252.0,255.0,1400.0,255.0,251.8,248.8,258.12,257.61333333333334,259.775,False,False,False,False,False,False,False,False,False,False,False,0.0,0.1294117647058823,,,-0.012235294117647,-0.0102483660130719,0.1137254901960784,3.247058823529412,-5.175715542669067e-05,4.995176848874598,265.0,265.0,0.2121212121212121,-0.0001549666821634,0.0006197466738948,5.1751798097695055e-05
2014-10-30,257.0,257.0,253.0,254.0,4800.0,254.0,253.2,249.9,258.0,257.56,259.56,False,False,False,False,False,False,False,False,False,True,False,0.0157480314960629,0.0669291338582677,,,-0.0157480314960629,-0.014015748031496,0.1023622047244094,3.141732283464567,-0.0002070714914324,5.044817927170867,264.0,260.0,3.4285714285714284,-0.0004651162790697,-0.0003101495969063,-0.0001553143360057
2014-10-31,255.0,256.0,250.0,256.0,2900.0,256.0,253.4,251.4,257.84,257.5466666666667,259.36,False,False,False,False,False,False,False,False,False,True,False,0.01953125,0.12109375,,,-0.0071874999999999,-0.0060416666666667,0.1015625,3.11328125,-5.177055290945799e-05,4.965393794749403,265.0,258.0,0.6041666666666666,-0.0006205398696867,-0.0001554235906169,0.0001553009385229
2014-11-04,259.0,260.0,252.0,255.0,5900.0,255.0,254.6,252.4,257.8,257.5466666666667,259.135,False,False,False,False,False,False,False,False,False,False,False,0.0392156862745098,0.1137254901960784,,,-0.0109803921568627,-0.0099869281045752,0.0980392156862745,3.0352941176470587,0.0,4.6513470681458005,265.0,258.0,2.034482758620689,-0.0001551590380138,0.0004653808316729,5.177055290945799e-05
2014-11-05,255.0,259.0,255.0,259.0,1500.0,259.0,255.8,253.3,257.84,257.58666666666664,258.91,False,False,False,False,True,False,True,True,False,False,False,0.0347490347490347,0.0347490347490347,,,0.0044787644787645,0.0054568854568855,0.0772200772200772,2.996138996138996,0.0001552875407628,4.028424792735886,265.0,257.0,0.2542372881355932,0.0001551349674215,0.0003102940054353,0.0001552875407628
2014-11-06,257.0,259.0,252.0,255.0,10300.0,255.0,255.8,253.8,257.84,257.50666666666666,258.665,False,False,False,False,False,False,False,False,False,True,False,0.1294117647058823,0.0588235294117647,,,-0.0111372549019606,-0.0098300653594771,0.1019607843137254,3.23921568627451,-0.0003106715683735,3.631993695823483,260.0,251.0,6.866666666666666,0.0,-0.0001551349674215,-0.0004659591091364
2014-11-07,254.0,260.0,253.0,258.0,6000.0,258.0,256.6,254.9,257.92,257.4266666666667,258.435,False,False,False,False,False,False,True,False,False,False,False,0.0503875968992248,0.0155038759689922,,,0.0003100775193797,0.0022222222222221,0.0542635658914728,2.852713178294574,-0.0003107681151913,3.389172224401726,260.0,245.0,0.5825242718446602,0.0003101736972706,0.0003101736972706,-9.654681774700065e-08
2014-11-10,252.0,261.0,252.0,261.0,8900.0,261.0,257.6,255.5,257.36,257.4533333333333,258.24,False,False,True,False,False,False,False,True,False,True,False,0.0996168582375478,0.0229885057471264,,,0.0139463601532566,0.0135887611749681,0.0651340996168582,2.524904214559387,0.0001035786420839,3.177299412915851,262.0,240.0,1.4833333333333334,-0.0021759403170655,-0.0024861140143362,0.0004143467572752
2014-11-11,260.0,266.0,259.0,265.0,7300.0,265.0,259.6,257.1,255.68,257.56,258.04,False,False,False,False,False,False,False,True,False,True,False,0.0716981132075471,0.0075471698113207,,,0.0351698113207546,0.0280754716981132,0.0415094339622641,2.4754716981132074,0.0004141429828648,3.014391287436794,262.0,242.0,0.8202247191011236,-0.0065707133917397,-0.0043947730746741,0.0003105643407809
2014-11-12,270.0,287.0,267.0,268.0,61200.0,268.0,261.4,258.6,254.76,257.6933333333333,257.865,False,False,False,False,False,False,False,True,False,False,False,0.0,0.0111940298507462,,,0.0494029850746269,0.038457711442786,0.0,2.2313432835820897,0.0005174108759765,2.8801237432327915,258.0,252.0,8.383561643835616,-0.0036112419532109,0.0029594714385287,0.0001032678931116
2014-11-13,300.0,300.0,271.0,288.0,94000.0,288.0,268.0,261.9,255.2,258.06666666666666,257.79,False,False,False,False,False,False,True,True,True,False,False,-0.0625,-0.0520833333333333,,,0.1138888888888889,0.1039351851851852,-0.0659722222222222,1.9201388888888888,0.0014466546112115,2.7388316151202754,256.0,242.0,1.5359477124183007,0.0017241379310344,0.0053353798842454,0.0009292437352349
2014-11-14,290.0,294.0,266.0,271.0,43100.0,271.0,270.6,263.6,255.56,258.24,257.595,False,False,False,False,False,False,True,True,False,True,False,-0.033210332103321,0.03690036900369,,,0.0569741697416974,0.0470848708487084,-0.022140221402214,1.9741697416974169,0.0006712102437009,2.6213960546282244,260.0,249.0,0.4585106382978723,0.0014086711535452,-0.0003154667774892,-0.0007754443675105
2014-11-17,272.0,287.0,266.0,287.0,13000.0,287.0,275.8,266.7,256.52,258.53333333333336,257.465,False,False,False,False,False,False,True,True,False,False,False,-0.0696864111498257,-0.0174216027874564,,,0.1062020905923345,0.0991869918699186,-0.0836236933797909,1.8954703832752613,0.0011346054667354,2.4960629921259847,258.0,250.0,0.3016241299303944,0.0037423982535474,0.0023337271000021,0.0004633952230344
2014-11-18,289.0,289.0,277.0,284.0,18300.0,284.0,279.6,269.6,257.88,258.64,257.335,False,False,False,False,False,False,True,True,False,False,False,-0.0598591549295774,-0.028169014084507,,,0.0919718309859155,0.0892957746478873,-0.0809859154929577,1.908450704225352,0.0004124136508916,2.383160237388724,258.0,250.0,1.4076923076923078,0.0052737707460835,0.0015313724925361,-0.0007221918158438
2014-11-19,284.0,284.0,262.0,268.0,19600.0,268.0,279.6,270.5,258.68,258.6933333333333,257.14,False,False,False,False,False,False,True,True,False,True,False,0.0111940298507462,0.0559701492537313,,,0.034776119402985,0.034726368159204,-0.0074626865671641,2.029850746268657,0.0002061643129574,2.289463955637708,258.0,256.0,1.0710382513661203,0.0030926240915417,-0.0021811466545417,-0.0002062493379342
2014-11-20,268.0,282.0,262.0,270.0,15700.0,270.0,276.0,272.0,259.48,258.76,256.975,True,True,False,False,False,False,True,True,False,True,False,0.0111111111111111,0.0518518518518518,,,0.0389629629629628,0.0416296296296296,-0.0148148148148148,1.851851851851852,0.0002576389962384,2.156985294117648,256.0,250.0,0.8010204081632653,0.0030830892554339,-9.53483610772847e-06,5.1474683280996726e-05
2014-11-21,270.0,270.0,262.0,262.0,5100.0,262.0,274.2,272.4,260.24,258.7866666666667,256.805,False,False,False,False,False,False,True,True,False,True,False,0.0725190839694656,0.0687022900763358,,,0.0067175572519083,0.0122646310432569,0.0419847328244274,1.916030534351145,0.0001030449791335,2.0679148311306905,257.0,257.0,0.3248407643312102,0.0029203811865969,-0.000162708068837,-0.0001545940171049
2014-11-25,265.0,273.0,262.0,267.0,11800.0,267.0,270.2,273.0,261.28,258.9066666666667,256.64,False,False,False,False,False,False,True,True,False,False,False,0.0561797752808988,0.0561797752808988,,,0.0214232209737828,0.0303121098626715,0.0112359550561797,1.99250936329588,0.0004634874858378,2.016849816849817,260.0,257.0,2.313725490196078,0.0039804041641149,0.001060022977518,0.0003604425067043
2014-11-26,270.0,270.0,263.0,267.0,4900.0,267.0,266.8,273.2,262.16,259.02666666666664,256.49,False,False,False,False,False,False,True,True,False,True,False,0.0337078651685393,0.048689138576779,,,0.0181273408239699,0.0298626716604245,-0.0074906367041198,1.8689138576779023,0.0004632727647087,1.9579062957540267,256.0,252.0,0.4152542372881356,0.0033567287152885,-0.0006236754488264,-2.147211291914715e-07
2014-11-27,270.0,278.0,267.0,271.0,10700.0,271.0,267.4,273.5,263.0,259.2133333333333,256.365,False,False,False,False,False,False,True,True,False,True,False,0.044280442804428,0.029520295202952,,,0.029520295202952,0.0434932349323494,-0.003690036900369,1.7158671586715868,0.0007201275654544,1.907129798903108,258.0,257.0,2.183673469387755,0.0031939163498097,-0.0001628123654787,0.0002568548007457
2014-11-28,277.0,305.0,268.0,273.0,55000.0,273.0,268.0,272.0,263.92,259.50666666666666,256.225,False,False,False,False,False,False,True,True,False,False,False,0.0402930402930402,0.0293040293040293,,,0.0332600732600732,0.0494261294261294,-0.0109890109890109,1.6923076923076923,0.001130349894672,1.8841911764705883,255.0,265.0,5.140186915887851,0.0034859048196423,0.0002919884698325,0.0004102223292175
2014-12-01,289.0,300.0,277.0,281.0,23700.0,281.0,271.8,273.0,265.28,259.9866666666667,256.175,False,False,False,False,False,False,True,True,False,False,True,-0.0035587188612099,-0.0320284697508896,,,0.0559430604982207,0.0747805456702253,-0.0391459074733096,1.704626334519573,0.0018462485255654,1.8567765567765568,256.0,264.0,0.4309090909090909,0.005126658624849,0.0016407538052066,0.0007158986308934
2014-12-02,297.0,297.0,282.0,282.0,21000.0,282.0,274.8,272.5,266.36,260.5466666666667,256.3,False,False,False,False,False,False,True,True,False,True,False,0.0,-0.0141843971631205,,,0.0554609929078013,0.0760756501182032,-0.0283687943262411,1.6595744680851063,0.0021493270559336,1.8322935779816512,275.0,265.0,0.8860759493670886,0.0040546628622917,-0.0010719957625572,0.0003030785303682
2014-12-03,290.0,291.0,276.0,276.0,6600.0,276.0,276.6,271.7,267.44,261.0,256.44,False,False,False,False,False,False,True,True,False,True,False,0.0144927536231884,0.0,,,0.0310144927536231,0.0543478260869565,-0.0108695652173913,1.6123188405797102,0.0017369093231161,1.8019874861980123,307.0,265.0,0.3142857142857143,0.0040382889620101,-1.6373900281677414e-05,-0.0004124177328175
2014-12-04,280.0,283.0,275.0,283.0,1300.0,283.0,279.0,273.2,268.64,261.41333333333336,256.6,False,False,False,False,False,False,True,True,False,False,True,-0.0141342756183745,-0.0530035335689045,,,0.0507420494699647,0.0762779740871612,-0.03886925795053,1.4770318021201414,0.0015811486279711,1.74597364568082,291.0,265.0,0.1969696969696969,0.0044669446098867,0.0004286556478766,-0.000155760695145
2014-12-05,280.0,284.0,279.0,284.0,1900.0,284.0,281.2,274.6,269.8,261.97333333333336,256.755,False,False,False,False,False,False,True,True,False,True,False,-0.0105633802816901,-0.0528169014084507,,,0.0499999999999999,0.0775586854460093,-0.0598591549295774,1.482394366197183,0.0021376221498371,1.7083029861616896,277.0,260.0,1.4615384615384617,0.004299481097109,-0.0001674635127777,0.000556473521866
2014-12-08,290.0,290.0,276.0,280.0,6200.0,280.0,281.0,276.4,270.84,262.38666666666666,256.845,False,False,False,False,False,False,True,True,False,True,False,-0.0285714285714285,-0.0535714285714285,,,0.0327142857142858,0.0629047619047619,-0.0357142857142857,1.625,0.0015752832969153,1.6801736613603473,262.0,260.0,3.263157894736842,0.0038399054792496,-0.0004595756178594,-0.0005623388529217
2014-12-09,284.0,284.0,274.0,282.0,3700.0,282.0,281.0,277.9,271.88,262.81333333333333,256.94,False,False,False,False,False,False,True,True,False,True,False,-0.0141843971631205,-0.0673758865248227,,,0.035886524822695,0.0680378250591016,-0.0425531914893617,1.6879432624113475,0.0016234589822941,1.6509535804246136,263.0,262.0,0.5967741935483871,0.0038252170075033,-1.468847174622206e-05,4.817568537882717e-05
2014-12-10,276.0,280.0,275.0,280.0,1800.0,280.0,281.8,279.2,272.88,263.2133333333333,257.055,False,False,False,False,False,False,True,True,False,True,False,-0.0142857142857142,-0.0678571428571428,,,0.0254285714285714,0.059952380952381,-0.0285714285714285,1.4821428571428572,0.0015196798541106,1.6131805157593124,250.0,262.0,0.4864864864864865,0.0036646144825564,-0.0001606025249469,-0.0001037791281835
2014-12-11,273.0,279.0,273.0,279.0,5800.0,279.0,281.0,280.0,273.68,263.52,257.205,False,False,False,False,False,False,True,True,False,True,False,-0.039426523297491,-0.046594982078853,,,0.0190681003584229,0.055483870967742,-0.014336917562724,1.4301075268817205,0.0011637320380489,1.5849999999999995,248.0,258.0,3.2222222222222223,0.002923121894183,-0.0007414925883734,-0.0003559478160616
2014-12-12,272.0,281.0,272.0,281.0,3800.0,281.0,280.4,280.8,274.72,263.93333333333334,257.35,False,False,False,False,False,False,True,True,False,False,False,-0.0427046263345195,-0.0533807829181494,,,0.0223487544483984,0.06073546856465,-0.0213523131672597,1.5053380782918149,0.0015660520333418,1.5665954415954415,250.0,256.0,0.6551724137931034,0.0037856726849156,0.0008625507907325,0.0004023199952928
2014-12-15,273.0,274.0,272.0,272.0,3200.0,272.0,278.8,279.9,275.28,264.1333333333333,257.425,False,False,False,False,False,False,True,True,False,True,False,-0.025735294117647,0.0036764705882352,,,-0.0120588235294116,0.028921568627451,0.0183823529411764,1.6286764705882353,0.0007571933366985,1.5587709896391573,243.0,260.0,0.8421052631578947,0.0020342923568728,-0.0017513803280428,-0.0008088586966432
2014-12-16,277.0,279.0,270.0,278.0,9500.0,278.0,278.0,279.5,275.96,264.41333333333336,257.515,False,False,False,False,False,False,True,True,False,False,False,-0.0539568345323741,-0.0287769784172661,,,0.0073381294964029,0.0488729016786569,-0.0179856115107913,1.9136690647482013,0.0010589481115426,1.5838998211091235,241.0,258.0,2.96875,0.0024641252355414,0.0004298328786686,0.000301754774844
2014-12-17,273.0,276.0,272.0,276.0,800.0,276.0,277.2,279.5,276.4,264.7333333333333,257.64,False,False,False,False,False,False,True,True,False,True,False,-0.0543478260869565,-0.0398550724637681,,,-0.0014492753623187,0.0408212560386474,-0.0036231884057971,1.8731884057971016,0.0012087635356331,1.6096601073345258,245.0,258.0,0.0842105263157894,0.0015918958031837,-0.0008722294323576,0.0001498154240904
2014-12-18,275.0,275.0,260.0,268.0,4300.0,268.0,275.0,278.0,276.4,264.88,257.68,False,False,False,False,False,False,False,True,False,True,False,-0.0074626865671641,0.0074626865671641,,,-0.0313432835820894,0.0116417910447761,0.0111940298507462,1.899253731343284,0.0005537098560355,1.6510791366906474,250.0,258.0,5.375,0.0,-0.0015918958031837,-0.0006550536795975
2014-12-19,268.0,269.0,268.0,269.0,1000.0,269.0,272.6,276.5,275.64,264.93333333333334,257.72,False,False,False,False,False,False,False,True,False,True,False,-0.0111524163568773,0.0037174721189591,,,-0.0246840148698884,0.0151177199504336,0.0111524163568773,1.8104089219330848,0.0002013085052843,1.6839059674502714,250.0,256.0,0.2325581395348837,-0.0027572195617471,-0.0027572195617471,-0.0003524013507511
2014-12-22,266.0,268.0,265.0,265.0,4100.0,265.0,271.2,275.0,275.4,264.94666666666666,257.725,False,False,False,False,False,False,False,True,False,False,False,0.030188679245283,0.0188679245283018,,,-0.0392452830188678,0.0002012578616352,0.3283018867924528,1.9358490566037736,5.032459362886068e-05,1.714181818181818,247.0,257.0,4.1,-0.0008714596949891,0.001885759866758,-0.0001509839116555
2014-12-24,263.0,266.0,263.0,263.0,4200.0,263.0,268.2,273.1,274.44,264.92,257.74,False,False,False,False,False,False,False,False,False,True,False,0.026615969581749,0.0418250950570342,,,-0.0434980988593155,-0.0073003802281369,0.6425855513307985,1.9125475285171103,-0.0001006593185363,1.7359941413401685,255.0,260.0,1.024390243902439,-0.0034980323567992,-0.00262657266181,-0.0001509839121651
2014-12-25,263.0,265.0,260.0,261.0,10200.0,261.0,265.2,271.2,273.52,264.8666666666667,257.7,False,False,False,False,False,False,False,False,False,False,False,0.0153256704980842,0.0459770114942528,,,-0.0479693486590037,-0.0148148148148148,0.9616858237547892,1.9310344827586208,-0.0002013591744274,1.780973451327434,249.0,256.0,2.4285714285714284,-0.0033635565954958,0.0001344757613034,-0.000100699855891
2014-12-26,269.0,300.0,261.0,266.0,37200.0,266.0,264.8,269.9,273.44,264.88,257.695,False,False,False,False,False,False,False,True,False,False,False,0.0150375939849624,0.0225563909774436,,,-0.02796992481203,0.0042105263157894,1.300751879699248,1.8796992481203008,5.033725963953944e-05,1.826972952945536,253.0,258.0,3.647058823529412,-0.000292568753657,0.0030709878418387,0.0002516964340669
2014-12-29,270.0,290.0,261.0,266.0,34700.0,266.0,264.2,268.4,273.28,264.96,257.71,False,False,False,False,False,False,False,True,False,True,False,0.0150375939849624,0.0037593984962406,,,-0.0273684210526314,0.0039097744360903,1.6766917293233083,1.8195488721804511,0.0003019323671496,1.8599105812220569,255.0,255.0,0.9327956989247312,-0.0005854800936769,-0.0002929113400198,0.0002515951075101
2014-12-30,271.0,273.0,266.0,273.0,5000.0,273.0,265.8,268.5,273.72,265.1333333333333,257.755,False,False,False,False,False,False,True,True,True,False,False,-0.0109890109890109,-0.0109890109890109,,,-0.0026373626373627,0.0288156288156288,2.1575091575091574,1.706959706959707,0.0006537591149107,1.867783985102421,254.0,256.0,0.1440922190201729,0.001607482098495,0.0021929621921719,0.000351826747761
2015-01-05,271.0,278.0,268.0,270.0,4800.0,270.0,267.2,267.7,273.84,265.24,257.785,False,False,False,False,False,False,True,True,False,True,False,0.0148148148148148,0.0,,,-0.0142222222222221,0.0176296296296295,3.303703703703704,2.2925925925925927,0.0004021515105816,1.905864774000747,256.0,275.0,0.96,0.0004382120946536,-0.0011692700038413,-0.0002516076043291
2015-01-06,269.0,272.0,265.0,265.0,7200.0,265.0,268.0,266.6,273.76,265.28,257.78,False,False,False,False,False,False,False,True,False,True,False,0.030188679245283,0.0264150943396226,,,-0.0330566037735848,-0.0010566037735848,5.649056603773585,2.920754716981132,0.0001507840772013,2.0101275318829703,255.0,307.0,1.5,-0.0002922267679718,-0.0007304388626255,-0.0002513674333803
2015-01-07,267.0,270.0,267.0,270.0,1600.0,270.0,268.8,266.8,273.72,265.44,257.78,False,False,False,False,False,False,False,True,False,False,False,0.0074074074074074,0.0185185185185185,,,-0.0137777777777778,0.0168888888888888,8.488888888888889,2.8740740740740742,0.0006027727546715,2.1086956521739126,259.0,291.0,0.2222222222222222,-0.0001461347362266,0.0001460920317452,0.0004519886774702
2015-01-08,270.0,271.0,266.0,270.0,2900.0,270.0,269.6,266.9,273.6,265.62666666666667,257.82,False,False,False,False,False,False,False,True,False,True,False,-0.0111111111111111,0.0185185185185185,,,-0.0133333333333334,0.0161975308641975,6.637037037037037,2.4185185185185185,0.0007027406886858,2.1701011614837022,255.0,277.0,1.8125,-0.000438596491228,-0.0002924617550014,9.996793401429469e-05
2015-01-09,271.0,273.0,268.0,270.0,1100.0,270.0,269.0,267.4,273.16,265.76,257.865,False,False,False,False,False,False,False,True,False,True,False,0.0,0.0259259259259259,,,-0.0117037037037037,0.0157037037037037,4.785185185185185,2.974074074074074,0.000501705799719,2.274495138369484,258.0,262.0,0.3793103448275862,-0.0016107775662615,-0.0011721810750334,-0.0002010348889668
2015-01-13,271.0,274.0,271.0,274.0,6200.0,274.0,269.8,268.5,272.84,265.97333333333336,257.91,False,False,False,False,True,False,False,True,False,False,False,-0.0145985401459854,-0.0036496350364963,,,0.0042335766423358,0.0292944038929439,4.237226277372263,3.27007299270073,0.0008020854220975,2.4115456238361266,261.0,263.0,5.636363636363637,-0.0011728485559303,0.0004379290103311,0.0003003796223785
2015-01-14,275.0,275.0,273.0,273.0,300.0,273.0,271.4,269.7,272.72,266.17333333333335,257.995,False,False,False,False,False,False,False,True,False,False,False,-0.0036630036630036,0.0073260073260073,,,0.0010256410256409,0.0250061050061049,3.663003663003663,2.553113553113553,0.0007513900716324,2.472376714868372,265.0,250.0,0.0483870967741935,-0.000440011733646,0.0007328368222843,-5.069535046510129e-05
2015-01-15,278.0,278.0,270.0,272.0,2800.0,272.0,271.8,270.3,272.28,266.36,257.795,False,False,False,False,False,False,False,True,False,True,False,0.0110294117647058,-0.0036764705882352,,,-0.0010294117647057,0.020735294117647,3.238970588235294,2.2536764705882355,0.0007008059268158,2.508694043655197,268.0,248.0,9.333333333333334,-0.0016159835463495,-0.0011759718127035,-5.058414481663633e-05
2015-01-16,272.0,272.0,266.0,267.0,2800.0,267.0,271.2,270.4,271.6,266.50666666666666,257.79,False,False,False,False,False,False,False,True,False,True,False,0.0299625468164794,0.0187265917602996,,,-0.0172284644194757,0.0018476903870162,3.056179775280899,2.8764044943820224,0.0005503301981187,2.612795857988166,288.0,250.0,1.0,-0.0025036818851249,-0.0008876983387754,-0.000150475728697
2015-01-19,271.0,271.0,270.0,270.0,4200.0,270.0,271.2,270.1,271.2,266.68,257.79,False,False,False,False,False,False,False,True,False,False,False,0.0259259259259259,0.3037037037037037,,,-0.0044444444444444,0.0122962962962962,2.8962962962962964,2.577777777777778,0.0006499675016249,2.7008515364679746,271.0,243.0,1.5,-0.0014749262536874,0.0010287556314375,9.96373035061696e-05
2015-01-20,269.0,274.0,268.0,270.0,1800.0,270.0,270.4,270.1,270.72,266.81333333333333,257.8,False,False,False,False,False,False,False,True,False,True,False,0.0111111111111111,0.6,,,-0.0026666666666667,0.0118024691358024,2.9,2.814814814814815,0.0004997251511668,2.753054424287301,287.0,241.0,0.4285714285714285,-0.0017730496453899,-0.0002981233917024,-0.0001502423504581
2015-01-21,270.0,272.0,267.0,272.0,2100.0,272.0,270.2,270.8,270.4,267.02666666666664,257.9,False,False,False,False,True,False,False,True,False,False,True,0.0110294117647058,0.8823529411764706,,,0.0058823529411765,0.0182843137254902,2.7830882352941178,2.6213235294117645,0.0007989214560342,2.7234121122599704,284.0,245.0,1.1666666666666667,-0.0011834319526629,0.000589617692727,0.0002991963048674
2015-01-22,273.0,275.0,272.0,275.0,2900.0,275.0,270.8,271.3,270.24,267.25333333333333,258.005,False,False,False,False,False,False,False,True,False,False,False,-0.0145454545454545,1.2254545454545454,,,0.0173090909090908,0.0281696969696969,2.763636363636364,2.6545454545454548,0.0008481341049691,2.7014375230372285,268.0,250.0,1.380952380952381,-0.0005920663114267,0.0005913656412361,4.921264893488172e-05
2015-01-23,275.0,279.0,273.0,275.0,7300.0,275.0,272.4,271.8,270.0,267.52,258.13,False,False,False,False,False,False,False,True,False,True,False,-0.0109090909090909,1.589090909090909,,,0.0181818181818181,0.0272,2.930909090909091,2.4072727272727272,0.0009968102073364,2.6997792494481234,270.0,250.0,2.5172413793103448,-0.0008888888888889,-0.0002968225774621,0.0001486761023673
2015-01-26,281.0,281.0,275.0,277.0,1700.0,277.0,273.8,272.5,270.2,267.8,258.225,False,False,False,False,False,False,True,True,False,False,False,0.2707581227436823,2.111913357400722,,,0.0245487364620939,0.0332129963898916,2.588447653429603,2.220216606498195,0.0010455563853623,2.623853211009174,262.0,247.0,0.2328767123287671,0.0007401924500369,0.0016290813389258,4.874617802585438e-05
2015-01-27,277.0,277.0,271.0,273.0,7700.0,273.0,274.4,272.4,270.0,267.7733333333333,258.34,False,False,False,False,False,False,False,False,False,True,False,0.5824175824175825,3.2564102564102564,,,0.0109890109890109,0.0191452991452992,2.36996336996337,2.3626373626373627,-9.958671513232307e-05,2.532672540381792,267.0,255.0,4.529411764705882,-0.0007407407407406,-0.0014809331907776,-0.0011451431004946
2015-01-28,274.0,275.0,270.0,275.0,3900.0,275.0,275.0,272.6,269.96,267.3466666666667,258.48,False,False,False,False,False,False,False,False,False,False,False,0.8618181818181818,5.407272727272727,,,0.0183272727272728,0.0278303030303029,2.349090909090909,2.309090909090909,-0.0015959303775371,2.508070432868672,267.0,249.0,0.5064935064935064,-0.000148170099274,0.0005925706414666,-0.0014963436624047
2015-01-29,275.0,275.0,271.0,271.0,2100.0,271.0,274.2,272.5,270.08,267.08,258.6,False,False,False,False,False,False,True,False,False,False,False,1.2583025830258303,8.453874538745387,,,0.0033948339483395,0.0144649446494465,2.195571955719557,2.284132841328413,-0.000998452398782,2.511192660550458,271.0,253.0,0.5384615384615384,0.0004443127962085,0.0005924828954825,0.000597477978755
2015-01-30,274.0,278.0,271.0,272.0,2300.0,272.0,273.6,273.0,270.2,267.0133333333333,258.715,False,False,False,False,False,False,True,False,False,True,False,1.6176470588235294,6.580882352941177,,,0.0066176470588235,0.0183333333333333,2.0919117647058822,2.3088235294117645,-0.0002496754219514,2.455311355311355,273.0,255.0,1.0952380952380951,0.0004441154700222,-1.973261863250325e-07,0.0007487769768305
2015-02-02,278.0,352.0,278.0,352.0,288100.0,352.0,288.6,281.2,273.68,268.2133333333333,259.22,False,False,False,False,False,False,True,True,True,False,False,1.4488636363636365,3.4375,,,0.2224999999999999,0.2380303030303031,1.2897727272727273,1.5170454545454546,0.004474050507059,2.326102418207681,281.0,254.0,125.2608695652174,0.012715580239696,0.0122714647696738,0.0047237259290104
2015-02-03,432.0,432.0,432.0,432.0,130700.0,432.0,320.4,297.4,280.44,270.46666666666664,260.145,False,False,False,False,False,False,True,True,False,False,False,1.6898148148148149,2.321759259259259,,,0.3508333333333333,0.3739197530864198,0.9236111111111112,1.0578703703703705,0.0083312792703968,2.0975117686617355,282.0,256.0,0.4536619229434224,0.0241049778918841,0.011389397652188,0.0038572287633378
2015-02-04,484.0,512.0,451.0,512.0,753400.0,512.0,367.8,321.4,290.48,273.96,261.47,False,False,False,False,False,False,True,True,False,False,False,2.44140625,1.486328125,,,0.4326562499999999,0.464921875,0.61328125,0.68359375,0.012751253224315,1.8279402613565647,276.0,255.0,5.764345830145371,0.0345634811346737,0.0104585032427895,0.0044199739539181
2015-02-05,612.0,612.0,612.0,612.0,19200.0,612.0,436.0,355.1,304.32,278.81333333333333,263.3,False,False,False,False,False,False,True,True,False,False,False,3.1862745098039214,0.8839869281045751,,,0.5027450980392157,0.5444226579520697,0.326797385620915,0.3480392156862745,0.017407106307685,1.50887074063644,283.0,259.0,0.0254844704008494,0.0454784437434278,0.0109149626087541,0.00465585308337
2015-02-06,712.0,712.0,712.0,712.0,25400.0,712.0,524.0,398.8,322.16,284.97333333333336,265.64,False,False,False,False,False,False,True,True,False,False,False,1.896067415730337,0.5210674157303371,,,0.5475280898876405,0.599756554307116,0.0814606741573033,0.1587078651685393,0.0216160576428204,1.2058676028084254,284.0,255.0,1.3229166666666667,0.0553762105785945,0.0098977668351666,0.0042089513351354
2015-02-09,862.0,862.0,862.0,862.0,18400.0,862.0,626.0,457.3,345.72,293.2266666666667,268.73,False,False,False,False,False,False,True,True,False,False,False,0.8120649651972158,0.2204176334106728,,,0.5989327146171693,0.659829853054911,-0.1136890951276102,-0.0348027842227378,0.0281465987631866,0.9105619943144544,280.0,258.0,0.7244094488188977,0.0681476339234062,0.0127714233448116,0.0065305411203661
2015-02-10,1162.0,1162.0,1162.0,1162.0,26900.0,1162.0,772.0,546.2,381.4,305.50666666666666,273.33,False,False,False,False,False,False,True,True,False,False,False,0.2349397590361445,-0.0938037865748709,,,0.6717728055077453,0.7370854847963282,-0.3123924268502582,-0.2900172117039586,0.0401955221926416,0.5825704870010984,282.0,261.0,1.4619565217391304,0.0935500786575772,0.0254024447341709,0.012048923429455
2015-02-12,1762.0,1762.0,1762.0,1762.0,192000.0,1762.0,1022.0,694.9,441.28,325.7333333333333,280.92,False,False,False,False,False,False,True,True,False,False,False,-0.2775255391600454,-0.4160045402951192,,,0.7495573212258797,0.8151343170639425,-0.565266742338252,-0.5295119182746879,0.062095783872288,0.2322636350554036,280.0,265.0,7.137546468401487,0.1356961566352429,0.0421460779776657,0.0219002616796464
2015-02-13,2552.0,2562.0,2042.0,2562.0,1119500.0,2562.0,1412.0,924.0,532.96,356.56,292.53,False,False,False,False,False,False,True,True,False,False,False,-0.5499609679937549,-0.5960187353629977,,,0.7919750195160031,0.8608274785323966,-0.7127244340359095,-0.6857923497267759,0.0864557624710194,-0.0824675324675325,279.0,268.0,5.830729166666667,0.1720204142900031,0.0363242576547601,0.0243599785987314
2015-02-16,2062.0,2512.0,2062.0,2062.0,836700.0,2062.0,1682.0,1103.0,604.64,380.72,301.63,False,False,False,False,False,False,True,True,False,True,False,-0.4747817652764306,-0.4757516973811833,,,0.7067701260911737,0.8153637245392822,-0.6435499515033948,-0.6052376333656644,0.0634587098129859,-0.2391659111514052,281.0,288.0,0.7473872264403751,0.1185498809208784,-0.0534705333691246,-0.0229970526580335
2015-02-17,1642.0,1748.0,1562.0,1562.0,722700.0,1562.0,1822.0,1224.0,656.32,398.2533333333333,308.23,False,False,False,False,False,False,True,True,False,True,False,-0.3265044814340589,-0.3636363636363636,,,0.579820742637644,0.745036278275715,-0.5134443021766966,-0.4750320102432778,0.0440255783588333,-0.3197712418300653,272.0,271.0,0.8637504481893151,0.0787420770355924,-0.0398078038852859,-0.0194331314541526
2015-02-18,1453.0,1571.0,1309.0,1435.0,985900.0,1435.0,1876.6,1324.3,702.76,413.9866666666667,314.185,False,False,False,False,False,False,True,True,False,True,False,-0.2662020905923345,-0.3588850174216028,,,0.5102717770034844,0.7115075493612079,-0.4773519163763066,-0.4306620209059233,0.0380044445875875,-0.3767273276447935,278.0,287.0,1.3641898436418984,0.0660823040582844,-0.012659772977308,-0.0060211337712458
2015-02-19,1420.0,1431.0,1273.0,1273.0,363600.0,1273.0,1778.8,1400.4,742.76,427.64,319.335,False,False,False,False,False,False,True,True,False,True,False,-0.1916732128829536,-0.2765121759622937,,,0.4165278868813826,0.6640691280439905,-0.4336213668499607,-0.3809897879025923,0.0319271661522152,-0.4158811768066267,276.0,284.0,0.3688000811441322,0.0538531961871937,-0.0122291078710906,-0.0060772784353723
2015-02-20,1243.0,1269.0,1153.0,1153.0,296500.0,1153.0,1497.0,1454.5,778.0,439.64,323.895,False,False,False,False,False,False,True,True,False,True,False,-0.1023417172593235,-0.2489158716392021,,,0.3252385082393755,0.6186990459670425,-0.3920208152645273,-0.3235039028620988,0.0272950595942134,-0.4407012719147473,268.0,268.0,0.8154565456545655,0.0452956298200514,-0.0085575663671422,-0.0046321065580017
2015-02-23,1118.0,1153.0,1043.0,1083.0,255300.0,1083.0,1301.2,1491.6,810.64,450.68,328.09,False,False,False,False,False,False,True,True,False,True,False,-0.0018467220683287,-0.2234533702677747,,,0.2514866112650046,0.583859649122807,-0.3490304709141274,-0.2779316712834718,0.0244963166770214,-0.4574953070528291,269.0,270.0,0.8610455311973019,0.0402644823842889,-0.0050311474357624,-0.002798742917192
2015-02-24,1040.0,1109.0,1021.0,1052.0,204400.0,1052.0,1199.2,1510.6,841.92,461.32,332.125,False,False,False,False,False,False,True,True,False,True,False,-0.0551330798479087,-0.2338403041825095,,,0.1996958174904943,0.5614828897338404,-0.3013307984790874,-0.2519011406844106,0.0230642504118615,-0.4672977624784853,265.0,262.0,0.8006267136701919,0.0371531736982135,-0.0031113086860753,-0.0014320662651598
2015-02-25,1000.0,1130.0,995.0,1053.0,240800.0,1053.0,1122.8,1499.7,873.24,471.94666666666666,336.155,False,False,False,False,False,False,True,True,False,True,False,-0.1263057929724596,-0.2108262108262108,,,0.1707122507122507,0.5518075340297562,-0.2801519468186135,-0.2279202279202279,0.0225166685501186,-0.4642261785690471,263.0,267.0,1.178082191780822,0.035866428473272,-0.0012867452249415,-0.0005475818617429
2015-02-26,1028.0,1090.0,1013.0,1029.0,114000.0,1029.0,1074.0,1426.4,903.52,482.26666666666665,340.07,False,False,False,False,False,False,True,True,False,True,False,-0.1049562682215743,-0.1972789115646258,,,0.1219436345966958,0.5313249109167477,-0.3245869776482021,-0.2264334305150631,0.0213989494055847,-0.4390072910824453,261.0,267.0,0.473421926910299,0.0335133699309367,-0.0023530585423352,-0.0011177191445339
2015-02-27,1049.0,1114.0,1025.0,1035.0,144700.0,1035.0,1050.4,1273.7,933.92,492.6133333333333,343.86,False,False,False,False,False,False,True,True,False,True,False,-0.1632850241545893,-0.2154589371980676,,,0.0976618357487923,0.5240450885668277,-0.344927536231884,-0.2579710144927536,0.0210036269149569,-0.374656512522572,266.0,271.0,1.2692982456140351,0.0325509679629946,-0.000962401967942,-0.0003953224906278
2015-03-02,1050.0,1088.0,1044.0,1081.0,69200.0,1081.0,1050.0,1175.6,966.16,503.62666666666667,347.955,False,False,False,False,False,False,True,True,False,False,False,-0.2220166512488436,-0.2876965772432932,,,0.1062349676225717,0.5341103916127042,-0.3487511563367252,-0.3135985198889917,0.0218680504077095,-0.3285981626403538,266.0,273.0,0.4782308223911541,0.0333692142088267,0.000818246245832,0.0008644234927525
2015-03-03,1050.0,1059.0,994.0,994.0,91200.0,994.0,1038.4,1118.8,994.84,513.44,351.665,False,False,False,False,False,False,True,True,False,True,False,-0.1891348088531187,-0.2313883299798792,,,-0.0008450704225352,0.483460764587525,-0.2806841046277666,-0.255533199195171,0.0191129116027839,-0.301662495530926,273.0,281.0,1.317919075144509,0.028828756382936,-0.0045404578258906,-0.0027551388049255
2015-03-04,980.0,980.0,904.0,920.0,111000.0,920.0,1011.8,1067.3,1020.72,522.2266666666667,355.025,False,False,False,False,False,False,True,True,False,True,False,-0.0967391304347826,-0.1315217391304347,,,-0.1094782608695652,0.4323623188405797,-0.1195652173913043,-0.1771739130434782,0.0168253887200959,-0.273587557387801,270.0,282.0,1.2171052631578947,0.0253546516184653,-0.0034741047644706,-0.002287522882688
2015-03-05,919.0,939.0,902.0,921.0,54100.0,921.0,990.2,1032.1,1046.56,530.9733333333334,358.425,False,False,False,False,False,False,True,True,False,True,False,-0.1031487513572204,-0.1682953311617806,,,-0.136330076004343,0.4234817227651103,-0.1389793702497285,-0.1433224755700325,0.0164728925495316,-0.2487162096696056,265.0,276.0,0.4873873873873874,0.0246904143097384,-0.0006642373087268,-0.0003524961705642
2015-03-06,907.0,911.0,866.0,866.0,47900.0,866.0,956.4,1003.4,1070.36,538.9466666666667,361.565,False,False,False,False,False,False,True,True,False,True,False,-0.0623556581986143,-0.1501154734411085,,,-0.2359815242494225,0.3776597382602001,-0.102771362586605,-0.0969976905311778,0.0147942900967319,-0.2270281044448873,270.0,283.0,0.8853974121996303,0.0222355095481893,-0.0024549047615491,-0.0016786024527997
2015-03-09,841.0,842.0,815.0,841.0,72500.0,841.0,908.4,979.2,1093.12,546.32,364.555,False,False,False,False,False,False,True,True,False,True,False,-0.084423305588585,-0.1260404280618311,,,-0.2997859690844232,0.3503923900118905,-0.1010701545778834,-0.1022592152199762,0.0134963635476155,-0.2106821895424837,270.0,284.0,1.5135699373695195,0.0208211358313817,-0.0014143737168076,-0.0012979265491163
2015-03-10,871.0,871.0,806.0,806.0,42900.0,806.0,870.8,954.6,1111.28,553.4533333333334,367.37,False,False,False,False,False,False,True,True,False,True,False,-0.0521091811414392,-0.0570719602977667,,,-0.3787593052109181,0.3133333333333333,-0.0347394540942928,-0.0843672456575682,0.0128887711098797,-0.1954745443117536,270.0,280.0,0.5917241379310345,0.0163415160895544,-0.0044796197418272,-0.0006075924377357
2015-03-11,816.0,940.0,807.0,831.0,119000.0,831.0,853.0,932.4,1127.24,560.7066666666667,370.33,False,False,False,False,False,False,True,True,False,True,False,-0.0385078219013237,-0.0974729241877256,,,-0.3564861612515042,0.3252627356598475,-0.0782190132370637,-0.138387484957882,0.012936056880603,-0.1867224367224367,274.0,282.0,2.773892773892774,0.0141584755686455,-0.0021830405209088,4.7285770723271e-05
2015-03-12,861.0,880.0,826.0,826.0,31300.0,826.0,834.0,912.1,1139.8,567.9333333333333,373.275,False,False,False,False,False,False,True,True,False,True,False,-0.072639225181598,-0.1271186440677966,,,-0.3799031476997578,0.3124293785310735,-0.0738498789346246,-0.1065375302663438,0.0127244981805374,-0.1749808135072909,273.0,280.0,0.2630252100840336,0.0110194771012457,-0.0031389984673997,-0.0002115587000655
2015-03-13,858.0,858.0,797.0,812.0,37400.0,812.0,823.2,889.8,1147.8,575.1866666666666,376.15,False,False,False,False,False,False,True,True,False,True,False,-0.0935960591133004,-0.1366995073891625,,,-0.4135467980295566,0.2916420361247948,-0.0566502463054187,-0.0738916256157635,0.0126103989429518,-0.1561024949426837,272.0,279.0,1.194888178913738,0.0069698553755009,-0.0040496217257448,-0.0001140992375856
2015-03-16,782.0,785.0,735.0,770.0,41300.0,770.0,809.0,858.7,1150.12,581.8533333333334,378.83,False,False,False,False,False,False,True,True,False,True,False,-0.0454545454545454,-0.0844155844155844,,,-0.4936623376623375,0.2443463203463203,-0.0259740259740259,-0.0389610389610389,0.0114576411008502,-0.1257715150809362,267.0,281.0,1.10427807486631,0.0020171808159148,-0.0049526745595861,-0.0011527578421015
2015-03-17,780.0,780.0,750.0,764.0,17400.0,764.0,800.6,835.7,1146.2,588.5466666666666,381.485,False,False,False,False,False,False,False,True,False,True,False,-0.0052356020942408,-0.037958115183246,,,-0.5002617801047121,0.229650959860384,-0.0327225130890052,-0.0667539267015706,0.0113726467456558,-0.1049419648199115,270.0,272.0,0.4213075060532688,-0.0034199965102075,-0.0054371773261223,-8.499435519442565e-05
2015-03-18,764.0,815.0,764.0,799.0,23700.0,799.0,794.2,823.6,1131.68,595.64,384.315,False,False,False,False,False,False,False,True,False,True,False,-0.0613266583229036,-0.0513141426783479,,,-0.4163704630788486,0.2545181476846058,0.1126408010012515,-0.0625782227784731,0.0119087592057843,-0.0927634774162214,270.0,278.0,1.362068965517241,-0.0128304821150855,-0.009410485604878,0.0005361124601284
2015-03-19,796.0,933.0,761.0,766.0,162300.0,766.0,782.2,808.1,1091.84,602.2933333333333,386.94,False,False,False,False,False,False,False,True,False,True,False,-0.0587467362924282,-0.0926892950391645,,,-0.4253785900783289,0.2137162750217581,0.3563968668407311,-0.0744125326370757,0.0110466660763304,-0.0852617250340304,272.0,276.0,6.848101265822785,-0.0364888628370458,-0.0236583807219603,-0.0008620931294538
2015-03-20,766.0,793.0,730.0,736.0,36600.0,736.0,767.0,795.1,1018.8,608.4933333333333,389.395,False,False,False,False,False,False,False,True,False,True,False,-0.0475543478260869,-0.0788043478260869,,,-0.3842391304347825,0.1732427536231884,0.421195652173913,-0.0896739130434782,0.0101891009487916,-0.084391900389888,275.0,268.0,0.2255083179297597,-0.0716921868865331,-0.0352033240494872,-0.0008575651275388
2015-03-23,721.0,760.0,721.0,735.0,14300.0,735.0,760.0,784.5,965.72,614.6533333333333,391.825,False,False,False,False,False,False,False,True,False,False,False,-0.0408163265306122,-0.0421768707482993,,,-0.3139047619047619,0.1637369614512472,0.25578231292517,-0.1074829931972789,0.0100219093689667,-0.0846398980242192,275.0,269.0,0.3907103825136612,-0.0549641718096341,0.0167280150768989,-0.0001671915798248
2015-03-24,735.0,780.0,729.0,760.0,19800.0,760.0,759.2,779.9,933.64,621.04,394.405,False,False,False,False,False,False,False,True,False,False,False,-0.0328947368421052,-0.0592105263157894,,,-0.2284736842105263,0.1828421052631579,0.4118421052631579,-0.1592105263157894,0.010283824981751,-0.0919348634440312,277.0,265.0,1.3846153846153846,-0.0343601388115333,0.0206040329981007,0.0002619156127842
2015-03-25,742.0,750.0,710.0,750.0,23700.0,750.0,749.4,771.8,906.24,627.28,396.93,False,False,False,False,False,False,False,True,False,False,False,0.0106666666666666,0.08,,,-0.20832,0.1636266666666667,0.56,-0.0146666666666666,0.0099477107511797,-0.0794247214304223,273.0,263.0,1.196969696969697,-0.0302348163841807,0.0041253224273526,-0.0003361142305713
2015-03-26,740.0,761.0,720.0,721.0,17800.0,721.0,740.4,761.3,884.16,633.2133333333334,399.31,False,False,False,False,False,False,False,True,False,False,False,-0.0360610263522884,0.0998613037447988,,,-0.2262968099861303,0.1217568192325473,0.3453536754507628,0.233009708737864,0.0093701964582764,-0.0468934716931563,275.0,261.0,0.7510548523206751,-0.0249728555917481,0.0052619607924326,-0.0005775142929033
2015-03-27,693.0,739.0,693.0,701.0,13400.0,701.0,733.4,750.2,866.08,638.7866666666666,401.565,False,False,False,False,False,False,False,True,False,False,False,-0.0328102710413694,0.108416547788873,,,-0.2354921540656206,0.0887494056110319,0.2624821683309558,0.1569186875891583,0.0087248742407479,-0.0249266862170088,271.0,266.0,0.7528089887640449,-0.0208756696840937,0.0040971859076543,-0.0006453222175284
2015-03-30,729.0,731.0,703.0,705.0,5900.0,705.0,727.4,743.7,850.96,644.4,403.855,False,False,False,False,False,False,False,True,False,False,False,-0.001418439716312,0.0723404255319148,,,-0.2070354609929078,0.0859574468085106,0.4680851063829787,0.1347517730496454,0.0087109455824539,-0.0083366949038591,272.0,266.0,0.4402985074626865,-0.0177681677164614,0.0031075019676323,-1.39286582940025e-05
2015-03-31,706.0,735.0,700.0,735.0,14100.0,735.0,722.4,740.8,838.28,650.4666666666667,406.275,False,False,False,False,False,False,False,True,False,False,False,-0.0272108843537414,0.0585034013605442,,,-0.140517006802721,0.1150113378684806,0.3142857142857143,0.0476190476190476,0.0093266372860511,0.0032397408207344,352.0,273.0,2.389830508474576,-0.0151262108126163,0.002641956903845,0.0006156917035971
2015-04-01,731.0,789.0,728.0,758.0,23600.0,758.0,724.0,736.7,826.48,656.8133333333334,408.805,False,False,False,False,False,False,False,True,False,False,False,0.0686015831134564,0.0105540897097625,,,-0.0903430079155673,0.1334916446789797,0.3588390501319261,0.0039577836411609,0.0096628164267879,0.0104520157458937,432.0,270.0,1.673758865248227,-0.0142774174813667,0.0008487933312496,0.0003361791407368
2015-04-02,751.0,770.0,694.0,695.0,26500.0,695.0,718.8,729.6,813.12,662.3466666666667,411.015,False,False,False,False,False,False,False,True,False,True,False,0.1410071942446043,0.1007194244604316,,,-0.1699568345323741,0.0469832134292565,0.4172661870503597,0.0431654676258992,0.0083541347934615,0.0224780701754385,512.0,265.0,1.1228813559322033,-0.0164305391578119,-0.0021531216764451,-0.0013086816333263
2015-04-03,701.0,704.0,670.0,678.0,26100.0,678.0,714.2,723.8,798.84,667.6666666666666,413.14,False,False,False,False,False,False,False,True,False,True,False,0.1460176991150442,0.1297935103244837,,,-0.1782300884955752,0.0152409046214356,0.4823008849557522,0.0663716814159292,0.0079680479281077,0.0379939209726443,612.0,270.0,0.9849056603773584,-0.0178759200841219,-0.00144538092631,-0.0003860868653538
2015-04-06,678.0,715.0,678.0,704.0,15100.0,704.0,714.0,720.7,783.76,673.3066666666666,415.41,False,False,False,False,False,False,False,True,False,True,False,0.0738636363636363,0.065340909090909,,,-0.1132954545454545,0.0435984848484849,0.3309659090909091,0.0454545454545454,0.0083765693690839,0.0535590398223947,712.0,270.0,0.578544061302682,-0.0192405838521997,-0.0013646637680777,0.0004085214409761
2015-04-07,719.0,724.0,709.0,715.0,10000.0,715.0,710.0,716.2,772.6,679.2133333333334,417.72,False,False,False,False,False,False,False,True,False,False,False,0.0881118881118881,0.0335664335664335,,,-0.0805594405594405,0.050051282051282,0.2475524475524475,0.0377622377622377,0.0086963349757563,0.0745601787210276,862.0,270.0,0.6622516556291391,-0.0144447320735179,0.0047958517786817,0.0003197656066724
2015-04-08,728.0,827.0,700.0,810.0,113600.0,810.0,720.4,722.2,768.2,686.3066666666666,420.505,False,False,False,False,True,False,False,True,False,False,True,-0.0543209876543209,0.0975308641975308,,,0.0516049382716048,0.1527078189300412,0.1333333333333333,-0.0666666666666666,0.0103355157072638,0.0679867072833008,1162.0,274.0,11.36,-0.0057276750846133,0.0087170569889045,0.0016391807315074
2015-04-09,821.0,838.0,768.0,793.0,87200.0,793.0,740.0,729.4,763.08,693.2,423.2,False,False,False,False,False,False,False,True,False,True,False,-0.0353089533417402,0.3102143757881462,,,0.0377301387137452,0.1258511979823454,0.1475409836065573,-0.0567465321563682,0.0099442200423159,0.0381135179599671,1762.0,273.0,0.7676056338028169,-0.006709650364313,-0.0009819752796997,-0.0003912956649479
2015-04-10,794.0,803.0,776.0,777.0,23500.0,777.0,759.8,737.0,759.52,699.9866666666667,425.82,False,False,False,False,False,False,False,True,False,False,False,-0.0141570141570141,0.3462033462033462,,,0.0224967824967825,0.0991162591162591,0.1454311454311454,-0.0193050193050193,0.0096954227699574,0.0207598371777475,2562.0,272.0,0.2694954128440367,-0.0046871708447441,0.0020224795195689,-0.0002487972723584
2015-04-13,740.0,763.0,725.0,756.0,25100.0,756.0,770.2,742.1,756.12,706.48,428.315,False,False,False,False,False,True,False,True,False,False,False,-0.0079365079365079,0.2208994708994709,,,-0.0001587301587301,0.0655026455026454,0.1904761904761904,0.0092592592592592,0.0091911070848903,0.0087589273682792,2062.0,267.0,1.0680851063829788,-0.0044966407448552,0.0001905300998888,-0.0005043156850671
2015-04-14,726.0,820.0,726.0,778.0,45200.0,778.0,782.8,746.4,755.0,713.32,430.92,False,False,False,False,False,False,False,True,False,False,False,-0.0501285347043701,0.3791773778920309,,,0.0295629820051413,0.0831362467866323,0.1388174807197943,-0.0359897172236503,0.0095889642797062,0.0002679528403001,1562.0,270.0,1.800796812749004,-0.0014834437086092,0.003013197036246,0.0003978571948158
2015-04-15,756.0,785.0,753.0,766.0,14300.0,766.0,774.0,747.2,752.4,720.0266666666666,433.455,False,False,False,False,False,False,False,True,False,True,False,0.160574412532637,0.5274151436031331,,,0.0177545691906005,0.0600174064403829,0.160574412532637,-0.02088772845953,0.0093144698344504,-0.0022751605995717,1435.0,270.0,0.3163716814159292,-0.0034556087187666,-0.0019721650101573,-0.0002744944452557
2015-04-16,757.0,769.0,735.0,765.0,13200.0,765.0,768.4,754.2,749.96,726.7466666666667,435.945,False,False,False,False,False,False,False,True,False,False,False,0.3581699346405229,0.2679738562091503,,,0.0196601307189542,0.0500043572984749,0.126797385620915,-0.0326797385620915,0.0092466884379701,-0.009546539379475,1273.0,272.0,0.9230769230769232,-0.0032535068536987,0.0002021018650678,-6.778139648030285e-05
2015-04-17,748.0,798.0,748.0,766.0,15800.0,766.0,766.2,763.0,748.12,733.4133333333333,438.475,False,False,False,False,False,False,False,True,False,False,False,0.3655352480417754,0.1553524804177545,,,0.0233420365535248,0.0425413402959095,0.0770234986945169,-0.0469973890339425,0.0090899174635493,-0.0200524246395805,1153.0,275.0,1.196969696969697,-0.0024594984761803,0.0007940083775184,-0.0001567709744207
2015-04-20,741.0,765.0,741.0,750.0,9500.0,750.0,765.0,767.6,747.32,739.8666666666667,440.94,False,False,False,False,False,False,False,True,False,False,False,0.2306666666666666,0.38,,,0.0035733333333332,0.0135111111111111,0.1,-0.0666666666666666,0.0087222923049198,-0.0306149035956227,1083.0,275.0,0.6012658227848101,-0.0010704918910238,0.0013890065851564,-0.0003676251586295
2015-04-21,744.0,755.0,739.0,739.0,8000.0,739.0,757.2,770.0,746.32,746.08,443.345,False,False,False,False,False,True,False,True,False,True,False,0.4519621109607578,0.3071718538565629,,,-0.0099052774018945,-0.0095805142083897,0.1258457374830852,-0.0324763193504736,0.0083279719779827,-0.0371428571428571,1052.0,277.0,0.8421052631578947,-0.0013399078143423,-0.0002694159233185,-0.0003943203269371
2015-04-22,750.0,889.0,750.0,889.0,108600.0,889.0,781.8,777.9,749.92,754.3333333333334,446.525,False,False,False,False,False,False,True,True,True,False,False,0.3160854893138358,0.1586051743532058,,,0.1564454443194601,0.1514810648668915,-0.0719910011248594,-0.2035995500562429,0.0109412284577993,-0.0530916570253245,1053.0,273.0,13.575,0.004800512054619,0.0061404198689614,0.0026132564798166
2015-04-23,904.0,1039.0,900.0,1039.0,342300.0,1039.0,836.6,802.5,760.84,764.6533333333333,450.45,False,False,False,False,False,False,True,True,False,False,False,-0.066410009624639,-0.0519730510105871,,,0.2677189605389797,0.2640487648379853,-0.2021174205967276,-0.3137632338787295,0.0134963120542641,-0.0864797507788161,1029.0,275.0,3.1519337016574585,0.0143525576993849,0.0095520456447659,0.0025550835964647
2015-04-24,1249.0,1339.0,998.0,1046.0,1474500.0,1046.0,892.6,829.4,773.24,775.0,454.41,False,False,False,False,False,False,True,True,False,False,False,-0.1539196940726577,-0.0391969407265774,,,0.2607648183556405,0.2590822179732313,-0.2304015296367113,-0.3097514340344168,0.0133505376344086,-0.1209307933445864,1035.0,271.0,4.307624890446976,0.016036418188402,0.001683860489017,-0.0001457744198555
2015-04-27,986.0,994.0,920.0,923.0,241700.0,923.0,927.2,846.1,780.76,783.7066666666667,457.755,False,False,False,False,False,False,True,True,False,True,False,0.1213434452871072,0.0151679306608884,,,0.1541061755146262,0.1509136872517154,-0.1180931744312026,-0.2112676056338028,0.011109598829494,-0.1424181538825198,1081.0,272.0,0.16391997287216,0.0096316409652133,-0.0064047772231886,-0.0022409388049145
2015-04-28,980.0,1073.0,975.0,1073.0,184800.0,1073.0,994.0,875.6,793.28,794.4133333333333,461.85,False,False,False,False,False,False,True,True,False,False,False,-0.0997204100652376,-0.1686859273066169,,,0.2606896551724138,0.2596334265299783,-0.2357875116495806,-0.3159366262814538,0.0134774508652086,-0.1731384193695751,994.0,352.0,0.7645841952834092,0.0157825736183944,0.0061509326531811,0.0023678520357145
2015-04-30,1148.0,1373.0,1076.0,1170.0,2229000.0,1170.0,1050.2,916.0,810.08,806.36,466.43,True,True,False,False,False,False,True,True,False,False,False,-0.1196581196581196,-0.2153846153846154,,,0.3076239316239316,0.3108034188034188,-0.3017094017094017,-0.3666666666666666,0.0148155497131141,-0.210589519650655,920.0,432.0,12.061688311688313,0.0207386924748173,0.0049561188564228,0.0013380988479055
2015-05-01,1110.0,1129.0,960.0,970.0,248400.0,970.0,1036.4,936.5,820.04,815.6533333333333,470.01,False,False,False,False,False,False,True,True,False,True,False,0.0154639175257731,-0.0618556701030927,,,0.1545979381443299,0.1591202749140893,-0.1876288659793814,-0.2268041237113402,0.0113937293621472,-0.2268019220501868,921.0,512.0,0.1114401076716016,0.0121457489878541,-0.0085929434869632,-0.0034218203509668
2015-05-07,925.0,934.0,877.0,885.0,121000.0,885.0,1004.2,948.4,827.4,823.8266666666667,473.16,False,False,False,False,False,False,True,True,False,True,False,0.135593220338983,0.0056497175141242,,,0.0650847457627118,0.0691224105461393,-0.1186440677966101,-0.1548022598870056,0.0099211808309192,-0.2346056516237874,866.0,612.0,0.4871175523349436,0.0088953347836596,-0.0032504142041944,-0.001472548531228
2015-05-08,912.0,1035.0,912.0,1035.0,140500.0,1035.0,1026.6,976.9,840.6,834.0666666666667,477.055,False,False,False,False,False,False,True,True,False,False,False,-0.0946859903381642,-0.1304347826086956,,,0.1878260869565217,0.1941384863123993,-0.2444444444444444,-0.3816425120772946,0.0122771960674606,-0.2630770805609581,841.0,712.0,1.1611570247933884,0.0157030692362598,0.0068077344526001,0.0023560152365414
2015-05-11,1185.0,1195.0,966.0,966.0,351100.0,966.0,1005.2,999.6,849.84,843.3466666666667,480.595,False,False,False,False,False,False,True,True,False,True,False,-0.0766045548654244,-0.082815734989648,,,0.1202484472049689,0.1269703243616287,-0.1853002070393374,-0.4213250517598343,0.0110037785963857,-0.2954181672669068,806.0,862.0,2.498932384341637,0.0108726348489127,-0.0048304343873471,-0.0012734174710748
2015-05-12,981.0,1099.0,981.0,1030.0,150000.0,1030.0,977.2,1013.7,860.72,853.48,484.46,False,False,False,False,False,False,True,True,False,False,False,-0.1087378640776699,-0.1368932038834951,,,0.1643495145631067,0.171378640776699,-0.2106796116504854,-0.4174757281553398,0.0118729593351142,-0.3158725461181809,831.0,1162.0,0.4272287097692965,0.0126405799795519,0.0017679451306392,0.0008691807387284
2015-05-13,988.0,1025.0,970.0,985.0,54700.0,985.0,980.2,1008.3,872.32,862.9866666666667,488.11,False,False,False,False,False,False,True,True,False,False,False,-0.0761421319796954,-0.1248730964467005,,,0.1143959390862943,0.1238714043993231,-0.1918781725888325,-0.3451776649746192,0.0110160064272912,-0.3189526926509966,826.0,1762.0,0.3646666666666666,0.0132978723404255,0.0006572923608735,-0.000856952907823
2015-05-14,1030.0,1079.0,981.0,1005.0,71000.0,1005.0,1004.2,1004.2,885.4,872.72,491.855,False,False,False,False,False,False,True,True,False,False,False,-0.1144278606965174,-0.1791044776119403,,,0.1190049751243781,0.1316218905472636,-0.235820895522388,-0.3303482587064676,0.0111528707183671,-0.3210515833499304,812.0,2562.0,1.2979890310786106,0.0147729839620509,0.0014751116216254,0.0001368642910758
2015-05-15,1010.0,1010.0,930.0,937.0,46700.0,937.0,984.6,1005.6,894.72,881.5466666666666,495.235,False,False,False,False,False,False,True,True,False,True,False,-0.03948772678762,-0.119530416221985,,,0.0451227321237993,0.0591817858413376,-0.2081109925293489,-0.3062966915688367,0.0100127049428276,-0.3297533810660302,770.0,2062.0,0.6577464788732394,0.0104166666666667,-0.0043563172953842,-0.0011401657755394
2015-05-18,931.0,934.0,881.0,892.0,42600.0,892.0,969.8,987.5,901.8,889.7466666666667,498.375,False,False,False,False,False,False,True,True,False,True,False,-0.0067264573991031,-0.0672645739910313,,,-0.0109865470852017,0.0025261584454409,-0.1704035874439461,-0.3295964125560538,0.0092161064572687,-0.3312405063291139,764.0,1562.0,0.91220556745182,0.0078509647371922,-0.0025657019294745,-0.0007965984855588
2015-05-19,883.0,950.0,838.0,918.0,76100.0,918.0,947.4,962.3,906.12,898.3466666666667,501.67,False,False,False,False,False,False,True,True,False,True,False,-0.0315904139433551,-0.1013071895424836,,,0.0129411764705882,0.0214088598402323,-0.1753812636165577,-0.3464052287581699,0.0095731417715507,-0.3283799231009041,799.0,1435.0,1.7863849765258215,0.0047675804529201,-0.003083384284272,0.0003570353142819
2015-05-20,918.0,949.0,906.0,910.0,27600.0,910.0,932.4,956.3,910.8,906.8133333333334,504.935,False,False,False,False,False,False,True,True,False,False,False,-0.0527472527472527,-0.089010989010989,,,-0.0008791208791208,0.0035018315018314,-0.1329670329670329,-0.3571428571428571,0.0093367249415536,-0.3414200564676357,766.0,1273.0,0.3626806833114323,0.0051383399209485,0.0003707594680283,-0.0002364168299971
2015-05-21,912.0,924.0,878.0,890.0,17100.0,890.0,909.4,956.8,915.32,915.0666666666668,508.095,False,False,False,False,False,False,True,True,False,True,False,-0.0730337078651685,-0.095505617977528,,,-0.0284494382022472,-0.0281647940074908,-0.1213483146067415,-0.3741573033707865,0.0090193792801982,-0.3617265886287624,736.0,1153.0,0.6195652173913043,0.0049381637023118,-0.0002001762186366,-0.0003173456613553
2015-05-22,880.0,906.0,880.0,900.0,20100.0,900.0,902.0,943.3,921.08,923.44,511.295,False,False,False,False,False,False,True,True,False,False,False,-0.0833333333333333,-0.0955555555555555,,,-0.0234222222222222,-0.0260444444444445,-0.1611111111111111,-0.3688888888888889,0.0090675445435905,-0.3602247429237782,735.0,1083.0,1.1754385964912282,0.0062535284665826,0.0013153647642708,4.816526339222575e-05
2015-05-25,885.0,907.0,874.0,886.0,18100.0,886.0,900.8,935.3,925.4,930.56,514.435,False,False,False,False,False,False,True,True,False,True,False,-0.0609480812641083,-0.0744920993227991,,,-0.0444695259593679,-0.0502934537246049,-0.1670428893905192,-0.3871331828442438,0.0076513067400273,-0.3564631668983213,760.0,1052.0,0.900497512437811,0.0046682515668899,-0.0015852768996927,-0.0014162378035631
2015-05-26,888.0,905.0,875.0,889.0,26100.0,889.0,895.0,921.2,930.32,936.6533333333332,517.555,False,False,False,False,False,False,True,True,False,False,False,-0.0719910011248594,-0.0809898762654668,,,-0.0464791901012374,-0.0536032995875513,-0.1946006749156355,-0.3858267716535433,0.0065054306822872,-0.352475032566218,750.0,1053.0,1.441988950276243,0.0052885028807292,0.0006202513138393,-0.0011458760577401
2015-05-27,882.0,884.0,862.0,862.0,22700.0,862.0,885.4,908.9,934.2,941.32,520.485,False,False,False,False,False,False,True,True,False,True,False,-0.0382830626450116,-0.0858468677494199,,,-0.0837587006960557,-0.0920185614849188,-0.1438515081206496,-0.3700696055684455,0.0049575773027948,-0.354934536252613,721.0,1029.0,0.8697318007662835,0.004153286234211,-0.0011352166465182,-0.0015478533794923
2015-05-28,867.0,876.0,820.0,825.0,26900.0,825.0,872.4,890.9,936.56,944.16,523.29,False,False,False,False,False,False,True,True,False,True,False,-0.0242424242424242,-0.0545454545454545,,,-0.1352242424242423,-0.1444363636363635,-0.0884848484848484,-0.3090909090909091,0.0030079647517369,-0.3534627904366371,701.0,1035.0,1.1850220264317182,0.0025198599128725,-0.0016334263213385,-0.0019496125510579
2015-05-29,825.0,832.0,810.0,825.0,16000.0,825.0,857.4,879.7,939.56,945.6666666666666,526.09,False,False,False,False,False,False,True,True,False,False,False,-0.0133333333333333,-0.0521212121212121,,,-0.138860606060606,-0.1462626262626262,-0.103030303030303,-0.3054545454545455,0.0015932322876277,-0.3539843128339207,705.0,1081.0,0.5947955390334573,0.003192983949934,0.0006731240370614,-0.0014147324641091
2015-06-01,835.0,847.0,826.0,832.0,19400.0,832.0,846.6,873.7,943.28,945.2666666666668,528.95,False,False,False,False,False,False,True,False,False,False,False,-0.0144230769230769,-0.0540865384615384,,,-0.1337499999999999,-0.1361378205128206,-0.1430288461538461,-0.3052884615384615,-0.0004231610127652,-0.351837014993705,735.0,994.0,1.2125,0.0039436858620982,0.0007507019121642,-0.0020163933003929
2015-06-02,842.0,855.0,822.0,825.0,9200.0,825.0,833.8,864.4,940.72,940.7733333333332,531.785,False,False,False,False,False,False,False,False,False,True,False,-0.0096969696969696,-0.0145454545454545,,,-0.1402666666666667,-0.1403313131313129,-0.0921212121212121,-0.2606060606060606,-0.0047762124776781,-0.3437066173068024,758.0,920.0,0.4742268041237113,-0.0027213198401224,-0.0066650057022206,-0.0043530514649129
2015-06-03,812.0,829.0,811.0,829.0,8400.0,829.0,827.2,856.3,932.32,928.3333333333334,534.64,False,True,False,False,False,False,False,False,False,True,False,-0.0494571773220747,-0.0398069963811821,,,-0.1246320868516285,-0.1198230800160836,-0.1447527141133896,-0.2750301568154403,-0.0134003590664271,-0.3356300362022655,695.0,921.0,0.9130434782608696,-0.0090097820490818,-0.0062884622089594,-0.0086241465887489
2015-06-04,822.0,830.0,802.0,805.0,18900.0,805.0,823.2,847.8,922.68,904.9066666666666,537.38,False,False,False,False,False,False,False,False,False,True,False,-0.031055900621118,-0.0459627329192546,,,-0.1461863354037266,-0.1241076604554865,-0.1677018633540372,-0.239751552795031,-0.0258884894206401,-0.322481717386176,678.0,866.0,2.25,-0.0104478258984697,-0.0014380438493879,-0.012488130354213
2015-06-05,807.0,814.0,805.0,814.0,8000.0,814.0,821.0,839.2,918.32,888.2666666666667,540.195,False,False,False,False,False,False,False,False,False,False,False,-0.0393120393120393,-0.0884520884520884,,,-0.1281572481572482,-0.0912366912366912,-0.1941031941031941,-0.1253071253071253,-0.0187331131792254,-0.2983794089609152,704.0,841.0,0.4232804232804232,-0.0047478003310391,0.0057000255674306,0.0071553762414146
2015-06-08,850.0,865.0,816.0,820.0,24800.0,820.0,818.6,832.6,908.2,878.3733333333333,543.07,False,False,False,False,False,False,False,False,False,True,False,-0.0402439024390243,-0.0975609756097561,,,-0.1075609756097561,-0.0711869918699187,-0.2207317073170731,-0.2036585365853658,-0.0112632441786332,-0.2796060533269278,715.0,806.0,3.1,-0.0111429200616604,-0.0063951197306212,0.0074698690005922
2015-06-09,835.0,835.0,817.0,817.0,10500.0,817.0,817.0,825.4,894.08,870.1333333333333,545.955,False,False,False,False,False,False,False,False,False,True,False,-0.0048959608323133,-0.0734394124847001,,,-0.0943451652386781,-0.0650346797225622,-0.0954712362301101,-0.2472460220318237,-0.0094698130554704,-0.2649624424521443,810.0,831.0,0.4233870967741935,-0.015792770221904,-0.0046498501602436,0.0017934311231627
2015-06-10,815.0,815.0,780.0,788.0,16300.0,788.0,808.8,818.0,886.8,863.6666666666666,548.685,False,False,False,False,False,False,False,False,False,False,False,0.0101522842639593,0.0012690355329949,,,-0.1253807106598984,-0.0960236886632825,0.1281725888324873,-0.2766497461928934,-0.0074874565804708,-0.2550122249388753,793.0,826.0,1.5523809523809524,-0.0082092918358142,0.0075834783860898,0.0019823564749995
2015-06-11,769.0,788.0,769.0,780.0,11300.0,780.0,803.8,813.5,882.6,858.6933333333334,551.325,False,False,False,False,False,False,False,False,False,False,False,-0.0153846153846153,0.0025641025641025,,,-0.1315384615384615,-0.1008888888888889,0.0397435897435897,-0.2782051282051282,-0.0057917455979626,-0.2517516902274123,777.0,812.0,0.6932515337423313,-0.0047586675730794,0.0034506242627348,0.0016957109825082
2015-06-12,780.0,788.0,768.0,782.0,7300.0,782.0,797.4,809.2,872.48,854.68,554.025,False,False,False,False,False,False,False,False,False,True,False,-0.0511508951406649,-0.0345268542199488,,,-0.1157033248081841,-0.0929411764705881,0.0230179028132992,-0.2851662404092072,-0.0046957145754357,-0.2495056846267919,756.0,770.0,0.6460176991150443,-0.011599119750596,-0.0068404521775165,0.0010960310225269
2015-06-15,792.0,792.0,780.0,787.0,3500.0,787.0,790.8,804.7,865.32,851.1466666666666,556.715,False,False,False,False,False,False,False,False,False,False,False,-0.0597204574332909,-0.062261753494282,,,-0.0995171537484117,-0.0815078356628547,-0.0216010165184243,-0.2706480304955527,-0.0041512626104392,-0.2458058903939357,778.0,764.0,0.4794520547945205,-0.0082743955993158,0.0033247241512801,0.0005444519649965
2015-06-16,801.0,831.0,798.0,813.0,26400.0,813.0,790.0,803.5,856.64,847.9466666666667,559.53,False,False,False,False,False,False,False,False,False,True,False,-0.068880688806888,-0.1193111931119311,,,-0.0536777367773677,-0.0429848298482985,-0.063960639606396,-0.2656826568265683,-0.0037738222529718,-0.2462974486621032,766.0,799.0,7.542857142857143,-0.0101326111318641,-0.0018582155325482,0.0003774403574674
2015-06-17,800.0,807.0,766.0,796.0,9200.0,796.0,791.6,800.2,849.08,844.84,562.26,False,False,False,False,False,False,False,False,False,False,False,-0.0087939698492462,-0.0728643216080402,,,-0.0666834170854271,-0.061356783919598,-0.0891959798994974,-0.2537688442211055,-0.0036772248788725,-0.244063984003999,765.0,766.0,0.3484848484848485,-0.0089037546520939,0.0012288564797701,9.65973740992567e-05
2015-06-18,790.0,793.0,766.0,768.0,17300.0,768.0,789.2,796.5,839.6,841.28,564.82,False,False,True,False,False,False,False,False,False,True,False,0.0182291666666666,-0.0208333333333333,,,-0.0932291666666667,-0.0954166666666666,-0.05859375,-0.2330729166666666,-0.0042316470140738,-0.2434400502197112,766.0,736.0,1.880434782608696,-0.0112910909957122,-0.0023873363436182,-0.0005544221352013
2015-06-19,753.0,763.0,740.0,742.0,16000.0,742.0,781.2,789.3,831.8,836.76,567.28,False,False,False,False,False,False,False,False,False,False,False,0.0175202156334231,-0.0026954177897574,,,-0.1210242587601077,-0.1277088948787061,-0.0080862533692722,-0.2250673854447439,-0.0054017878483674,-0.2538958570885595,750.0,735.0,0.9248554913294798,-0.0093772541476317,0.0019138368480805,-0.0011701408342936
2015-06-22,757.0,757.0,720.0,740.0,10700.0,740.0,771.8,781.3,825.72,833.3733333333333,569.695,False,False,False,False,False,False,False,False,False,False,False,-0.0027027027027027,-0.0364864864864864,,,-0.1158378378378378,-0.1261801801801801,0.0027027027027027,-0.2175675675675675,-0.0040638049373629,-0.2557276334314603,739.0,760.0,0.66875,-0.0073632708424162,0.0020139833052154,0.0013379829110044
2015-06-23,728.0,757.0,728.0,757.0,10100.0,757.0,760.6,775.3,819.28,831.2,572.195,False,False,False,False,False,False,False,False,False,True,False,-0.0541611624834874,-0.0105680317040951,,,-0.0822721268163804,-0.0980184940554822,-0.0013210039630118,-0.2404227212681638,-0.002614693615656,-0.2551270475944795,889.0,750.0,0.9439252336448598,-0.0078605604921395,-0.0004972896497232,0.0014491113217069
2015-06-24,770.0,800.0,765.0,789.0,23100.0,789.0,759.2,775.4,814.44,829.44,574.88,False,False,False,False,False,False,False,False,False,False,False,-0.0646387832699619,-0.1013941698352344,,,-0.0322433460076046,-0.0512547528517111,-0.0519645120405576,-0.2775665399239543,-0.0021219135802469,-0.2552231106525664,1039.0,721.0,2.287128712871287,-0.0059427336574823,0.0019178268346571,0.0004927800354091
2015-06-25,789.0,789.0,761.0,782.0,5700.0,782.0,762.0,775.6,810.12,828.32,577.505,False,False,False,False,False,False,False,False,False,False,False,-0.0383631713554987,-0.1432225063938619,,,-0.0359590792838874,-0.05923273657289,-0.0255754475703324,-0.2659846547314578,-0.0013521344407958,-0.2539969056214543,1046.0,701.0,0.2467532467532467,-0.0053325433269145,0.0006101903305677,0.000769779139451
2015-06-26,782.0,782.0,755.0,755.0,6600.0,755.0,764.6,772.9,804.32,827.1733333333333,579.955,False,False,False,False,False,False,False,False,False,True,False,-0.0198675496688741,-0.1311258278145695,,,-0.0653245033112583,-0.0955938189845474,0.0105960264900662,-0.2331125827814569,-0.0013862471388504,-0.248803208694527,923.0,705.0,1.1578947368421053,-0.0072110602745175,-0.0018785169476029,-3.411269805466267e-05
2015-06-29,730.0,739.0,729.0,738.0,10200.0,738.0,764.2,768.0,798.4,826.2666666666667,582.325,False,False,False,False,False,False,False,False,False,True,False,-0.0338753387533875,-0.1341463414634146,,,-0.0818428184281842,-0.1196025293586269,0.016260162601626,-0.2330623306233062,-0.001097305147652,-0.2450520833333334,1073.0,735.0,1.5454545454545454,-0.0074148296593187,-0.0002037693848011,0.0002889419911984
2015-06-30,708.0,735.0,702.0,716.0,15900.0,716.0,756.0,758.3,791.48,824.7333333333333,584.58,False,False,False,False,False,False,False,False,False,True,False,0.0460893854748603,0.0321229050279329,,,-0.1054189944134078,-0.1518621973929236,0.047486033519553,-0.217877094972067,-0.001859186807857,-0.2402742977713305,1170.0,758.0,1.5588235294117647,-0.0087431141658664,-0.0013282845065476,-0.0007618816602049
2015-07-01,716.0,743.0,716.0,738.0,8000.0,738.0,745.8,752.5,786.52,823.56,586.945,False,False,False,False,False,False,False,False,False,False,False,-0.0392953929539295,0.2046070460704607,,,-0.0657452574525745,-0.1159349593495934,0.002710027100271,-0.2357723577235772,-0.0014247089869996,-0.2384053156146179,970.0,695.0,0.5031446540880503,-0.0063062604892438,0.0024368536766226,0.0004344778208574
2015-07-02,753.0,753.0,741.0,752.0,3700.0,752.0,739.8,750.9,783.6,822.76,589.38,False,False,False,False,False,False,False,False,False,False,False,-0.1090425531914893,0.0784574468085106,,,-0.0420212765957447,-0.094095744680851,-0.0292553191489361,-0.2526595744680851,-0.0009723370120083,-0.2403782128112931,885.0,678.0,0.4625,-0.0037263910158243,0.0025798694734194,0.0004523719749913
2015-07-03,752.0,757.0,732.0,740.0,3700.0,740.0,736.8,750.7,780.2,822.36,591.78,False,False,False,False,False,False,False,False,False,True,False,-0.1135135135135135,0.081081081081081,,,-0.0543243243243243,-0.1112972972972973,-0.054054054054054,-0.2391891891891892,-0.0004864049807869,-0.2417743439456507,1035.0,704.0,1.0,-0.0043578569597538,-0.0006314659439295,0.0004859320312213
2015-07-06,726.0,736.0,712.0,713.0,7500.0,713.0,731.8,748.0,775.44,821.68,594.045,False,False,False,False,False,False,False,False,False,True,False,-0.1037868162692847,0.0799438990182328,,,-0.0875736325385695,-0.1524263674614305,0.002805049088359,-0.1879382889200561,-0.0008275727777237,-0.2390374331550801,966.0,715.0,2.027027027027027,-0.006138450428144,-0.0017805934683901,-0.0003411677969367
2015-07-07,725.0,749.0,720.0,749.0,7500.0,749.0,738.4,747.2,772.4,821.0133333333333,596.48,False,False,False,False,False,False,False,False,False,False,False,-0.0133511348464619,0.0160213618157543,,,-0.0312416555407209,-0.0961459724076546,-0.0547396528704939,-0.2429906542056074,-0.0008120046771468,-0.2392933618843684,1030.0,810.0,1.0,-0.0039357845675816,0.0022026658605623,1.556810057687136e-05
2015-07-08,748.0,748.0,698.0,709.0,11200.0,709.0,732.6,739.2,767.6,820.2533333333333,598.715,False,False,False,False,False,False,False,False,False,True,False,0.2538787023977433,0.0225669957686882,,,-0.0826516220028209,-0.1569158439116126,0.005641748942172,-0.2087447108603667,-0.0009265430192298,-0.2322781385281385,985.0,793.0,1.4933333333333334,-0.0062532569046377,-0.0023174723370561,-0.0001145383420829
2015-07-09,694.0,694.0,573.0,670.0,34900.0,670.0,716.2,728.0,762.2,819.3733333333333,600.775,False,False,False,False,False,False,False,False,False,True,False,0.2104477611940298,0.0791044776119403,,,-0.1376119402985075,-0.2229452736318408,0.0776119402985074,-0.1611940298507462,-0.0010739915057035,-0.2221153846153847,1005.0,777.0,3.1160714285714284,-0.0070847546575701,-0.0008314977529323,-0.0001474484864737
2015-07-10,689.0,689.0,645.0,656.0,10800.0,656.0,699.4,718.1,755.88,818.32,602.775,False,False,False,False,False,False,False,False,False,True,False,0.2195121951219512,0.1219512195121951,,,-0.1522560975609756,-0.2474390243902439,0.1097560975609756,-0.149390243902439,-0.0012871900153158,-0.2143155549366383,937.0,756.0,0.3094555873925501,-0.0083611155209822,-0.001276360863412,-0.0002131985096123
2015-07-13,617.0,640.0,609.0,639.0,27000.0,639.0,684.6,708.2,748.64,816.7066666666667,604.67,False,False,False,False,False,False,False,False,False,True,False,0.2050078247261345,0.1611893583724569,,,-0.1715805946791862,-0.2781011997913407,0.1486697965571205,-0.136150234741784,-0.0019754134491371,-0.2053092346794691,892.0,778.0,2.5,-0.0096708698439837,-0.0013097543230015,-0.0006882234338213
2015-07-14,640.0,739.0,640.0,739.0,36400.0,739.0,682.6,710.5,745.52,816.56,607.075,False,False,False,False,False,False,False,False,False,False,True,0.0297699594046008,0.0230040595399188,,,-0.0088227334235453,-0.1049526387009471,0.0027063599458728,-0.2476319350473613,-0.0001796152966919,-0.2084447572132301,918.0,766.0,1.348148148148148,-0.0041849983903852,0.0054858714535985,0.0017957981524452
2015-07-15,754.0,889.0,739.0,889.0,144100.0,889.0,718.6,725.6,749.56,818.8,610.23,False,False,False,False,True,False,True,True,True,False,False,-0.1844769403824522,-0.1586051743532058,,,0.1568503937007874,0.0789651293588302,-0.156355455568054,-0.3790776152980877,0.0027357107962872,-0.2265711135611907,910.0,765.0,3.958791208791209,0.0053898286995036,0.0095748270898889,0.0029153260929791
2015-07-16,994.0,1039.0,811.0,811.0,847700.0,811.0,746.8,731.5,750.8,820.2666666666667,612.995,False,False,False,False,False,False,True,True,False,True,False,-0.1085080147965474,-0.0604192355117139,,,0.07422934648582,-0.0114262227702424,-0.0776818742293464,-0.3341553637484586,0.0017880364109233,-0.2358168147641831,890.0,766.0,5.882720333102013,0.0016515716568993,-0.0037382570426043,-0.0009476743853639
2015-07-17,856.0,860.0,770.0,800.0,119100.0,800.0,775.6,737.5,751.52,821.5333333333333,615.715,False,False,False,False,False,False,True,True,False,True,False,-0.08,-0.04625,,,0.0606,-0.0269166666666666,-0.2,-0.31625,0.0015418323460196,-0.2442033898305085,900.0,750.0,0.1404978176241595,0.0009580583351075,-0.0006935133217917,-0.0002462040649036
2015-07-21,772.0,784.0,757.0,770.0,41700.0,770.0,801.8,743.2,750.84,822.0,618.28,False,False,False,False,False,False,False,True,False,True,False,-0.0363636363636363,-0.0259740259740259,,,0.0248831168831168,-0.0675324675324675,-0.274025974025974,-0.2896103896103896,0.0005677210056772,-0.2543057050592034,886.0,739.0,0.3501259445843829,-0.0009056523360502,-0.0018637106711577,-0.0009741113403423
2015-07-22,784.0,784.0,760.0,761.0,16500.0,761.0,806.2,744.4,748.76,822.04,620.785,False,False,False,False,False,False,False,True,False,True,False,-0.0065703022339027,-0.014454664914586,,,0.0160840998685939,-0.0802102496714848,-0.2115637319316688,-0.2772667542706964,4.865943263097127e-05,-0.2577915099408919,889.0,889.0,0.39568345323741,-0.0027779261712698,-0.0018722738352196,-0.0005190615730462
2015-07-23,755.0,762.0,725.0,725.0,25100.0,725.0,773.4,746.0,745.92,822.44,623.13,False,False,False,False,False,True,False,True,False,True,False,0.0317241379310344,0.0206896551724137,,,-0.028855172413793,-0.1344,-0.1103448275862069,-0.2248275862068965,0.0004863576674287,-0.2592493297587131,862.0,1039.0,1.5212121212121212,-0.0038073788073788,-0.0010294526361089,0.0004376982347977
2015-07-24,740.0,740.0,719.0,723.0,9800.0,723.0,755.8,751.3,744.12,823.04,625.455,False,False,False,False,False,False,False,True,False,False,False,0.0539419087136929,0.0096818810511756,,,-0.0292116182572614,-0.1383679114799446,-0.0691562932226832,-0.2365145228215767,0.0007290046656297,-0.2658059363769465,825.0,1046.0,0.3904382470119522,-0.0024189646831155,0.0013884141242632,0.000242646998201
2015-07-27,737.0,738.0,726.0,736.0,11900.0,736.0,743.0,759.3,743.88,823.4666666666667,627.86,False,False,False,False,False,False,False,True,False,False,False,0.0366847826086956,-0.0489130434782608,,,-0.0107065217391304,-0.1188405797101449,-0.1168478260869565,-0.1141304347826086,0.0005181347150259,-0.2611615962070328,825.0,923.0,1.2142857142857142,-0.0003226326826907,0.0020963320004247,-0.0002108699506037
2015-07-28,721.0,760.0,700.0,742.0,21200.0,742.0,737.4,769.6,743.96,823.8266666666667,630.29,False,False,False,False,False,False,True,True,False,False,False,0.0107816711590296,-0.036388140161725,,,-0.0026415094339623,-0.1102785265049416,-0.1940700808625337,0.013477088948787,0.000436985126321,-0.24506237006237,832.0,1073.0,1.781512605042017,0.0001075326630464,0.0004301653457372,-8.11495887049004e-05
2015-07-29,727.0,756.0,727.0,756.0,7200.0,756.0,736.4,771.3,743.92,823.1066666666667,632.695,False,False,False,False,True,False,False,False,False,True,False,-0.0079365079365079,-0.0634920634920634,,,0.015978835978836,-0.0887654320987654,-0.2063492063492063,0.1931216931216931,-0.000874734744788,-0.2018669778296382,825.0,1170.0,0.3396226415094339,-5.3769222497146615e-05,-0.0001613018855436,-0.0013117198711091
2015-07-30,756.0,773.0,745.0,748.0,9700.0,748.0,741.0,757.2,742.28,822.5066666666667,634.9,False,False,False,False,False,False,False,False,False,True,False,-0.0106951871657754,-0.0467914438502673,,,0.0076470588235294,-0.0996078431372548,-0.2179144385026738,0.0294117647058823,-0.0007294773699909,-0.1582144743792922,829.0,970.0,1.3472222222222223,-0.0022094088484129,-0.0021556396259158,0.0001452573747971
2015-07-31,762.0,762.0,737.0,762.0,8500.0,762.0,748.8,752.3,741.48,822.3066666666666,637.255,False,False,False,False,False,False,False,False,False,False,False,-0.0419947506561679,-0.0524934383202099,,,0.0269291338582676,-0.0791426071741031,-0.2690288713910761,-0.0551181102362204,-0.0002432182640702,-0.1288049980061145,805.0,885.0,0.8762886597938144,-0.0010789232346117,0.0011304856138011,0.0004862591059207
2015-08-03,769.0,770.0,753.0,763.0,7200.0,763.0,754.2,748.6,741.8,822.4,639.685,False,False,False,False,False,False,True,True,False,False,False,-0.0825688073394495,-0.0458715596330275,,,0.0277850589777195,-0.0778505897771952,-0.255570117955439,-0.0707732634338138,0.0001134889753567,-0.1028586695164306,814.0,1035.0,0.8470588235294118,0.0004313831221352,0.001510306356747,0.0003567072394269
2015-08-04,760.0,760.0,743.0,750.0,4200.0,750.0,755.8,746.6,742.28,822.0266666666666,642.125,False,False,False,False,False,False,True,False,False,False,False,-0.0466666666666666,-0.0213333333333333,,,0.0102933333333333,-0.0960355555555555,-0.276,-0.0893333333333333,-0.000454162070979,-0.0822394856683632,820.0,966.0,0.5833333333333334,0.000646656248316,0.0002152731261807,-0.0005676510463357
2015-08-05,750.0,763.0,738.0,750.0,3400.0,750.0,754.6,745.5,743.64,821.8133333333334,644.56,False,False,False,False,False,False,True,False,True,False,False,-0.056,-0.012,,,0.00848,-0.0957511111111111,-0.272,-0.0933333333333333,-0.0002595885521447,-0.0634473507712943,817.0,1030.0,0.8095238095238095,0.0018288419127535,0.0011821856644374,0.0001945735188342
2015-08-06,735.0,761.0,735.0,740.0,1600.0,740.0,753.0,747.0,743.72,821.48,647.01,False,False,False,False,False,False,True,False,False,True,True,-0.0364864864864864,0.0135135135135135,,,-0.005027027027027,-0.1101081081081081,-0.2662162162162162,-0.0959459459459459,-0.0004057716966126,-0.051004016064257,788.0,985.0,0.4705882352941176,0.0001075673640617,-0.0017212745486917,-0.0001461831444679
2015-08-07,755.0,755.0,730.0,730.0,3900.0,730.0,746.6,747.7,742.84,821.0,649.42,False,False,False,False,False,False,False,False,False,True,False,-0.010958904109589,0.0246575342465753,,,-0.0175890410958904,-0.1246575342465753,-0.2191780821917808,-0.1027397260273972,-0.0005846528623629,-0.0381168918015246,780.0,1005.0,2.4375,-0.0011846427225243,-0.0012922100865861,-0.0001788811657503
2015-08-10,730.0,744.0,685.0,700.0,12600.0,700.0,734.0,744.1,741.24,820.3333333333334,651.67,False,False,False,False,False,False,False,False,False,True,False,0.04,-0.0857142857142857,,,-0.0589142857142857,-0.1719047619047619,-0.1814285714285714,-0.0157142857142857,-0.0008126777732628,-0.0284907942480849,782.0,937.0,3.230769230769231,-0.0021585451405752,-0.0009739024180509,-0.0002280249108998
2015-08-11,695.0,727.0,695.0,715.0,6100.0,715.0,727.0,741.4,741.32,820.0133333333333,654.03,False,False,False,False,False,False,True,False,False,False,False,0.0265734265734265,-0.2181818181818181,,,-0.0368111888111888,-0.1468717948717948,-0.1916083916083916,-0.0657342657342657,-0.0003902375571129,-0.0362827083895332,787.0,892.0,0.4841269841269841,0.000107915609993,0.0022664607505683,0.0004224402161499
2015-08-12,719.0,724.0,702.0,708.0,3700.0,708.0,718.6,736.6,739.68,817.6,656.365,False,False,False,False,False,False,False,False,False,True,False,0.0466101694915254,-0.1525423728813559,,,-0.0447457627118643,-0.1548022598870057,-0.1384180790960452,-0.0805084745762711,-0.0029517286366601,-0.0640781971219115,813.0,918.0,0.6065573770491803,-0.0022171749945923,-0.0023250906045854,-0.0025614910795471
2015-08-13,686.0,714.0,686.0,713.0,5600.0,713.0,713.2,733.1,739.84,813.2533333333333,658.705,False,False,False,False,False,False,True,False,False,False,False,0.0518934081346423,-0.0953716690042075,,,-0.0376437587657784,-0.1406077606358111,-0.1570827489481066,-0.1079943899018232,-0.0053447880119356,-0.0778884190424226,796.0,910.0,1.5135135135135136,0.0002162629757786,0.002433437970371,-0.0023930593752755
2015-08-14,700.0,757.0,689.0,722.0,10300.0,722.0,711.6,729.1,741.92,808.9333333333333,661.065,False,False,False,False,False,False,True,False,True,False,False,0.0360110803324099,-0.0678670360110803,,,-0.0275900277008309,-0.1204062788550322,-0.1523545706371191,-0.1066481994459833,-0.0053403659139608,-0.0831161706213139,768.0,890.0,1.8392857142857144,0.0028035367694629,0.0025872737936842,4.422097974797999e-06
2015-08-17,727.0,742.0,724.0,728.0,3100.0,728.0,717.2,725.6,744.8,806.3333333333334,663.455,False,False,False,False,False,False,True,False,False,False,False,-0.1208791208791208,-0.1071428571428571,,,-0.023076923076923,-0.1076007326007326,-0.0219780219780219,-0.1222527472527472,-0.0032244729226952,-0.0883406835722161,742.0,900.0,0.3009708737864077,0.0038668098818474,0.0010632731123845,0.0021158929912656
2015-08-18,723.0,748.0,723.0,734.0,4300.0,734.0,721.0,724.0,748.6,801.8133333333334,665.89,False,False,False,False,False,False,True,False,False,False,False,-0.2384196185286103,-0.1852861035422343,,,-0.0198910081743869,-0.0923887375113533,-0.1103542234332425,-0.1485013623978201,-0.0056372222961287,-0.0943370165745855,740.0,886.0,1.3870967741935485,0.0050761421319797,0.0012093322501323,-0.0024127493734335
2015-08-19,741.0,743.0,733.0,741.0,1500.0,741.0,727.6,723.1,748.68,796.0933333333334,668.32,False,False,False,False,False,False,True,False,False,True,False,-0.1902834008097166,-0.1902834008097166,,,-0.0103643724696355,-0.0743499775078722,-0.1700404858299595,-0.1592442645074224,-0.007185087175708,-0.1010925183238833,757.0,889.0,0.3488372093023256,0.0001068547309931,-0.0049692874009866,-0.0015478648795793
2015-08-20,729.0,760.0,729.0,750.0,6100.0,750.0,735.0,724.1,743.12,793.16,670.825,False,False,False,False,True,False,False,False,False,True,False,-0.14,-0.22,,,0.0091733333333333,-0.0575466666666666,-0.24,-0.188,-0.0036982870206936,-0.1106200800994338,789.0,862.0,4.066666666666666,-0.0074819679190439,-0.007588822650037,0.0034868001550144
2015-08-21,732.0,748.0,703.0,748.0,15500.0,748.0,740.2,725.9,740.6,791.3333333333334,673.3,False,False,False,False,False,False,False,False,False,False,False,-0.1002673796791443,-0.2553475935828877,,,0.0098930481283422,-0.0579322638146168,-0.2473262032085561,-0.1764705882352941,-0.0023083403538331,-0.1181980989116957,782.0,825.0,2.540983606557377,-0.0034026465028355,0.0040793214162084,0.0013899466668605
2015-08-24,700.0,734.0,621.0,640.0,11400.0,640.0,722.6,719.9,734.2,786.0666666666667,675.225,False,False,False,False,False,False,False,False,False,True,False,0.015625,-0.1125,,,-0.1471875,-0.2282291666666667,-0.1265625,-0.0578125,-0.0067000254431345,-0.122794832615641,755.0,825.0,0.7354838709677419,-0.0087169708526286,-0.0053143243497931,-0.0043916850893014
2015-08-25,540.0,636.0,540.0,559.0,41400.0,559.0,687.6,704.3,725.76,780.64,676.75,False,False,False,False,False,False,False,False,False,True,False,0.0697674418604651,-0.0286225402504472,,,-0.2983184257602862,-0.3964937388193202,0.0268336314847942,0.1001788908765653,-0.0069515611122498,-0.1108902456339626,738.0,832.0,3.631578947368421,-0.0116291887125221,-0.0029122178598934,-0.0002515356691152
2015-08-26,599.0,609.0,570.0,600.0,7400.0,600.0,659.4,693.5,719.32,774.9066666666666,678.47,False,False,False,False,False,False,False,False,False,False,False,0.0,-0.09,,,-0.1988666666666667,-0.291511111111111,-0.005,0.0266666666666666,-0.0073987404934788,-0.1020908435472241,716.0,825.0,0.178743961352657,-0.0089528999610742,0.0026762887514478,-0.0004471793812289
2015-08-27,600.0,650.0,600.0,645.0,6400.0,645.0,638.4,686.7,716.12,770.3733333333333,680.42,False,False,False,False,False,False,False,False,False,False,False,-0.0930232558139534,-0.1581395348837209,,,-0.1102635658914728,-0.1943772609819121,-0.0790697674418604,-0.0651162790697674,-0.0058845927515663,-0.0980049512159604,738.0,829.0,0.8648648648648649,-0.0044685248282411,0.0044843751328331,0.0015141477419125
2015-08-28,695.0,695.0,659.0,673.0,6300.0,673.0,623.4,681.8,714.12,765.9466666666667,682.49,False,False,False,False,False,False,False,False,False,False,False,-0.1723625557206538,-0.1530460624071322,,,-0.0610995542347697,-0.1381079742446756,-0.1248142644873699,-0.1337295690936107,-0.0057793405981268,-0.1006160164271045,752.0,805.0,0.984375,-0.0028006497507421,0.0016678750774989,0.0001052521534394
2015-08-31,672.0,679.0,640.0,650.0,3900.0,650.0,625.4,674.0,710.68,762.12,684.465,False,False,False,False,False,False,False,False,False,True,False,-0.1261538461538461,-0.1184615384615384,,,-0.093353846153846,-0.1724923076923077,-0.1153846153846153,-0.0923076923076923,-0.0050210815444637,-0.0974777448071217,740.0,814.0,0.6190476190476191,-0.0048404345134238,-0.0020397847626816,0.0007582590536631
2015-09-01,620.0,635.0,598.0,598.0,7900.0,598.0,633.2,660.4,704.92,758.2,686.165,False,False,False,False,False,False,False,False,False,True,False,-0.0919732441471571,-0.0334448160535117,,,-0.1787959866220735,-0.2678929765886288,-0.0317725752508361,-0.0468227424749163,-0.0051701398048007,-0.0872198667474258,713.0,820.0,2.025641025641025,-0.0081711399875163,-0.0033307054740924,-0.000149058260337
2015-09-02,558.0,610.0,558.0,600.0,7400.0,600.0,633.2,646.3,698.68,753.96,687.86,False,False,False,False,False,False,False,False,False,True,False,-0.09,0.0166666666666666,,,-0.1644666666666666,-0.2566,-0.0416666666666666,-0.065,-0.0056236405114329,-0.0768992727835369,749.0,817.0,0.9367088607594936,-0.0089311272685635,-0.0007599872810472,-0.0004535007066321
2015-09-03,595.0,600.0,581.0,585.0,3900.0,585.0,621.2,629.8,692.16,749.6266666666667,689.46,False,False,False,False,False,False,False,False,False,True,False,-0.0717948717948717,0.0273504273504273,,,-0.1831794871794871,-0.2814131054131054,-0.0256410256410256,-0.0153846153846153,-0.005780655259507,-0.0579549063194665,709.0,788.0,0.527027027027027,-0.0094197873324086,-0.000488660063845,-0.000157014748074
2015-09-04,595.0,595.0,550.0,557.0,5700.0,557.0,598.0,610.7,683.96,745.1866666666666,690.905,False,False,False,False,False,False,False,False,False,True,False,0.0233393177737881,0.0987432675044883,,,-0.227935368043088,-0.3378575703171752,0.0305206463195691,0.0466786355475763,-0.005958238651613,-0.0338955297199935,670.0,780.0,1.4615384615384617,-0.0119890052049826,-0.0025692178725739,-0.000177583392106
2015-09-07,567.0,595.0,543.0,568.0,3800.0,568.0,581.6,603.5,676.16,740.76,692.305,False,False,False,False,False,False,False,False,False,False,False,0.0088028169014084,0.2535211267605634,,,-0.1904225352112675,-0.3041549295774647,0.0193661971830985,0.0686619718309859,-0.0059758446280396,-0.0217067108533554,656.0,782.0,0.6666666666666666,-0.0115357311878846,0.000453274017098,-1.7605976426514694e-05
2015-09-08,570.0,570.0,543.0,543.0,3300.0,543.0,570.6,601.9,667.88,736.1866666666666,693.665,False,False,False,False,False,False,False,False,False,True,False,0.0644567219152854,0.2025782688766114,,,-0.2299815837937384,-0.3557765500306936,0.0423572744014733,0.1086556169429097,-0.006212192559858,-0.0212659910284099,639.0,787.0,0.868421052631579,-0.0123974366652691,-0.0008617054773845,-0.0002363479318184
2015-09-09,549.0,565.0,530.0,546.0,5800.0,546.0,559.8,596.5,659.72,731.6133333333333,694.96,False,False,False,False,False,False,False,False,False,False,False,0.1172161172161172,0.1263736263736263,,,-0.2082783882783883,-0.33995115995116,0.0256410256410256,0.1428571428571428,-0.0062510251316723,-0.0110645431684828,739.0,813.0,1.7575757575757576,-0.0123688837688715,2.855289639757536e-05,-3.8832571814305904e-05
2015-09-10,556.0,556.0,530.0,543.0,2900.0,543.0,551.4,586.3,651.84,727.36,696.255,False,False,False,False,False,False,False,False,False,False,False,0.1068139963167587,0.0497237569060773,,,-0.2004419889502763,-0.3395211786372007,0.0386740331491712,0.141804788213628,-0.0058476316175392,0.0090397407470579,889.0,796.0,0.5,-0.0120888561610211,0.0002800276078504,0.0004033935141331
2015-09-11,552.0,625.0,548.0,570.0,17300.0,570.0,554.0,576.0,645.44,723.96,697.765,False,False,False,False,False,False,False,False,False,False,False,0.0736842105263157,-0.0122807017543859,,,-0.1323508771929825,-0.2701052631578948,-0.0140350877192982,0.0684210526315789,-0.0046963920658599,0.0315972222222223,811.0,768.0,5.965517241379311,-0.0099157164105106,0.0021731397505104,0.0011512395516792
2015-09-14,580.0,582.0,565.0,573.0,2300.0,573.0,555.0,568.3,640.36,720.6,699.28,False,False,False,False,False,False,False,False,False,False,False,0.2425828970331588,-0.0244328097731239,,,-0.1175567190226876,-0.2575916230366492,-0.0174520069808027,0.0855148342059336,-0.0046627810158201,0.0512053492873482,800.0,742.0,0.1329479768786127,-0.0079330376663127,0.0019826787441978,3.3611050039791986e-05
2015-09-15,578.0,578.0,578.0,578.0,300.0,578.0,562.0,566.3,634.88,717.2133333333334,700.86,False,False,False,False,False,False,False,False,False,True,False,0.129757785467128,-0.0069204152249134,,,-0.0984083044982698,-0.2408535178777394,0.0017301038062283,-0.0138408304498269,-0.0047219795133014,0.0549178880452057,770.0,740.0,0.1304347826086956,-0.0086315524193548,-0.0006985147530421,-5.919849748129823e-05
2015-09-16,588.0,619.0,574.0,610.0,6100.0,610.0,574.8,567.3,630.96,714.3466666666667,702.575,False,False,False,False,False,False,False,False,False,False,False,0.0081967213114754,-0.021311475409836,,,-0.0343606557377049,-0.1710601092896175,-0.0704918032786885,-0.0377049180327868,-0.0040129908914439,0.0576414595452142,761.0,757.0,20.33333333333333,-0.0062127551667299,0.0024187972526248,0.0007089886218575
2015-09-17,630.0,660.0,601.0,601.0,32000.0,601.0,586.4,568.9,626.48,711.3066666666666,704.245,False,False,False,False,False,False,False,False,False,True,False,-0.0515806988352745,-0.0116472545757071,,,-0.042396006655574,-0.1835385468663338,-0.0665557404326123,-0.0016638935108153,-0.0042738246982081,0.0588855686412374,725.0,789.0,5.245901639344262,-0.0071510662750606,-0.0009383111083306,-0.0002608338067641
2015-09-18,610.0,639.0,608.0,612.0,6400.0,612.0,594.8,574.4,622.08,708.7333333333333,705.95,False,False,False,False,False,False,False,False,False,False,False,-0.0800653594771241,-0.0375816993464052,,,-0.0164705882352941,-0.1580610021786492,-0.0816993464052287,-0.0408496732026143,-0.0036308907910825,0.0494428969359331,723.0,782.0,0.2,-0.0070730452674896,7.802100757101083e-05,0.0006429339071255
2015-09-24,712.0,712.0,712.0,712.0,6400.0,712.0,622.6,588.8,621.44,707.3733333333333,708.145,False,False,False,False,True,False,False,False,False,False,False,-0.2148876404494382,-0.1924157303370786,,,0.1271910112359549,0.0064981273408239,-0.2162921348314606,-0.1783707865168539,-0.0019226056961906,0.0200407608695653,736.0,755.0,1.0,-0.0010298661174047,0.0060431791500849,0.0017082850948919
2015-09-25,772.0,847.0,642.0,653.0,191600.0,653.0,637.6,599.8,618.2,705.1466666666666,710.005,False,False,False,False,False,False,False,False,False,True,False,-0.120980091883614,-0.113323124042879,,,0.053292496171516,-0.0798570699336395,-0.1546707503828484,-0.1087289433384379,-0.0031577355065613,-0.0020006668889628,742.0,738.0,29.9375,-0.0052410223228728,-0.0042111562054681,-0.0012351298103706
2015-09-28,623.0,637.0,593.0,615.0,20300.0,615.0,638.6,606.7,613.16,702.4533333333334,711.67,False,False,False,False,False,False,False,False,False,True,False,-0.0292682926829268,-0.065040650406504,,,0.0029918699186992,-0.1422005420054201,-0.0959349593495935,-0.0471544715447154,-0.0038341811555689,-0.019614306906214,756.0,716.0,0.1059498956158663,-0.0082197142670756,-0.0029786919442027,-0.0006764456490076
2015-09-29,595.0,598.0,570.0,570.0,9900.0,570.0,632.4,609.4,605.96,699.5466666666666,713.14,False,False,False,False,False,True,False,False,False,True,False,0.0421052631578947,0.0,,,-0.0630877192982456,-0.2272748538011695,-0.031578947368421,0.0070175438596491,-0.0041550718560592,-0.0315063997374465,748.0,738.0,0.4876847290640394,-0.0118819724074195,-0.0036622581403439,-0.0003208907004903
2015-09-30,580.0,590.0,556.0,563.0,7000.0,563.0,622.6,608.7,598.56,696.6533333333333,714.54,False,False,False,False,False,False,False,False,False,True,False,0.0461811722912966,0.019538188277087,,,-0.0631616341030194,-0.2373949082297216,-0.0408525754884547,0.0479573712255772,-0.0041531895347279,-0.0335140463282406,762.0,752.0,0.7070707070707071,-0.0123630045442396,-0.0004810321368201,1.882321331370292e-06
2015-10-01,573.0,578.0,559.0,559.0,6800.0,559.0,592.0,607.3,595.32,693.68,715.915,False,False,False,False,False,False,False,False,False,False,False,0.0286225402504472,0.035778175313059,,,-0.0649731663685153,-0.2409302325581394,-0.0214669051878354,0.0393559928443649,-0.0042863183792719,-0.0380372138975793,763.0,740.0,0.9714285714285714,-0.0054424511187258,0.0069205534255137,-0.000133128844544
2015-10-02,561.0,618.0,560.0,574.0,7200.0,574.0,576.2,606.9,595.92,690.84,717.385,False,False,False,False,False,False,True,False,True,False,False,0.0087108013937282,-0.0139372822299651,,,-0.0381881533101044,-0.2035540069686411,-0.0470383275261324,0.0296167247386759,-0.0041109374095303,-0.03394298896029,750.0,713.0,1.0588235294117647,0.0010068465565846,0.0064492976753105,0.0001753809697416
2015-10-05,614.0,618.0,576.0,597.0,13500.0,597.0,572.6,605.6,595.8,687.96,718.96,False,False,False,False,True,False,False,False,False,True,False,-0.0368509212730318,-0.0619765494137353,,,0.0020100502512563,-0.1523618090452262,-0.0787269681742043,-0.0067001675041876,-0.0041862899005756,-0.0308784676354029,750.0,749.0,1.875,-0.0002014098690835,-0.0012082564256682,-7.535249104529979e-05
2015-10-06,577.0,594.0,572.0,594.0,13100.0,594.0,577.4,604.9,593.76,685.2666666666667,720.53,False,False,False,False,False,False,False,False,False,True,False,-0.0404040404040404,-0.0505050505050505,,,0.0004040404040404,-0.1536475869809203,-0.0538720538720538,-0.0101010101010101,-0.0039303434186205,-0.031740783600595,740.0,709.0,0.9703703703703704,-0.0034357316087307,-0.0032343217396471,0.000255946481955
2015-10-07,593.0,593.0,573.0,589.0,4600.0,589.0,582.6,602.6,590.4,682.88,722.08,False,False,False,False,False,False,False,False,False,True,False,-0.0254668930390492,-0.0458404074702886,,,-0.0023769100169778,-0.1593887945670628,-0.0628183361629881,0.0101867572156196,-0.0034950015620118,-0.0267175572519084,730.0,670.0,0.3511450381679389,-0.0056910569105691,-0.0022553253018383,0.0004353418566087
2015-10-08,581.0,582.0,575.0,575.0,4800.0,575.0,585.8,588.9,587.4,680.6533333333333,723.55,False,False,False,False,False,False,False,False,False,False,False,0.0069565217391304,-0.0208695652173913,,,-0.0215652173913043,-0.1837449275362318,0.1339130434782608,0.0330434782608695,-0.0032713667260867,-0.0025471217524197,700.0,656.0,1.0434782608695652,-0.0051072522982635,0.0005838046123055,0.0002236348359251
2015-10-09,592.0,592.0,578.0,579.0,2500.0,579.0,586.8,581.5,586.64,678.5066666666667,725.085,False,False,False,False,False,False,False,False,False,False,False,-0.0224525043177892,0.0,,,-0.013195164075993,-0.171859527921704,0.2987910189982729,0.0224525043177892,-0.0031638107215846,0.0118658641444539,715.0,639.0,0.5208333333333334,-0.0012955134324287,0.0038117388658348,0.0001075560045021
2015-10-13,589.0,589.0,565.0,575.0,3100.0,575.0,582.4,577.5,585.64,676.08,726.57,False,False,False,False,False,False,False,False,False,True,False,-0.0260869565217391,-0.0139130434782608,,,-0.0185043478260869,-0.1757913043478261,0.568695652173913,0.0313043478260869,-0.0035893188182857,0.0200865800865801,708.0,739.0,1.24,-0.0017075336384126,-0.0004120202059839,-0.0004255080967011
2015-10-14,568.0,584.0,568.0,570.0,2400.0,570.0,577.6,577.5,585.04,673.16,728.04,False,False,False,False,False,False,False,False,False,False,False,-0.0105263157894736,-0.0157894736842105,,,-0.0263859649122806,-0.1809824561403508,0.3508771929824561,0.2070175438596491,-0.0043377503119616,0.0398268398268398,713.0,889.0,0.7741935483870968,-0.001025570901135,0.0006819627372776,-0.0007484314936758
2015-10-15,579.0,580.0,567.0,574.0,1800.0,574.0,574.6,578.6,585.72,670.3866666666667,729.57,False,False,False,False,False,False,True,False,True,False,False,-0.0209059233449477,-0.0209059233449477,,,-0.020418118466899,-0.1679210220673635,0.2543554006968641,0.3222996515679442,-0.0041369160086715,0.0670584168683027,722.0,811.0,0.75,0.0011609642832753,0.0021865351844103,0.00020083430329
2015-10-16,578.0,585.0,574.0,579.0,3600.0,579.0,575.4,580.6,586.16,668.04,731.12,False,False,False,False,False,False,True,False,False,True,False,-0.0276338514680483,-0.0362694300518134,,,-0.0123661485319515,-0.153782383419689,0.2245250431778929,0.4404145077720207,-0.0035127637067641,0.1069583189803651,728.0,800.0,2.0,0.0007506482871569,-0.0004103159961184,0.0006241523019074
2015-10-19,580.0,581.0,560.0,566.0,5200.0,566.0,572.8,579.8,587.08,665.7466666666667,732.625,False,False,False,False,False,False,True,False,True,False,False,0.0229681978798586,-0.0247349823321554,,,-0.037243816254417,-0.1762308598351001,0.2067137809187279,0.2084805653710247,-0.003444753760189,0.12452569851673,734.0,770.0,1.4444444444444444,0.0015670777406828,0.0008164294535258,6.800994657510297e-05
2015-10-20,570.0,580.0,560.0,560.0,1700.0,560.0,569.8,576.1,587.64,663.6666666666666,734.11,False,False,False,False,False,False,True,False,False,True,False,0.0125,-0.0071428571428571,,,-0.0493571428571428,-0.1851190476190475,0.2142857142857142,0.0428571428571428,-0.0031341034655952,0.1301857316438118,741.0,761.0,0.3269230769230769,0.0009529643999726,-0.0006141133407101,0.0003106502945937
2015-10-21,563.0,571.0,560.0,564.0,3000.0,564.0,568.6,573.1,588.48,661.3466666666667,735.625,False,False,False,False,False,False,True,False,False,False,False,-0.0053191489361702,-0.0212765957446808,,,-0.0434042553191489,-0.1726004728132388,0.1861702127659574,-0.1134751773049645,-0.0035079937904476,0.1207468155644738,750.0,725.0,1.7647058823529411,0.0014274061990212,0.0004744417990485,-0.0003738903248524
2015-10-22,566.0,570.0,561.0,562.0,3500.0,562.0,566.2,570.4,588.16,658.8133333333334,737.105,False,False,False,False,False,False,False,False,False,True,False,0.0,-0.0391459074733096,,,-0.0465480427046262,-0.1722657176749704,0.1654804270462633,-0.1192170818505338,-0.0038452976057962,0.1085203366058905,748.0,723.0,1.1666666666666667,-0.0005440696409141,-0.0019714758399353,-0.0003373038153485
2015-10-23,561.0,567.0,560.0,563.0,4500.0,563.0,563.0,569.2,587.76,656.4533333333334,738.59,False,False,False,False,False,False,False,False,False,True,False,-0.0088809946714031,-0.0284191829484902,,,-0.0439786856127886,-0.1659917110716401,0.2238010657193605,-0.1065719360568383,-0.0035950765730999,0.0948699929725931,640.0,736.0,1.2857142857142858,-0.0006805498843064,-0.0001364802433923,0.0002502210326963
2015-10-26,570.0,579.0,565.0,579.0,5500.0,579.0,565.6,569.2,587.8,654.6666666666666,740.12,False,False,False,False,False,False,True,False,False,False,False,-0.0466321243523316,-0.0552677029360967,,,-0.0151986183074265,-0.1306850892343119,0.153713298791019,-0.1088082901554404,-0.0027291242362526,0.0815179198875614,559.0,742.0,1.2222222222222223,6.805035726431376e-05,0.0007486002415707,0.0008659523368472
2015-10-27,584.0,584.0,561.0,567.0,4300.0,567.0,567.0,568.4,586.08,652.24,741.605,False,False,False,False,False,False,False,False,False,True,False,-0.019400352733686,-0.0299823633156966,,,-0.0336507936507937,-0.1503350970017636,0.1481481481481481,-0.0793650793650793,-0.0037205118770186,0.07054890921886,600.0,756.0,0.7818181818181819,-0.0029347529347527,-0.0030028032920171,-0.0009913876407659
2015-10-28,557.0,567.0,557.0,561.0,2800.0,561.0,566.4,567.5,584.48,650.2666666666667,743.085,False,False,False,False,False,False,False,False,False,False,False,-0.0160427807486631,0.0017825311942959,,,-0.0418538324420677,-0.1591206179441473,0.1336898395721925,-0.0909090909090909,-0.0030346524502768,0.0408810572687225,645.0,748.0,0.6511627906976745,-0.0027374760470846,0.0001972768876681,0.0006858594267417
2015-10-29,571.0,571.0,562.0,562.0,3000.0,562.0,566.4,566.3,582.48,648.8266666666667,744.545,False,False,False,False,False,False,False,False,False,True,False,-0.0391459074733096,-0.0177935943060498,,,-0.03644128113879,-0.1544958481613286,0.1476868327402135,0.0035587188612099,-0.0022193909004972,0.0086526576019779,673.0,762.0,1.0714285714285714,-0.0034335942864991,-0.0006961182394144,0.0008152615497796
2015-10-30,561.0,571.0,556.0,558.0,4000.0,558.0,565.4,564.2,576.32,647.52,745.985,False,False,False,False,False,False,False,False,False,True,False,-0.0197132616487455,0.1684587813620071,,,-0.032831541218638,-0.1604301075268817,0.1451612903225806,-0.050179211469534,-0.0020179556873405,-0.0414746543778803,650.0,763.0,1.3333333333333333,-0.0106885063853414,-0.0072549120988423,0.0002014352131567
2015-11-02,557.0,557.0,551.0,552.0,3400.0,552.0,560.0,562.8,572.28,646.36,747.395,False,False,False,False,False,False,False,False,False,False,False,-0.0090579710144927,0.3623188405797101,,,-0.0367391304347825,-0.1709420289855072,0.1322463768115942,-0.0235507246376811,-0.0017946655114796,-0.0648542999289268,598.0,750.0,0.85,-0.0070594813727547,0.0036290250125866,0.0002232901758608
2015-11-04,552.0,556.0,545.0,556.0,4400.0,556.0,557.8,562.4,569.92,643.92,748.805,False,False,False,False,False,False,False,False,False,False,False,-0.0107913669064748,0.6223021582733813,,,-0.0250359712230215,-0.1581294964028776,0.1205035971223021,-0.0107913669064748,-0.003789290595105,-0.0702347083926031,600.0,750.0,1.2941176470588236,-0.0041409320606401,0.0029185493121146,-0.0019946250836254
2015-11-05,560.0,592.0,550.0,552.0,12000.0,552.0,556.0,561.2,569.2,639.4266666666666,750.2,False,False,False,False,False,False,False,False,False,False,False,0.0181159420289855,0.394927536231884,,,-0.0311594202898551,-0.1583816425120772,0.1032608695652173,0.0,-0.0070271284692537,-0.0589807555238774,585.0,740.0,2.727272727272727,-0.0012649332396344,0.0028759988210056,-0.0032378378741486
2015-11-06,542.0,545.0,534.0,540.0,5600.0,540.0,551.6,559.0,568.28,635.8133333333334,751.54,False,False,False,False,False,False,False,False,False,True,False,0.0222222222222222,0.3333333333333333,,,-0.0523703703703703,-0.1774320987654322,0.1407407407407407,0.0111111111111111,-0.0056830096883779,-0.046153846153846,557.0,730.0,0.4666666666666667,-0.0016189202505808,-0.0003539870109464,0.0013441187808757
2015-11-09,544.0,550.0,537.0,547.0,4900.0,547.0,549.4,557.4,567.8,632.44,752.94,False,False,False,False,False,False,False,False,False,False,False,0.1919561243144424,0.2961608775137112,,,-0.0380255941499085,-0.1561974405850092,0.1023765996343692,0.0073126142595978,-0.0053338393101848,-0.0348044492285611,568.0,700.0,0.875,-0.0008453680873547,0.000773552163226,0.000349170378193
2015-11-10,544.0,554.0,540.0,547.0,3600.0,547.0,548.4,554.2,566.72,629.4666666666667,754.325,False,False,False,False,False,False,False,False,False,True,False,0.3747714808043875,0.2486288848263254,,,-0.0360511882998172,-0.1507617306520415,0.1243144424131627,0.056672760511883,-0.0047235755136623,-0.0180440274269216,543.0,715.0,0.7346938775510204,-0.0019057029926593,-0.0010603349053046,0.0006102637965224
2015-11-11,542.0,554.0,542.0,550.0,4000.0,550.0,547.2,552.5,564.84,626.6533333333333,755.725,False,False,False,False,False,False,False,False,False,True,False,0.64,0.2363636363636363,,,-0.0269818181818182,-0.1393696969696969,0.12,0.0509090909090909,-0.0044894572224941,-0.0048868778280543,546.0,708.0,1.1111111111111112,-0.0033283761773245,-0.0014226731846651,0.0002341182911682
2015-11-12,544.0,565.0,544.0,562.0,4000.0,562.0,549.2,552.6,563.56,624.48,757.175,False,False,False,False,False,False,False,False,False,False,False,0.3701067615658363,0.1903914590747331,,,-0.0027758007117436,-0.1111743772241993,0.0729537366548042,0.0480427046263345,-0.0034802288837645,0.009229098805646,543.0,713.0,1.0,-0.0022712754631274,0.0010571007141971,0.0010092283387296
2015-11-13,543.0,553.0,541.0,552.0,9100.0,552.0,551.6,551.6,562.08,622.2,758.56,False,False,False,False,False,False,False,False,False,True,False,0.3043478260869565,0.1865942028985507,,,-0.0182608695652174,-0.1271739130434783,0.056159420289855,0.1141304347826086,-0.0036644165863066,0.0203045685279186,570.0,722.0,2.275,-0.0026330771420436,-0.0003618016789162,-0.000184187702542
2015-11-16,652.0,652.0,652.0,652.0,6300.0,652.0,572.6,561.0,565.16,621.08,760.445,False,False,False,True,True,False,True,False,True,False,True,0.0874233128834355,0.0567484662576687,,,0.1331901840490798,0.0474233128834355,-0.0950920245398773,-0.0306748466257668,-0.0018033103625941,0.0213903743315508,573.0,728.0,0.6923076923076923,0.0054497841319271,0.0080828612739707,0.0018611062237124
2015-11-17,752.0,752.0,752.0,752.0,15000.0,752.0,613.6,581.0,572.08,621.2133333333334,762.82,False,False,False,False,False,False,True,True,False,False,False,-0.0917553191489361,-0.1117021276595744,,,0.2392553191489361,0.173918439716312,-0.2420212765957446,-0.1662234042553191,0.0002146337275439,0.0013769363166952,578.0,734.0,2.380952380952381,0.012096210320235,0.0066464261883079,0.0020179440901381
2015-11-18,887.0,902.0,769.0,902.0,961900.0,902.0,684.0,615.6,585.16,623.16,765.965,False,False,False,False,False,False,True,True,False,False,False,-0.2461197339246119,-0.278270509977827,,,0.3512638580931264,0.3091352549889136,-0.3780487804878049,-0.270509977827051,0.0031238633202814,-0.0373619233268356,610.0,741.0,64.12666666666667,0.0223528607560324,0.0102566504357973,0.0029092295927375
2015-11-19,880.0,880.0,770.0,770.0,546300.0,770.0,725.6,637.4,593.16,623.4533333333334,768.44,False,False,False,False,False,False,True,True,False,True,False,-0.1311688311688311,-0.174025974025974,,,0.2296623376623377,0.1903203463203462,-0.2519480519480519,-0.1623376623376623,0.0004704976582049,-0.0556950109821148,601.0,750.0,0.567938455140867,0.0134870861150448,-0.0088657746409875,-0.0026533656620765
2015-11-20,740.0,748.0,700.0,720.0,160000.0,720.0,759.2,655.4,599.0,622.8933333333333,770.685,False,False,False,False,False,False,True,False,False,True,False,-0.0902777777777777,-0.1041666666666666,,,0.1680555555555555,0.1348703703703704,-0.1902777777777777,-0.0972222222222222,-0.000899030331571,-0.0657613671040586,612.0,748.0,0.2928793703093538,0.0097495826377296,-0.0037375034773152,-0.001369527989776
2015-11-24,714.0,735.0,695.0,709.0,86400.0,709.0,770.6,671.6,604.2,622.1733333333333,772.87,False,False,False,False,False,False,True,False,False,True,False,-0.0282087447108603,-0.0987306064880112,,,0.1478138222849082,0.1224635637047485,-0.1438645980253878,-0.0846262341325811,-0.0011572337826543,-0.0737045860631328,712.0,640.0,0.54,0.008606421714664,-0.0011431609230655,-0.0002582034510833
2015-11-25,684.0,701.0,683.0,683.0,45300.0,683.0,756.8,685.2,608.88,621.28,774.525,False,False,False,False,False,False,True,False,False,True,False,-0.0219619326500732,-0.0849194729136164,,,0.1085212298682284,0.0903660322108346,-0.1185944363103953,-0.0702781844802342,-0.0014378916645205,-0.0837711617046119,653.0,559.0,0.5243055555555556,0.0076862435947969,-0.0009201781198671,-0.0002806578818661
2015-11-26,687.0,694.0,670.0,680.0,35600.0,680.0,712.4,698.2,613.68,620.3466666666667,775.765,False,False,False,False,False,False,True,False,False,False,False,-0.0426470588235294,-0.0838235294117647,,,0.0975294117647059,0.0877254901960783,-0.0823529411764705,-0.088235294117647,-0.0015045350986544,-0.0948152391864795,615.0,600.0,0.7858719646799117,0.007821666014861,0.0001354224200641,-6.664343413389714e-05
2015-11-27,685.0,686.0,656.0,669.0,23300.0,669.0,692.2,708.9,617.88,619.4,776.55,False,False,False,False,False,False,True,False,False,True,False,-0.0493273542600896,-0.0896860986547085,,,0.0764125560538116,0.0741405082212257,-0.0732436472346786,-0.0627802690582959,-0.0015283607792488,-0.1031175059952038,570.0,645.0,0.6544943820224719,0.0067974363954166,-0.0010242296194444,-2.382568059438369e-05
2015-11-30,670.0,670.0,644.0,655.0,18000.0,655.0,679.2,719.2,621.6,618.4,776.765,False,True,False,False,False,False,True,False,False,True,False,-0.015267175572519,-0.0595419847328244,,,0.0509923664122137,0.0558778625954198,-0.0702290076335877,-0.0595419847328244,-0.0016170763260025,-0.1158231368186875,563.0,673.0,0.7725321888412017,0.005984555984556,-0.0008128804108606,-8.871554675377361e-05
2015-12-01,666.0,711.0,666.0,689.0,99900.0,689.0,675.2,722.9,626.64,618.2533333333333,776.65,False,False,False,False,False,False,True,False,False,False,False,-0.0725689404934687,-0.1248185776487663,,,0.0905079825834543,0.1026802128688921,-0.0972423802612481,-0.0769230769230769,-0.0002372274579999,-0.1197952690551943,559.0,650.0,5.55,0.0080428954423591,0.0020583394578031,0.0013798488680026
2015-12-02,679.0,685.0,660.0,668.0,37200.0,668.0,672.2,714.5,630.2,617.6266666666667,775.68,False,False,False,False,False,False,True,False,False,True,False,-0.0643712574850299,-0.0793413173652694,,,0.0565868263473053,0.0754091816367265,-0.1467065868263473,-0.0553892215568862,-0.0010146366737187,-0.1088873337998599,574.0,598.0,0.3723723723723723,0.0056490003173596,-0.0023938951249995,-0.0007774092157188
2015-12-03,665.0,668.0,650.0,651.0,26800.0,651.0,666.4,689.4,633.56,616.8666666666667,773.125,False,False,False,False,False,False,True,False,False,True,False,-0.043010752688172,-0.053763440860215,,,0.0267895545314901,0.052432155657962,-0.0983102918586789,-0.032258064516129,-0.0012320328542094,-0.0805047867711053,597.0,600.0,0.7204301075268817,0.0053033651114336,-0.000345635205926,-0.0002173961804906
2015-12-04,653.0,653.0,632.0,636.0,21500.0,636.0,659.8,676.0,636.56,615.84,767.495,False,False,False,False,False,False,True,False,False,True,False,-0.0424528301886792,-0.0518867924528301,,,-0.000880503144654,0.0316981132075471,-0.0566037735849056,-0.0015723270440251,-0.0016670996795704,-0.0637573964497041,594.0,585.0,0.8022388059701493,0.0047128314691466,-0.0005905336422869,-0.0004350668253609
2015-12-07,627.0,650.0,625.0,645.0,27600.0,645.0,657.8,668.5,639.88,614.8133333333334,757.91,False,False,False,False,False,False,True,False,False,False,False,-0.0449612403100775,-0.0961240310077519,,,0.007937984496124,0.0468010335917311,-0.089922480620155,0.0046511627906976,-0.001669883541888,-0.0535527299925205,589.0,557.0,1.283720930232558,0.0051884728386573,0.0004756413695106,-2.7838623176015646e-06
2015-12-08,636.0,666.0,632.0,639.0,38900.0,639.0,647.8,661.5,643.12,613.6266666666667,750.795,False,False,False,False,False,False,True,False,False,True,False,-0.056338028169014,-0.0766823161189358,,,-0.0064475743348982,0.0397078768909754,-0.0845070422535211,0.0093896713615023,-0.0019338577202208,-0.0441421012849585,575.0,568.0,1.4094202898550725,0.0050379400422938,-0.0001505327963634,-0.0002639741783328
2015-12-09,630.0,633.0,623.0,625.0,11500.0,625.0,639.2,655.7,646.04,612.1733333333333,746.11,False,False,False,False,False,False,True,False,False,True,False,-0.016,-0.088,,,-0.0336639999999999,0.0205226666666667,-0.0688,0.0384,-0.0023740552784615,-0.033551929235931,579.0,543.0,0.2956298200514138,0.0045198439725093,-0.0005180960697844,-0.0004401975582406
2015-12-10,627.0,627.0,618.0,623.0,6500.0,623.0,633.6,650.0,648.72,610.6,742.05,False,False,False,False,False,False,True,False,False,True,False,-0.0112359550561797,-0.0995184590690208,,,-0.0412841091492777,0.0199036918138041,-0.0593900481540931,0.1235955056179775,-0.0025767005131563,-0.0127692307692307,575.0,546.0,0.5652173913043478,0.004131212233321,-0.0003886317391882,-0.0002026452346948
2015-12-11,621.0,623.0,604.0,609.0,18400.0,609.0,628.2,644.0,651.0,608.72,738.73,False,False,False,False,False,False,True,False,False,True,False,-0.0098522167487684,-0.0541871921182266,,,-0.0689655172413793,0.0004597701149424,-0.057471264367816,0.1871921182266009,-0.0030884478906557,0.011335403726708,570.0,543.0,2.830769230769231,0.0035023041474653,-0.0006289080858557,-0.0005117473774994
2015-12-14,600.0,617.0,595.0,616.0,7700.0,616.0,622.4,640.1,654.04,606.96,736.045,False,False,False,False,False,False,True,False,False,False,False,-0.0535714285714285,-0.0535714285714285,,,-0.0617532467532466,0.0146753246753246,-0.0422077922077922,0.0892857142857142,-0.0028996968498747,0.0260896734885173,574.0,570.0,0.4184782608695652,0.004648033759403,0.0011457296119376,0.000188751040781
2015-12-15,612.0,620.0,600.0,603.0,6900.0,603.0,615.2,631.5,656.28,606.4666666666667,733.645,False,False,False,False,False,False,True,False,False,True,False,-0.0215588723051409,0.0066334991708126,,,-0.0883582089552238,-0.0057490326147043,-0.0364842454394693,0.0381426202321724,-0.0008134549851599,0.0384798099762469,579.0,573.0,0.8961038961038961,0.0034131773023709,-0.001234856457032,0.0020862418647148
2015-12-16,610.0,617.0,600.0,615.0,11900.0,615.0,613.2,626.2,659.0,607.2133333333334,731.46,False,False,False,False,False,False,True,True,False,False,False,-0.073170731707317,-0.0211382113821138,,,-0.0715447154471544,0.012661246612466,-0.0390243902439024,0.024390243902439,0.0012296611844272,0.0471095496646438,566.0,578.0,1.7246376811594204,0.0041274658573596,0.0007142885549887,0.0020431161695871
2015-12-17,611.0,627.0,608.0,616.0,14200.0,616.0,611.8,622.7,661.64,607.4266666666666,729.275,False,False,False,False,False,False,True,True,False,True,False,-0.0892857142857142,0.0129870129870129,,,-0.074090909090909,0.0139177489177489,-0.0373376623376623,0.0616883116883116,0.0003512083763196,0.0568492050746747,560.0,610.0,1.1932773109243695,0.0039900852427301,-0.0001373806146295,-0.0008784528081075
2015-12-18,620.0,620.0,601.0,603.0,10100.0,603.0,610.6,619.4,663.28,606.8666666666667,727.145,False,False,False,False,False,False,True,False,False,True,False,-0.044776119402985,0.0281923714759535,,,-0.0999668325041459,-0.0064123825317855,-0.0248756218905472,0.1028192371475953,-0.0009227727122925,0.0673232160154989,564.0,601.0,0.7112676056338029,0.002472560607888,-0.0015175246348421,-0.0012739810886122
2015-12-21,598.0,598.0,580.0,583.0,21800.0,583.0,604.0,613.2,664.52,605.6666666666666,724.885,False,False,False,False,False,False,True,False,False,True,False,0.0,0.0445969125214408,,,-0.139828473413379,-0.0388793596340765,0.0205831903945111,0.1835334476843911,-0.0019812878370941,0.0849641226353553,562.0,612.0,2.1584158415841586,0.001866008547523,-0.000606552060365,-0.0010585151248016
2015-12-22,584.0,597.0,584.0,590.0,14800.0,590.0,601.4,608.3,662.04,604.8666666666667,722.43,False,False,False,False,False,False,False,False,False,True,False,0.0288135593220339,0.0542372881355932,,,-0.1221016949152541,-0.0251977401129943,0.0067796610169491,0.1389830508474576,-0.0013226055328997,0.0981423639651488,563.0,712.0,0.6788990825688074,-0.0037459972207117,-0.0056120057682348,0.0006586823041944
2015-12-24,582.0,600.0,569.0,570.0,17700.0,570.0,592.4,602.8,654.76,604.4933333333333,720.31,False,False,False,False,False,False,False,False,False,True,False,0.0561403508771929,0.0,,,-0.1487017543859649,-0.0605146198830409,0.0385964912280701,0.1631578947368421,-0.0006175971061164,0.1104844061048441,579.0,653.0,1.195945945945946,-0.011118577799499,-0.0073725805787872,0.0007050084267833
2015-12-25,562.0,568.0,555.0,561.0,10100.0,561.0,581.4,596.6,641.12,603.9733333333334,718.515,False,False,False,False,False,False,False,False,False,True,False,0.1122994652406417,0.0463458110516934,,,-0.1428163992869875,-0.0766013071895425,0.0570409982174688,0.142602495543672,-0.0008609651640248,0.112135434126718,567.0,615.0,0.5706214689265536,-0.021275268280509,-0.01015669048101,-0.0002433680579084
2015-12-28,562.0,587.0,562.0,576.0,6500.0,576.0,576.0,593.3,633.36,603.8533333333334,716.79,False,False,False,False,False,False,False,False,False,False,False,0.0763888888888889,0.0416666666666666,,,-0.0995833333333333,-0.0483564814814815,0.1944444444444444,0.1354166666666666,-0.0001987237519044,0.1066913871565819,561.0,570.0,0.6435643564356436,-0.0122521157003915,0.0090231525801175,0.0006622414121204
2015-12-29,586.0,589.0,577.0,583.0,6900.0,583.0,576.0,590.0,627.88,604.2,715.375,False,False,False,False,False,False,False,True,False,False,False,0.0445969125214408,0.006861063464837,,,-0.0769811320754716,-0.0363636363636364,0.3018867924528302,0.0943396226415094,0.0005737614476443,0.1072881355932202,562.0,563.0,1.0615384615384615,-0.0087277823787985,0.003524333321593,0.0007724851995487
2015-12-30,593.0,608.0,587.0,607.0,10500.0,607.0,579.4,590.4,623.8,604.72,714.205,False,False,False,False,False,False,False,True,False,False,False,0.0247116968698517,-0.0362438220757825,,,-0.0276771004942338,0.0037561779242174,0.3739703459637561,0.0477759472817133,0.0008599021034528,0.1082317073170731,558.0,559.0,1.5217391304347827,-0.0065405578711126,0.0021872245076859,0.0002861406558084
2016-01-04,597.0,636.0,590.0,602.0,19600.0,602.0,585.8,589.1,620.56,605.5066666666667,713.185,False,False,False,False,False,False,False,True,False,False,False,-0.0531561461794019,-0.0332225913621262,,,-0.030830564784053,-0.0058250276854927,0.1362126245847176,0.0714285714285714,0.0012991874573359,0.1132235613647936,552.0,574.0,1.8666666666666667,-0.00522109062782,0.0013194672432925,0.0004392853538831
2016-01-05,602.0,627.0,597.0,624.0,8200.0,624.0,598.4,589.9,618.32,606.5466666666666,712.15,False,False,False,False,True,False,False,True,False,False,False,-0.0592948717948717,-0.0608974358974358,,,0.009102564102564,0.0279700854700855,-0.0641025641025641,0.0208333333333333,0.0017146248708535,0.1088320054246483,556.0,597.0,0.4183673469387755,-0.0036227196273772,0.0015983710004428,0.0004154374135175
2016-01-06,618.0,620.0,606.0,620.0,5700.0,620.0,607.2,591.6,616.36,607.5733333333334,711.12,False,False,False,False,False,False,False,True,False,False,False,-0.032258064516129,-0.0741935483870967,,,0.0058709677419354,0.020043010752688,-0.1935483870967742,0.0403225806451612,0.0016897823033709,0.1022650439486139,552.0,594.0,0.6951219512195121,-0.0031799597637744,0.0004427598636027,-2.484256748258194e-05
2016-01-07,610.0,620.0,605.0,609.0,9200.0,609.0,612.4,594.2,614.52,608.0933333333334,710.105,False,False,False,False,False,False,False,True,False,False,False,-0.0361247947454844,-0.0311986863711001,,,-0.0090640394088669,0.0014887794198138,-0.1871921182266009,0.0246305418719211,0.0008551318876487,0.0863345674856949,540.0,589.0,1.6140350877192982,-0.0029942068606392,0.0001857529031352,-0.0008346504157221
2016-01-08,616.0,630.0,609.0,622.0,16300.0,622.0,615.4,597.4,611.84,608.7466666666667,709.365,False,False,False,False,False,False,False,True,False,True,False,-0.0594855305466238,-0.0659163987138263,,,0.0163344051446944,0.0213076098606645,-0.1913183279742765,0.0096463022508038,0.0010732433853162,0.0731503180448611,547.0,575.0,1.7717391304347827,-0.0043802301255229,-0.0013860232648836,0.0002181114976674
2016-01-12,630.0,630.0,552.0,570.0,26400.0,570.0,609.0,597.4,607.92,608.64,708.395,False,False,True,False,False,False,False,False,False,True,False,0.0210526315789473,0.0368421052631578,,,-0.0665263157894736,-0.0677894736842105,-0.0947368421052631,0.1228070175438596,-0.0001752541184718,0.0693003013056578,547.0,579.0,1.6196319018404908,-0.0064482168706409,-0.002067986745118,-0.001248497503788
2016-01-13,566.0,595.0,562.0,587.0,11800.0,587.0,601.6,600.0,605.36,608.3333333333334,707.335,False,False,False,False,False,False,False,False,False,False,True,-0.0017035775127768,0.0102214650766609,,,-0.0312776831345826,-0.0363429869392391,-0.110732538330494,0.0851788756388415,-0.000504109589041,0.0639999999999999,550.0,575.0,0.4469696969696969,-0.0042288885952159,0.002219328275425,-0.0003288554705691
2016-01-14,571.0,642.0,566.0,600.0,53600.0,600.0,597.6,602.4,603.92,608.32,706.505,False,False,False,False,False,False,False,False,False,False,False,-0.0433333333333333,-0.02,,,-0.0065333333333332,-0.0138666666666667,-0.15,0.0433333333333333,-2.191828862000461e-05,0.0551128818061089,562.0,570.0,4.5423728813559325,-0.0023844217777189,0.0018444668174969,0.000482191300421
2016-01-15,610.0,634.0,586.0,587.0,33700.0,587.0,593.2,602.8,601.6,607.9866666666667,705.76,False,False,False,False,False,False,False,False,False,True,False,0.0051107325383304,0.0136286201022146,,,-0.0248722316865417,-0.0357524134014764,-0.0391822827938671,0.0783645655877342,-0.0005482576372289,0.0535832780358329,552.0,574.0,0.628731343283582,-0.0038563829787232,-0.0014719612010043,-0.0005263393486089
2016-01-18,567.0,598.0,550.0,585.0,17600.0,585.0,585.8,600.6,599.44,606.2933333333333,705.01,False,False,False,False,False,False,False,False,False,False,False,-0.0068376068376068,0.0153846153846153,,,-0.0246837606837607,-0.0363988603988603,-0.094017094017094,0.0888888888888888,-0.002792927515834,0.0576090576090576,652.0,579.0,0.5222551928783383,-0.0036033631389296,0.0002530198397936,-0.002244669878605
2016-01-19,595.0,595.0,580.0,582.0,5700.0,582.0,588.2,598.6,597.72,605.3466666666667,704.12,False,False,False,False,False,False,False,False,False,False,False,0.0154639175257731,0.0171821305841924,,,-0.0270103092783505,-0.0401145475372279,-0.0738831615120274,0.0945017182130584,-0.0015638422061187,0.059806214500501,752.0,566.0,0.3238636363636363,-0.0028776015525664,0.0007257615863631,0.0012290853097153
2016-01-20,580.0,618.0,580.0,586.0,22000.0,586.0,588.0,594.8,596.24,604.96,703.3,False,False,False,False,False,False,False,False,False,False,False,0.0119453924914675,0.0119453924914675,,,-0.0174744027303754,-0.0323549488054608,-0.0614334470989761,0.0784982935153583,-0.0006391607158599,0.0657363819771352,902.0,560.0,3.8596491228070176,-0.0024822219240574,0.000395379628509,0.0009246814902587
2016-01-21,579.0,598.0,564.0,574.0,14200.0,574.0,582.8,590.2,594.84,605.0133333333333,702.565,False,False,False,False,False,False,False,True,False,False,False,0.024390243902439,0.1986062717770035,,,-0.0363066202090592,-0.0540301974448315,-0.0383275261324041,0.0174216027874564,8.815232722135847e-05,0.0637072178922397,770.0,564.0,0.6454545454545455,-0.0023535740703382,0.0001286478537192,0.0007273130430813
2016-01-22,595.0,595.0,572.0,590.0,5600.0,590.0,583.4,588.3,593.8,605.3733333333333,702.01,False,False,False,False,False,False,False,True,False,False,False,0.0084745762711864,0.2864406779661017,,,-0.0064406779661016,-0.0260564971751412,-0.0745762711864406,-0.0254237288135593,0.000594674360725,0.0588135305116437,720.0,562.0,0.3943661971830985,-0.0017514314584036,0.0006021426119345,0.0005065220335037
2016-01-25,590.0,601.0,572.0,581.0,23500.0,581.0,582.6,584.2,592.92,605.6666666666666,701.39,False,False,False,False,False,False,False,True,False,False,False,0.0223752151462994,0.4354561101549053,,,-0.0205163511187606,-0.0424555364314399,-0.0516351118760757,0.0258175559380378,0.0004843148046229,0.0607668606641561,709.0,563.0,4.196428571428571,-0.0014841799905552,0.0002672514678484,-0.0001103595561021
2016-01-26,586.0,592.0,582.0,591.0,5200.0,591.0,584.4,586.3,591.96,605.8933333333333,700.67,False,False,False,False,False,False,False,True,False,True,True,0.0016920473773265,0.1573604060913705,,,-0.0016243654822335,-0.0252002256063169,-0.0219966159052453,-0.0101522842639593,0.0003741032524977,0.0475865597816818,683.0,579.0,0.2212765957446808,-0.0016217311980537,-0.0001375512074985,-0.0001102115521252
2016-01-27,598.0,598.0,592.0,593.0,1700.0,593.0,585.8,586.9,591.04,605.84,699.845,False,False,False,False,True,False,False,False,False,False,False,0.0,-0.0151770657672849,,,0.0033052276559865,-0.0216526138279933,-0.0252951096121416,-0.0134907251264755,-8.803204366381359e-05,0.0376554779349122,680.0,567.0,0.3269230769230769,-0.0015565782349757,6.515296307803243e-05,-0.0004621352961615
2016-01-28,592.0,598.0,583.0,588.0,4500.0,588.0,588.6,585.7,590.44,605.76,699.31,False,False,False,False,False,False,False,False,False,False,False,0.1700680272108843,-0.1496598639455782,,,-0.0041496598639456,-0.030204081632653,0.0017006802721088,0.0204081632653061,-0.0001320655044902,0.0353423254225711,669.0,561.0,2.647058823529412,-0.0010161913149514,0.0005403869200243,-4.4033460826481145e-05
2016-01-29,582.0,598.0,575.0,595.0,10200.0,595.0,589.6,586.5,590.92,605.84,698.895,False,False,False,False,False,False,True,True,False,False,False,0.2756302521008403,-0.1680672268907563,,,0.0068571428571429,-0.018218487394958,0.0336134453781512,-0.0033613445378151,0.0001320480654959,0.0271099744245523,655.0,562.0,2.2666666666666666,0.0008122926961346,0.001828484011086,0.0002641135699862
2016-02-01,585.0,595.0,585.0,594.0,6300.0,594.0,592.2,587.4,591.08,606.0933333333334,698.345,False,False,False,False,False,False,True,True,False,True,False,0.404040404040404,-0.1531986531986532,,,0.0049158249158248,-0.0203591470258137,0.0639730639730639,-0.0218855218855218,0.0004179774292188,0.0160027238678923,689.0,558.0,0.6176470588235294,0.0002706909386209,-0.0005416017575137,0.0002859293637229
2016-02-02,590.0,595.0,572.0,592.0,6700.0,592.0,592.4,588.4,591.96,606.2666666666667,697.73,False,False,False,False,False,False,True,True,True,False,False,0.1554054054054054,-0.1283783783783783,,,6.756756756750612e-05,-0.024099099099099,0.0591216216216216,-0.027027027027027,0.0002859027930502,0.0039089055064583,668.0,552.0,1.0634920634920637,0.0014865869315494,0.0012158959929284,-0.0001320746361685
2016-02-03,583.0,692.0,583.0,593.0,210800.0,593.0,592.4,589.1,593.24,606.5066666666667,696.645,False,False,False,False,False,False,True,True,False,False,False,-0.0151770657672849,-0.1197301854974704,,,-0.0004047217537942,-0.0227768409218662,0.1096121416526138,-0.0758853288364249,0.0003957087583538,-0.0115430317433374,651.0,556.0,31.46268656716418,0.0021576427752679,0.0006710558437185,0.0001098059653035
2016-02-04,613.0,688.0,600.0,688.0,98600.0,688.0,612.4,600.5,597.72,608.08,696.12,False,False,False,False,False,False,True,True,False,False,False,-0.2732558139534883,-0.2587209302325581,,,0.1312209302325581,0.1161627906976743,-0.0625,-0.2296511627906976,0.0025873788536596,-0.039300582847627,636.0,552.0,0.4677419354838709,0.0074951482299404,0.0053375054546724,0.0021916700953058
2016-02-05,698.0,779.0,665.0,759.0,237800.0,759.0,645.2,617.4,604.76,610.5466666666666,696.03,False,False,False,False,False,False,True,True,False,False,False,-0.3478260869565217,-0.2569169960474308,,,0.2032147562582345,0.195590689503733,-0.1436100131752305,-0.2832674571805006,0.0040400952152168,-0.0706187236799482,645.0,540.0,2.411764705882353,0.0116409815463985,0.004145833316458,0.0014527163615571
2016-02-08,774.0,888.0,736.0,834.0,291200.0,834.0,693.2,642.7,613.84,613.9466666666667,696.42,False,False,False,False,False,False,True,True,False,False,False,-0.3968824940047961,-0.3645083932853717,,,0.2639808153477218,0.2638529176658672,-0.2218225419664268,-0.342925659472422,0.0055379403205491,-0.1146724754940097,639.0,547.0,1.2245584524810766,0.0147921282418872,0.0031511466954886,0.0014978451053323
2016-02-09,789.0,792.0,684.0,684.0,125900.0,684.0,711.6,652.0,617.12,615.52,695.95,True,True,False,False,False,False,True,True,False,True,False,-0.2456140350877192,-0.2119883040935672,,,0.0977777777777777,0.1001169590643275,-0.0716374269005847,-0.2032163742690058,0.0025561043237153,-0.1334355828220859,625.0,547.0,0.4323489010989011,0.0053150116670987,-0.0094771165747884,-0.0029818359968338
2016-02-10,624.0,630.0,584.0,584.0,134500.0,584.0,709.8,651.1,615.52,615.84,695.04,False,False,False,False,False,False,False,True,False,True,False,-0.1061643835616438,-0.0582191780821917,,,-0.053972602739726,-0.0545205479452055,0.0616438356164383,-0.0856164383561643,0.0005196154845415,-0.1400706496697896,623.0,550.0,1.068308181096108,-0.0025994281258123,-0.007914439792911,-0.0020364888391738
2016-02-12,514.0,539.0,500.0,500.0,78000.0,500.0,672.2,642.3,610.72,614.9866666666667,693.715,False,False,False,False,False,False,False,False,False,True,False,0.02,0.104,,,-0.22144,-0.2299733333333333,0.254,0.072,-0.0013875639580262,-0.138253152732368,609.0,562.0,0.5799256505576208,-0.0078595755829184,-0.005260147457106,-0.0019071794425677
2016-02-15,510.0,518.0,441.0,495.0,69200.0,495.0,619.4,632.3,606.16,614.0933333333334,692.36,False,False,False,False,False,False,False,False,False,False,False,0.1393939393939394,0.103030303030303,,,-0.2245656565656565,-0.2405925925925926,0.2444444444444444,0.0626262626262626,-0.0014547191523546,-0.1352206231219358,616.0,552.0,0.8871794871794871,-0.0075227662663324,0.000336809316586,-6.715519432844153e-05
2016-02-16,498.0,508.0,492.0,503.0,19500.0,503.0,553.2,623.2,601.4,613.2933333333333,691.125,False,False,False,False,False,False,False,False,False,True,False,0.0536779324055666,0.0954274353876739,,,-0.1956262425447315,-0.2192710404241218,0.2644135188866799,0.0437375745526839,-0.0013044328977977,-0.131578947368421,603.0,652.0,0.2817919075144509,-0.0079148653142666,-0.0003920990479342,0.0001502862545568
2016-02-17,504.0,522.0,504.0,516.0,27400.0,516.0,519.6,615.6,599.24,612.4533333333334,690.01,False,False,False,False,False,False,False,False,False,False,False,0.0445736434108527,0.1201550387596899,,,-0.1613178294573643,-0.1869250645994833,0.2228682170542635,0.0116279069767441,-0.001371533069186,-0.1296296296296297,615.0,752.0,1.405128205128205,-0.0036045657833254,0.0043102995309412,-6.710017138829619e-05
2016-02-18,516.0,539.0,513.0,522.0,25300.0,522.0,507.2,608.5,596.64,611.8533333333334,688.175,False,False,False,False,False,False,False,False,False,True,False,0.053639846743295,0.10727969348659,,,-0.1429885057471264,-0.1721328224776501,0.2068965517241379,-0.0076628352490421,-0.0009806271655516,-0.1244042728019721,616.0,902.0,0.9233576642335768,-0.0043577366586216,-0.0007531708752961,0.0003909059036343
2016-02-19,515.0,535.0,500.0,510.0,23000.0,510.0,509.2,590.7,593.04,611.1733333333333,685.53,False,False,False,False,False,False,False,False,False,True,False,0.0823529411764705,0.1549019607843137,,,-0.1628235294117646,-0.1983790849673201,0.2450980392156862,0.0058823529411764,-0.001112613988394,-0.100897240562045,603.0,770.0,0.9090909090909092,-0.0060704168352893,-0.0017126801766677,-0.0001319868228423
2016-02-22,515.0,568.0,515.0,564.0,33100.0,564.0,523.0,571.2,592.12,611.2,683.12,False,False,False,False,False,False,False,True,False,False,False,-0.0319148936170212,0.0904255319148936,,,-0.0498581560283688,-0.0836879432624114,0.1489361702127659,-0.1347517730496454,4.36300174521533e-05,-0.0800070028011205,583.0,720.0,1.4391304347826086,-0.0015537391069377,0.0045166777283516,0.0011562440058461
2016-02-23,563.0,574.0,527.0,530.0,24200.0,530.0,528.4,540.8,589.92,610.8266666666667,681.155,False,False,False,False,False,False,False,False,False,True,False,0.0396226415094339,0.1924528301886792,,,-0.1130566037735848,-0.1525031446540881,0.2169811320754717,-0.1622641509433962,-0.0006111935737361,-0.0475221893491123,590.0,709.0,0.7311178247734139,-0.0037293192297261,-0.0021755801227884,-0.0006548235911882
2016-02-24,522.0,539.0,522.0,539.0,3500.0,539.0,533.0,526.3,588.2,610.6533333333333,678.485,False,False,False,False,False,False,False,False,False,False,False,0.072356215213358,0.1632653061224489,,,-0.0912801484230056,-0.1329375386518243,0.2040816326530612,-0.1688311688311688,-0.0002838489923361,-0.03971119133574,570.0,683.0,0.1446280991735537,-0.0029241754505268,0.0008051437791992,0.0003273445813999
2016-02-25,535.0,557.0,534.0,550.0,8600.0,550.0,538.6,522.9,586.76,610.5733333333334,675.385,False,False,False,False,False,False,False,False,False,False,False,0.0509090909090909,0.1963636363636363,,,-0.0668363636363636,-0.1101333333333334,0.2727272727272727,-0.1818181818181818,-0.0001310243923742,-0.0495314591700133,561.0,680.0,2.4571428571428573,-0.0024541550207922,0.0004700204297346,0.0001528245999619
2016-02-26,550.0,564.0,550.0,552.0,12200.0,552.0,547.0,528.1,585.88,610.5733333333334,673.295,False,False,False,False,False,False,False,False,False,False,True,0.0670289855072463,0.1684782608695652,,,-0.0613768115942028,-0.1061111111111112,0.3097826086956521,-0.1829710144927536,0.0,-0.0749857981442908,576.0,669.0,1.4186046511627908,-0.0015020140643135,0.0009521409564787,0.0001310243923742
2016-02-29,567.0,567.0,542.0,546.0,11000.0,546.0,543.4,533.2,584.12,610.6533333333333,671.6,False,False,False,False,False,False,False,True,False,True,False,0.1263736263736263,0.1904761904761904,,,-0.0698168498168498,-0.1184126984126983,0.2289377289377289,-0.1666666666666666,0.0001310072272319,-0.0971492873218305,583.0,655.0,0.9016393442622952,-0.0030130795042114,-0.0015110654398979,0.0001310072272319
2016-03-01,554.0,558.0,544.0,551.0,4500.0,551.0,547.6,538.0,582.92,610.7066666666667,669.18,False,False,False,False,False,False,False,True,False,False,False,0.147005444646098,0.1778584392014519,,,-0.0579310344827585,-0.1083605565638234,0.1361161524500907,-0.1633393829401088,8.733052420157824e-05,-0.1171003717472119,607.0,689.0,0.4090909090909091,-0.0020586015233652,0.0009544779808462,-4.367670303033824e-05
2016-03-02,552.0,589.0,552.0,578.0,15500.0,578.0,555.4,544.2,582.4,611.12,667.24,False,False,False,False,False,False,False,True,False,False,False,0.0847750865051903,0.0986159169550173,,,-0.0076124567474048,-0.0573010380622837,0.0899653979238754,-0.2162629757785467,0.0006763537984901,-0.1398382947445792,602.0,668.0,3.4444444444444446,-0.0008928571428571,0.001165744380508,0.0005890232742885
2016-03-03,590.0,591.0,572.0,578.0,16000.0,578.0,561.0,549.8,581.8,611.4933333333333,664.98,False,False,False,False,False,False,False,True,False,True,False,0.1384083044982699,0.0726643598615917,,,-0.0065743944636677,-0.0579469434832756,0.1314878892733564,-0.1989619377162629,0.0006105272338755,-0.1586031284103309,624.0,651.0,1.032258064516129,-0.0010312822275696,-0.0001384250847125,-6.582656461460458e-05
2016-03-04,588.0,589.0,571.0,589.0,4400.0,589.0,568.4,557.7,581.84,611.8533333333334,663.0,False,False,False,False,True,False,True,True,False,False,False,0.0950764006791171,0.064516129032258,,,0.0121561969439727,-0.0388002263723826,0.1290322580645161,-0.3022071307300509,0.000588376299331,-0.1888111888111889,620.0,636.0,0.275,6.874742197180892e-05,0.0011000296495414,-2.2150934544525503e-05
2016-03-07,593.0,617.0,582.0,615.0,10300.0,615.0,582.2,562.8,582.64,612.6933333333334,661.05,False,False,False,False,False,False,True,True,True,False,False,0.056910569105691,0.0016260162601626,,,0.0526178861788618,0.0037506775067749,0.1219512195121951,-0.2959349593495935,0.001370995821727,-0.2059346126510305,609.0,645.0,2.340909090909091,0.0013730605519702,0.0013043131299984,0.000782619522396
2016-03-08,616.0,680.0,605.0,632.0,47900.0,632.0,598.4,573.0,584.16,612.4266666666666,659.525,False,False,False,False,False,False,True,False,False,False,False,0.0268987341772151,0.0063291139240506,,,0.0756962025316456,0.0309704641350211,0.0632911392405063,-0.2816455696202531,-0.0004354262823305,-0.2183246073298429,622.0,639.0,4.650485436893204,0.002602026841961,0.0012289662899908,-0.0018064221040576
2016-03-09,626.0,632.0,615.0,627.0,8700.0,627.0,608.2,581.8,585.56,610.76,658.2,False,False,False,False,False,False,True,False,False,True,False,0.0127591706539074,0.0063795853269537,,,0.0660925039872409,0.0259011164274322,0.0574162679425837,-0.2902711323763955,-0.0027288405702184,-0.2306634582330697,570.0,625.0,0.1816283924843423,0.0023908736935582,-0.0002111531484028,-0.0022934142878879
2016-03-10,630.0,680.0,630.0,658.0,20000.0,658.0,624.2,592.6,588.16,607.5066666666667,656.9,False,False,False,False,False,False,True,False,False,False,False,-0.0577507598784194,-0.0425531914893617,,,0.1061398176291793,0.0767375886524822,-0.0258358662613981,-0.3343465045592705,-0.0053552224392599,-0.2467094161322984,587.0,623.0,2.2988505747126435,0.0044205658324265,0.0020296921388683,-0.0026263818690414
2016-03-11,665.0,665.0,635.0,645.0,12300.0,645.0,635.4,601.9,586.44,605.84,655.575,False,False,False,False,False,False,False,False,False,True,False,-0.027906976744186,-0.0155038759689922,,,0.0907906976744185,0.0607131782945735,0.013953488372093,-0.3193798449612403,-0.0027510013644966,-0.2603422495431134,600.0,609.0,0.615,-0.0029329513675736,-0.0073535172000002,0.0026042210747633
2016-03-14,645.0,654.0,642.0,650.0,9500.0,650.0,642.4,612.3,582.08,604.9066666666666,654.375,False,False,False,False,False,False,False,False,False,True,False,-0.0523076923076923,-0.003076923076923,,,0.1044923076923076,0.069374358974359,-0.0184615384615384,-0.2923076923076923,-0.0015429377534827,-0.2720888453372529,587.0,616.0,0.7723577235772358,-0.0074903793293018,-0.0045574279617281,0.0012080636110138
2016-03-15,652.0,652.0,643.0,649.0,7300.0,649.0,645.8,622.1,574.68,604.1066666666667,653.12,False,False,False,False,False,False,False,False,False,True,False,-0.0200308166409861,-0.0061633281972265,,,0.1145146379044684,0.0691730868002054,-0.0200308166409861,-0.3050847457627119,-0.0013242694446896,-0.285163157048706,585.0,603.0,0.7684210526315789,-0.0128767313983435,-0.0053863520690417,0.0002186683087931
2016-03-16,639.0,652.0,630.0,635.0,7500.0,635.0,647.4,627.8,572.72,603.4666666666667,651.865,False,False,False,False,False,False,False,False,False,False,False,-0.0062992125984251,0.0220472440944881,,,0.0980787401574802,0.0496587926509185,0.0157480314960629,-0.3133858267716535,-0.0010605391073795,-0.2943612615482637,582.0,615.0,1.0273972602739727,-0.003422265679564,0.0094544657187795,0.00026373033731
2016-03-17,665.0,670.0,612.0,620.0,19500.0,620.0,639.8,632.0,574.16,602.6666666666666,650.52,False,False,False,False,False,False,True,False,True,False,False,0.0161290322580645,0.1290322580645161,,,0.0739354838709678,0.0279569892473118,0.0274193548387096,-0.2951612903225806,-0.0013274336283186,-0.3031645569620254,586.0,616.0,2.6,0.0025080117040545,0.0059302773836185,-0.0002668945209391
2016-03-18,620.0,627.0,609.0,627.0,3500.0,627.0,636.2,635.8,579.24,602.1066666666667,649.345,False,False,False,False,False,False,True,False,False,False,False,0.0127591706539074,0.1531100478468899,,,0.0761722488038277,0.0397022860180754,0.0287081339712918,-0.3078149920255183,-0.0009300677620797,-0.3037118590751808,574.0,603.0,0.1794871794871795,0.0087701125612872,0.0062621008572327,0.0003973658662389
2016-03-22,617.0,623.0,613.0,616.0,7600.0,616.0,629.4,635.9,584.08,601.5866666666667,648.3,False,False,False,False,False,False,True,False,False,True,False,0.0519480519480519,0.0892857142857142,,,0.0518181818181817,0.0233982683982683,0.0129870129870129,-0.2938311688311688,-0.0008643808595048,-0.303506840698223,590.0,583.0,2.171428571428572,0.0082865360909465,-0.0004835764703407,6.568690257488345e-05
2016-03-23,700.0,700.0,630.0,636.0,64100.0,636.0,626.8,636.3,589.4,600.88,647.355,False,False,False,False,False,False,True,False,False,False,False,0.0141509433962264,-0.0157232704402515,,,0.0732704402515723,0.0552201257861635,-0.0125786163522012,-0.2971698113207547,-0.0011760529001908,-0.305044790193305,581.0,590.0,8.43421052631579,0.0090261282660331,0.0007395921750866,-0.000311672040686
2016-03-24,626.0,643.0,617.0,631.0,9700.0,631.0,626.0,636.7,594.0,600.3866666666667,646.35,False,False,False,False,False,False,True,False,False,True,False,0.028526148969889,-0.0015847860538827,,,0.0586370839936608,0.0485155837295298,0.0142630744849445,-0.2931854199683043,-0.000821692686935,-0.3053243285691849,591.0,570.0,0.1513260530421216,0.0077441077441077,-0.0012820205219253,0.0003543602132558
2016-03-25,641.0,648.0,622.0,630.0,13000.0,630.0,628.0,633.9,598.32,600.1066666666667,645.375,False,False,False,False,False,False,True,False,False,True,False,0.1111111111111111,0.0380952380952381,,,0.0502857142857142,0.0474497354497354,0.0111111111111111,-0.2746031746031746,-0.00046658371845,-0.2992585581321975,593.0,561.0,1.3402061855670102,0.0072202166064982,-0.0005238911376095,0.000355108968485
2016-03-28,631.0,645.0,622.0,635.0,13400.0,635.0,629.6,632.9,603.32,600.0933333333334,644.405,False,True,False,False,False,False,True,False,False,False,False,0.1385826771653543,0.0472440944881889,,,0.0498897637795274,0.0549711286089238,-0.0141732283464566,-0.1874015748031496,-2.2218765969717832e-05,-0.2859851477326592,588.0,576.0,1.0307692307692309,0.0082874759663196,0.0010672593598214,0.0004443649524802
2016-03-29,631.0,652.0,631.0,648.0,9600.0,648.0,636.0,632.7,606.68,600.1333333333333,643.62,False,False,False,False,False,False,True,True,False,True,False,0.0354938271604938,0.0648148148148148,,,0.0637654320987655,0.0738683127572016,-0.0231481481481481,-0.2623456790123457,6.665185514324087e-05,-0.2829144934408093,595.0,583.0,0.7164179104477612,0.0055383398167071,-0.0027491361496125,8.887062111295871e-05
2016-03-30,648.0,653.0,630.0,645.0,7600.0,645.0,637.8,632.3,611.28,600.2133333333334,642.775,False,False,False,False,False,False,True,True,False,False,False,-0.0294573643410852,0.041860465116279,,,0.0522790697674419,0.0694366925064599,-0.0124031007751937,-0.2945736434108527,0.0001332859427759,-0.2818282460857187,594.0,607.0,0.7916666666666666,0.0075251930375605,0.0019868532208534,6.663408763272921e-05
2016-03-31,651.0,653.0,642.0,649.0,4400.0,649.0,641.4,633.7,615.68,600.5333333333333,641.92,False,False,False,False,False,False,True,True,False,True,True,-0.0292758089368258,0.0215716486902927,,,0.0513405238828968,0.0746789933230611,-0.0184899845916795,-0.2604006163328197,0.000532859680284,-0.2764715164904529,592.0,602.0,0.5789473684210527,0.0071465696465696,-0.0003786233909909,0.0003995737375081
2016-04-01,650.0,700.0,650.0,700.0,17700.0,700.0,655.4,641.7,621.68,601.56,641.335,False,False,False,False,False,False,True,True,False,False,False,-0.0657142857142857,-0.0842857142857142,,,0.1118857142857143,0.1406285714285715,-0.0971428571428571,-0.34,0.0017066737593367,-0.2815957612591554,593.0,624.0,4.0227272727272725,0.009651267533136,0.0025046978865664,0.0011738140790527
2016-04-04,715.0,763.0,701.0,723.0,57800.0,723.0,673.0,651.3,628.52,603.08,641.01,False,False,False,False,False,False,True,True,False,False,False,-0.0802213001383125,-0.0954356846473029,,,0.1306777316735823,0.1658644536652835,-0.1922544951590594,-0.355463347164592,0.0025203953041057,-0.287271610624904,688.0,620.0,3.2655367231638417,0.0108827085852479,0.0012314410521119,0.0008137215447689
2016-04-05,708.0,708.0,632.0,671.0,45900.0,671.0,677.6,656.8,633.52,603.8133333333334,640.465,False,False,False,False,False,False,True,True,False,True,False,0.0283159463487332,-0.0491803278688524,,,0.0558569299552906,0.1001291604570292,-0.1430700447093889,-0.2891207153502235,0.0012145033785276,-0.2868453105968331,759.0,609.0,0.7941176470588235,0.0078924106579113,-0.0029902979273365,-0.0013058919255781
2016-04-06,641.0,649.0,624.0,626.0,21000.0,626.0,673.8,655.8,636.52,604.12,639.685,False,False,False,False,False,False,True,True,False,True,False,0.0734824281150159,0.0159744408945686,,,-0.0168051118210862,0.0349520766773162,-0.047923322683706,-0.2396166134185303,0.0005076254165838,-0.2813357731015553,834.0,622.0,0.457516339869281,0.0047131276314962,-0.003179283026415,-0.0007068779619437
2016-04-07,619.0,633.0,613.0,630.0,9300.0,630.0,670.0,655.7,638.6,604.32,638.9,False,False,False,False,False,False,True,True,False,True,False,0.0523809523809523,0.0238095238095238,,,-0.0136507936507936,0.0407619047619046,-0.0714285714285714,-0.2603174603174603,0.0003309504898068,-0.2781759951197194,684.0,570.0,0.4428571428571428,0.0032571249608519,-0.0014560026706443,-0.000176674926777
2016-04-08,623.0,663.0,616.0,654.0,6000.0,654.0,660.8,658.1,641.64,604.8266666666667,638.105,False,False,False,False,False,False,True,True,False,False,True,-0.0198776758409785,-0.0259938837920489,,,0.0188990825688073,0.0751885830784912,-0.1055045871559633,-0.290519877675841,0.0008377055685375,-0.27974471964747,584.0,587.0,0.6451612903225806,0.0047378592357084,0.0014807342748565,0.0005067550787307
2016-04-11,664.0,665.0,632.0,665.0,7600.0,665.0,649.2,661.1,644.68,605.6533333333333,637.45,False,False,False,False,False,False,True,True,False,True,False,-0.0165413533834586,-0.0300751879699248,,,0.0305563909774436,0.0892431077694236,-0.0977443609022556,-0.3052631578947368,0.0013649172243746,-0.2911813643926788,500.0,600.0,1.2666666666666666,0.004715517776261,-2.2341459447405843e-05,0.0005272116558371
2016-04-12,670.0,690.0,651.0,690.0,11000.0,690.0,653.0,665.3,647.68,607.08,637.06,False,False,False,False,False,False,True,True,False,True,False,-0.0753623188405797,-0.0956521739130434,,,0.0613333333333334,0.1201739130434782,-0.1405797101449275,-0.3376811594202898,0.0023500472205751,-0.2988125657598076,495.0,587.0,1.4473684210526316,0.0046319169960474,-8.360078021360344e-05,0.0009851299962004
2016-04-13,692.0,700.0,663.0,672.0,13800.0,672.0,662.2,668.0,649.28,608.1733333333333,636.71,False,False,False,False,False,False,True,True,False,True,False,-0.0535714285714285,-0.0654761904761904,,,0.0338095238095238,0.0949801587301587,-0.1354166666666666,-0.3258928571428571,0.0017977331024048,-0.3019461077844311,503.0,585.0,1.2545454545454546,0.0024642681123706,-0.0021676488836767,-0.0005523141181702
2016-04-14,672.0,685.0,663.0,663.0,7700.0,663.0,668.8,669.4,650.72,609.4133333333333,636.325,False,False,False,False,False,False,True,True,False,True,False,-0.0271493212669683,-0.0346907993966817,,,0.0185218702865761,0.080824534942182,-0.1312217194570135,-0.3363499245852187,0.0020347437973132,-0.3093815357036151,516.0,582.0,0.5579710144927537,0.0022129333661176,-0.000251334746253,0.0002370106949084
2016-04-15,654.0,655.0,631.0,641.0,12100.0,641.0,666.2,663.5,650.04,610.48,635.745,False,False,False,False,False,False,False,True,False,True,False,-0.0062402496099844,-0.0062402496099844,,,-0.0141029641185646,0.0476131045241809,-0.1450858034321372,-0.3354134165366614,0.0017472589874635,-0.3086661642803316,522.0,586.0,1.5714285714285714,-0.0010460894714172,-0.0032590228375348,-0.0002874848098497
2016-04-18,645.0,654.0,632.0,654.0,7100.0,654.0,664.0,656.6,650.4,611.52,635.07,False,False,False,False,False,False,True,True,False,False,False,-0.0137614678899082,-0.0428134556574923,,,0.0055045871559633,0.064954128440367,-0.1896024464831804,-0.363914373088685,0.0017006802721087,-0.3090161437709413,510.0,574.0,0.5867768595041323,0.0005535055350553,0.0015995950064726,-4.65787153547195e-05
2016-04-19,662.0,662.0,636.0,638.0,10200.0,638.0,653.6,653.3,649.92,612.2533333333333,634.35,False,False,False,False,False,False,False,True,False,True,False,-0.0219435736677116,-0.0078369905956112,,,-0.0186833855799372,0.040355276907001,-0.1473354231974921,-0.3510971786833856,0.0011977612752891,-0.3151691412827185,564.0,590.0,1.4366197183098592,-0.000738552437223,-0.0012920579722784,-0.0005029189968196
2016-04-20,638.0,646.0,633.0,636.0,8800.0,636.0,646.4,654.3,649.4,612.64,633.755,False,False,False,False,False,False,False,True,False,True,False,-0.0125786163522012,0.0015723270440251,,,-0.021069182389937,0.0367295597484277,-0.1383647798742138,-0.3474842767295597,0.0006311482545486,-0.3255387436955524,530.0,581.0,0.8627450980392157,-0.000800739143825,-6.21867066019705e-05,-0.0005666130207405
2016-04-21,631.0,645.0,631.0,645.0,8600.0,645.0,642.8,655.8,649.8,613.2133333333334,633.29,False,False,False,False,False,False,True,True,False,False,False,-0.0077519379844961,-0.0124031007751937,,,-0.0074418604651162,0.0492816537467699,-0.1550387596899224,-0.3441860465116279,0.0009349655367355,-0.3336383043610856,539.0,591.0,0.9772727272727272,0.0006155740227762,0.0014163131666012,0.0003038172821869
2016-04-22,636.0,643.0,636.0,637.0,3500.0,637.0,642.0,654.1,650.48,613.3866666666667,632.895,False,False,False,False,False,False,True,True,False,False,False,0.0,-0.0078492935635792,,,-0.0211616954474097,0.037069597069597,-0.1616954474097331,-0.3390894819466248,0.0002825841231196,-0.3384803546858279,550.0,593.0,0.4069767441860465,0.0010453818718485,0.0004298078490723,-0.0006523814136158
2016-04-25,647.0,647.0,633.0,645.0,11000.0,645.0,640.2,652.1,651.2,613.72,632.43,False,False,False,False,False,False,True,True,False,False,False,-0.0294573643410852,-0.0945736434108527,,,-0.0096124031007752,0.0484961240310077,-0.1689922480620155,-0.3457364341085271,0.0005431358491386,-0.3425854930225426,552.0,588.0,3.142857142857143,0.0011056511056511,6.02692338025684e-05,0.0002605517260189
2016-04-26,649.0,649.0,624.0,624.0,4900.0,624.0,637.4,645.5,651.52,613.92,631.79,False,False,False,False,False,False,True,True,False,True,False,0.0144230769230769,-0.078525641025641,,,-0.044102564102564,0.0161538461538462,-0.157051282051282,-0.3141025641025641,0.0003257753453217,-0.3403563129357087,546.0,595.0,0.4454545454545454,0.0004911591355598,-0.0006144919700913,-0.0002173605038168
2016-04-27,632.0,637.0,626.0,628.0,2700.0,628.0,635.8,641.1,651.2,614.0,631.23,False,False,False,False,False,False,False,True,False,True,False,0.0143312101910828,-0.0509554140127388,,,-0.0369426751592357,0.0222929936305732,-0.1640127388535031,-0.3057324840764331,0.0001302931596091,-0.3384807362345968,551.0,594.0,0.5510204081632653,-0.0004914004914003,-0.0009825596269602,-0.0001954821857125
2016-04-28,629.0,640.0,620.0,640.0,6300.0,640.0,634.8,638.8,651.56,614.9333333333333,630.865,False,False,False,False,False,False,True,True,False,False,False,-0.0046875,-0.0859375,,,-0.0180624999999999,0.0391666666666667,-0.184375,-0.334375,0.0015177797051169,-0.3382905447714464,578.0,592.0,2.333333333333333,0.0005525201055925,0.0010439205969929,0.0013874865455078
2016-05-02,640.0,640.0,622.0,637.0,2700.0,637.0,634.8,638.4,651.84,615.6,630.305,False,False,False,False,False,False,True,True,False,True,False,-0.0078492935635792,-0.0816326530612244,,,-0.0232967032967033,0.0335949764521192,-0.1868131868131868,-0.3312401883830455,0.0010829542993286,-0.337875939849624,578.0,593.0,0.4285714285714285,0.0004295532646049,-0.0001229668409876,-0.0004348254057883
2016-05-06,647.0,647.0,620.0,626.0,5100.0,626.0,631.0,635.6,651.48,615.9466666666667,629.89,False,False,False,False,False,False,False,True,False,True,False,-0.0670926517571885,-0.0415335463258785,,,-0.040702875399361,0.0160596379126729,-0.1805111821086262,-0.3194888178913738,0.0005628192917136,-0.3333857772183763,589.0,688.0,1.8888888888888888,-0.0005525879535826,-0.0009821412181875,-0.000520135007615
2016-05-09,636.0,640.0,619.0,633.0,5000.0,633.0,632.8,635.1,650.88,616.56,629.705,False,False,False,False,False,False,False,True,False,True,False,-0.0916271721958925,-0.0631911532385466,,,-0.0282464454976303,0.0259715639810427,-0.2290679304897314,-0.3238546603475513,0.0009947666623414,-0.3306565895134624,615.0,759.0,0.9803921568627452,-0.0009218289085546,-0.0003692409549719,0.0004319473706278
2016-05-10,643.0,643.0,622.0,637.0,1800.0,637.0,634.6,635.2,650.56,617.2533333333333,629.61,False,False,False,False,False,False,False,True,False,False,False,-0.06436420722135,-0.0879120879120879,,,-0.0212872841444269,0.0309994767137624,-0.3029827315541601,-0.3171114599686028,0.0011232557134834,-0.3276133501259446,632.0,834.0,0.36,-0.000491883915396,0.0004299449931585,0.000128489051142
2016-05-11,642.0,642.0,630.0,637.0,1900.0,637.0,634.0,634.4,650.08,617.9866666666667,629.6,False,False,False,False,False,False,False,True,False,True,False,-0.0816326530612244,-0.0957613814756671,,,-0.0205337519623234,0.0298482469911041,-0.2967032967032967,-0.3061224489795918,0.0011866491186433,-0.3237704918032786,627.0,684.0,1.0555555555555556,-0.0007383706620722,-0.0002464867466761,6.339340515988862e-05
2016-05-12,631.0,646.0,629.0,632.0,1400.0,632.0,633.0,633.9,647.36,618.6,629.065,False,False,False,False,False,False,False,True,False,True,False,-0.0743670886075949,-0.1329113924050632,,,-0.0243037974683544,0.0212025316455695,-0.2879746835443038,-0.300632911392405,0.0009914861515249,-0.3199242782773308,658.0,584.0,0.7368421052631579,-0.0042016806722689,-0.0034633100101967,-0.0001951629671183
2016-05-13,630.0,630.0,571.0,584.0,28300.0,584.0,624.6,627.8,641.8,618.7333333333333,627.54,False,False,False,False,False,False,False,True,False,True,False,0.0273972602739726,-0.0924657534246575,,,-0.0989726027397259,-0.0594748858447488,-0.2277397260273972,-0.25,0.0002154940200409,-0.310767760433259,645.0,500.0,20.214285714285715,-0.008663134933001,-0.004461454260732,-0.000775992131484
2016-05-16,564.0,578.0,563.0,575.0,8200.0,575.0,613.0,622.9,637.96,618.5333333333333,626.36,False,False,False,False,False,False,False,False,False,False,False,0.0313043478260869,-0.0539130434782608,,,-0.1094956521739131,-0.0757101449275361,-0.208695652173913,-0.2417391304347826,-0.0003233455486096,-0.3040616471343714,650.0,495.0,0.2897526501766784,-0.0060191861558717,0.0026439487771293,-0.0005388395686506
2016-05-17,561.0,600.0,561.0,596.0,9400.0,596.0,604.8,619.7,636.76,618.7333333333333,625.34,False,False,False,False,False,False,False,True,False,False,False,-0.0251677852348993,-0.0805369127516778,,,-0.0683892617449664,-0.0381431767337807,-0.2265100671140939,-0.2684563758389262,0.0003232410300614,-0.3004679683717928,649.0,503.0,1.146341463414634,-0.0018845404862115,0.0041346456696601,0.0006465865786711
2016-05-18,586.0,599.0,581.0,585.0,9500.0,585.0,594.4,614.2,634.96,618.6533333333333,624.415,False,False,False,False,False,False,False,False,False,True,False,-0.0153846153846153,-0.0683760683760683,,,-0.0854017094017094,-0.0575270655270654,-0.2256410256410256,-0.2547008547008547,-0.0001293131317485,-0.2925757082383589,635.0,516.0,1.0106382978723405,-0.0028348242408969,-0.0009502837546854,-0.00045255416181
2016-05-19,575.0,610.0,575.0,585.0,18700.0,585.0,585.0,609.0,632.2,618.5466666666666,623.535,False,False,False,False,False,False,False,False,False,True,False,-0.0632478632478632,-0.0871794871794871,,,-0.0806837606837607,-0.0573447293447292,-0.2085470085470085,-0.2615384615384615,-0.0001724472419219,-0.2855500821018062,620.0,522.0,1.9684210526315788,-0.0043657070547295,-0.0015308828138325,-4.313411017335626e-05
2016-05-20,588.0,604.0,586.0,600.0,7400.0,600.0,588.2,606.4,629.6,618.7066666666667,622.91,False,False,False,False,False,False,False,True,False,False,False,-0.1166666666666666,-0.1066666666666666,,,-0.0493333333333333,-0.0311777777777778,-0.315,-0.2783333333333333,0.000258603969571,-0.2813324538258575,627.0,510.0,0.3957219251336898,-0.0041296060991105,0.0002361009556189,0.000431051211493
2016-05-23,590.0,600.0,580.0,593.0,8100.0,593.0,591.8,602.4,625.72,618.68,622.26,False,False,False,False,False,False,False,False,False,True,False,-0.0826306913996627,-0.1129848229342327,,,-0.055177065767285,-0.0433052276559864,-0.2698145025295109,-0.2698145025295109,-4.3102519342400114e-05,-0.2757304116865869,616.0,564.0,1.0945945945945943,-0.0062008566131816,-0.002071250514071,-0.0003017064889134
2016-05-24,593.0,593.0,575.0,581.0,3700.0,581.0,588.8,596.8,622.08,618.5066666666667,621.485,False,False,False,False,False,False,False,False,False,False,False,-0.0567986230636833,-0.0963855421686747,,,-0.0707056798623064,-0.0645553643144004,-0.2185886402753872,-0.2564543889845094,-0.0002802448909199,-0.2694369973190348,636.0,530.0,0.4567901234567901,-0.0058513374485596,0.0003495191646219,-0.0002371423715775
2016-05-25,575.0,591.0,575.0,576.0,7000.0,576.0,587.0,590.7,618.6,618.2933333333333,620.655,False,False,False,False,False,False,False,False,False,False,False,-0.0538194444444444,-0.09375,,,-0.0739583333333333,-0.0734259259259258,-0.2274305555555555,-0.2482638888888889,-0.000345035797464,-0.2634162857626545,631.0,539.0,1.891891891891892,-0.0056256062075654,0.0002257312409941,-6.479090654404638e-05
2016-05-26,577.0,585.0,533.0,548.0,24200.0,548.0,579.6,582.3,614.88,617.6933333333334,619.615,False,False,True,False,False,False,False,False,False,True,False,-0.0255474452554744,-0.0547445255474452,,,-0.1220437956204379,-0.1271776155717762,-0.2007299270072992,-0.2098540145985401,-0.0009713557968353,-0.2543362527906577,630.0,550.0,3.4571428571428573,-0.0060499609679937,-0.0004243547604282,-0.0006263199993713
2016-05-27,548.0,548.0,520.0,530.0,17400.0,530.0,565.6,576.9,609.92,615.5866666666667,618.525,False,False,False,False,False,False,False,False,False,True,False,0.0113207547169811,-0.0320754716981132,,,-0.1507924528301886,-0.1614842767295598,-0.1716981132075471,-0.1849056603773584,-0.0034222097078126,-0.2483966025307678,635.0,552.0,0.71900826446281,-0.0081322140608605,-0.0020822530928667,-0.0024508539109772
2016-05-30,526.0,544.0,526.0,544.0,4700.0,544.0,555.8,573.8,606.16,612.72,617.435,False,False,False,False,False,False,False,False,False,False,False,-0.0330882352941176,-0.1029411764705882,,,-0.1142647058823528,-0.1263235294117647,-0.1544117647058823,-0.2003676470588235,-0.0046785916351133,-0.2445102823283373,648.0,546.0,0.2701149425287356,-0.0062029827108354,0.001929231350025,-0.0012563819273007
2016-05-31,547.0,550.0,545.0,548.0,4200.0,548.0,549.2,569.0,602.64,608.9066666666666,616.36,False,False,False,False,False,False,False,False,False,False,False,-0.041970802919708,-0.1897810218978102,,,-0.0997080291970802,-0.1111435523114354,-0.177007299270073,-0.2135036496350364,-0.0062625908732592,-0.2390158172231986,645.0,551.0,0.8936170212765957,-0.005840966414443,0.0003620162963923,-0.0015839992381458
2016-06-01,549.0,549.0,540.0,545.0,7300.0,545.0,543.0,565.0,598.64,607.0533333333333,615.335,False,False,False,False,False,False,False,False,False,True,False,-0.0422018348623853,-0.1779816513761468,,,-0.0984220183486238,-0.1138593272171253,-0.2,-0.2128440366972477,-0.0030529991873311,-0.2348672566371681,649.0,578.0,1.738095238095238,-0.0066818121074435,-0.0008408456930004,0.003209591685928
2016-06-02,535.0,545.0,534.0,534.0,5300.0,534.0,540.2,559.9,594.52,606.3866666666667,614.255,False,False,False,False,False,False,False,False,False,True,False,-0.0299625468164794,-0.1573033707865168,,,-0.1133333333333333,-0.1355555555555555,-0.1816479400749063,-0.2228464419475655,-0.0010994085182171,-0.2309340953741739,700.0,578.0,0.726027397260274,-0.0069299603041108,-0.0002481481966673,0.001953590669114
2016-06-03,543.0,543.0,536.0,536.0,3700.0,536.0,541.4,553.5,590.16,606.8666666666667,613.235,False,False,False,False,False,False,False,True,False,True,False,-0.042910447761194,-0.1585820895522388,,,-0.1010447761194029,-0.1322139303482587,-0.1902985074626865,-0.2164179104477611,0.000790948039108,-0.224390243902439,723.0,589.0,0.6981132075471698,-0.007387827029958,-0.0004578667258471,0.0018903565573251
2016-06-06,516.0,527.0,516.0,526.0,6700.0,526.0,537.8,546.8,586.24,607.28,612.215,False,False,False,False,False,False,False,True,False,False,False,-0.0722433460076045,-0.1349809885931558,,,-0.1145247148288973,-0.1545247148288973,-0.1730038022813688,-0.2034220532319391,0.0006806305712905,-0.2174469641550841,671.0,615.0,1.8108108108108107,-0.0066866812227073,0.0007011458072506,-0.0001103174678175
2016-06-07,522.0,534.0,522.0,525.0,9900.0,525.0,533.2,541.2,582.12,607.5733333333334,611.34,False,False,False,False,False,False,False,True,False,True,False,-0.1542857142857142,-0.1219047619047619,,,-0.1088,-0.1572825396825397,-0.1485714285714285,-0.1885714285714285,0.0004827949438203,-0.2104582409460458,626.0,632.0,1.4776119402985075,-0.0070775785061499,-0.0003908972834425,-0.0001978356274701
2016-06-08,535.0,535.0,520.0,522.0,5400.0,522.0,528.6,535.8,577.4,607.6533333333333,610.375,False,False,False,False,False,False,False,True,False,True,False,-0.1417624521072797,-0.132183908045977,,,-0.1061302681992336,-0.1640868454661557,-0.1455938697318007,-0.1743295019157088,0.000131654013253,-0.2028742067935796,630.0,627.0,0.5454545454545454,-0.0081745756841011,-0.0010969971779512,-0.0003511409305672
2016-06-09,520.0,525.0,517.0,518.0,2800.0,518.0,525.4,532.8,572.64,607.6,609.425,False,False,False,False,False,False,False,False,False,True,False,-0.1312741312741312,-0.1061776061776061,,,-0.1054826254826254,-0.172972972972973,-0.1177606177606177,-0.166023166023166,-8.777704630231209e-05,-0.1985735735735735,654.0,658.0,0.5185185185185185,-0.0083123777591505,-0.0001378020750493,-0.0002194310595553
2016-06-10,518.0,524.0,510.0,513.0,5400.0,513.0,520.8,531.1,568.12,607.64,608.425,False,False,False,False,False,False,False,True,False,False,False,-0.1208576998050682,-0.1988304093567251,,,-0.1074463937621832,-0.1844834307992202,0.0058479532163742,-0.1715399610136452,6.582845105648676e-05,-0.197326303897571,665.0,645.0,1.9285714285714288,-0.0079560656199394,0.0003563121392111,0.0001536054973587
2016-06-13,510.0,514.0,488.0,488.0,15400.0,488.0,513.2,525.5,562.32,606.6266666666667,607.255,False,False,False,False,False,False,False,False,False,True,False,-0.0676229508196721,-0.1127049180327868,,,-0.1522950819672132,-0.243087431693989,-0.0204918032786885,-0.1434426229508196,-0.0016704398092181,-0.1920076117982873,690.0,650.0,2.851851851851852,-0.0103144117228623,-0.0023583461029229,-0.0017362682602746
2016-06-14,474.0,480.0,443.0,444.0,22700.0,444.0,497.0,515.1,554.6,605.48,605.835,False,False,False,False,False,False,False,False,False,True,False,0.0382882882882882,0.0225225225225225,,,-0.2490990990990991,-0.3636936936936937,0.0247747747747747,-0.0743243243243243,-0.0018938142740745,-0.1795767812075325,672.0,649.0,1.474025974025974,-0.0139199423007573,-0.003605530577895,-0.0002233744648563
2016-06-15,443.0,458.0,443.0,448.0,6200.0,448.0,482.2,505.4,547.04,604.2666666666667,604.405,False,False,False,False,False,False,False,False,False,False,False,0.0111607142857142,-0.0066964285714285,,,-0.2210714285714285,-0.3488095238095238,0.0714285714285714,-0.0758928571428571,-0.0020079435127979,-0.1667985753858329,663.0,635.0,0.2731277533039647,-0.0138198303597544,0.0001001119410029,-0.0001141292387234
2016-06-16,469.0,469.0,441.0,450.0,4600.0,450.0,468.6,497.0,539.76,602.9333333333333,602.95,False,False,False,False,False,False,False,False,False,False,False,0.0288888888888888,-0.0266666666666666,,,-0.1994666666666666,-0.3398518518518517,0.0266666666666666,-0.08,-0.0022114108801415,-0.1529175050301811,641.0,620.0,0.7419354838709677,-0.0134874759152215,0.0003323544445328,-0.0002034673673436
2016-06-17,450.0,468.0,443.0,451.0,5700.0,451.0,456.2,488.5,534.44,601.5866666666667,601.455,False,False,False,False,False,False,False,False,False,False,False,-0.0886917960088691,-0.0266075388026607,,,-0.1850110864745012,-0.3338950480413896,0.0332594235033259,-0.082039911308204,-0.0022385247899996,-0.1394063459570113,654.0,627.0,1.2391304347826086,-0.0099543447346754,0.0035331311805461,-2.7113909858038788e-05
2016-06-20,451.0,459.0,445.0,455.0,5200.0,455.0,449.6,481.4,529.64,600.3733333333333,599.99,False,False,False,False,False,False,False,False,False,False,False,-0.0483516483516483,0.0109890109890109,,,-0.164043956043956,-0.3195018315018315,0.0483516483516483,-0.0813186813186813,-0.002020964733055,-0.1269214790195263,638.0,616.0,0.912280701754386,-0.0090627596103014,0.0008915851243739,0.0002175600569445
2016-06-21,456.0,461.0,450.0,461.0,2600.0,461.0,453.0,475.0,524.24,599.1733333333333,599.095,False,False,False,False,False,False,False,False,False,True,False,-0.0151843817787418,-0.0216919739696312,,,-0.1371800433839479,-0.2997252349963846,0.0325379609544468,-0.088937093275488,-0.0020027593573368,-0.1164210526315789,636.0,636.0,0.5,-0.0103006256676331,-0.0012378660573316,1.8205375718192102e-05
2016-06-22,452.0,453.0,452.0,453.0,2000.0,453.0,454.0,468.1,518.96,597.5066666666667,598.565,False,False,False,False,False,False,False,False,False,False,False,-0.0176600441501103,-0.0375275938189845,,,-0.1456070640176601,-0.318999264164827,0.0286975717439293,-0.0794701986754966,-0.0027893691562715,-0.1063875240333262,645.0,631.0,0.7692307692307693,-0.0101741945429319,0.0001264311247011,-0.0007866097989347
2016-06-23,469.0,469.0,453.0,463.0,1000.0,463.0,456.6,462.6,514.08,595.9733333333334,597.88,False,False,False,False,False,False,False,False,False,False,False,-0.0539956803455723,-0.0561555075593952,,,-0.1103239740820735,-0.2871994240460763,0.0021598272138228,-0.0907127429805615,-0.0025728220502035,-0.0981409424989192,637.0,630.0,0.5,-0.0094926859632741,0.0006815085796577,0.000216547106068
2016-06-24,460.0,461.0,384.0,411.0,16100.0,411.0,448.6,452.4,506.52,593.6,596.71,False,False,False,False,False,False,False,False,False,True,False,0.0681265206812652,0.0559610705596107,,,-0.2324087591240875,-0.4442822384428224,0.1240875912408759,0.0364963503649635,-0.0039982030548068,-0.0775862068965516,645.0,635.0,16.1,-0.0149253731343284,-0.0054326871710542,-0.0014253810046032
2016-06-27,429.0,438.0,429.0,433.0,6000.0,433.0,444.2,446.9,500.12,591.1733333333333,595.51,False,False,False,False,False,False,False,False,False,False,False,0.0623556581986143,0.0046189376443418,,,-0.1550115473441108,-0.3652963818321785,0.0554272517321016,-0.0277136258660508,-0.0041048310704137,-0.0655627657194002,624.0,648.0,0.3726708074534161,-0.012796928737103,0.0021284443972254,-0.0001066280156069
2016-06-28,453.0,454.0,435.0,454.0,3800.0,454.0,442.8,447.9,495.04,588.8,594.53,False,False,False,False,False,False,False,False,False,False,True,-0.0066079295154185,-0.0154185022026431,,,-0.0903964757709251,-0.2969162995594712,-0.0022026431718061,-0.0682819383259911,-0.0040307971014492,-0.0649698593436034,628.0,645.0,0.6333333333333333,-0.0102617970265028,0.0025351317106001,7.403396896447575e-05
2016-06-29,437.0,452.0,437.0,445.0,4000.0,445.0,441.2,447.6,489.8,586.3733333333333,593.765,False,False,False,False,False,False,False,False,False,True,False,-0.0202247191011235,0.0022471910112359,,,-0.1006741573033708,-0.317692883895131,-0.0112359550561797,-0.049438202247191,-0.0041384328527899,-0.0623324396782842,640.0,649.0,1.0526315789473684,-0.0106982441812985,-0.0004364471547956,-0.0001076357513406
2016-06-30,438.0,442.0,437.0,438.0,2300.0,438.0,436.2,446.4,485.4,583.44,592.955,False,False,False,False,False,False,False,False,False,False,False,-0.002283105022831,0.0433789954337899,,,-0.1082191780821917,-0.3320547945205481,-0.0273972602739726,-0.0296803652968036,-0.0050276520864755,-0.0573476702508959,637.0,700.0,0.575,-0.0090646889163577,0.0016335552649407,-0.0008892192336855
2016-07-01,434.0,439.0,434.0,439.0,1600.0,439.0,441.8,445.2,481.76,580.6933333333334,592.225,False,False,False,False,False,False,False,False,False,False,False,-0.0113895216400911,0.1753986332574031,,,-0.0974031890660592,-0.3227638572513289,-0.0523917995444191,-0.020501138952164,-0.0047299779573842,-0.0512129380053908,626.0,723.0,0.6956521739130435,-0.0075556293590169,0.0015090595573408,0.0002976741290912
2016-07-04,490.0,490.0,446.0,460.0,17100.0,460.0,447.2,445.7,478.4,578.16,591.74,False,False,False,False,False,False,False,False,False,False,False,-0.0543478260869565,0.0391304347826087,,,-0.0399999999999999,-0.2568695652173912,-0.1,-0.0782608695652174,-0.0043817167104839,-0.0509311195871662,633.0,671.0,10.6875,-0.0070234113712374,0.0005322179877794,0.0003482612469003
2016-07-05,458.0,460.0,450.0,451.0,1300.0,451.0,446.6,444.7,474.52,575.52,591.155,False,False,False,False,False,False,False,False,False,True,False,-0.0088691796008869,0.0088691796008869,,,-0.052150776053215,-0.2760975609756097,-0.0798226164079822,-0.0598669623059867,-0.0045871559633027,-0.0478974589610973,637.0,626.0,0.0760233918128654,-0.0081766838067942,-0.0011532724355567,-0.0002054392528187
2016-07-06,446.0,446.0,432.0,436.0,2800.0,436.0,444.8,443.0,470.16,572.8666666666667,590.62,False,False,False,False,False,False,False,False,False,True,False,0.0229357798165137,0.1009174311926605,,,-0.078348623853211,-0.313914373088685,-0.0298165137614678,-0.0252293577981651,-0.0046316769463516,-0.0424379232505643,637.0,630.0,2.1538461538461537,-0.0092734388293346,-0.0010967550225403,-4.4520983048907184e-05
2016-07-07,436.0,444.0,435.0,437.0,1800.0,437.0,444.6,440.4,466.28,570.4266666666666,590.075,False,False,False,False,False,False,False,False,False,False,False,0.045766590389016,0.05720823798627,,,-0.0670022883295193,-0.3053241800152554,-0.0366132723112128,-0.034324942791762,-0.0042774998831285,-0.0365576748410535,632.0,654.0,0.6428571428571429,-0.0083211804066227,0.0009522584227118,0.0003541770632231
2016-07-08,437.0,437.0,434.0,434.0,3300.0,434.0,443.6,442.7,462.2,567.8533333333334,589.53,False,False,False,False,False,False,False,False,False,True,True,0.1889400921658986,0.0737327188940092,,,-0.0649769585253456,-0.3084178187403994,-0.0276497695852534,-0.0483870967741935,-0.0045316865857379,-0.0444996611700925,584.0,665.0,1.8333333333333333,-0.0088273474686282,-0.0005061670620055,-0.0002541867026094
2016-07-11,431.0,436.0,430.0,435.0,1300.0,435.0,438.6,442.9,458.56,565.44,588.855,False,False,False,False,False,False,False,False,False,False,False,0.0988505747126436,0.096551724137931,,,-0.0541609195402298,-0.2998620689655173,-0.0160919540229885,-0.0551724137931034,-0.0042680626296924,-0.0471889817114472,575.0,690.0,0.3939393939393939,-0.0079378925331472,0.000889454935481,0.0002636239560455
2016-07-12,436.0,447.0,436.0,447.0,1600.0,447.0,437.8,442.2,455.44,562.92,588.225,False,False,False,False,False,False,False,False,False,False,False,0.017897091722595,0.0648769574944071,,,-0.0188814317673378,-0.2593288590604026,-0.0246085011185682,-0.0782997762863534,-0.0044766574291197,-0.048168249660787,596.0,672.0,1.2307692307692308,-0.0068505181802213,0.0010873743529258,-0.0002085947994273
2016-07-13,447.0,447.0,436.0,446.0,3700.0,446.0,439.8,442.3,452.4,560.4533333333334,587.565,False,False,False,False,False,False,False,False,False,False,False,0.0762331838565022,0.0448430493273542,,,-0.0143497757847533,-0.2566218236173394,-0.0448430493273542,-0.0807174887892376,-0.004401199029357,-0.0513226316979425,585.0,663.0,2.3125,-0.0067197170645446,0.0001308011156766,7.545839976272253e-05
2016-07-14,448.0,457.0,447.0,457.0,2100.0,457.0,443.8,444.2,449.96,558.1466666666666,586.8,False,False,False,False,True,False,False,False,False,False,True,0.0109409190371991,0.0153172866520787,,,0.0154048140043764,-0.2213274981765134,-0.0678336980306345,-0.1028446389496717,-0.0041327249707365,-0.0587573165240881,585.0,641.0,0.5675675675675675,-0.0054227042403769,0.0012970128241677,0.0002684740586204
2016-07-15,462.0,537.0,457.0,516.0,137800.0,516.0,460.2,451.9,450.08,556.56,586.375,False,False,False,False,False,False,True,False,False,False,False,-0.0968992248062015,-0.1046511627906976,,,0.1277519379844961,-0.0786046511627906,-0.1744186046511628,-0.2422480620155038,-0.0028508456710268,-0.0834255366231467,600.0,654.0,65.61904761904762,0.0002666192676857,0.0056893235080626,0.0012818792997097
2016-07-19,566.0,566.0,478.0,478.0,68300.0,478.0,468.8,453.7,449.68,554.2933333333333,585.705,False,False,False,False,False,False,False,False,False,True,False,-0.002092050209205,-0.0439330543933054,,,0.0592468619246861,-0.1596094839609483,-0.104602510460251,-0.1694560669456067,-0.004089290868854,-0.0930130041877892,593.0,638.0,0.4956458635703918,-0.0008895214374665,-0.0011561407051523,-0.0012384451978271
2016-07-20,461.0,463.0,453.0,455.0,16200.0,455.0,470.4,454.1,450.12,551.76,584.42,False,False,False,False,False,False,True,False,False,False,False,0.0461538461538461,-0.0043956043956043,,,0.0107252747252747,-0.2126593406593406,-0.0439560439560439,-0.1098901098901098,-0.0045913682277318,-0.097996036115393,581.0,636.0,0.2371888726207906,0.0009775171065493,0.0018670385440159,-0.0005020773588778
2016-07-21,455.0,482.0,452.0,480.0,10700.0,480.0,477.2,458.5,451.4,549.5066666666667,583.555,False,False,False,False,False,False,True,False,True,False,True,-0.0291666666666666,-0.0833333333333333,,,0.0595833333333333,-0.1448055555555555,-0.0791666666666666,-0.1625,-0.0041006478538325,-0.1116684841875681,576.0,645.0,0.6604938271604939,0.0028356225077535,0.0018581054012042,0.0004907203738992
2016-07-22,461.0,468.0,456.0,462.0,5500.0,462.0,478.2,461.0,451.88,546.3333333333334,582.79,False,False,False,False,False,False,True,False,False,True,False,0.0043290043290043,-0.0779220779220779,,,0.0219047619047619,-0.1825396825396826,-0.0432900432900432,-0.1341991341991342,-0.0058084197681512,-0.1212581344902385,548.0,637.0,0.514018691588785,0.0010622289103302,-0.0017733935974233,-0.0017077719143187
2016-07-25,486.0,496.0,465.0,466.0,13300.0,466.0,468.2,464.2,452.48,542.9066666666666,582.27,False,False,False,False,False,False,True,False,False,False,False,-0.0085836909871244,-0.1072961373390558,,,0.0290128755364806,-0.1650357653791129,-0.0600858369098712,-0.1394849785407725,-0.0063117048970972,-0.1299009047824214,530.0,645.0,2.418181818181818,0.0013260254596888,0.0002637965493586,-0.0005032851289459
2016-07-26,498.0,498.0,472.0,477.0,18000.0,477.0,468.0,468.4,453.36,540.32,581.84,False,False,False,False,False,False,True,False,False,False,False,-0.0419287211740041,-0.1320754716981132,,,0.0495597484276729,-0.1327463312368973,-0.0859538784067086,-0.1551362683438155,-0.004787286546244,-0.1394107600341587,544.0,624.0,1.3533834586466165,0.0019410622904534,0.0006150368307646,0.0015244183508531
2016-07-27,473.0,476.0,467.0,476.0,6700.0,476.0,472.2,471.3,453.96,538.32,581.425,False,False,False,False,False,False,True,False,False,True,False,-0.0483193277310924,-0.1281512605042016,,,0.0463025210084034,-0.1309243697478992,-0.0840336134453781,-0.1638655462184874,-0.0037152622975182,-0.1476766390833864,548.0,628.0,0.3722222222222222,0.0013217023526301,-0.0006193599378233,0.0010720242487258
2016-07-28,484.0,484.0,466.0,466.0,2100.0,466.0,469.4,473.3,454.48,536.1333333333333,580.885,False,False,False,False,False,False,True,False,False,True,False,-0.055793991416309,-0.0922746781115879,,,0.0247210300429184,-0.1505007153075822,-0.0643776824034334,-0.1416309012875536,-0.0040785874160657,-0.1533910838791464,545.0,640.0,0.3134328358208955,0.0011441647597254,-0.0001775375929046,-0.0003633251185475
2016-07-29,474.0,482.0,464.0,464.0,2900.0,464.0,469.8,474.0,454.52,533.6,580.22,False,False,False,False,False,False,True,False,False,True,False,-0.0818965517241379,-0.0926724137931034,,,0.0204310344827586,-0.15,-0.0689655172413793,-0.1357758620689655,-0.0047476261869064,-0.1565400843881856,534.0,637.0,1.380952380952381,8.800492827590342e-05,-0.0010561598314495,-0.0006690387708407
2016-08-01,480.0,480.0,462.0,462.0,3400.0,462.0,469.0,468.6,456.56,530.8933333333333,579.56,False,False,False,False,False,False,True,False,True,False,False,-0.0995670995670995,-0.0865800865800865,,,0.0117748917748917,-0.1491197691197691,-0.0627705627705627,-0.1341991341991342,-0.0050983248361253,-0.1448997012377294,536.0,626.0,1.1724137931034482,0.0044681969511127,0.0043801920228368,-0.0003506986492188
2016-08-02,454.0,457.0,452.0,457.0,4000.0,457.0,465.0,466.5,457.52,527.7866666666666,578.9,False,False,False,False,False,False,True,False,False,True,False,-0.0940919037199124,-0.0634573304157549,,,-0.0011378555798686,-0.1548942377826403,-0.0525164113785558,-0.1137855579868709,-0.0058862166531932,-0.1393354769560557,526.0,633.0,1.1764705882352942,0.0020982689281342,-0.0023699280229784,-0.0007878918170678
2016-08-03,457.0,457.0,451.0,453.0,1700.0,453.0,460.4,466.3,457.48,524.8666666666667,578.29,False,False,False,False,False,False,False,False,False,True,False,-0.0838852097130242,-0.0375275938189845,,,-0.0098896247240618,-0.1586460632818249,-0.0463576158940397,-0.1125827814569536,-0.005563317667979,-0.139609693330474,525.0,637.0,0.425,-8.743551630664427e-05,-0.0021857044444408,0.0003228989852141
2016-08-04,451.0,452.0,429.0,440.0,14200.0,440.0,455.2,462.3,457.28,521.8933333333333,577.595,False,False,False,False,False,False,False,False,False,True,False,-0.0386363636363636,-0.0318181818181818,,,-0.0392727272727272,-0.186121212121212,-0.0159090909090909,-0.0931818181818181,-0.0056972050482857,-0.1328141899199654,522.0,637.0,8.352941176470589,-0.0004373687893632,-0.0003499332730566,-0.0001338873803066
2016-08-05,432.0,439.0,412.0,426.0,7800.0,426.0,447.6,458.7,456.8,519.0266666666666,576.85,False,False,False,False,False,False,False,False,False,True,False,-0.0117370892018779,0.0,,,-0.0723004694835681,-0.2183724569640062,0.0164319248826291,-0.0516431924882629,-0.005523158733013,-0.1251362546326574,518.0,632.0,0.5492957746478874,-0.0010507880910682,-0.0006134193017049,0.0001740463152726
2016-08-08,410.0,422.0,410.0,416.0,9100.0,416.0,438.4,453.7,455.88,515.8533333333334,576.08,False,False,False,False,False,False,False,False,False,True,False,0.0144230769230769,0.0240384615384615,,,-0.0958653846153846,-0.2400320512820513,0.0384615384615384,-0.0360576923076923,-0.0061516193233217,-0.1154948203658804,513.0,584.0,1.1666666666666667,-0.0020180749319996,-0.0009672868409314,-0.0006284605903086
2016-08-09,423.0,428.0,413.0,414.0,3800.0,414.0,429.8,447.4,454.04,512.8666666666667,575.28,False,False,False,False,False,False,False,False,False,True,False,0.0338164251207729,0.0338164251207729,,,-0.0967149758454106,-0.2388083735909823,0.0507246376811594,-0.0458937198067632,-0.0058234758871701,-0.1048278945015645,488.0,575.0,0.4175824175824176,-0.0040525063871024,-0.0020344314551027,0.0003281434361516
2016-08-10,410.0,415.0,409.0,415.0,5800.0,415.0,422.2,441.3,452.6,509.92,574.46,False,False,False,False,False,False,False,False,False,False,False,0.0506024096385542,0.0481927710843373,,,-0.0906024096385542,-0.2287228915662651,0.0385542168674698,-0.0433734939759036,-0.0057786842380503,-0.0926807160661682,444.0,596.0,1.5263157894736843,-0.0031816173221387,0.0008708890649636,4.479164911978199e-05
2016-08-12,422.0,429.0,418.0,423.0,3800.0,423.0,418.8,437.0,452.08,506.96,573.745,False,False,False,False,False,False,False,False,False,False,False,0.0070921985815602,0.0449172576832151,,,-0.0687470449172576,-0.1984869976359337,0.0141843971631205,-0.0661938534278959,-0.0058387249487139,-0.0848970251716247,448.0,585.0,0.6551724137931034,-0.0011502388957707,0.002031378426368,-6.004071066357825e-05
2016-08-15,423.0,429.0,417.0,421.0,2300.0,421.0,417.8,432.7,451.44,504.08,573.05,False,False,False,False,False,False,False,False,False,True,False,0.01187648456057,0.0498812351543943,,,-0.0723040380047505,-0.1973396674584322,-0.014251781472684,-0.0522565320665083,-0.0057133788287573,-0.0762653108389184,450.0,585.0,0.6052631578947368,-0.0014176856282119,-0.0002674467324411,0.0001253461199566
2016-08-16,429.0,429.0,418.0,422.0,2000.0,422.0,419.0,428.7,450.96,501.1066666666667,572.34,False,False,False,False,False,False,False,False,False,False,False,0.0094786729857819,0.0379146919431279,,,-0.0686255924170615,-0.1874565560821485,-0.0047393364928909,-0.0616113744075829,-0.00593353377857,-0.0685794261721483,451.0,600.0,0.8695652173913043,-0.0010643959552954,0.0003532896729165,-0.0002201549498127
2016-08-17,424.0,428.0,424.0,428.0,400.0,428.0,421.8,425.8,450.68,498.4933333333333,571.67,False,False,False,False,False,False,False,False,False,False,False,0.0,0.0186915887850467,,,-0.0529906542056074,-0.1647040498442366,-0.0210280373831775,-0.0677570093457943,-0.0052424639580604,-0.0636449037106623,455.0,593.0,0.2,-0.0006212833939823,0.000443112561313,0.0006910698205096
2016-08-18,429.0,436.0,428.0,436.0,500.0,436.0,426.0,424.1,450.24,495.9333333333333,571.035,False,False,False,False,False,False,False,False,False,True,False,-0.0022935779816513,0.0,,,-0.0326605504587156,-0.1374617737003056,-0.0229357798165137,-0.0756880733944954,-0.0051619841376529,-0.0596557415703843,461.0,581.0,1.25,-0.0009772565742714,-0.0003559731802891,8.047982040750891e-05
2016-08-19,436.0,438.0,425.0,426.0,2000.0,426.0,426.6,422.7,449.44,493.08,570.27,False,False,False,False,False,False,False,False,False,True,False,0.0375586854460093,0.0234741784037558,,,-0.0550234741784037,-0.1574647887323943,0.0117370892018779,-0.0610328638497652,-0.0057867553608609,-0.0563047078306127,453.0,576.0,4.0,-0.0017799928800285,-0.000802736305757,-0.0006247712232079
2016-08-22,424.0,430.0,424.0,426.0,1300.0,426.0,427.6,422.7,448.2,490.26666666666665,569.565,False,False,False,False,False,False,False,False,False,True,False,0.0375586854460093,0.0140845070422535,,,-0.052112676056338,-0.1508607198748043,0.0140845070422535,-0.068075117370892,-0.0057383736741909,-0.0579607286491601,463.0,548.0,0.65,-0.0027666220437304,-0.0009866291637019,4.838168666999182e-05
2016-08-23,426.0,426.0,426.0,426.0,400.0,426.0,428.4,423.7,444.6,487.6,568.89,False,False,False,False,False,False,False,False,False,True,True,0.028169014084507,0.0164319248826291,,,-0.0436619718309859,-0.1446009389671362,-0.0023474178403755,-0.0516431924882629,-0.0054689636313917,-0.0594760443710172,411.0,530.0,0.3076923076923077,-0.0080971659919027,-0.0053305439481722,0.0002694100427991
2016-08-24,427.0,428.0,425.0,428.0,1000.0,428.0,428.4,425.1,442.6,484.8666666666667,568.22,False,False,False,False,False,False,False,False,False,False,False,0.0186915887850467,0.0116822429906542,,,-0.0341121495327103,-0.1328660436137071,-0.0233644859813084,-0.0747663551401869,-0.0056372886016774,-0.0623382733474476,433.0,544.0,2.5,-0.0045187528242205,0.0035784131676822,-0.0001683249702856
2016-08-25,436.0,436.0,435.0,435.0,400.0,435.0,428.2,427.1,441.8,482.17333333333335,567.605,False,False,False,False,False,False,False,False,False,False,False,0.0022988505747126,-0.0068965517241379,,,-0.015632183908046,-0.1084444444444444,-0.0551724137931034,-0.0850574712643678,-0.0055858197605287,-0.0664949660501054,454.0,548.0,0.4,-0.0018107741059303,0.0027079787182902,5.146884114876245e-05
2016-08-26,444.0,444.0,433.0,442.0,3400.0,442.0,431.4,429.0,440.28,479.5733333333333,567.055,False,False,False,False,True,False,False,False,False,True,False,-0.0135746606334841,-0.0203619909502262,,,0.0038914027149321,-0.0850075414781297,-0.0633484162895927,-0.0995475113122171,-0.0054214857651246,-0.0699300699300699,445.0,545.0,8.5,-0.0034523485054965,-0.0016415743995662,0.0001643339954041
2016-08-29,441.0,442.0,440.0,442.0,3300.0,442.0,434.6,431.1,439.48,477.04,566.485,False,False,False,False,False,False,False,False,False,False,False,-0.0226244343891402,-0.0203619909502262,,,0.0057013574660633,-0.0792760180995475,-0.0633484162895927,-0.1108597285067873,-0.0053105260215774,-0.0758524704244955,438.0,534.0,0.9705882352941176,-0.001820333120961,0.0016320153845355,0.0001109597435471
2016-08-30,435.0,439.0,435.0,438.0,1100.0,438.0,437.0,432.7,438.36,475.0933333333333,565.915,False,False,False,False,False,False,False,False,False,True,False,-0.0114155251141552,-0.0136986301369863,,,-0.0008219178082192,-0.0846879756468796,-0.0547945205479452,-0.1118721461187214,-0.0040974405029188,-0.0808874508897619,439.0,536.0,0.3333333333333333,-0.0025549776439456,-0.0007346445229845,0.0012130855186586
2016-08-31,441.0,441.0,436.0,436.0,1800.0,436.0,438.6,433.5,436.72,473.24,565.395,False,False,False,False,False,False,False,False,False,True,False,-0.0068807339449541,-0.0022935779816513,,,-0.001651376146789,-0.0854128440366972,-0.0412844036697247,-0.1009174311926605,-0.0039162651790493,-0.0841983852364475,460.0,526.0,1.6363636363636365,-0.0037552665323318,-0.0012002888883862,0.0001811753238695
2016-09-01,439.0,439.0,436.0,436.0,1200.0,436.0,438.8,433.5,435.12,471.1066666666667,564.84,False,False,False,False,False,False,False,False,False,False,False,-0.0091743119266055,-0.0114678899082568,,,0.0020183486238532,-0.080519877675841,-0.036697247706422,-0.0848623853211009,-0.0045283446070245,-0.0851211072664359,451.0,525.0,0.6666666666666666,-0.0036771465342894,7.8119998042454e-05,-0.0006120794279752
2016-09-05,436.0,436.0,436.0,436.0,100.0,436.0,437.6,434.5,433.92,469.12,564.285,False,False,False,False,False,False,False,False,False,False,True,-0.0068807339449541,-0.0160550458715596,,,0.0047706422018348,-0.0759633027522935,-0.0435779816513761,-0.0825688073394495,-0.0042348794906776,-0.0872266973532795,436.0,522.0,0.0833333333333333,-0.0027654867256636,0.0009116598086257,0.0002934651163469
2016-09-06,431.0,438.0,431.0,432.0,2100.0,432.0,435.6,435.1,432.64,467.08,563.695,False,False,False,False,False,False,False,False,False,True,False,0.0023148148148148,-0.0393518518518518,,,-0.0014814814814814,-0.0812037037037036,-0.0254629629629629,-0.0763888888888889,-0.0043675601610003,-0.0880257412089175,437.0,518.0,21.0,-0.0029585798816568,-0.0001930931559931,-0.0001326806703226
2016-09-08,439.0,439.0,433.0,433.0,1600.0,433.0,434.6,435.8,431.48,464.85333333333335,563.05,False,False,False,False,False,False,False,False,False,False,False,-0.0023094688221709,-0.0300230946882217,,,0.0035103926096997,-0.0735642802155504,-0.0161662817551963,-0.0831408775981524,-0.00479004130335,-0.0910968334098209,434.0,513.0,0.7619047619047619,-0.0026884212477982,0.0002701586338586,-0.0004224811423497
2016-09-09,433.0,433.0,432.0,433.0,1500.0,433.0,434.0,436.3,430.52,462.72,562.455,False,False,False,False,False,False,False,False,False,False,False,0.0046189376443418,-0.0323325635103926,,,0.0057274826789838,-0.0686374133949192,-0.0277136258660508,-0.0715935334872979,-0.0046104195481788,-0.0907632363052945,435.0,488.0,0.9375,-0.0022298615627613,0.0004585596850368,0.0001796217551712
2016-09-12,432.0,432.0,432.0,432.0,2000.0,432.0,433.2,436.0,429.68,460.73333333333335,561.355,False,False,False,False,False,False,False,False,False,False,False,-0.0023148148148148,-0.0138888888888888,,,0.0053703703703703,-0.0665123456790123,-0.0208333333333333,-0.0324074074074074,-0.0043119664303284,-0.0855504587155963,447.0,444.0,1.3333333333333333,-0.0019549432135542,0.0002749183492071,0.0002984531178503
2016-09-13,432.0,433.0,432.0,433.0,900.0,433.0,432.6,435.1,429.4,458.82666666666665,559.76,False,False,False,False,False,False,False,False,False,False,False,-0.0092378752886836,-0.0046189376443418,,,0.0083140877598152,-0.059645881447267,-0.023094688221709,-0.0346420323325635,-0.0041555271416948,-0.0790622845322915,446.0,448.0,0.45,-0.0006520726595249,0.0013028705540292,0.0001564392886336
2016-09-14,433.0,433.0,433.0,433.0,800.0,433.0,432.8,434.2,429.68,457.29333333333335,557.415,False,False,False,False,False,False,True,False,False,False,False,-0.0415704387990762,-0.0023094688221709,,,0.0076674364896073,-0.0561046959199384,-0.0184757505773672,-0.0577367205542725,-0.0033530629501121,-0.0736987563334868,457.0,450.0,0.8888888888888888,0.0006516477378514,0.0013037203973764,0.0008024641915826
2016-09-15,444.0,444.0,431.0,432.0,3100.0,432.0,432.6,433.6,430.32,455.9866666666667,555.725,False,False,False,False,False,False,True,False,True,False,False,-0.0277777777777777,-0.0162037037037037,,,0.0038888888888889,-0.0555246913580247,-0.0046296296296296,-0.0393518518518518,-0.0028655808649375,-0.066420664206642,516.0,451.0,3.875,0.0014872652909462,0.0008356175530947,0.0004874820851746
2016-09-16,439.0,439.0,435.0,435.0,800.0,435.0,433.0,433.5,431.16,454.53333333333336,554.3,False,False,False,False,False,False,True,False,False,False,False,-0.0367816091954023,-0.0390804597701149,,,0.0088275862068964,-0.044904214559387,-0.025287356321839,-0.0413793103448275,-0.0031974185978292,-0.0604382929642444,478.0,455.0,0.2580645161290322,0.0019482326746452,0.0004609673836989,-0.0003318377328916
2016-09-20,419.0,441.0,419.0,431.0,9800.0,431.0,432.8,433.0,431.8,452.97333333333336,552.91,False,False,False,False,False,False,True,False,False,True,False,-0.0116009280742459,-0.0464037122969837,,,-0.0018561484918793,-0.0509822119102862,-0.0162412993039443,-0.0510440835266821,-0.0034439113413593,-0.0570438799076212,455.0,461.0,12.25,0.0014821676702176,-0.0004660650044275,-0.00024649274353
2016-09-21,430.0,430.0,422.0,429.0,500.0,429.0,432.0,432.3,432.04,451.4266666666667,551.64,False,False,False,False,False,False,True,False,False,True,False,0.0046620046620046,-0.0349650349650349,,,-0.0070862470862471,-0.0522766122766123,-0.0093240093240093,-0.0419580419580419,-0.0034261747939865,-0.0529724728198011,480.0,453.0,0.0510204081632653,0.0005555041199889,-0.0009266635502287,1.7736547372815444e-05
2016-09-23,413.0,421.0,413.0,415.0,5000.0,415.0,428.4,430.6,431.8,449.84,550.315,False,False,False,False,False,False,False,False,False,True,False,0.0409638554216867,-0.0024096385542168,,,-0.0404819277108434,-0.0839518072289156,0.016867469879518,-0.0216867469879518,-0.0035271800343826,-0.0476079888527635,462.0,463.0,10.0,-0.0005558128763316,-0.0011113169963205,-0.0001010052403961
2016-09-26,421.0,421.0,415.0,420.0,1400.0,420.0,426.0,429.3,431.72,448.29333333333335,549.07,False,False,False,False,False,False,False,False,False,False,False,0.0119047619047619,-0.0142857142857142,,,-0.0279047619047619,-0.0673650793650794,-0.0166666666666666,0.1571428571428571,-0.0034501219439651,-0.0239925460051246,466.0,411.0,0.28,-0.000185305290466,0.0003705075858656,7.705809041750689e-05
2016-09-27,423.0,425.0,419.0,419.0,3500.0,419.0,422.8,427.9,431.36,446.8666666666667,547.89,False,False,False,False,False,False,False,False,False,True,False,-0.0023866348448687,-0.0023866348448687,,,-0.0294988066825775,-0.0665075576770087,-0.0190930787589498,0.350835322195704,-0.0031926003282112,0.0175274596868427,477.0,433.0,2.5,-0.0008345697329377,-0.0006492644424717,0.0002575216157538
2016-09-28,419.0,426.0,418.0,426.0,2100.0,426.0,421.8,427.3,430.96,445.5466666666667,546.575,False,False,False,False,False,False,False,False,False,True,False,-0.0352112676056338,-0.0140845070422535,,,-0.0116431924882628,-0.0458841940532081,-0.0328638497652582,0.5633802816901409,-0.0029626526214986,0.0769950854200795,476.0,454.0,0.6,-0.0009281603861147,-9.359065317708268e-05,0.0002299477067126
2016-09-29,441.0,441.0,425.0,431.0,2400.0,431.0,422.2,427.1,431.16,444.3333333333333,545.39,False,False,False,False,False,False,True,False,False,False,False,-0.0394431554524361,-0.0324825986078886,,,-0.0003712296983759,-0.0309358081979891,-0.0487238979118329,0.408352668213457,-0.0027306826706677,0.1217513462889253,466.0,445.0,1.1428571428571428,0.0004638649225346,0.0013920253086494,0.0002319699508309
2016-09-30,440.0,440.0,432.0,432.0,500.0,432.0,425.6,427.0,431.4,443.18666666666667,544.295,False,False,False,True,True,False,True,False,False,False,False,-0.0416666666666666,-0.0254629629629629,,,0.0013888888888889,-0.025895061728395,-0.0509259259259259,0.412037037037037,-0.002587322121604,0.1693208430913349,464.0,438.0,0.2083333333333333,0.0005563282336577,9.24633111230841e-05,0.0001433605490636
2016-10-03,428.0,428.0,422.0,425.0,2200.0,425.0,426.6,426.3,431.36,442.0133333333333,543.24,False,False,False,False,False,False,False,False,False,True,False,-0.0258823529411764,0.0023529411764705,,,-0.0149647058823529,-0.0400313725490195,-0.08,0.3388235294117647,-0.0026545202256342,0.2073657049026508,462.0,439.0,4.4,-9.272997032632516e-05,-0.000649058203984,-6.719810403015307e-05
2016-10-04,423.0,425.0,418.0,418.0,3700.0,418.0,426.4,424.6,430.96,441.08,542.105,False,False,False,False,False,False,False,False,False,True,False,0.0,0.0071770334928229,,,-0.0310047846889951,-0.0552153110047846,-0.0502392344497607,0.3803827751196172,-0.0021160182582146,0.2498822421102214,457.0,460.0,1.681818181818182,-0.0009281603861147,-0.0008354304157884,0.0005385019674195
2016-10-05,419.0,420.0,411.0,411.0,10200.0,411.0,423.4,422.6,430.0,440.64,540.965,False,False,False,False,False,False,False,False,False,True,False,0.0218978102189781,0.0291970802919708,,,-0.0462287104622871,-0.0721167883211678,-0.0145985401459854,0.3527980535279805,-0.000998547567175,0.2905821107430192,453.0,451.0,2.756756756756757,-0.0022325581395348,-0.00130439775342,0.0011174706910396
2016-10-06,413.0,417.0,406.0,414.0,3600.0,414.0,420.0,421.1,428.88,440.18666666666667,539.91,False,False,False,False,False,False,False,False,False,True,False,0.0072463768115942,0.0217391304347826,,,-0.0359420289855072,-0.0632528180354267,-0.0289855072463768,0.2415458937198067,-0.0010298661174047,0.3196390406079316,440.0,436.0,0.3529411764705882,-0.0026114530871106,-0.0003788949475757,-3.1318550229691685e-05
2016-10-07,415.0,415.0,414.0,414.0,1600.0,414.0,416.4,421.0,427.76,439.70666666666665,538.865,False,False,False,False,False,False,False,False,False,True,False,0.0169082125603864,0.0265700483091787,,,-0.0332367149758453,-0.0620933977455716,-0.0338164251207729,0.2367149758454106,-0.0010916368488083,0.3451306413301662,426.0,437.0,0.4444444444444444,-0.0026182906302599,-6.837543149344934e-06,-6.177073140363324e-05
2016-10-11,416.0,416.0,414.0,414.0,800.0,414.0,414.2,420.4,426.8,439.2133333333333,537.89,False,False,False,False,False,False,False,False,False,False,False,0.0289855072463768,0.038647342995169,,,-0.0309178743961352,-0.0609017713365538,-0.0314009661835748,0.2487922705314009,-0.0011232203029659,0.3544243577545195,416.0,434.0,0.5,-0.0022492970946578,0.000368993535602,-3.158345415758476e-05
2016-10-12,414.0,418.0,414.0,418.0,1200.0,418.0,414.2,420.3,426.08,438.72,536.9,False,False,False,False,False,False,False,False,False,False,False,0.0071770334928229,0.0143540669856459,,,-0.0193301435406698,-0.0495693779904306,-0.0358851674641148,0.2224880382775119,-0.0011244833454897,0.3416607185343801,414.0,435.0,1.5,-0.0016898235073226,0.0005594735873352,-1.263042523871622e-06
2016-10-13,418.0,442.0,418.0,420.0,2800.0,420.0,416.0,419.7,425.44,438.17333333333335,535.985,False,False,False,False,False,False,False,False,False,False,False,0.0071428571428571,0.0095238095238095,,,-0.0129523809523809,-0.0432698412698413,-0.0523809523809523,0.2071428571428571,-0.0012476036880382,0.305694543721706,415.0,447.0,2.333333333333333,-0.0015043249341857,0.0001854985731368,-0.0001231203425484
2016-10-17,420.0,420.0,412.0,417.0,1700.0,417.0,416.6,418.3,424.68,437.6933333333333,534.995,False,False,False,False,False,False,False,False,False,True,False,0.014388489208633,0.0191846522781774,,,-0.0184172661870503,-0.0496243005595523,-0.0407673860911271,0.2014388489208633,-0.001096658238645,0.2847238823810661,423.0,446.0,0.6071428571428571,-0.0017895827446547,-0.000285257810469,0.0001509454493931
2016-10-19,421.0,425.0,420.0,421.0,1500.0,421.0,418.0,417.2,424.24,437.1333333333333,534.02,False,False,False,False,False,False,False,False,False,False,False,0.009501187648456,0.002375296912114,,,-0.0076959619952494,-0.0383214568487727,-0.0475059382422802,0.1900237529691211,-0.0012810736617355,0.2619846596356663,421.0,457.0,0.8823529411764706,-0.0010371487837073,0.0007524339609474,-0.0001844154230904
2016-10-20,420.0,426.0,420.0,426.0,3100.0,426.0,420.4,417.3,423.96,437.3333333333333,533.135,False,False,False,False,True,False,False,True,False,False,False,0.0093896713615023,-0.0305164319248826,,,0.0047887323943662,-0.0266040688575899,-0.0610328638497652,0.1807511737089202,0.0004573170731707,0.2458662832494607,422.0,516.0,2.066666666666667,-0.0006604396641193,0.000376709119588,0.0017383907349062
2016-10-21,421.0,429.0,421.0,421.0,1200.0,421.0,421.0,417.6,423.48,437.17333333333335,532.325,False,False,False,False,False,False,False,False,False,True,False,0.007125890736342,-0.0237529691211401,,,-0.0058907363420427,-0.0384164687252573,-0.0380047505938242,0.1235154394299287,-0.000365987556423,0.220067049808429,428.0,478.0,0.3870967741935484,-0.0011334655709831,-0.0004730259068638,-0.0008233046295937
2016-10-24,423.0,423.0,422.0,423.0,900.0,423.0,421.6,418.8,423.12,436.76,531.49,False,False,False,False,False,False,False,False,False,False,True,0.0023640661938534,-0.0260047281323877,,,-0.0002836879432624,-0.0325295508274231,-0.0496453900709219,0.0921985815602836,-0.0009463626095186,0.1941260744985673,436.0,455.0,0.75,-0.000850822461713,0.0002826431092701,-0.0005803750530956
2016-10-25,425.0,425.0,420.0,423.0,1700.0,423.0,422.8,419.7,422.72,436.4666666666666,530.755,False,False,False,False,False,False,False,False,False,True,False,0.0047281323877068,-0.0307328605200945,,,0.0006619385342788,-0.0318360914105593,-0.0567375886524822,0.0921985815602836,-0.000672063540553,0.1791756016202048,426.0,480.0,1.8888888888888888,-0.0009462528387584,-9.543037704544096e-05,0.0002742990689655
2016-10-26,425.0,430.0,424.0,425.0,3600.0,425.0,423.6,420.8,422.4,436.29333333333335,530.075,False,False,False,False,False,False,False,False,False,False,False,-0.0070588235294117,-0.0352941176470588,,,0.0061176470588235,-0.0265725490196078,-0.0494117647058823,0.0870588235294117,-0.0003972862294478,0.1642110266159695,426.0,462.0,2.117647058823529,-0.0007575757575758,0.0001886770811825,0.0002747773111052
2016-10-27,421.0,430.0,421.0,430.0,5000.0,430.0,424.4,422.4,422.32,436.17333333333335,529.345,False,False,False,False,False,False,False,False,False,False,False,-0.0395348837209302,-0.0906976744186046,,,0.017860465116279,-0.0143565891472868,-0.0674418604651162,0.0720930232558139,-0.0002751199828814,0.1465435606060607,426.0,466.0,1.3888888888888888,-0.000189429816253,0.0005681459413228,0.0001221662465664
2016-10-28,430.0,430.0,424.0,424.0,2100.0,424.0,425.0,423.0,421.88,435.6933333333333,528.55,False,False,False,False,False,False,False,False,False,True,False,-0.0306603773584905,-0.0636792452830188,,,0.005,-0.0275786163522012,-0.0683962264150943,0.0849056603773584,-0.0011016923218166,0.1328605200945626,428.0,477.0,0.42,-0.0010429506020669,-0.0008535207858138,-0.0008265723389351
2016-10-31,430.0,430.0,424.0,424.0,1900.0,424.0,425.2,423.4,421.6,435.3333333333333,527.635,False,False,False,False,False,False,False,False,False,False,False,-0.0283018867924528,-0.0448113207547169,,,0.0056603773584905,-0.0267295597484276,-0.0636792452830188,0.0872641509433962,-0.0008269525267994,0.1209258384506378,435.0,476.0,0.9047619047619048,-0.0006641366223908,0.0003788139796761,0.0002747397950171
2016-11-01,425.0,425.0,422.0,425.0,700.0,425.0,425.6,424.2,421.44,435.18666666666667,526.75,False,False,False,False,False,False,False,False,False,False,False,-0.0352941176470588,-0.0541176470588235,,,0.0083764705882353,-0.0239686274509803,-0.0705882352941176,0.1011764705882353,-0.0003370201292931,0.111032531824611,442.0,466.0,0.3684210526315789,-0.0003796507213364,0.0002844859010543,0.0004899323975062
2016-11-02,421.0,422.0,419.0,422.0,4500.0,422.0,425.0,424.3,421.72,434.9866666666667,525.74,False,False,False,False,False,False,True,False,False,False,False,-0.0284360189573459,-0.0521327014218009,,,0.0006635071090046,-0.0307740916271722,-0.0545023696682464,0.1421800947867298,-0.000459784207945,0.1062927174169219,442.0,464.0,6.428571428571429,0.0006639476429859,0.0010435983643223,-0.0001227640786519
2016-11-04,422.0,422.0,413.0,413.0,2100.0,413.0,421.6,423.0,421.44,434.70666666666665,524.705,False,False,False,False,False,True,False,False,False,True,False,-0.0532687651331719,-0.0290556900726392,,,-0.0204358353510895,-0.0525585149313962,-0.0411622276029055,0.1501210653753026,-0.0006441125049842,0.1030732860520095,438.0,462.0,0.4666666666666667,-0.0006643887623387,-0.0013283364053246,-0.0001843282970392
2016-11-07,410.0,411.0,410.0,411.0,300.0,411.0,419.0,422.0,421.12,434.38666666666666,523.715,False,False,False,False,False,False,False,False,False,True,False,-0.0340632603406326,-0.0194647201946472,,,-0.0246228710462287,-0.0569018653690186,-0.0291970802919708,0.1289537712895377,-0.0007366708615979,0.1035545023696682,436.0,457.0,0.1428571428571428,-0.0007598784194528,-9.548965711415284e-05,-9.255835661367432e-05
2016-11-08,414.0,414.0,412.0,412.0,800.0,412.0,416.6,420.9,420.56,433.92,522.665,False,False,False,False,False,False,False,False,False,True,False,-0.0169902912621359,-0.0339805825242718,,,-0.0207766990291262,-0.0532038834951456,-0.0218446601941747,0.1334951456310679,-0.0010754670599802,0.1076265146115467,436.0,453.0,2.6666666666666665,-0.0013315579227696,-0.0005716795033167,-0.0003387961983823
2016-11-09,410.0,427.0,403.0,410.0,4900.0,410.0,413.6,419.6,419.72,433.44,521.865,False,False,False,False,False,False,False,False,False,True,False,-0.0195121951219512,-0.024390243902439,,,-0.0237073170731707,-0.057170731707317,-0.024390243902439,0.1121951219512195,-0.0011074197120709,0.109628217349857,436.0,440.0,6.125,-0.0020013342228151,-0.0006697763000455,-3.195265209064366e-05
2016-11-10,424.0,424.0,410.0,410.0,2700.0,410.0,411.2,418.1,418.84,432.8133333333333,520.98,False,False,False,False,False,False,False,False,False,True,False,-0.024390243902439,-0.0219512195121951,,,-0.021560975609756,-0.055642276422764,-0.0317073170731707,0.1390243902439024,-0.0014478913157328,0.1148050705572829,432.0,426.0,0.5510204081632653,-0.002101040970299,-9.970674748389528e-05,-0.0003404716036619
2016-11-11,395.0,396.0,378.0,391.0,15500.0,391.0,406.8,414.2,417.48,431.14666666666665,519.935,False,False,False,False,False,False,False,False,False,True,False,0.0255754475703324,0.0230179028132992,,,-0.0677237851662404,-0.1026768968456947,0.0332480818414322,0.1943734015345268,-0.0038656605640771,0.1267503621438918,433.0,416.0,5.7407407407407405,-0.0032576410846027,-0.0011566001143037,-0.0024177692483442
2016-11-14,399.0,399.0,395.0,397.0,3000.0,397.0,404.0,411.5,416.64,430.06666666666666,518.985,False,False,False,False,False,False,False,False,False,False,False,0.0151133501259445,0.0201511335012594,,,-0.0494710327455919,-0.0832913518052057,-0.0025188916876574,0.1662468513853904,-0.0025112385676638,0.134872417982989,433.0,414.0,0.1935483870967742,-0.0020161290322581,0.0012415120523446,0.0013544219964132
2016-11-15,405.0,405.0,397.0,405.0,1700.0,405.0,402.6,409.6,416.4,429.4,518.085,False,False,False,False,False,False,False,False,False,False,False,-0.0172839506172839,-0.0074074074074074,,,-0.028148148148148,-0.0602469135802468,-0.0172839506172839,0.145679012345679,-0.0015525539512498,0.1408691406249999,432.0,415.0,0.5666666666666667,-0.0005763688760807,0.0014397601561774,0.000958684616414
2016-11-16,410.0,410.0,397.0,402.0,1800.0,402.0,401.0,407.3,415.92,428.36,517.185,False,False,False,False,False,False,False,False,False,True,False,-0.0049751243781094,-0.0074626865671641,,,-0.0346268656716418,-0.0655721393034826,-0.0099502487562189,0.1592039800995024,-0.0024278644131103,0.1468205254112448,433.0,423.0,1.0588235294117647,-0.0011540680900172,-0.0005776992139365,-0.0008753104618605
2016-11-17,397.0,401.0,397.0,400.0,500.0,400.0,399.0,405.1,415.36,427.53333333333336,516.255,False,False,False,False,False,False,False,False,False,True,False,0.0025,0.01,,,-0.0384,-0.0688333333333334,-0.0175,0.1725,-0.0019335724309995,0.1498395457911626,433.0,421.0,0.2777777777777778,-0.0013482280431433,-0.000194159953126,0.0004942919821108
2016-11-18,400.0,411.0,400.0,401.0,1900.0,401.0,401.0,403.9,414.84,426.6666666666667,515.39,False,False,False,False,False,False,False,False,False,False,False,-0.0024937655860349,0.0,,,-0.0345137157107231,-0.0640066500415628,-0.0299251870324189,0.1820448877805486,-0.00203125,0.1530081703391929,432.0,422.0,3.8,-0.0012534953234983,9.473271964499349e-05,-9.767756900051598e-05
2016-11-21,395.0,411.0,395.0,403.0,700.0,403.0,402.2,403.1,414.24,425.68,514.455,False,False,False,False,False,False,False,False,False,True,False,0.0049627791563275,-0.0198511166253101,,,-0.0278908188585608,-0.0562779156327543,-0.0272952853598014,0.173697270471464,-0.0023178600513688,0.1575291490945174,435.0,428.0,0.3684210526315789,-0.0014484356894553,-0.0001949403659569,-0.0002866100513688
2016-11-22,403.0,408.0,398.0,398.0,1800.0,398.0,400.8,401.7,413.36,424.64,513.54,False,False,False,False,False,False,False,False,False,True,False,0.0100502512562814,-0.0025125628140703,,,-0.0385929648241206,-0.0669346733668341,0.0025125628140703,0.2035175879396984,-0.002449133383572,0.1645506596962908,431.0,436.0,2.571428571428572,-0.0021288949100057,-0.0006804592205504,-0.0001312733322031
2016-11-24,400.0,401.0,398.0,400.0,2100.0,400.0,400.4,400.7,412.68,423.76,512.585,False,False,False,False,False,False,False,False,False,False,False,-0.0025,-0.0125,,,-0.0317,-0.0593999999999999,0.0,0.1725,-0.0020766471587691,0.1707012727726479,429.0,426.0,1.1666666666666667,-0.0016477658233982,0.0004811290866075,0.0003724862248029
2016-11-25,394.0,401.0,394.0,401.0,5600.0,401.0,400.6,399.8,411.88,422.92,511.625,False,False,False,False,False,False,False,False,False,True,False,0.0074812967581047,-0.0049875311720698,,,-0.0271321695760598,-0.0546633416458853,-0.0049875311720698,0.1645885286783042,-0.0019861912418423,0.1733366683341671,415.0,426.0,2.6666666666666665,-0.0019423132951345,-0.0002945474717362,9.045591692673432e-05
2016-11-28,409.0,409.0,400.0,400.0,1300.0,400.0,400.4,400.7,410.84,422.0933333333333,510.685,False,False,False,False,False,False,False,False,False,True,True,0.0025,-0.01,,,-0.0270999999999999,-0.0552333333333332,-0.0075,0.16,-0.0019584925924757,0.1699525829797854,420.0,426.0,0.2321428571428571,-0.0025313990848019,-0.0005890857896673,2.769864936666725e-05
2016-11-29,408.0,408.0,405.0,405.0,700.0,405.0,400.8,401.5,410.2,421.4,509.735,False,False,False,False,False,False,False,False,False,False,False,-0.0246913580246913,-0.0148148148148148,,,-0.0128395061728394,-0.0404938271604937,-0.0074074074074074,0.1407407407407407,-0.0016453092865052,0.1673723536737235,419.0,428.0,0.5384615384615384,-0.0015602145294977,0.0009711845553041,0.0003131833059704
2016-11-30,406.0,406.0,401.0,402.0,1500.0,402.0,401.6,401.2,409.36,420.72,508.775,False,False,False,False,False,False,False,False,False,True,False,-0.0124378109452736,0.0024875621890547,,,-0.0183084577114428,-0.0465671641791045,0.0398009950248756,0.1019900497512437,-0.0016162768587182,0.1630109670987039,426.0,435.0,2.142857142857143,-0.0020519835841312,-0.0004917690546334,2.9032427787018715e-05
2016-12-01,402.0,402.0,398.0,399.0,6200.0,399.0,401.4,400.9,408.4,420.17333333333335,507.81,False,False,False,False,False,False,False,False,False,True,False,-0.0100250626566416,0.0025062656641604,,,-0.0235588972431077,-0.0530659983291562,0.0476190476190476,0.1228070175438596,-0.0013010503601688,0.1593913694188077,431.0,442.0,4.133333333333334,-0.0023506366307542,-0.0002986530466229,0.0003152264985494
2016-12-02,398.0,404.0,393.0,404.0,11000.0,404.0,402.0,401.3,407.56,419.88,506.865,False,False,False,False,False,False,False,False,False,False,False,-0.0123762376237623,-0.0173267326732673,,,-0.0088118811881188,-0.0393069306930692,0.0099009900990099,0.1138613861386138,-0.0006986123019275,0.1535011213555942,432.0,442.0,1.7741935483870968,-0.0020610462263224,0.0002895904044318,0.0006024380582412
2016-12-05,404.0,404.0,399.0,401.0,600.0,401.0,402.2,401.3,406.4,419.68,505.43,False,False,False,False,False,False,False,False,False,True,False,-0.0124688279301745,0.0074812967581047,,,-0.0134663341645884,-0.0465835411471321,0.0349127182044887,0.1571072319201995,-0.0004765535646206,0.1510092200348865,425.0,438.0,0.0545454545454545,-0.0028543307086614,-0.000793284482339,0.0002220587373069
2016-12-06,398.0,403.0,395.0,395.0,2600.0,395.0,400.2,400.5,405.24,419.4266666666667,503.61,False,False,False,False,False,False,False,False,False,True,False,0.010126582278481,0.0025316455696202,,,-0.0259240506329114,-0.0618396624472574,0.0556962025316455,0.1772151898734177,-0.000603999109896,0.151310861423221,418.0,436.0,4.333333333333333,-0.0028625012338366,-8.170525175181173e-06,-0.0001274455452754
2016-12-07,398.0,398.0,397.0,397.0,300.0,397.0,399.2,400.4,404.16,419.18666666666667,501.425,False,False,False,False,False,False,False,False,False,False,False,0.0151133501259445,0.0025188916876574,,,-0.0180352644836272,-0.0558858102434928,0.0302267002518891,0.198992443324937,-0.0005725372944432,0.1508491508491509,411.0,436.0,0.1153846153846153,-0.0026722090261282,0.0001902922077084,3.1461815452812143e-05
2016-12-08,397.0,398.0,395.0,395.0,1700.0,395.0,398.4,399.9,402.96,418.8133333333333,499.98,False,False,False,False,False,False,False,False,False,True,False,0.0126582278481012,0.0075949367088607,,,-0.0201518987341771,-0.0602869198312234,0.040506329113924,0.2,-0.0008914074687212,0.1535383845961491,414.0,436.0,5.666666666666667,-0.002977963073258,-0.0003057540471297,-0.000318870174278
2016-12-09,395.0,399.0,395.0,399.0,1300.0,399.0,397.4,399.7,402.04,418.52,499.055,False,False,False,False,False,False,False,False,False,False,False,-0.0050125313283208,-0.0150375939849624,,,-0.0076190476190476,-0.0489223057644109,0.0175438596491228,0.175438596491228,-0.0007008824747522,0.1546159619714786,414.0,432.0,0.7647058823529411,-0.0022883295194506,0.0006896335538073,0.000190524993969
2016-12-12,396.0,399.0,395.0,396.0,5400.0,396.0,396.4,399.3,401.36,418.17333333333335,498.535,False,False,False,False,False,False,False,False,False,False,False,0.0202020202020202,-0.0176767676767676,,,-0.0135353535353535,-0.055993265993266,0.2272727272727272,0.2651515151515151,-0.0008290023275833,0.1650388179313798,414.0,433.0,4.153846153846154,-0.0016942395854096,0.000594089934041,-0.0001281198528311
2016-12-13,400.0,400.0,395.0,399.0,1700.0,399.0,397.2,398.7,400.88,417.7866666666667,498.055,False,False,False,False,False,False,False,False,False,False,False,-0.0075187969924812,-0.0175438596491228,,,-0.0047117794486215,-0.0470843776106934,0.4185463659147869,0.3809523809523809,-0.0009255122231441,0.1891146225232005,418.0,433.0,0.3148148148148148,-0.0011973657952504,0.0004968737901591,-9.650989556077912e-05
2016-12-14,396.0,403.0,395.0,403.0,8700.0,403.0,398.4,398.8,400.52,417.3466666666667,497.555,False,False,False,False,True,False,False,False,False,False,False,-0.0124069478908188,-0.009925558312655,,,0.0061538461538461,-0.0355996691480563,0.652605459057072,0.3846153846153846,-0.001054279415993,0.2176529588766299,420.0,432.0,5.117647058823529,-0.0008988315190253,0.0002985342762251,-0.0001287671928489
2016-12-15,403.0,403.0,396.0,400.0,1000.0,400.0,399.4,398.9,400.12,417.0,496.975,False,False,False,False,False,False,False,False,False,True,False,-0.005,0.0,,,-0.0003,-0.0425,0.5175,0.3025,-0.0008313349320544,0.2356480320882426,417.0,433.0,0.1149425287356321,-0.0009997000899729,-0.0001008685709476,0.0002229444839386
2016-12-16,402.0,402.0,397.0,397.0,3300.0,397.0,399.0,398.2,399.6,416.6133333333333,496.35,False,False,False,False,False,False,False,False,False,True,False,-0.0100755667506297,0.0050377833753148,,,-0.0065491183879093,-0.0494038623005876,0.5365239294710328,0.5642317380352645,-0.0009281187992064,0.2807634354595681,421.0,433.0,3.3,-0.0013013013013012,-0.0003016012113283,-9.67838671519912e-05
2016-12-19,402.0,405.0,400.0,404.0,16000.0,404.0,400.6,398.5,400.12,416.32,495.82,False,False,False,False,False,False,True,False,True,False,False,-0.0371287128712871,-0.0173267326732673,,,0.0096039603960395,-0.0304950495049504,0.4084158415841584,0.7846534653465347,-0.0007045862157313,0.3442910915934756,426.0,432.0,4.848484848484849,0.0012996101169648,0.0026009114182661,0.000223532583475
2016-12-20,404.0,404.0,394.0,396.0,13000.0,396.0,400.0,398.6,400.08,415.8933333333333,494.98,False,False,False,False,False,False,False,False,False,True,False,-0.0101010101010101,0.0151515151515151,,,-0.0103030303030302,-0.0502356902356901,0.457070707070707,0.7424242424242424,-0.0010259040779687,0.4004014049172102,421.0,435.0,0.8125,-9.998000399925132e-05,-0.0013995901209641,-0.0003213178622373
2016-12-21,404.0,404.0,397.0,398.0,1000.0,398.0,399.0,398.7,399.8,415.4,494.32,False,False,False,False,False,False,False,False,False,True,False,0.0025125628140703,0.050251256281407,,,-0.0045226130653266,-0.043718592964824,0.3969849246231156,0.6331658291457286,-0.0011876103354196,0.4436919989967395,423.0,431.0,0.0769230769230769,-0.0007003501750874,-0.0006003701710882,-0.0001617062574509
2016-12-22,399.0,400.0,398.0,398.0,3200.0,398.0,398.6,399.0,399.64,414.8133333333333,493.615,False,False,False,False,False,False,False,False,False,False,False,0.0050251256281407,0.050251256281407,,,-0.0041206030150753,-0.0422445561139027,0.2914572864321608,0.3819095477386934,-0.0014142907653242,0.461654135338346,423.0,429.0,3.2,-0.0004003603242919,0.0002999898507955,-0.0002266804299045
2016-12-26,399.0,399.0,393.0,393.0,8700.0,393.0,397.8,398.4,399.36,414.16,492.83,False,False,False,False,False,False,False,False,False,True,False,0.015267175572519,0.0381679389312977,,,-0.0161832061068702,-0.0538422391857507,0.3027989821882951,0.3307888040712468,-0.0015774901809282,0.477409638554217,425.0,415.0,2.71875,-0.0007011217948717,-0.0003007614705798,-0.000163199415604
2016-12-27,393.0,393.0,388.0,389.0,7200.0,389.0,394.8,397.7,398.88,413.50666666666666,492.015,False,False,False,False,False,False,False,False,False,True,False,0.0205655526992287,0.0668380462724935,,,-0.0253984575835475,-0.0629991431019708,0.3290488431876606,0.3110539845758355,-0.001579982587947,0.482273070153382,430.0,420.0,0.8275862068965517,-0.0012033694344164,-0.0005022476395446,-2.492407018799079e-06
2016-12-28,393.0,395.0,392.0,392.0,400.0,392.0,394.0,397.0,398.44,412.92,491.245,False,False,False,False,False,False,False,False,False,False,False,0.0255102040816326,0.0637755102040816,,,-0.0164285714285714,-0.0533673469387755,0.3035714285714285,0.2831632653061224,-0.0014207756143239,0.4727959697732998,424.0,419.0,0.0555555555555555,-0.0011043067965063,9.90626379100423e-05,0.0001592069736231
2016-12-29,399.0,400.0,398.0,399.0,3800.0,399.0,394.2,396.6,398.48,412.4266666666667,490.485,False,False,False,False,True,False,True,False,False,False,False,0.0476190476190476,0.025062656641604,,,0.0013032581453633,-0.0336507936507936,0.2706766917293233,0.2481203007518796,-0.0011961722488038,0.4591527987897126,424.0,426.0,9.5,0.0001003814495081,0.0012046882460145,0.0002246033655201
2016-12-30,400.0,400.0,392.0,400.0,2800.0,400.0,394.6,396.6,398.48,411.94666666666666,489.595,False,False,False,False,False,False,False,False,False,True,False,0.045,0.0275,,,0.0037999999999999,-0.0298666666666666,0.2525,0.2375,-0.0011651993785603,0.4525970751386787,425.0,431.0,0.7368421052631579,0.0,-0.0001003814495081,3.09728702434669e-05
2017-01-04,400.0,400.0,398.0,399.0,4600.0,399.0,395.8,396.8,398.4,411.50666666666666,488.7,False,False,False,False,False,False,False,False,False,True,False,0.0225563909774436,0.0175438596491228,,,0.0015037593984962,-0.031345029239766,0.2556390977443609,0.2355889724310776,-0.0010692414865696,0.4196068548387095,422.0,432.0,1.6428571428571428,-0.0002008032128515,-0.0002008032128515,9.595789199070224e-05
2017-01-05,399.0,401.0,397.0,397.0,5900.0,397.0,397.4,396.1,398.28,411.0266666666666,487.74,False,False,False,False,False,True,False,False,False,True,False,0.0453400503778337,0.2241813602015113,,,-0.0032241813602014,-0.035331654072208,0.2670025188916876,0.234256926952141,-0.0011678074415287,0.3637970209543045,413.0,425.0,1.2826086956521738,-0.0003012955709551,-0.0001004923581036,-9.856595495903968e-05
2017-01-06,402.0,420.0,401.0,402.0,7400.0,402.0,399.4,396.7,398.16,410.6133333333333,486.675,False,False,False,False,False,False,False,False,False,True,False,0.0373134328358208,0.4079601990049751,,,0.00955223880597,-0.0214262023217245,0.1766169154228855,0.2189054726368159,-0.0010066242369138,0.3113183766070079,411.0,418.0,1.2542372881355932,-0.0003013863773356,-9.080638049466629e-08,0.0001611832046149
2017-01-10,420.0,420.0,415.0,418.0,8900.0,418.0,403.2,398.7,398.8,410.4266666666667,485.605,False,False,False,False,False,False,True,False,True,False,False,-0.0215311004784689,0.5933014354066986,,,0.0459330143540669,0.0181180223285486,0.1052631578947368,0.1889952153110047,-0.0004548112533297,0.2663656884875846,412.0,411.0,1.2027027027027026,0.0016048144433299,0.0019062008206655,0.000551812983584
2017-01-11,420.0,420.0,410.0,418.0,2200.0,418.0,406.8,400.7,399.56,410.2266666666667,484.56,False,False,False,False,False,False,True,False,False,False,False,-0.0167464114832535,0.4521531100478468,,,0.0441148325358851,0.0185964912280701,0.1052631578947368,0.200956937799043,-0.0004875353463125,0.248065884701772,410.0,414.0,0.247191011235955,0.0019020923015316,0.0002972778582017,-3.2724092982848506e-05
2017-01-12,413.0,413.0,408.0,408.0,3200.0,408.0,408.6,402.2,399.72,409.8933333333333,483.31,False,False,False,False,False,False,True,False,False,True,False,-0.0049019607843137,0.4950980392156863,,,0.0202941176470587,-0.0046405228758169,0.1323529411764706,0.213235294117647,-0.000813219699434,0.2364495275982099,410.0,414.0,1.4545454545454546,0.0004002801961373,-0.0015018121053943,-0.0003256843531215
2017-01-13,406.0,416.0,406.0,415.0,4500.0,415.0,412.2,404.8,400.28,409.6666666666667,482.16,False,False,False,False,False,False,True,False,True,False,False,0.1710843373493976,0.3710843373493976,,,0.0354698795180723,0.0128514056224899,0.1108433734939759,0.2024096385542168,-0.0005532953620829,0.225790513833992,391.0,414.0,1.40625,0.0013990206855199,0.0009987404893826,0.0002599243373511
2017-01-16,417.0,423.0,416.0,417.0,6000.0,417.0,415.2,407.3,401.16,409.4266666666667,480.995,False,False,False,False,False,False,True,False,False,False,False,0.3573141486810551,0.3836930455635491,,,0.0379856115107913,0.0181614708233413,0.1031175059952038,0.1870503597122302,-0.0005861855602957,0.2163024797446598,397.0,418.0,1.3333333333333333,0.0021936384484994,0.0007946177629794,-3.2890198212812854e-05
2017-01-17,422.0,422.0,408.0,409.0,4600.0,409.0,413.4,408.3,401.64,409.1333333333333,479.795,False,False,False,False,False,False,True,False,False,True,False,0.628361858190709,0.3594132029339853,,,0.0179951100244499,-0.0003259983700081,0.1271393643031785,0.2200488997555012,-0.0007169626853511,0.2135684545677197,405.0,420.0,0.7666666666666667,0.0011951000896324,-0.000998538358867,-0.0001307771250554
2017-01-18,407.0,411.0,407.0,411.0,500.0,411.0,412.0,409.4,402.28,408.8933333333333,478.675,False,False,False,False,False,False,True,False,False,False,False,0.4768856447688564,0.2506082725060827,,,0.0212165450121655,0.0051257096512571,0.1386861313868613,0.2165450121654501,-0.0005869501418463,0.2115290669272106,402.0,417.0,0.108695652173913,0.0015909316893705,0.0003958315997381,0.0001300125435048
2017-01-19,411.0,435.0,406.0,406.0,29900.0,406.0,411.6,410.1,402.56,408.7733333333333,477.605,False,False,False,False,False,False,True,False,False,True,False,0.5024630541871922,0.2610837438423645,,,0.0084729064039408,-0.006830870279146,0.1871921182266009,0.2610837438423645,-0.0002935612238241,0.2140941233845402,400.0,421.0,59.8,0.0006955484896662,-0.0008953831997043,0.0002933889180221
2017-01-20,410.0,486.0,410.0,486.0,107200.0,486.0,425.8,419.0,406.16,409.6533333333333,476.9,False,False,False,False,False,False,True,True,True,False,False,0.1707818930041152,0.0637860082304526,,,0.1642798353909464,0.1570919067215364,-0.022633744855967,0.0452674897119341,0.0021481577919541,0.1926014319809069,401.0,426.0,3.5852842809364547,0.0088635020681505,0.0081679535784843,0.0024417190157782
2017-01-23,566.0,566.0,566.0,566.0,10200.0,566.0,455.6,435.4,412.84,411.6133333333333,476.65,True,True,False,False,False,False,True,True,False,False,False,0.019434628975265,-0.097173144876325,,,0.2706007067137809,0.2727679623085984,-0.1802120141342756,-0.1095406360424028,0.0047617505101875,0.1508957280661461,403.0,421.0,0.0951492537313432,0.0161806026547813,0.0073171005866308,0.0026135927182333
2017-01-24,666.0,666.0,666.0,666.0,10200.0,666.0,507.0,460.2,423.36,414.8133333333333,476.8,False,False,False,False,False,False,True,True,False,False,False,-0.1651651651651651,-0.2387387387387387,,,0.3643243243243243,0.3771571571571572,-0.2987987987987988,-0.2477477477477477,0.0077143132654044,0.0897435897435897,398.0,423.0,1.0,0.024848828420257,0.0086682257654756,0.0029525627552169
2017-01-25,766.0,766.0,586.0,607.0,1018200.0,607.0,546.2,479.1,431.64,417.16,476.68,False,False,False,False,False,False,True,True,False,True,False,-0.1532125205930807,-0.1746293245469522,,,0.2888962108731466,0.3127512355848434,-0.2487644151565074,-0.1795716639209225,0.0056253395979162,0.0459194322688374,400.0,423.0,99.82352941176472,0.019182652210175,-0.0056661762100819,-0.0020889736674882
2017-01-26,591.0,617.0,566.0,610.0,315600.0,610.0,587.0,499.3,440.16,419.53333333333336,476.58,False,False,False,False,False,False,True,True,False,False,False,-0.160655737704918,-0.1786885245901639,,,0.2784262295081967,0.3122404371584699,-0.2344262295081967,-0.1836065573770491,0.0056570792944541,0.0042058882435408,401.0,425.0,0.309958750736594,0.0193565976008724,0.0001739453906974,3.173969653789358e-05
2017-01-27,620.0,620.0,566.0,569.0,163100.0,569.0,603.6,514.7,446.76,421.4533333333333,476.25,False,False,False,False,False,False,True,True,False,True,False,-0.0913884007029877,-0.1159929701230228,,,0.2148330404217926,0.2593087287639133,-0.1792618629173989,-0.1247803163444639,0.004555664525926,-0.02603458325238,400.0,430.0,0.5167934093789607,0.0147730325006714,-0.004583565100201,-0.001101414768528
2017-01-30,577.0,611.0,558.0,577.0,142400.0,577.0,605.8,530.7,454.0,423.5733333333333,475.895,False,False,False,False,False,False,True,True,False,False,False,-0.1143847487001733,-0.1802426343154246,,,0.2131715771230502,0.2659041016753322,-0.1975736568457539,-0.0901213171577123,0.0050050365147318,-0.0497456189937818,405.0,424.0,0.8730839975475169,0.0159471365638766,0.0011741040632052,0.0004493719888057
2017-01-31,561.0,588.0,540.0,556.0,137500.0,556.0,583.8,545.4,460.32,425.50666666666666,475.45,False,False,False,False,False,False,True,True,False,True,False,-0.0881294964028776,-0.1690647482014388,,,0.1720863309352518,0.2347002398081535,-0.1654676258992805,-0.0701438848920863,0.0045436029204399,-0.0720572057205719,402.0,424.0,0.9655898876404494,0.01372957942301,-0.0022175571408666,-0.0004614335942918
2017-02-01,536.0,550.0,511.0,514.0,76100.0,514.0,565.2,555.7,464.96,426.84,474.775,False,False,False,False,False,False,True,True,False,True,False,-0.0252918287937743,-0.1011673151750972,,,0.095408560311284,0.1695719844357977,-0.0933852140077821,0.2003891050583657,0.0031237309842875,-0.0682022674104734,399.0,425.0,0.5534545454545454,0.009979353062629,-0.003750226360381,-0.0014198719361523
2017-02-02,509.0,522.0,503.0,512.0,45000.0,512.0,545.6,566.3,469.72,428.14666666666665,473.835,False,False,False,False,False,False,True,True,False,False,False,-0.021484375,-0.09765625,,,0.0825781249999999,0.1637760416666667,-0.083984375,0.140625,0.0030519136744417,-0.0729295426452409,404.0,422.0,0.5913272010512484,0.0101336966703569,0.0001543436077278,-7.181730984579622e-05
2017-02-03,507.0,525.0,505.0,517.0,21500.0,517.0,535.2,569.4,474.84,429.52,472.805,False,False,False,False,False,False,True,True,False,False,False,-0.0270793036750483,-0.1083172147001934,,,0.0815473887814313,0.1692069632495164,-0.0831721470019342,0.0541586073500967,0.0031973676041472,-0.0714787495609412,401.0,413.0,0.4777777777777778,0.0107825793951645,0.0006488827248076,0.0001454539297054
2017-02-06,518.0,520.0,497.0,511.0,27600.0,511.0,522.0,563.9,479.6,430.76,472.005,False,False,False,False,False,False,True,True,False,True,False,-0.0743639921722113,-0.0998043052837573,,,0.0614481409001956,0.1570254403131115,-0.0743639921722113,0.0410958904109589,0.0028786331135667,-0.0574569959212626,395.0,411.0,1.283720930232558,0.0099249374478733,-0.0008576419472912,-0.0003187344905805
2017-02-07,517.0,519.0,497.0,507.0,22800.0,507.0,512.2,548.0,483.92,431.92,471.41,False,False,False,False,False,False,True,True,False,True,False,-0.0887573964497041,-0.0907297830374753,,,0.0455226824457593,0.1480867850098619,-0.0552268244575936,0.0355029585798816,0.0026856825338026,-0.0257299270072993,397.0,412.0,0.8260869565217391,0.0089270953876673,-0.0009978420602059,-0.0001929505797641
2017-02-08,500.0,504.0,497.0,501.0,8800.0,501.0,509.6,537.4,487.96,433.04,470.765,False,False,False,False,False,False,True,True,False,True,False,-0.0778443113772455,-0.0658682634730539,,,0.0260279441117764,0.1356487025948103,-0.0638722554890219,0.0738522954091816,0.0025863661555514,0.0009304056568663,395.0,410.0,0.3859649122807017,0.0082793671612426,-0.0006477282264247,-9.931637825115296e-05
2017-02-09,502.0,510.0,501.0,501.0,7000.0,501.0,507.4,526.5,492.04,434.1066666666667,470.0,False,False,False,False,False,False,True,True,False,False,False,-0.0778443113772455,-0.0379241516966067,,,0.0178842315369261,0.1335196274118429,-0.0678642714570858,0.0558882235528942,0.0024571533878002,0.0275403608736942,399.0,410.0,0.7954545454545454,0.008292008779774,1.264161853143514e-05,-0.0001292127677512
2017-02-10,501.0,515.0,487.0,503.0,47100.0,503.0,504.6,519.9,496.28,435.1333333333333,469.19,False,False,False,False,False,False,True,True,False,False,False,-0.0834990059642147,-0.0556660039761431,,,0.0133598409542744,0.1349237905897946,-0.0775347912524851,0.0775347912524851,0.0023594300597517,0.0490478938257357,396.0,391.0,6.728571428571429,0.0085435641170306,0.0002515553372565,-9.77233280484804e-05
2017-02-13,504.0,504.0,469.0,473.0,54300.0,473.0,497.0,509.5,499.12,435.82666666666665,468.105,False,False,False,False,False,False,True,True,False,True,False,-0.0274841437632135,-0.0190274841437632,,,-0.0552219873150105,0.0785905567300916,-0.0232558139534883,0.160676532769556,0.0015908465139045,0.0751717369970558,399.0,397.0,1.1528662420382163,0.0056900144253887,-0.0028535496916418,-0.0007685835458471
2017-02-14,460.0,465.0,454.0,462.0,39100.0,462.0,488.0,500.1,500.88,436.3466666666667,467.055,False,False,False,False,False,False,True,True,False,True,False,-0.0021645021645021,0.0108225108225108,,,-0.0841558441558441,0.0555266955266954,-0.0411255411255411,0.170995670995671,0.0011917130110616,0.1001799640071986,403.0,405.0,0.7200736648250461,0.0035138156843954,-0.0021761987409933,-0.0003991335028429
2017-02-15,466.0,468.0,454.0,462.0,14700.0,462.0,480.2,494.9,502.64,436.8666666666667,466.05,False,False,False,False,False,False,True,True,False,True,False,0.0129870129870129,-0.0129870129870129,,,-0.0879653679653679,0.0544011544011543,-0.0303030303030303,0.170995670995671,0.0011902945215931,0.096383107698525,400.0,402.0,0.3759590792838874,0.0035015120165525,-1.2303667842861276e-05,-1.4184894685080349e-06
2017-02-16,463.0,470.0,462.0,462.0,8400.0,462.0,472.4,489.9,504.8,437.36,465.155,False,False,False,False,False,False,True,True,False,False,False,0.0432900432900432,0.0108225108225108,,,-0.0926406926406926,0.0533333333333333,-0.0259740259740259,0.2207792207792207,0.0011279800012194,0.1034905082669933,397.0,400.0,0.5714285714285714,0.0042789223454834,0.0007774103289308,-6.23145203736701e-05
2017-02-17,460.0,465.0,459.0,461.0,3500.0,461.0,464.0,484.3,506.64,437.7733333333333,464.19,False,False,False,False,False,False,True,True,False,True,False,0.0303687635574837,0.0130151843817787,,,-0.0990021691973969,0.0503832248734635,0.0065075921908893,0.2342733188720173,0.0009441720220509,0.1212058641338013,404.0,401.0,0.4166666666666667,0.0036317700931627,-0.0006471522523206,-0.0001838079791685
2017-02-20,460.0,462.0,455.0,460.0,5700.0,460.0,461.4,479.2,508.36,438.2533333333333,463.3,False,False,False,False,False,False,True,True,False,True,False,0.008695652173913,0.0065217391304347,,,-0.1051304347826087,0.0472753623188407,0.0108695652173913,0.2717391304347826,0.0010952569290211,0.1441986644407344,396.0,403.0,1.6285714285714286,0.0033834290660162,-0.0002483410271464,0.0001510849069702
2017-02-21,461.0,468.0,461.0,461.0,4600.0,461.0,461.2,474.6,510.44,438.7466666666666,462.425,False,False,False,False,False,False,True,True,False,False,False,0.0130151843817787,0.0065075921908893,,,-0.1072451193058568,0.0482718727404195,0.0325379609544468,0.2321041214750542,0.0011244150003039,0.1643489254108723,398.0,398.0,0.8070175438596491,0.004074915758953,0.0006914866929367,2.915807128273172e-05
2017-02-22,465.0,469.0,465.0,468.0,6700.0,468.0,462.4,471.3,512.72,439.32,461.54,False,False,False,False,False,False,True,True,False,False,False,-0.0256410256410256,-0.0042735042735042,,,-0.0955555555555556,0.0612820512820512,0.0128205128205128,0.2264957264957265,0.0013050471941486,0.1801400381922343,398.0,400.0,1.4565217391304348,0.004446871586831,0.000371955827878,0.0001806321938447
2017-02-23,470.0,482.0,470.0,482.0,14900.0,482.0,466.4,469.4,515.76,440.12,460.765,False,False,False,False,False,False,True,True,False,False,False,-0.0311203319502074,-0.0269709543568464,,,-0.0700414937759335,0.0868879668049792,-0.0269709543568464,0.2199170124481327,0.001817686085613,0.1974861525351513,393.0,401.0,2.2238805970149254,0.0058942143632696,0.0014473427764385,0.0005126388914644
2017-02-24,482.0,482.0,468.0,475.0,17000.0,475.0,469.2,466.6,515.32,440.94666666666666,459.915,False,False,False,False,False,False,False,True,False,True,False,-0.0168421052631578,-0.0021052631578947,,,-0.0848842105263159,0.0716912280701754,0.0547368421052631,0.1810526315789473,0.0018747543164705,0.2087441063009,389.0,400.0,1.140939597315436,-0.0008538383916788,-0.0067480527549485,5.706823085755417e-05
2017-02-27,477.0,477.0,463.0,464.0,8800.0,464.0,470.0,465.7,511.24,441.6533333333333,459.115,False,False,False,False,False,False,False,True,False,True,False,-0.0021551724137931,0.0193965517241379,,,-0.1018103448275862,0.0481609195402299,0.1875,0.2284482758620689,0.0016000483033449,0.2155894352587503,392.0,405.0,0.5176470588235295,-0.0079805961974807,-0.0071267578058018,-0.0002747060131256
2017-02-28,472.0,472.0,463.0,467.0,12100.0,467.0,471.2,466.2,503.28,442.38666666666666,458.31,False,False,False,False,False,False,False,True,False,True,False,-0.006423982869379,0.025695931477516,,,-0.0776873661670235,0.0527052105638829,0.1948608137044968,0.2098501070663811,0.001657675035414,0.2194337194337194,399.0,402.0,1.375,-0.0158162454299794,-0.0078356492324986,5.762673206903372e-05
2017-03-01,470.0,470.0,442.0,456.0,21500.0,456.0,468.8,465.6,497.24,443.0,457.39,False,False,False,False,False,False,False,True,False,False,False,0.0219298245614035,0.0285087719298245,,,-0.0904385964912281,0.0285087719298245,0.1425438596491228,0.2171052631578947,0.0013844996237773,0.2240120274914088,400.0,399.0,1.7768595041322317,-0.0121470517255248,0.0036691937044545,-0.0002731754116367
2017-03-02,456.0,474.0,456.0,467.0,21400.0,467.0,465.8,466.1,491.52,443.76,456.54,False,False,False,False,False,False,False,True,False,False,False,0.0042826552462526,0.0,,,-0.0525053533190577,0.0497644539614561,0.3297644539614561,0.2805139186295503,0.0017126374616909,0.2299935636129584,399.0,404.0,0.9953488372093025,-0.0116373697916667,0.000509681933858,0.0003281378379136
2017-03-03,467.0,468.0,464.0,467.0,8400.0,467.0,464.2,466.7,487.44,444.7733333333333,455.745,False,False,False,False,False,False,False,True,False,False,False,0.0149892933618843,-0.006423982869379,,,-0.0437687366167023,0.0475945753033547,0.5438972162740899,0.2933618843683083,0.0022783140476047,0.2359117205913862,397.0,401.0,0.3925233644859813,-0.0083702609551944,0.0032671088364722,0.0005656765859137
2017-03-06,456.0,465.0,456.0,463.0,12700.0,463.0,464.0,467.0,482.88,445.6533333333333,454.895,False,False,False,False,False,False,False,True,False,True,False,0.0215982721382289,-0.0021598272138228,,,-0.0429373650107991,0.0374658027357811,0.490280777537797,0.2634989200863931,0.0019746290090952,0.2351177730192718,402.0,395.0,1.511904761904762,-0.0094433399602385,-0.0010730790050441,-0.0003036850385094
2017-03-07,471.0,471.0,464.0,464.0,9700.0,464.0,463.4,467.3,479.2,446.44,454.03,False,False,False,False,False,False,False,True,False,False,False,0.0323275862068965,-0.0452586206896551,,,-0.0327586206896551,0.0378448275862069,0.4008620689655172,0.2887931034482758,0.0017620882238748,0.2407447036165203,418.0,397.0,0.7637795275590551,-0.0076794657762938,0.0017638741839447,-0.0002125407852203
2017-03-08,463.0,466.0,461.0,466.0,5300.0,466.0,465.4,467.1,477.28,447.29333333333335,453.175,False,False,False,False,False,False,False,True,False,False,False,0.0064377682403433,-0.03862660944206,,,-0.0242060085836909,0.040143061516452,0.1802575107296137,0.2875536480686695,0.0019077711866933,0.2468422179404837,418.0,395.0,0.5463917525773195,-0.0040227958431109,0.0036566699331828,0.0001456829628184
2017-03-09,472.0,477.0,469.0,469.0,17000.0,469.0,465.8,465.8,475.56,448.2133333333333,452.36,False,False,False,False,False,False,False,True,False,False,False,-0.0042643923240938,-0.0405117270788912,,,-0.0139872068230277,0.0443212508884151,0.115138592750533,0.2452025586353944,0.0020525940028556,0.2494632889652211,408.0,399.0,3.207547169811321,-0.0036167886281436,0.0004060072149673,0.0001448228161623
2017-03-10,475.0,475.0,469.0,474.0,6100.0,474.0,467.2,465.7,473.84,449.18666666666667,451.81,False,False,False,False,True,False,False,True,False,True,False,-0.0210970464135021,-0.0210970464135021,,,0.000337552742616,0.0523488045007032,0.0759493670886076,0.2552742616033755,0.0021668793968358,0.257032424307494,415.0,396.0,0.3588235294117647,-0.0036299172716529,-1.3128643509336369e-05,0.0001142853939801
2017-03-13,474.0,490.0,473.0,473.0,13100.0,473.0,469.2,466.6,472.32,450.12,451.3,False,False,False,False,False,False,False,True,False,False,False,-0.0232558139534883,-0.0169133192389006,,,0.0014376321353065,0.0483720930232558,0.0634249471458773,0.2473572938689217,0.0020735211351047,0.2588941277325331,417.0,399.0,2.1475409836065573,-0.0032181571815717,0.0004117600900811,-9.335826173109513e-05
2017-03-14,473.0,481.0,473.0,479.0,5100.0,479.0,472.2,467.8,471.2,451.2,450.715,False,False,False,False,False,False,False,True,False,False,False,-0.0751565762004175,-0.0062630480167014,,,0.0162839248434238,0.0580375782881002,0.0396659707724425,0.2254697286012526,0.0023936170212765,0.2603676784950834,409.0,403.0,0.3893129770992366,-0.0023769100169779,0.0008412471645938,0.0003200958861718
2017-03-15,485.0,485.0,465.0,469.0,21600.0,469.0,472.8,469.1,469.92,452.12,450.135,False,False,False,False,False,True,False,True,False,True,False,-0.044776119402985,0.0106609808102345,,,-0.0019616204690831,0.0359914712153518,0.0554371002132196,0.2771855010660981,0.0020348580023003,0.2662545299509699,411.0,400.0,4.235294117647059,-0.0027238678924071,-0.0003469578754292,-0.0003587590189762
2017-03-16,478.0,478.0,465.0,467.0,7300.0,467.0,472.4,469.1,468.56,453.0,449.545,False,False,False,False,False,False,False,True,False,True,False,-0.0364025695931477,0.0042826552462526,,,-0.003340471092077,0.0299785867237687,0.0556745182012847,0.2612419700214132,0.0019426048565121,0.2643359624813473,406.0,397.0,0.3379629629629629,-0.0029025098173126,-0.0001786419249054,-9.2253145788178e-05
2017-03-17,464.0,464.0,455.0,464.0,11000.0,464.0,470.4,468.8,467.0,453.85333333333335,448.865,False,False,False,False,False,False,False,True,False,True,False,0.0,0.0797413793103448,,,-0.0064655172413793,0.0218678160919539,0.0560344827586206,0.2629310344827586,0.0018801962454831,0.2613054607508531,486.0,404.0,1.5068493150684932,-0.003340471092077,-0.0004379612747644,-6.240861102896561e-05
2017-03-21,462.0,465.0,461.0,462.0,1900.0,462.0,468.2,468.7,466.56,454.6133333333333,448.21,False,False,False,False,False,False,False,True,False,False,False,0.0064935064935064,0.1926406926406926,,,-0.0098701298701298,0.015988455988456,0.0606060606060606,0.2727272727272727,0.0016717503519472,0.2622146362278644,566.0,396.0,0.1727272727272727,-0.0009430727023319,0.0023973983897451,-0.0002084458935358
2017-03-22,465.0,466.0,443.0,443.0,5100.0,443.0,461.0,466.6,465.8,455.16,447.52,False,False,False,False,False,False,False,True,False,True,False,0.0744920993227991,0.2595936794582393,,,-0.0514672686230248,-0.0274492099322799,0.1218961625282167,0.3160270880361174,0.0012010428567245,0.2646806686669524,666.0,398.0,2.6842105263157894,-0.0016316015457277,-0.0006885288433958,-0.0004707074952227
2017-03-23,444.0,454.0,444.0,448.0,4500.0,448.0,456.8,464.8,465.24,455.8133333333333,446.88,False,False,False,False,False,False,False,True,False,False,False,0.0580357142857142,0.1629464285714285,,,-0.0384821428571428,-0.017440476190476,0.1205357142857142,0.3102678571428571,0.0014333352834491,0.2667814113597245,607.0,398.0,0.8823529411764706,-0.0012036798211675,0.0004279217245601,0.0002322924267246
2017-03-24,448.0,450.0,441.0,450.0,4100.0,450.0,453.4,462.9,464.76,456.4266666666667,446.39,False,False,False,False,False,False,False,True,False,False,False,0.0422222222222222,0.38,,,-0.0327999999999999,-0.0142814814814815,0.1,0.3022222222222222,0.0013437719093247,0.2724130481745518,610.0,393.0,0.9111111111111112,-0.0010327911179964,0.0001708887031711,-8.956337412442802e-05
2017-03-27,456.0,502.0,456.0,464.0,78100.0,464.0,453.4,461.9,464.88,457.26666666666665,446.06,False,False,False,False,False,False,True,True,False,False,False,0.0797413793103448,0.5538793103448276,,,-0.0018965517241379,0.0145114942528735,0.0754310344827586,0.2456896551724137,0.0018370024784953,0.2714873349209785,569.0,389.0,19.04878048780488,0.0002581311306143,0.0012909222486107,0.0004932305691705
2017-03-28,463.0,476.0,452.0,465.0,18700.0,465.0,454.0,461.1,465.08,458.2,445.665,False,False,False,False,False,False,True,True,False,False,False,0.1849462365591397,0.4838709677419355,,,-0.0001720430107526,0.0146236559139785,0.064516129032258,0.2301075268817204,0.0020369562054415,0.2697896334851442,577.0,392.0,0.2394366197183098,0.0004300335426162,0.0001719024120019,0.0001999537269462
2017-03-29,473.0,479.0,464.0,476.0,8000.0,476.0,460.6,460.8,465.68,459.2533333333333,445.305,False,False,False,True,True,False,True,True,True,False,False,0.1722689075630252,0.3655462184873949,,,0.0216806722689075,0.0351820728291317,0.0483193277310924,0.1659663865546218,0.0022935779816512,0.2636718749999999,556.0,399.0,0.427807486631016,0.0012884384126439,0.0008584048700276,0.0002566217762096
2017-03-30,488.0,489.0,472.0,474.0,13400.0,474.0,465.8,461.3,465.92,460.3066666666667,444.95,False,False,False,False,False,False,True,True,False,True,False,0.0991561181434599,0.160337552742616,,,0.0170464135021096,0.0288888888888888,0.0548523206751054,0.1814345991561181,0.0022883295194509,0.2538478213743766,514.0,400.0,1.675,0.0005151098901099,-0.000773328522534,-5.248462200328589e-06
2017-03-31,477.0,477.0,467.0,469.0,8000.0,469.0,469.6,461.5,465.4,461.24,444.625,False,False,False,False,False,False,False,True,False,True,False,0.32409381663113,0.115138592750533,,,0.0076759061833689,0.0165458422174839,0.091684434968017,0.1876332622601279,0.0020235307721215,0.2463705308775732,512.0,399.0,0.5970149253731343,-0.0011173184357542,-0.0016324283258641,-0.0002647987473294
2017-04-03,477.0,549.0,471.0,501.0,293800.0,501.0,477.0,465.2,466.44,462.64,444.45,False,False,False,False,False,False,True,True,True,False,True,0.4391217564870259,0.0179640718562874,,,0.0689820359281437,0.0765668662674651,0.0139720558882235,0.1117764471057884,0.003026111015044,0.2302235597592432,517.0,397.0,36.725,0.0022296544035674,0.0033469728393217,0.0010025802429225
2017-04-04,507.0,570.0,485.0,551.0,214100.0,551.0,494.2,474.1,469.92,464.6666666666667,444.575,False,False,False,False,False,False,True,True,False,False,False,0.2522686025408348,-0.087114337568058,,,0.1471506352087114,0.1566848154869933,-0.0852994555353902,0.0181488203266787,0.0043615494978479,0.2014342965619067,511.0,402.0,0.7287270251872022,0.0074055158324821,0.0051758614289146,0.0013354384828039
2017-04-05,551.0,579.0,530.0,558.0,117200.0,558.0,510.6,485.6,473.56,466.73333333333335,444.74,False,False,False,False,False,False,True,True,False,False,False,0.1648745519713261,-0.1075268817204301,,,0.1513261648745519,0.1635603345280764,-0.1021505376344086,0.028673835125448,0.0044279388658762,0.1711285008237232,507.0,418.0,0.5474077533862681,0.0076864600050679,0.0002809441725858,6.638936802830578e-05
2017-04-06,555.0,557.0,515.0,521.0,62000.0,521.0,520.0,492.9,476.16,468.3466666666667,444.735,False,False,False,False,False,False,True,True,False,True,False,0.055662188099808,-0.0499040307101727,,,0.0860652591170824,0.1010620601407549,-0.0441458733205374,0.092130518234165,0.0034447417867107,0.1501318725907892,501.0,418.0,0.5290102389078498,0.0054603494623656,-0.0022261105427023,-0.0009831970791655
2017-04-07,517.0,621.0,514.0,621.0,528400.0,621.0,550.4,510.0,482.32,471.3333333333333,445.25,False,False,False,False,False,False,True,True,False,False,False,-0.1578099838969404,-0.2061191626409017,,,0.223317230273752,0.2410091250670961,-0.1980676328502415,-0.0982286634460547,0.0063366336633662,0.106470588235294,501.0,408.0,8.522580645161291,0.0127716039144136,0.0073112544520479,0.0028918918766555
2017-04-10,631.0,721.0,631.0,721.0,1129000.0,721.0,594.4,535.7,492.48,475.56,446.29,False,False,False,False,False,False,True,True,False,False,False,-0.2926490984743412,-0.3203883495145631,,,0.3169486823855755,0.3404160887656033,-0.3092926490984743,-0.2427184466019417,0.0088877674040429,0.0474145977226058,503.0,415.0,2.1366389099167296,0.0206302794022092,0.0078586754877956,0.0025511337406767
2017-04-11,758.0,862.0,678.0,690.0,2271100.0,690.0,622.2,558.2,501.56,479.48,447.3,False,False,False,False,False,False,True,True,False,True,False,-0.2710144927536232,-0.2898550724637681,,,0.2731014492753623,0.3051014492753623,-0.2391304347826087,-0.2202898550724637,0.0081755234837741,-0.0008957362952346,473.0,417.0,2.011603188662533,0.0181035170268761,-0.0025267623753331,-0.0007122439202688
2017-04-12,745.0,748.0,648.0,650.0,840800.0,650.0,640.6,575.6,509.0,482.84,448.33,False,False,False,False,False,False,True,True,False,True,False,-0.2338461538461538,-0.2353846153846154,,,0.2169230769230769,0.2571692307692308,-0.2046153846153846,-0.2015384615384615,0.0069588269406013,-0.0373523280055594,462.0,409.0,0.370217075426005,0.0146168958742632,-0.0034866211526128,-0.0012166965431727
2017-04-13,610.0,620.0,550.0,550.0,428900.0,550.0,646.4,583.2,512.36,484.8666666666667,448.84,False,False,False,False,False,False,True,True,False,True,False,-0.1,-0.0872727272727272,,,0.0684363636363636,0.1184242424242424,0.1218181818181818,-0.0363636363636363,0.0041798432558779,-0.0550411522633745,462.0,411.0,0.5101094196003806,0.0065578889843079,-0.0080590068899553,-0.0027789836847233
2017-04-14,557.0,590.0,523.0,523.0,433800.0,523.0,626.8,588.6,514.52,486.6,449.205,False,False,False,False,False,False,True,True,False,True,False,-0.0573613766730401,-0.0535372848948374,,,0.0162141491395793,0.0695984703632886,0.1166347992351816,0.0458891013384321,0.0035621317988765,-0.0654094461433911,462.0,406.0,1.0114245744928887,0.0041980875378993,-0.0023598014464085,-0.0006177114570013
2017-04-17,516.0,521.0,505.0,510.0,106200.0,510.0,584.6,589.5,515.96,488.2133333333333,449.5,False,False,False,False,False,False,True,True,False,True,False,-0.0392156862745098,-0.0215686274509803,,,-0.0116862745098039,0.042718954248366,0.0686274509803921,0.0588235294117647,0.0033045663098098,-0.0697201017811705,461.0,486.0,0.2448132780082987,0.002790914024343,-0.0014071735135562,-0.0002575654890667
2017-04-18,504.0,510.0,494.0,503.0,87800.0,503.0,547.2,584.7,517.16,489.6933333333333,449.74,False,False,False,False,False,False,True,True,False,True,False,-0.025844930417495,-0.0159045725646123,,,-0.0281510934393637,0.0264546056991385,0.0576540755467196,0.0556660039761431,0.0030222996705421,-0.0672139558748077,460.0,566.0,0.8267419962335216,0.002320365070771,-0.000470548953572,-0.0002822666392676
2017-04-19,498.0,503.0,493.0,498.0,54900.0,498.0,516.8,578.7,517.92,491.0133333333333,449.925,False,False,False,False,False,False,True,True,False,True,False,-0.002008032128514,0.002008032128514,,,-0.0399999999999999,0.0140294511378848,0.0542168674698795,0.0622489959839357,0.00268831803617,-0.0653188180404355,461.0,666.0,0.6252847380410023,0.0014674080939141,-0.0008529569768569,-0.000333981634372
2017-04-20,495.0,532.0,495.0,495.0,157300.0,495.0,505.8,576.1,518.96,492.28,450.135,False,False,False,False,False,False,True,True,False,False,False,0.0141414141414141,0.0101010101010101,,,-0.0484040404040404,0.0054949494949495,0.0868686868686868,0.0606060606060606,0.0025730614013704,-0.0687380663079327,468.0,607.0,2.865209471766849,0.0020040080160322,0.0005365999221181,-0.0001152566347996
2017-04-21,500.0,510.0,487.0,493.0,66000.0,493.0,499.8,563.3,520.0,493.53333333333336,450.285,False,False,False,False,False,False,True,True,False,True,False,0.0040567951318458,0.0385395537525354,,,-0.0547667342799188,-0.0010818120351589,0.0730223123732251,0.050709939148073,0.0025395110090504,-0.0550328421800106,482.0,610.0,0.4195804195804196,0.0019999999999999,-4.0080160322829295e-06,-3.355039231996929e-05
2017-04-24,505.0,518.0,490.0,490.0,107600.0,490.0,495.8,540.2,521.04,494.7733333333333,450.68,False,False,False,False,False,False,True,True,False,True,False,0.0183673469387755,0.036734693877551,,,-0.0633469387755101,-0.0097414965986394,0.1061224489795918,0.0489795918367346,0.0025061981243935,-0.0205479452054794,475.0,569.0,1.6303030303030304,0.0019960079840318,-3.992015968063648e-06,-3.331288465692863e-05
2017-04-25,498.0,498.0,490.0,490.0,26200.0,490.0,493.2,520.2,522.16,495.94666666666666,450.965,False,False,False,False,False,False,True,True,False,False,False,0.010204081632653,0.0285714285714285,,,-0.0656326530612244,-0.0121360544217686,0.1204081632653061,0.0551020408163265,0.0023658457898699,0.0130718954248365,464.0,577.0,0.2434944237918215,0.0021449364179561,0.0001489284339243,-0.0001403523345236
2017-04-26,489.0,502.0,488.0,497.0,54400.0,497.0,493.0,504.9,524.32,497.0,451.18,False,False,False,False,False,False,True,True,False,False,False,0.0040241448692152,0.0080482897384305,,,-0.0549698189134809,0.0,0.0885311871227364,0.0523138832997987,0.0021193829644534,0.0445632798573975,467.0,556.0,2.076335877862596,0.0041196216051267,0.0019746851871706,-0.0002464628254165
2017-04-27,505.0,513.0,502.0,502.0,52500.0,502.0,494.4,500.1,526.48,498.12,451.465,False,False,False,False,False,False,True,True,False,True,False,-0.0039840637450199,-0.0079681274900398,,,-0.0487649402390438,0.0077290836653386,0.0776892430278884,0.0239043824701195,0.0022484541877459,0.0513897220555887,456.0,514.0,0.9650735294117648,0.0041027199513751,-1.6901653751686188e-05,0.0001290712232925
2017-04-28,501.0,508.0,495.0,495.0,32300.0,495.0,494.8,497.3,528.28,499.28,451.75,False,False,False,False,False,False,True,True,False,True,False,0.0343434343434343,0.006060606060606,,,-0.0672323232323231,-0.0086464646464645,0.1393939393939394,0.0747474747474747,0.0023233456176894,0.0542931831892216,467.0,512.0,0.6152380952380953,0.003407284016052,-0.0006954359353231,7.489142994347546e-05
2017-05-01,503.0,505.0,498.0,499.0,17600.0,499.0,496.6,496.2,529.68,500.4,452.05,False,False,False,False,False,False,True,True,False,True,False,0.0180360721442885,-0.002004008016032,,,-0.0614829659318636,-0.0028056112224448,0.1402805611222445,0.0541082164328657,0.002238209432454,0.0538089480048367,467.0,517.0,0.544891640866873,0.002643105271107,-0.0007641787449449,-8.513618523536349e-05
2017-05-02,501.0,501.0,495.0,495.0,25100.0,495.0,497.6,495.4,530.88,501.44,452.225,False,False,False,False,False,False,True,True,False,True,False,0.0181818181818181,0.0606060606060606,,,-0.0724848484848484,-0.013010101010101,0.1818181818181818,0.0545454545454545,0.0020740268028079,0.0536939846588615,463.0,511.0,1.4261363636363635,0.0022603978300181,-0.0003827074410888,-0.000164182629646
2017-05-08,500.0,505.0,498.0,499.0,22900.0,499.0,498.0,495.5,531.8,502.64,452.465,False,False,False,False,False,False,True,True,False,True,False,0.0040080160320641,0.0360721442885771,,,-0.0657314629258516,-0.0072945891783566,0.1382765531062124,0.0460921843687374,0.0023873945567403,0.0520686175580221,464.0,507.0,0.9123505976095616,0.0017299736743135,-0.0005304241557045,0.0003133677539324
2017-05-09,498.0,504.0,498.0,500.0,14100.0,500.0,497.6,496.0,532.84,503.82666666666665,452.785,False,False,False,False,False,False,True,True,False,False,False,-0.004,0.234,,,-0.06568,-0.0076533333333333,0.148,0.044,0.0023553073808452,0.0504032258064516,466.0,501.0,0.6157205240174672,0.0019518054200136,0.0002218317457,-3.2087175895121906e-05
2017-05-10,503.0,520.0,502.0,512.0,46300.0,512.0,501.0,497.9,534.56,505.24,453.16,False,False,False,False,False,False,True,True,False,False,False,-0.02734375,0.140625,,,-0.0440624999999998,0.0132031249999999,0.1484375,0.005859375,0.0027973504341171,0.0457923277766621,469.0,501.0,3.283687943262412,0.0032175995211013,0.0012657941010876,0.0004420430532718
2017-05-11,515.0,516.0,506.0,508.0,22800.0,508.0,502.8,499.7,534.84,505.53333333333336,453.53,False,False,False,False,False,False,True,True,False,True,False,-0.0196850393700787,0.0728346456692913,,,-0.0528346456692914,0.0048556430446193,0.1043307086614173,0.0433070866141732,0.000580245285507,0.0452271362817689,474.0,503.0,0.4924406047516199,0.0005235210530253,-0.0026940784680759,-0.00221710514861
2017-05-12,515.0,515.0,502.0,504.0,32800.0,504.0,504.6,501.1,532.96,504.70666666666665,453.875,False,False,False,False,False,False,False,False,False,True,False,0.0416666666666666,0.0555555555555555,,,-0.0574603174603175,-0.0014021164021163,0.1309523809523809,0.0396825396825396,-0.0016379150925951,0.0437038515266413,473.0,473.0,1.4385964912280702,-0.0035274692284599,-0.0040509902814852,-0.0022181603781022
2017-05-15,512.0,512.0,501.0,501.0,19500.0,501.0,505.0,501.5,530.68,502.50666666666666,454.145,False,False,False,False,False,False,False,False,False,True,False,0.0319361277445109,0.0479041916167664,,,-0.0592415169660677,-0.0030073186959414,0.1277445109780439,0.0379241516966067,-0.004378051369136,0.0422731804586242,479.0,462.0,0.5945121951219512,-0.0042963744629533,-0.0007689052344934,-0.0027401362765409
2017-05-16,505.0,505.0,496.0,498.0,13800.0,498.0,504.6,501.1,529.76,501.0533333333333,454.405,False,False,False,False,False,False,False,False,False,False,False,0.2389558232931727,0.0803212851405622,,,-0.0637751004016064,-0.0061311914323961,0.1144578313253012,0.0622489959839357,-0.0029005561616861,0.0460985831171423,469.0,462.0,0.7076923076923077,-0.0017366354575656,0.0025597390053877,0.0014774952074499
2017-05-17,503.0,506.0,496.0,498.0,21300.0,498.0,501.8,501.4,524.84,499.56,454.61,False,False,False,False,False,False,False,False,False,True,False,0.1726907630522088,0.0622489959839357,,,-0.0538955823293173,-0.0031325301204819,0.2008032128514056,0.1044176706827309,-0.002989297248245,0.0490626246509773,467.0,462.0,1.5434782608695652,-0.0093742854965321,-0.0076376500389665,-8.874108655888748e-05
2017-05-18,495.0,498.0,490.0,498.0,27100.0,498.0,499.8,501.3,515.92,498.6133333333333,454.52,False,False,False,False,False,False,False,False,False,True,False,0.0943775100401606,0.0883534136546184,,,-0.0359839357429718,-0.0012315930388218,0.2128514056224899,0.0883534136546184,-0.0018985987806183,0.0524635946538998,464.0,461.0,1.272300469483568,-0.0172895022484107,-0.0079152167518785,0.0010906984676266
2017-05-19,500.0,528.0,500.0,525.0,38100.0,525.0,504.0,504.3,509.32,497.92,454.755,False,False,False,False,True,False,False,False,False,False,True,0.0133333333333333,0.0457142857142857,,,0.0298666666666666,0.0515809523809523,0.1142857142857142,0.0609523809523809,-0.0013924592973434,0.0531429704540948,462.0,460.0,1.4059040590405905,-0.0129584544098012,0.0043310478386095,0.0005061394832748
2017-05-22,530.0,540.0,511.0,517.0,59200.0,517.0,507.2,506.1,504.0,497.4,455.065,False,False,False,False,False,False,False,False,False,False,False,0.0154738878143133,0.04642166344294,,,0.0251450676982591,0.0379110251450677,0.1566731141199226,0.0174081237911025,-0.0010454362685967,0.0501877099387472,443.0,461.0,1.5538057742782152,-0.0105555555555555,0.0024028988542456,0.0003470230287467
2017-05-23,537.0,617.0,535.0,617.0,502000.0,617.0,531.0,517.8,506.68,498.7733333333333,455.75,False,False,False,False,False,False,True,True,True,False,False,-0.1280388978930308,-0.1231766612641815,,,0.1788006482982171,0.1916153430578066,-0.0275526742301458,-0.1393841166936791,0.0027534217279726,0.0281962147547316,448.0,468.0,8.47972972972973,0.0052893344911976,0.0158448900467531,0.0037988579965694
2017-05-24,587.0,636.0,568.0,584.0,803500.0,584.0,548.2,525.0,509.12,499.73333333333335,456.36,False,False,False,False,False,False,True,True,False,True,False,-0.0941780821917808,-0.0342465753424657,,,0.1282191780821917,0.1442922374429223,0.0,-0.0821917808219178,0.0019210245464248,0.018095238095238,450.0,482.0,1.600597609561753,0.0047925832809553,-0.0004967512102422,-0.0008323971815477
2017-05-25,586.0,586.0,536.0,545.0,109500.0,545.0,557.6,528.7,510.52,500.1066666666667,456.755,False,False,False,False,False,False,True,True,False,True,False,-0.0055045871559633,0.0440366972477064,,,0.0632660550458716,0.0823730886850152,0.091743119266055,-0.0018348623853211,0.0007465074117521,0.0136183090599582,464.0,475.0,0.1362787803360298,0.0027423019666222,-0.0020502813143331,-0.0011745171346726
2017-05-26,545.0,553.0,529.0,532.0,60400.0,532.0,559.0,531.5,511.68,500.38666666666666,457.03,False,False,False,False,False,False,True,True,False,True,False,0.0319548872180451,0.0996240601503759,,,0.0381954887218045,0.0594235588972431,0.1090225563909774,0.0300751879699248,0.0005595672679793,0.0127939793038569,465.0,464.0,0.5515981735159817,0.0022670419011882,-0.0004752600654339,-0.0001869401437727
2017-05-29,530.0,534.0,521.0,525.0,28700.0,525.0,560.6,533.9,512.76,500.62666666666667,457.275,False,False,False,False,False,False,True,True,False,True,False,0.0304761904761904,0.0819047619047619,,,0.0233142857142857,0.0464253968253968,0.1180952380952381,0.0457142857142857,0.0004793991530615,0.0136729724667542,476.0,467.0,0.4751655629139072,0.0021062485373273,-0.0001607933638609,-8.016811491786037e-05
2017-05-30,532.0,538.0,525.0,538.0,19100.0,538.0,544.8,537.9,514.48,501.12,457.635,False,False,False,False,False,False,True,True,False,False,False,0.0055762081784386,0.0669144981412639,,,0.043717472118959,0.0685501858736059,0.1133828996282527,0.0092936802973977,0.0009844614729672,0.0087376835843094,474.0,456.0,0.6655052264808362,0.00334318146478,0.0012369329274526,0.0005050623199057
2017-05-31,538.0,538.0,528.0,529.0,23700.0,529.0,533.8,541.0,515.92,501.4933333333333,457.96,False,False,False,False,False,False,True,True,False,True,False,0.0661625708884688,0.1115311909262759,,,0.0247258979206049,0.0519974795211091,0.1134215500945179,0.0340264650283553,0.0007444432627883,0.0024029574861366,469.0,467.0,1.2408376963350785,0.002791130407815,-0.0005520510569649,-0.0002400182101788
2017-06-01,530.0,549.0,530.0,542.0,29200.0,542.0,533.2,545.4,518.0,502.0133333333333,458.36,False,False,False,False,False,False,True,True,False,False,False,0.0498154981549815,0.0350553505535055,,,0.044280442804428,0.0737761377613776,0.081180811808118,0.03690036900369,0.0010358290616451,-0.002016868353502,501.0,467.0,1.2320675105485233,0.004015444015444,0.001224313607629,0.0002913857988568
2017-06-02,543.0,578.0,536.0,549.0,84700.0,549.0,536.6,547.8,520.36,503.0266666666666,458.82,False,False,False,False,False,False,True,True,False,False,False,0.0655737704918032,0.0382513661202185,,,0.052167577413479,0.0837401335761992,0.0710382513661202,0.0327868852459016,0.0020144723937762,-0.0045637093829864,551.0,463.0,2.900684931506849,0.0045353217003613,0.0005198776849172,0.000978643332131
2017-06-05,565.0,587.0,541.0,541.0,118200.0,541.0,539.8,550.2,522.12,504.08,459.26,False,False,False,False,False,False,True,True,False,True,False,0.0499075785582255,0.044362292051756,,,0.034898336414048,0.0682439926062846,0.077634011090573,0.044362292051756,0.0020896154049623,-0.0018175209014903,558.0,464.0,1.395513577331759,0.0033708725963379,-0.0011644491040233,7.514301118610083e-05
2017-06-06,543.0,560.0,540.0,541.0,33700.0,541.0,540.4,542.6,523.68,505.1333333333333,459.765,False,False,False,False,False,False,True,True,False,True,False,0.0609981515711645,0.0258780036968576,,,0.032014787430684,0.0662969808995687,0.0850277264325323,0.0425138632162661,0.0020852580176851,0.0182454847032804,521.0,466.0,0.2851099830795262,0.0029789184234646,-0.0003919541728733,-4.357387277188155e-06
2017-06-07,551.0,564.0,544.0,564.0,37400.0,564.0,547.4,540.6,526.44,506.4933333333333,460.455,False,False,False,False,False,False,True,True,False,False,False,0.0425531914893617,0.0602836879432624,,,0.0665957446808509,0.1019621749408984,0.0390070921985815,0.0212765957446808,0.0026851291231209,0.0294117647058823,621.0,469.0,1.1097922848664687,0.0052427627080011,0.0022638442845365,0.0005998711054358
2017-06-08,567.0,582.0,560.0,569.0,52700.0,569.0,552.8,543.0,529.24,507.9333333333333,461.22,False,False,False,False,False,False,True,True,False,False,True,-0.0140597539543057,0.0615114235500878,,,0.0698769771528998,0.1073227885178677,0.015817223198594,-0.0123022847100175,0.0028350177188607,0.0281767955801104,721.0,474.0,1.4090909090909092,0.0052906053964174,4.784268841630853e-05,0.0001498885957397
2017-06-09,577.0,593.0,568.0,585.0,53400.0,585.0,560.0,548.3,532.84,509.6,462.075,False,False,False,False,False,False,True,True,False,False,False,-0.0256410256410256,0.0,,,0.0891623931623931,0.1288888888888888,-0.0222222222222222,-0.0444444444444444,0.0032705389848248,0.0202443917563378,690.0,473.0,1.0132827324478175,0.006756249530816,0.0014656441343986,0.0004355212659641
2017-06-12,580.0,590.0,558.0,568.0,49300.0,568.0,565.4,552.6,535.6,511.0266666666666,462.84,False,False,False,False,False,False,True,True,False,True,False,-0.005281690140845,0.0528169014084507,,,0.0570422535211267,0.1003051643192489,-0.0228873239436619,-0.028169014084507,0.0027917655960547,0.0128483532392327,650.0,479.0,0.9232209737827716,0.0051530993278565,-0.0016031502029594,-0.00047877338877
2017-06-13,562.0,576.0,562.0,574.0,32900.0,574.0,572.0,556.2,538.56,512.44,463.595,False,False,False,False,False,False,True,True,False,False,False,-0.0331010452961672,0.0452961672473867,,,0.0617421602787457,0.1072473867595817,-0.024390243902439,-0.0383275261324041,0.0027580464704813,0.0079108234448039,550.0,469.0,0.6673427991886409,0.0054961378490788,0.0003430385212222,-3.3719125573436395e-05
2017-06-14,575.0,604.0,567.0,588.0,113000.0,588.0,576.8,562.1,541.6,513.8533333333334,464.43,False,False,False,False,False,False,True,True,False,False,False,0.0170068027210884,-0.0068027210884353,,,0.0789115646258503,0.1260997732426303,-0.0527210884353741,-0.0629251700680272,0.0027504605724071,-0.0019569471624266,523.0,467.0,3.434650455927052,0.0056129985228952,0.0001168606738163,-7.585898074257379e-06
2017-06-15,608.0,666.0,556.0,561.0,290100.0,561.0,575.2,564.0,543.72,515.0,465.125,False,False,False,False,False,False,True,True,False,True,False,0.0766488413547237,0.0606060606060606,,,0.0308021390374331,0.0819964349376114,-0.0071301247771836,-0.0160427807486631,0.0022265372168284,-0.0070921985815602,510.0,464.0,2.567256637168142,0.0038990656955786,-0.0017139328273166,-0.0005239233555786
2017-06-16,570.0,578.0,556.0,570.0,42800.0,570.0,572.2,566.1,546.36,516.4133333333333,465.835,False,False,False,False,False,False,True,True,False,False,False,0.0263157894736842,0.0350877192982456,,,0.0414736842105262,0.0940116959064328,-0.0157894736842105,-0.0245614035087719,0.0027368257984559,-0.0127186009538951,503.0,462.0,0.1475353326439158,0.004831978915001,0.0009329132194224,0.0005102885816275
2017-06-19,567.0,577.0,563.0,565.0,27100.0,565.0,571.6,568.5,548.92,517.72,466.48,False,False,False,False,False,False,True,True,False,True,False,0.0584070796460177,0.0389380530973451,,,0.0284601769911505,0.0836814159292034,0.015929203539823,-0.0230088495575221,0.00252388678565,-0.0191732629727352,498.0,443.0,0.633177570093458,0.0046637032718792,-0.0001682756431218,-0.0002129390128059
2017-06-20,569.0,569.0,554.0,555.0,37400.0,555.0,567.8,569.9,551.2,519.04,467.125,False,False,False,False,False,False,True,True,False,True,False,0.081081081081081,0.0792792792792792,,,0.0068468468468467,0.0647927927927928,0.0252252252252252,-0.0036036036036036,0.0025431565967939,-0.0235128969994735,495.0,448.0,1.3800738007380071,0.0041364296081278,-0.0005272736637513,1.9269811143938186e-05
2017-06-21,554.0,630.0,550.0,598.0,162600.0,598.0,569.8,573.3,555.2,520.7866666666666,467.985,False,False,False,False,False,False,True,True,False,False,False,-0.0234113712374581,-0.0150501672240802,,,0.0715719063545149,0.1291192865105909,-0.0635451505016722,-0.0785953177257525,0.0033539005094856,-0.0336647479504621,493.0,450.0,4.347593582887701,0.0072046109510086,0.0030681813428807,0.0008107439126916
2017-06-22,603.0,604.0,570.0,604.0,37700.0,604.0,578.4,576.8,559.44,522.6133333333333,468.875,False,False,False,False,False,False,True,True,False,False,False,-0.0149006622516556,-0.0298013245033112,,,0.073774834437086,0.1347461368653421,-0.0960264900662251,-0.0910596026490066,0.0034952546178182,-0.0417822468793341,490.0,464.0,0.2318573185731857,0.0075790075790075,0.0003743966279989,0.0001413541083325
2017-06-23,599.0,605.0,576.0,585.0,31700.0,585.0,581.4,576.8,561.84,524.24,469.66,False,False,False,False,False,False,True,True,False,True,False,0.0085470085470085,0.0051282051282051,,,0.0395897435897435,0.1038632478632478,-0.0803418803418803,-0.0666666666666666,0.0031029045221018,-0.0440360610263522,490.0,465.0,0.8408488063660478,0.0042716787697564,-0.0033073288092511,-0.0003923500957163
2017-06-26,591.0,600.0,585.0,598.0,16600.0,598.0,588.0,579.8,565.08,526.0266666666666,470.475,False,False,False,False,False,False,True,True,False,False,True,-0.0183946488294314,-0.0250836120401337,,,0.0550501672240801,0.1203567447045708,-0.1321070234113712,-0.0819397993311036,0.0033965324951839,-0.0494998275267332,497.0,476.0,0.5236593059936908,0.0057337014228074,0.0014620226530509,0.0002936279730821
2017-06-27,600.0,605.0,595.0,600.0,20400.0,600.0,597.0,582.4,564.4,527.8133333333334,471.265,False,False,False,False,False,False,False,True,False,True,False,-0.0016666666666666,-0.0216666666666666,,,0.0593333333333333,0.120311111111111,-0.1166666666666666,-0.0933333333333333,0.003385035113424,-0.0551167582417582,502.0,474.0,1.2289156626506024,-0.0012048192771085,-0.0069385206999159,-1.1497381759868143e-05
2017-06-28,599.0,600.0,571.0,584.0,24300.0,584.0,594.2,582.0,564.4,529.3466666666667,471.975,False,False,False,False,False,False,False,True,False,False,False,0.0085616438356164,0.0034246575342465,,,0.0335616438356164,0.0935844748858447,-0.0633561643835616,-0.0753424657534246,0.0028966524772675,-0.0563573883161511,495.0,469.0,1.1911764705882353,0.0,0.0012048192771085,-0.0004883826361565
2017-06-29,581.0,596.0,581.0,595.0,24000.0,595.0,592.4,585.4,566.4,530.96,472.76,False,False,False,False,False,False,True,True,True,False,True,-0.015126050420168,-0.0285714285714285,,,0.0480672268907563,0.1076302521008402,-0.0924369747899159,-0.0957983193277311,0.0030385214203204,-0.0642295866074479,499.0,501.0,0.9876543209876544,0.0035310734463276,0.0035310734463276,0.0001418689430529
2017-06-30,586.0,591.0,583.0,590.0,15400.0,590.0,593.4,587.4,568.72,532.52,473.53,False,False,False,False,False,False,True,True,False,False,False,-0.0033898305084745,-0.0305084745762711,,,0.0360677966101694,0.0974237288135593,-0.1,-0.0864406779661016,0.0029294674378426,-0.0703098399727612,495.0,551.0,0.6416666666666667,0.0040793360528907,0.0005482626065631,-0.0001090539824778
2017-07-03,586.0,595.0,586.0,587.0,5200.0,587.0,591.2,589.6,571.2,533.96,474.285,False,False,False,False,False,False,True,True,False,False,False,-0.0068143100511073,-0.0545144804088586,,,0.0269165247018738,0.090357751277683,-0.0988074957410562,-0.0766609880749574,0.0026968312233127,-0.0754748982360922,499.0,558.0,0.3376623376623376,0.0043417366946779,0.0002624006417871,-0.0002326362145298
2017-07-04,585.0,613.0,584.0,599.0,61200.0,599.0,591.0,594.0,573.64,535.6933333333334,475.1,False,False,False,False,False,False,True,True,False,True,False,-0.020033388981636,-0.0651085141903172,,,0.0423372287145242,0.1056872565386754,-0.1235392320534223,-0.0968280467445742,0.0032356821066779,-0.0843434343434343,500.0,521.0,11.76923076923077,0.0042535388048252,-8.819788985267932e-05,0.0005388508833652
2017-07-05,595.0,609.0,580.0,589.0,33400.0,589.0,592.0,593.1,576.04,537.32,475.885,False,False,False,False,False,False,True,True,False,True,False,-0.0050933786078098,-0.0543293718166383,,,0.0220033955857386,0.0877419354838708,-0.1205432937181663,-0.0594227504244482,0.0030273704062135,-0.0824481537683358,512.0,621.0,0.545751633986928,0.0041663773349072,-8.716146991796445e-05,-0.0002083117004644
2017-07-06,589.0,595.0,584.0,586.0,26000.0,586.0,590.2,591.3,577.8,538.9466666666667,476.65,False,False,False,False,False,False,True,True,False,True,False,-0.0136518771331058,-0.0494880546075085,,,0.0139931740614335,0.0802957906712172,-0.1228668941979522,-0.0443686006825938,0.0030182330966576,-0.0777946896668358,508.0,721.0,0.7784431137724551,0.0030460366908964,-0.0011203406440107,-9.137309555875932e-06
2017-07-07,592.0,592.0,582.0,588.0,4900.0,588.0,589.8,591.6,579.36,540.6266666666667,477.425,False,False,False,False,False,False,True,True,False,True,False,-0.0272108843537414,-0.0459183673469387,,,0.0146938775510203,0.0805668934240362,-0.1207482993197278,0.1224489795918367,0.0031075048708904,-0.0589925625422582,504.0,690.0,0.1884615384615384,0.0026926263463132,-0.0003534103445832,8.927177423280388e-05
2017-07-10,588.0,588.0,583.0,583.0,7400.0,583.0,589.0,590.1,581.04,542.4933333333333,478.18,False,False,False,False,False,False,True,True,False,False,False,-0.0480274442538593,-0.0154373927958833,,,0.0033619210977702,0.0694797026872498,-0.1029159519725557,0.3036020583190394,0.0034409024995699,-0.0208439247585156,501.0,650.0,1.510204081632653,0.0028913672036347,0.0001987408573215,0.0003333976286794
2017-07-11,584.0,588.0,583.0,587.0,8300.0,587.0,586.6,588.8,582.88,544.3466666666667,478.95,False,False,False,False,False,False,True,True,False,False,False,-0.0459965928449744,-0.0306643952299829,,,0.0070187393526405,0.072663259511641,-0.1243611584327086,0.1669505962521294,0.0034046930877382,0.0052649456521739,498.0,550.0,1.1216216216216215,0.0031567389514137,0.0002653717477789,-3.620941183165921e-05
2017-07-12,588.0,594.0,581.0,586.0,11800.0,586.0,586.0,589.0,583.76,546.16,479.715,False,False,False,False,False,False,True,True,False,True,False,-0.0494880546075085,-0.0443686006825938,,,0.0038225255972696,0.0679863481228669,-0.0921501706484641,0.1535836177474402,0.0033201503832819,0.0280135823429541,498.0,523.0,1.4216867469879515,0.0015074688228038,-0.0016492701286098,-8.454270445628102e-05
2017-07-13,585.0,589.0,577.0,578.0,9700.0,578.0,584.4,587.3,584.12,547.68,480.445,False,False,False,False,False,False,True,True,False,True,False,-0.0363321799307958,-0.0553633217993079,,,-0.0105882352941176,0.0524567474048443,-0.0899653979238754,0.1072664359861591,0.0027753432661407,0.0483568874510473,498.0,510.0,0.8220338983050848,0.0006163117167705,-0.0008911571060333,-0.0005448071171411
2017-07-14,579.0,587.0,571.0,572.0,10400.0,572.0,581.2,585.5,583.6,549.1066666666667,481.13,False,False,False,False,False,False,False,True,False,True,False,-0.0192307692307692,-0.0594405594405594,,,-0.0202797202797203,0.0400233100233099,-0.0874125874125874,0.0611888111888111,0.0025981594347183,0.0631938514090521,525.0,503.0,1.0721649484536082,-0.0008910212474297,-0.0015073329642002,-0.0001771838314224
2017-07-18,572.0,572.0,551.0,555.0,19300.0,555.0,575.6,582.3,583.08,550.16,481.75,False,False,False,False,False,False,False,True,False,True,False,0.0342342342342342,-0.0648648648648648,,,-0.0505945945945946,0.0087207207207207,-0.0594594594594594,0.045045045045045,0.0019145945421936,0.0755624248669071,517.0,498.0,1.8557692307692308,-0.0008918158743225,-7.946268928165539e-07,-0.0006835648925246
2017-07-19,553.0,564.0,550.0,560.0,16500.0,560.0,570.2,578.4,582.52,551.3066666666666,482.405,False,False,False,False,False,False,False,True,False,True,False,0.0160714285714285,-0.0535714285714285,,,-0.0402142857142856,0.0155238095238096,-0.0678571428571428,0.0482142857142857,0.0020799071297281,0.0907676348547717,617.0,495.0,0.8549222797927462,-0.0009613403831629,-6.952450884037972e-05,0.0001653125875344
2017-07-20,554.0,562.0,553.0,557.0,8800.0,557.0,564.4,575.2,581.28,552.48,483.115,False,False,False,False,False,False,False,True,False,True,False,0.0053859964093357,-0.0179533213644524,,,-0.0435906642728904,0.0081149012567324,-0.0754039497307001,0.044883303411131,0.0021237571194131,0.1017037552155771,584.0,493.0,0.5333333333333333,-0.0021332232314891,-0.0011718828483262,4.384998968507119e-05
2017-07-21,556.0,561.0,556.0,557.0,5200.0,557.0,560.2,572.3,581.12,553.2266666666667,483.8,False,False,False,False,False,False,False,True,False,False,False,-0.0197486535008976,-0.0305206463195691,,,-0.0433034111310592,0.0067743865948533,-0.0484739676840215,0.0341113105924596,0.0013496577653523,0.1100821247597414,545.0,490.0,0.5909090909090909,-0.0002753303964757,0.0018578928350134,-0.0007740993540608
2017-07-24,560.0,563.0,553.0,561.0,6600.0,561.0,558.0,569.6,580.76,553.36,484.51,False,False,False,False,False,False,False,True,False,True,False,-0.0409982174688057,-0.053475935828877,,,-0.0352228163992869,0.0136185383244206,-0.0659536541889483,0.0142602495543672,0.0002409522432653,0.0993679775280899,532.0,490.0,1.2692307692307692,-0.0006198774020249,-0.0003445470055492,-0.0011087055220869
2017-07-25,561.0,575.0,561.0,574.0,10400.0,574.0,561.8,568.7,581.12,553.5733333333334,485.25,False,False,False,False,False,False,True,True,False,False,False,-0.0958188153310104,-0.078397212543554,,,-0.0124041811846689,0.0355865272938442,-0.0940766550522648,-0.0017421602787456,0.0003853750180645,0.0682257780903814,525.0,497.0,1.5757575757575757,0.0006194933920705,0.0012393707940954,0.0001444227747991
2017-07-26,574.0,575.0,569.0,569.0,13900.0,569.0,563.6,566.9,581.68,554.2133333333334,485.94,False,False,False,False,False,False,True,True,False,False,False,-0.0685413005272407,-0.0773286467486819,,,-0.0222847100175746,0.0259871118922084,-0.070298769771529,-0.015817223198594,0.0011547899725737,0.0495678250132298,538.0,502.0,1.3365384615384617,0.0009627286480538,0.0003432352559833,0.0007694149545091
2017-07-27,570.0,570.0,557.0,560.0,7100.0,560.0,564.2,564.3,580.16,553.4,486.58,False,False,False,False,False,False,False,False,False,True,False,-0.0232142857142857,-0.075,,,-0.0359999999999999,0.0117857142857143,-0.0178571428571428,0.0017857142857142,-0.0014697024454885,0.0340244550770867,529.0,495.0,0.5107913669064749,-0.0026199669056811,-0.0035826955537349,-0.0026244924180623
2017-07-28,560.0,561.0,544.0,546.0,11700.0,546.0,562.0,561.1,577.84,551.0666666666667,487.185,False,False,False,False,False,False,False,False,False,True,False,-0.0109890109890109,-0.0586080586080586,,,-0.0583150183150183,-0.0092796092796093,-0.0073260073260073,0.0311355311355311,-0.0042342124364866,0.0261985385849223,542.0,499.0,1.647887323943662,-0.0040149522359129,-0.0013949853302317,-0.002764509990998
2017-07-31,549.0,549.0,526.0,538.0,11400.0,538.0,557.4,557.7,575.96,549.04,487.785,False,False,False,False,False,False,False,False,False,False,False,-0.0130111524163568,-0.0390334572490706,,,-0.0705576208178439,-0.0205204460966542,0.0353159851301115,0.053903345724907,-0.0036912914663171,0.0252824098977943,549.0,495.0,0.9743589743589745,-0.0032641155635807,0.0007508366723321,0.0005429209701695
2017-08-01,530.0,530.0,518.0,519.0,15700.0,519.0,546.4,554.1,572.8,547.2933333333333,488.325,False,False,False,False,False,False,False,False,False,True,False,0.0192678227360308,0.0077071290944123,,,-0.1036608863198457,-0.0545150931278098,0.0134874759152215,0.1001926782273603,-0.0031914634443442,0.0303194369247427,541.0,499.0,1.3771929824561404,-0.0055167597765364,-0.0022526442129556,0.0004998280219728
2017-08-02,517.0,542.0,507.0,530.0,8300.0,530.0,538.6,551.1,570.0,547.0266666666666,488.905,False,False,False,False,False,False,False,False,False,False,False,-0.0094339622641509,-0.030188679245283,,,-0.0754716981132075,-0.0321257861635219,0.0018867924528301,0.0886792452830188,-0.0004874838520973,0.0341135909998184,541.0,500.0,0.5286624203821656,-0.0049122807017543,0.0006044790747821,0.0027039795922469
2017-08-03,528.0,547.0,525.0,547.0,5200.0,547.0,536.0,550.1,568.52,547.3466666666667,489.57,False,False,False,False,False,False,False,True,False,False,False,-0.053016453382084,-0.0274223034734917,,,-0.0393418647166361,-0.0006337599024985,-0.0201096892138939,0.0658135283363802,0.0005846386202529,0.0361752408652971,564.0,512.0,0.6265060240963856,-0.0026032505452754,0.0023090301564788,0.0010721224723503
2017-08-04,547.0,548.0,540.0,540.0,2800.0,540.0,534.8,548.4,566.32,547.7466666666667,490.2,False,False,False,False,False,False,False,True,False,True,False,-0.0481481481481481,-0.0259259259259259,,,-0.0487407407407408,-0.0143456790123456,0.0074074074074074,0.0796296296296296,0.0007302645992064,0.0406637490882568,569.0,508.0,0.5384615384615384,-0.003884729481565,-0.0012814789362895,0.0001456259789534
2017-08-07,549.0,549.0,517.0,531.0,5400.0,531.0,533.4,545.4,563.96,548.12,490.765,False,False,False,False,False,False,False,True,False,True,False,-0.0263653483992467,-0.0169491525423728,,,-0.0620715630885123,-0.0322410546139359,0.032015065913371,0.103578154425612,0.000681116057311,0.0495049504950495,585.0,504.0,1.9285714285714288,-0.0041846939499255,-0.0002999644683604,-4.914854189535048e-05
2017-08-08,525.0,534.0,519.0,529.0,4300.0,529.0,535.4,540.9,561.64,548.5333333333333,491.31,False,False,False,False,False,False,False,True,False,False,False,-0.0113421550094517,-0.0132325141776937,,,-0.0617013232514177,-0.036925015752993,0.0378071833648393,0.1020793950850661,0.0007535245503159,0.0600850434461083,568.0,501.0,0.7962962962962963,-0.0041307599173848,5.393403254065968e-05,7.240849300487677e-05
2017-08-09,524.0,540.0,520.0,525.0,14000.0,525.0,534.4,536.5,558.68,548.9333333333333,491.85,False,False,False,False,False,False,False,True,False,True,False,-0.0209523809523809,-0.0057142857142857,,,-0.0641523809523808,-0.0455873015873014,0.0342857142857142,0.1028571428571428,0.0007286859363613,0.0723205964585274,574.0,498.0,3.255813953488372,-0.0052982029068519,-0.001167442989467,-2.483861395454379e-05
2017-08-10,524.0,524.0,513.0,518.0,11200.0,518.0,528.6,532.3,555.84,549.2666666666667,492.335,False,False,False,False,False,False,False,True,False,False,False,0.027027027027027,-0.0057915057915057,,,-0.0730501930501931,-0.0603603603603603,0.0559845559845559,0.1119691119691119,0.0006068697657483,0.0835994739808378,588.0,498.0,0.8,-0.0051093839953942,0.0001888189114577,-0.000121816170613
2017-08-14,519.0,525.0,500.0,514.0,16000.0,514.0,523.4,529.1,552.96,549.5866666666667,492.775,False,False,False,False,False,False,False,True,False,True,False,0.0233463035019455,0.0311284046692607,,,-0.0757976653696498,-0.0692347600518807,0.0933852140077821,0.1400778210116731,0.0005822557558408,0.0945000945000945,561.0,498.0,1.4285714285714286,-0.0052083333333333,-9.89493379391134e-05,-2.4614009907495348e-05
2017-08-15,518.0,520.0,508.0,517.0,11300.0,517.0,520.6,527.0,550.12,549.9466666666667,493.255,False,False,False,False,False,False,False,True,False,False,False,0.0096711798839458,0.0135396518375241,,,-0.0640618955512572,-0.0637266279819472,0.0967117988394584,0.1934235976789168,0.0006546089317752,0.1083491461100569,570.0,525.0,0.70625,-0.0051625099978187,4.582333551460868e-05,7.23531759343831e-05
2017-08-16,525.0,527.0,517.0,523.0,4900.0,523.0,519.4,527.4,547.72,550.2933333333333,493.755,False,False,True,False,False,False,False,True,False,False,False,-0.0019120458891013,-0.005736137667304,,,-0.0472657743785851,-0.0521861057998724,0.0803059273422562,0.1453154875717017,0.0006299670478773,0.1128175957527493,565.0,517.0,0.4336283185840708,-0.0043818009201781,0.0007807090776405,-2.464188389789124e-05
2017-08-17,521.0,521.0,513.0,514.0,6100.0,514.0,517.2,525.8,544.8,550.4533333333334,494.21,False,False,False,False,False,False,False,True,False,True,False,0.0155642023346303,0.0291828793774319,,,-0.0599221789883267,-0.0709208819714657,0.0972762645914396,0.1498054474708171,0.0002906695087686,0.1188664891593762,555.0,617.0,1.2448979591836735,-0.0053597650513951,-0.0009779641312169,-0.0003392975391086
2017-08-18,554.0,590.0,525.0,532.0,225700.0,532.0,520.0,524.3,542.64,550.9466666666667,494.745,False,False,False,False,False,False,False,True,False,False,False,-0.0319548872180451,0.0338345864661654,,,-0.0199999999999999,-0.0356140350877193,0.0827067669172932,0.1052631578947368,0.0008954284746255,0.1230211710852565,598.0,584.0,37.0,-0.0039805395842546,0.0013792254671404,0.0006047589658568
2017-08-21,537.0,537.0,525.0,526.0,8000.0,526.0,522.4,522.9,540.56,551.3066666666666,495.225,False,False,False,False,False,False,False,True,False,False,False,0.0076045627376425,0.0304182509505703,,,-0.0276806083650189,-0.0481115335868186,0.0684410646387832,0.1311787072243346,0.0006529940988679,0.128322815069803,604.0,545.0,0.0354452813469206,-0.0038478614769869,0.0001326781072677,-0.0002424343757575
2017-08-22,526.0,541.0,522.0,522.0,5300.0,522.0,523.4,522.0,538.56,551.6666666666666,495.715,False,False,False,False,False,False,False,True,False,False,False,0.003831417624521,0.0670498084291187,,,-0.0317241379310343,-0.0568326947637291,0.0708812260536398,0.1647509578544061,0.0006525679758308,0.1344827586206897,585.0,532.0,0.6625,-0.0037136066547831,0.0001342548222037,-4.26123037121709e-07
2017-08-23,530.0,533.0,522.0,522.0,5500.0,522.0,523.2,521.3,537.24,551.9733333333334,496.205,False,False,False,False,False,False,False,True,False,False,False,-0.003831417624521,0.0076628352490421,,,-0.0291954022988505,-0.0574201787994891,0.057471264367816,0.1532567049808429,0.0005555823952849,0.1396508728179552,598.0,525.0,1.0377358490566038,-0.0024570024570023,0.0012566041977807,-9.698558054593148e-05
2017-08-24,520.0,528.0,518.0,522.0,5600.0,522.0,524.8,521.0,535.72,552.2666666666667,496.69,False,False,False,False,False,False,False,True,False,True,False,0.0134099616858237,0.0172413793103448,,,-0.0262835249042146,-0.0579821200510855,0.057471264367816,0.1590038314176245,0.0005311443746981,0.1452975047984645,600.0,538.0,1.018181818181818,-0.0028373030687672,-0.0003803006117648,-2.443802058676688e-05
2017-08-25,522.0,524.0,515.0,515.0,12000.0,515.0,521.4,520.7,534.04,552.3066666666666,497.155,False,False,False,False,False,False,False,True,False,True,False,0.0679611650485436,0.0407766990291262,,,-0.0369708737864077,-0.072440129449838,0.0699029126213592,0.1611650485436893,7.24235328198651e-05,0.1501824467063567,584.0,529.0,2.142857142857143,-0.003145831772901,-0.0003085287041337,-0.0004587208418782
2017-08-28,518.0,532.0,516.0,530.0,9500.0,530.0,522.2,522.3,532.96,552.6,497.74,False,False,False,False,False,False,False,True,False,False,True,0.0226415094339622,0.0264150943396226,,,-0.0055849056603774,-0.0426415094339623,0.0415094339622641,0.1245283018867924,0.0005308239835928,0.1485736166953858,595.0,542.0,0.7916666666666666,-0.0020264184929449,0.0011194132799561,0.0004584004507729
2017-08-29,526.0,530.0,523.0,524.0,4800.0,524.0,522.6,523.0,531.48,552.8666666666667,498.305,False,False,False,False,False,False,False,True,False,True,False,0.0629770992366412,0.0458015267175572,,,-0.0142748091603053,-0.055089058524173,0.0610687022900763,0.1297709923664122,0.000482334498975,0.1422562141491395,590.0,549.0,0.5052631578947369,-0.0027846767517122,-0.0007582582587673,-4.8489484617835854e-05
2017-08-30,530.0,530.0,515.0,520.0,7900.0,520.0,522.2,522.7,529.32,553.12,498.845,False,False,False,False,False,False,False,True,False,True,False,0.0115384615384615,0.0557692307692307,,,-0.017923076923077,-0.0636923076923077,0.0615384615384615,0.1269230769230769,0.0004580079066628,0.140424717811364,587.0,541.0,1.6458333333333333,-0.0040807073226025,-0.0012960305708902,-2.432659231220749e-05
2017-08-31,524.0,532.0,521.0,529.0,7000.0,529.0,523.6,524.2,527.72,553.5333333333333,499.44,False,False,False,False,True,False,False,True,False,False,True,0.0037807183364839,0.0264650283553875,,,0.0024196597353496,-0.0463768115942028,0.0453686200378071,0.0945179584120983,0.0007467180537154,0.1348721861884775,599.0,541.0,0.8860759493670886,-0.0030319108618207,0.0010487964607818,0.0002887101470526
2017-09-01,526.0,560.0,522.0,550.0,22900.0,550.0,530.6,526.0,527.32,554.2266666666667,500.14,False,False,False,False,False,False,False,True,False,False,False,-0.0254545454545454,-0.0054545454545454,,,0.0412363636363635,-0.0076848484848485,0.0018181818181818,0.0527272727272727,0.0012509923737581,0.1292775665399239,589.0,564.0,3.271428571428572,-0.0007585526814836,0.002273358180337,0.0005042743200426
2017-09-04,580.0,600.0,541.0,542.0,228200.0,542.0,533.0,527.6,527.16,554.8133333333334,500.895,False,False,False,False,False,False,False,True,False,False,False,0.003690036900369,0.03690036900369,,,0.027380073800738,-0.0236408364083641,0.0129151291512915,0.051660516605166,0.0010574127033717,0.121114480667172,586.0,569.0,9.965065502183409,-0.0003035131648836,0.0004550395166,-0.0001935796703863
2017-09-05,549.0,558.0,530.0,557.0,32100.0,557.0,539.6,531.1,527.92,555.24,501.695,False,False,False,False,False,False,True,True,True,False,False,-0.0161579892280071,0.0179533213644524,,,0.0522082585278277,0.0031597845601436,-0.0197486535008976,0.0125673249551166,0.0007684364719159,0.1054415364338166,588.0,585.0,0.1406660823838738,0.0014396120624336,0.0017431252273173,-0.0002889762314558
2017-09-06,557.0,557.0,526.0,526.0,39100.0,526.0,540.8,531.5,528.2,555.36,502.3,False,False,False,False,False,False,True,True,False,True,False,0.0437262357414448,0.0741444866920152,,,-0.0041825095057035,-0.0558174904942966,0.0437262357414448,0.1026615969581749,0.0002160760587726,0.1004703668861711,583.0,568.0,1.2180685358255452,0.0005301022340024,-0.0009095098284312,-0.0005523604131432
2017-09-07,530.0,539.0,529.0,531.0,9900.0,531.0,541.2,532.4,528.24,554.2133333333334,502.945,False,False,False,False,False,False,True,False,False,True,False,0.0225988700564971,0.0621468926553672,,,0.0051977401129943,-0.0437162586315129,0.0244821092278719,0.0847457627118644,-0.0020689987008612,0.0931630353117956,587.0,574.0,0.2531969309462916,7.572315614107909e-05,-0.0004543790778613,-0.0022850747596339
2017-09-08,531.0,539.0,531.0,536.0,5300.0,536.0,538.4,534.5,527.8,553.5733333333334,503.625,False,False,False,False,False,False,False,False,False,True,False,0.0205223880597014,0.0746268656716417,,,0.0152985074626866,-0.0327860696517413,0.0074626865671641,0.0876865671641791,-0.0011561250541933,0.0860617399438727,586.0,588.0,0.5353535353535354,-0.0008336491095112,-0.0009093722656523,0.0009128736466679
2017-09-11,535.0,544.0,530.0,544.0,16900.0,544.0,538.8,535.9,527.96,553.56,504.34,False,False,False,False,False,False,True,False,False,False,False,0.0330882352941176,0.0330882352941176,,,0.0294852941176469,-0.0175735294117646,-0.0110294117647058,0.0680147058823529,-2.408651877562485e-05,0.0804254525097966,578.0,561.0,3.188679245283019,0.0003030532616108,0.0011367023711221,0.0011320385354177
2017-09-12,542.0,550.0,540.0,548.0,9800.0,548.0,537.0,538.3,528.64,553.7733333333333,505.065,False,False,False,False,False,False,True,True,True,False,False,0.0346715328467153,0.0200729927007299,,,0.0353284671532847,-0.0105352798053527,-0.0164233576642335,0.0656934306569343,0.0003852358365637,0.0741222366710014,572.0,570.0,0.5798816568047337,0.0012863196125907,0.0009832663509798,0.0004093223553393
2017-09-13,547.0,550.0,545.0,549.0,6200.0,549.0,541.6,541.2,529.44,554.0933333333334,505.82,False,False,False,False,False,False,True,True,False,False,False,0.029143897996357,0.0054644808743169,,,0.0356284153005463,-0.009277474195507,-0.0127504553734061,0.0655737704918032,0.0005775200327262,0.0681818181818181,555.0,565.0,0.6326530612244898,0.0015110305228166,0.0002247109102259,0.0001922841961624
2017-09-14,543.0,546.0,534.0,543.0,23300.0,543.0,544.0,542.6,530.16,554.16,506.535,False,False,False,False,False,False,True,True,False,True,False,0.0386740331491712,0.0165745856353591,,,0.023646408839779,-0.0205524861878452,-0.003683241252302,0.0865561694290976,0.000120302199124,0.0674530040545521,560.0,555.0,3.758064516129033,0.0013580805794475,-0.0001529499433691,-0.0004572178336021
2017-09-15,537.0,547.0,532.0,547.0,9700.0,547.0,546.2,542.3,531.32,554.4,507.265,False,False,False,False,False,False,True,True,False,False,False,0.053016453382084,0.0073126142595978,,,0.0286654478976233,-0.0135283363802559,0.0127970749542961,0.1115173674588665,0.0004329004329004,0.0733911119306658,557.0,598.0,0.4163090128755364,0.0021832417375594,0.0008251611581118,0.0003125982337763
2017-09-19,558.0,568.0,555.0,562.0,38800.0,562.0,549.8,544.3,533.24,554.6666666666666,508.075,False,False,False,False,False,False,True,True,False,False,True,0.0,-0.0177935943060498,,,0.0511743772241992,0.0130486358244366,-0.0035587188612099,0.0747330960854092,0.0004807692307692,0.0756935513503583,557.0,604.0,4.0,0.0036006301102692,0.0014173883727097,4.786879786875415e-05
2017-09-20,565.0,568.0,542.0,567.0,24100.0,567.0,553.6,545.3,535.24,554.9066666666666,508.885,False,False,False,False,False,False,True,True,False,False,False,-0.0141093474426807,-0.019400352733686,,,0.0560141093474426,0.0213286302175191,0.164021164021164,0.0811287477954144,0.0004325051660339,0.0827067669172932,561.0,585.0,0.6211340206185567,0.0037366415066138,0.0001360113963446,-4.826406473525943e-05
2017-09-21,568.0,572.0,560.0,565.0,11200.0,565.0,556.8,549.2,536.92,555.2266666666667,509.7,False,False,False,False,False,False,True,True,False,True,False,-0.0230088495575221,-0.0230088495575221,,,0.0496991150442478,0.0172979351032448,0.3451327433628318,0.0938053097345132,0.0005763411939869,0.0819373634377276,574.0,598.0,0.4647302904564315,0.0031289577590701,-0.0006076837475436,0.0001438360279529
2017-09-22,565.0,570.0,559.0,564.0,11900.0,564.0,561.0,552.5,538.92,555.5333333333333,510.525,False,False,False,False,False,False,True,True,False,False,False,-0.0212765957446808,-0.0195035460992907,,,0.044468085106383,0.0150118203309693,0.2145390070921985,0.0673758865248227,0.0005520220808831,0.080180995475113,569.0,600.0,1.0625,0.0037111259556149,0.0005821681965447,-2.4319113103787697e-05
2017-09-25,567.0,584.0,567.0,576.0,16400.0,576.0,566.8,556.5,540.68,555.6933333333334,511.385,False,False,False,False,False,False,True,True,False,True,False,-0.0434027777777777,-0.0434027777777777,,,0.0613194444444445,0.0352546296296295,0.1736111111111111,0.0399305555555555,0.0002879285937089,0.0752920035938903,560.0,584.0,1.3781512605042017,0.0032551601686764,-0.0004559657869384,-0.0002640934871742
2017-09-26,578.0,578.0,554.0,562.0,16300.0,562.0,566.8,558.3,542.12,555.6,512.19,False,False,False,False,False,False,True,False,False,True,False,-0.0177935943060498,-0.0231316725978647,,,0.035373665480427,0.0113879003558718,0.1387900355871886,0.0693950177935943,-0.0001679865610751,0.0754074870141501,546.0,595.0,0.9939024390243902,0.0026562384711872,-0.0005989216974891,-0.000455915154784
2017-09-27,558.0,564.0,552.0,559.0,8100.0,559.0,565.2,559.4,543.6,555.2533333333333,513.01,False,False,False,False,False,False,True,False,False,False,False,-0.0053667262969588,-0.0232558139534883,,,0.0275491949910554,0.0067024448419797,0.0858676207513416,0.073345259391771,-0.0006243396407646,0.0761530210940293,538.0,590.0,0.4969325153374233,0.0027225901398087,6.635166862142437e-05,-0.0004563530796894
2017-09-28,559.0,559.0,552.0,552.0,4900.0,552.0,562.6,559.7,544.8,555.04,513.785,False,False,False,False,False,False,True,False,False,True,False,0.0,-0.0054347826086956,,,0.0130434782608696,-0.0055072463768115,0.0507246376811594,0.0887681159420289,-0.0003843566830018,0.0784348758263354,519.0,587.0,0.6049382716049383,0.002202643171806,-0.0005199469680026,0.0002399829577627
2017-09-29,552.0,557.0,551.0,552.0,4700.0,552.0,560.2,560.6,546.0,554.7466666666667,514.57,False,False,False,False,False,False,True,False,False,True,False,0.0018115942028985,-0.0144927536231884,,,0.0108695652173913,-0.004975845410628,0.0634057971014492,0.0905797101449275,-0.0005287698889582,0.0788440956118443,530.0,599.0,0.9591836734693876,0.0021978021978022,-4.8409740037612045e-06,-0.0001444132059563
2017-10-02,552.0,559.0,551.0,551.0,3200.0,551.0,555.2,561.0,547.44,554.2533333333333,515.33,False,False,False,False,False,False,True,False,False,False,False,0.0,-0.0199637023593466,,,0.0064609800362975,-0.0059044162129461,0.0562613430127041,0.0852994555353902,-0.0008900863624335,0.0762923351158644,547.0,589.0,0.6808510638297872,0.0026304252520825,0.0004326230542802,-0.0003613164734753
2017-10-03,561.0,580.0,550.0,552.0,45000.0,552.0,553.2,560.0,548.32,554.1333333333333,516.11,False,False,False,False,False,False,True,False,False,True,False,-0.0054347826086956,-0.0253623188405797,,,0.0066666666666665,-0.0038647342995168,0.0434782608695652,0.0887681159420289,-0.0002165543792107,0.0776785714285714,540.0,586.0,14.0625,0.0016049022468631,-0.0010255230052193,0.0006735319832227
2017-10-04,556.0,562.0,552.0,556.0,7100.0,556.0,552.6,558.9,549.6,553.9466666666667,516.895,False,False,False,False,False,False,True,False,False,False,False,-0.0179856115107913,-0.0305755395683453,,,0.0115107913669064,0.003693045563549,0.0233812949640287,0.079136690647482,-0.0003369758821546,0.0774736088745751,531.0,588.0,0.1577777777777777,0.0023289665211062,0.000724064274243,-0.0001204215029438
2017-10-05,553.0,555.0,550.0,552.0,3600.0,552.0,552.6,557.6,550.88,553.7733333333333,517.64,False,False,False,False,False,False,True,False,False,True,False,-0.0054347826086956,-0.0181159420289855,,,0.0020289855072463,-0.0032125603864733,0.0380434782608695,0.2681159420289855,-0.0003130041172081,0.0946915351506455,529.0,583.0,0.5070422535211268,0.0023235550392099,-5.4114818962675525e-06,2.397176494648958e-05
2017-10-06,553.0,558.0,550.0,553.0,8300.0,553.0,552.8,556.5,551.84,553.7466666666667,518.405,False,False,False,False,False,False,True,False,False,True,False,-0.0162748643761302,-0.0216998191681736,,,0.0020976491862567,-0.0013502109704641,0.0126582278481012,0.5370705244122965,-4.815679853598953e-05,0.1414195867026056,525.0,587.0,2.305555555555556,0.0017396346767179,-0.0005839203624919,0.0002648473186721
2017-10-10,555.0,557.0,551.0,551.0,3900.0,551.0,552.8,554.0,551.88,553.12,519.175,False,False,False,False,False,False,True,False,False,True,False,-0.0199637023593466,0.0054446460980036,,,-0.0015970961887477,-0.0038475499092559,0.0181488203266787,0.8148820326678766,-0.001132966927008,0.2189530685920576,518.0,586.0,0.4698795180722891,7.247952453425313e-05,-0.0016671551521837,-0.001084810128472
2017-10-11,551.0,555.0,544.0,549.0,6700.0,549.0,552.2,552.7,552.16,552.3866666666667,519.9,False,False,False,False,False,False,True,False,False,False,False,-0.0200364298724954,0.0200364298724954,,,-0.0057559198542804,-0.0061687917425622,0.0255009107468123,1.914389799635701,-0.0013275724733882,0.4025692057173873,514.0,578.0,1.7179487179487178,0.0005070993914806,0.0004346198669464,-0.0001946055463802
2017-10-12,550.0,553.0,546.0,546.0,3500.0,546.0,550.2,551.4,551.72,551.8666666666667,520.65,False,False,False,False,False,False,False,False,False,True,False,-0.0128205128205128,0.2087912087912088,,,-0.0104761904761905,-0.0107448107448107,0.0384615384615384,1.391941391941392,-0.0009422565837158,0.5339136742836417,517.0,572.0,0.5223880597014925,-0.0007975059812947,-0.0013046053727754,0.0003853158896723
2017-10-13,545.0,550.0,533.0,549.0,13000.0,549.0,549.6,551.1,552.64,551.2133333333334,521.405,False,True,False,False,False,False,True,False,True,False,False,-0.0127504553734061,0.3843351548269581,,,-0.0066302367941711,-0.0040315725561627,0.0400728597449908,1.1876138433515482,-0.0011852640236084,0.6436218472146614,523.0,555.0,3.7142857142857135,0.0016647365373479,0.0024622425186426,-0.0002430074398926
2017-10-16,544.0,549.0,541.0,544.0,3900.0,544.0,547.8,550.3,553.16,550.4666666666667,522.135,False,False,False,False,False,False,True,False,False,True,False,-0.0055147058823529,0.2591911764705882,,,-0.0168382352941175,-0.0118872549019608,0.0606617647058823,1.255514705882353,-0.001356424851641,0.7595856805378884,514.0,560.0,0.3,0.0009400535107382,-0.0007246830266096,-0.0001711608280325
2017-10-17,547.0,549.0,538.0,540.0,9400.0,540.0,545.6,549.2,553.32,549.88,522.87,False,False,False,False,False,False,True,False,False,True,False,0.0259259259259259,0.2518518518518518,,,-0.0246666666666667,-0.0182962962962962,0.0796296296296296,1.1592592592592592,-0.0010668994447273,0.8665331391114345,532.0,557.0,2.41025641025641,0.0002891635943036,-0.0006508899164346,0.0002895254069136
2017-10-18,540.0,542.0,536.0,538.0,3600.0,538.0,543.4,547.8,553.08,549.12,523.615,False,False,False,False,False,False,False,False,False,True,False,0.0408921933085501,0.1895910780669145,,,-0.0280297397769517,-0.0206691449814126,0.0836431226765799,0.9702602230483272,-0.0013840326340326,0.9550930996714132,526.0,557.0,0.3829787234042553,-0.0004339336081579,-0.0007230972024615,-0.0003171331893052
2017-10-19,539.0,543.0,533.0,539.0,6700.0,539.0,542.0,546.1,552.72,548.44,524.35,False,False,False,False,False,False,False,False,False,True,False,0.2244897959183673,0.1261595547309833,,,-0.0254545454545455,-0.0175139146567719,0.0871985157699443,1.207792207792208,-0.0012398803880095,1.0692180919245555,522.0,561.0,1.8611111111111112,-0.000651324359531,-0.0002173907513731,0.000144152246023
2017-10-20,549.0,549.0,533.0,542.0,4000.0,542.0,540.6,545.1,552.44,547.84,525.065,False,False,False,False,False,False,False,False,False,False,False,0.4022140221402214,0.070110701107011,,,-0.0192619926199263,-0.0107749077490775,0.0756457564575645,0.8394833948339483,-0.0010952102803738,1.1274995413685562,522.0,574.0,0.5970149253731343,-0.0005068423720222,0.0001444819875088,0.0001446701076356
2017-10-23,532.0,541.0,531.0,541.0,9400.0,541.0,540.0,543.9,552.36,547.0666666666667,525.77,False,False,False,False,False,False,False,False,False,False,False,0.266173752310536,0.0850277264325323,,,-0.0209981515711645,-0.0112138016019717,0.0702402957486136,0.8262476894639557,-0.0014135998050206,1.1575657289943004,522.0,569.0,2.35,-0.0001448330798755,0.0003620092921467,-0.0003183895246468
2017-10-24,541.0,555.0,540.0,554.0,18200.0,554.0,542.8,544.2,552.64,546.6,526.545,False,False,False,False,True,False,True,False,False,False,False,0.2202166064981949,0.0505415162454873,,,0.0024548736462094,0.0133574007220216,0.03971119133574,0.8664259927797834,-0.0008537626539822,1.1626240352811466,515.0,560.0,1.9361702127659568,0.0005066589461493,0.0006514920260248,0.0005598371510384
2017-10-25,550.0,565.0,547.0,560.0,29300.0,560.0,547.2,545.3,552.56,546.2533333333333,527.36,False,False,False,False,False,False,False,False,False,True,True,0.1428571428571428,0.0285714285714285,,,0.0132857142857143,0.024547619047619,0.0464285714285714,0.9375,-0.0006346261807708,1.0638180817898408,530.0,546.0,1.60989010989011,-0.0001447806573042,-0.0006514396034536,0.0002191364732113
2017-10-26,580.0,660.0,576.0,660.0,152900.0,660.0,571.4,556.7,556.28,547.2133333333334,528.65,False,False,False,False,False,False,True,True,True,False,False,-0.0803030303030303,-0.1378787878787878,,,0.1571515151515151,0.1708888888888888,-0.0651515151515151,0.7333333333333333,0.0017543432177579,0.992455541584336,524.0,538.0,5.2184300341296925,0.0066872797871575,0.0068320604444618,0.0023889693985287
2017-10-27,760.0,760.0,760.0,760.0,32500.0,760.0,615.0,577.8,564.08,549.5733333333334,530.36,False,False,False,False,False,False,True,True,False,False,False,-0.2368421052631578,-0.2460526315789473,,,0.2577894736842104,0.276877192982456,-0.2118421052631579,0.5355263157894737,0.0042942403804163,0.9138110072689511,520.0,519.0,0.2125572269457161,0.0138278258403064,0.0071405460531488,0.0025398971626584
2017-10-30,745.0,839.0,661.0,685.0,847000.0,685.0,643.8,591.9,568.92,550.88,531.695,False,False,False,False,False,False,True,True,False,True,False,-0.1430656934306569,-0.1824817518248175,,,0.1694598540145986,0.1957956204379562,-0.1372262773722627,0.7912408759124088,0.0023719624358601,0.8682209832742017,529.0,530.0,26.06153846153846,0.0085073472544468,-0.0053204785858595,-0.0019222779445562
2017-10-31,678.0,723.0,652.0,676.0,305400.0,676.0,668.2,605.5,572.92,552.08,533.035,False,False,False,False,False,False,True,True,False,True,False,-0.1390532544378698,-0.1701183431952662,,,0.1524852071005917,0.1833136094674555,-0.1301775147928994,0.7751479289940828,0.0021735980292712,0.8318744838976053,550.0,547.0,0.3605667060212514,0.0069817775605669,-0.0015255696938799,-0.0001983644065889
2017-11-01,685.0,685.0,632.0,640.0,129000.0,640.0,684.2,615.7,576.04,552.9066666666666,534.16,False,False,False,False,False,False,True,True,False,True,False,-0.1,-0.1203125,,,0.0999375,0.1360833333333334,-0.0703125,0.8078125,0.0014951287739942,0.8172811434140004,542.0,540.0,0.4223968565815324,0.0054162905353794,-0.0015654870251874,-0.0006784692552769
2017-11-02,641.0,670.0,607.0,607.0,227900.0,607.0,673.6,622.5,577.96,553.3733333333333,535.11,False,False,False,False,False,False,True,True,False,True,False,-0.0626029654036243,-0.0658978583196046,,,0.0478418451400328,0.0883470620538165,0.0016474464579901,0.8583196046128501,0.0008433125316242,0.7874698795180723,557.0,531.0,1.7666666666666666,0.0033220292061735,-0.0020942613292059,-0.00065181624237
2017-11-06,609.0,609.0,580.0,580.0,105400.0,580.0,637.6,626.3,579.08,553.7066666666667,535.965,False,False,False,False,False,False,True,True,False,True,False,-0.0120689655172413,-0.0155172413793103,,,0.0015862068965516,0.0453333333333332,0.0379310344827586,1.0689655172413792,0.00060200346754,0.8090372026185535,526.0,529.0,0.4624835454146555,0.0019341023692754,-0.0013879268368981,-0.0002413090640842
2017-11-07,590.0,600.0,585.0,587.0,71900.0,587.0,618.0,630.9,580.48,554.0666666666667,536.845,False,False,False,False,False,False,True,True,False,False,False,-0.0459965928449744,-0.0170357751277683,,,0.0111073253833049,0.0561044860874502,0.0306643952299829,1.0051107325383304,0.0006497413067019,0.8258044064035507,531.0,525.0,0.6821631878557874,0.0024117971334067,0.0004776947641313,4.773783916194442e-05
2017-11-08,587.0,592.0,579.0,582.0,39700.0,582.0,599.2,633.7,581.72,554.4,537.725,False,False,False,False,False,False,True,True,False,True,False,-0.0360824742268041,0.0017182130584192,,,0.0004810996563573,0.0474226804123711,0.0274914089347079,1.0515463917525774,0.0006012506012504,0.8429856398926937,536.0,518.0,0.5521557719054242,0.0021316097091384,-0.0002801874242683,-4.84907054515213e-05
2017-11-09,580.0,583.0,570.0,576.0,41200.0,576.0,586.4,635.3,582.68,554.6533333333333,538.175,False,False,False,False,False,False,True,True,False,True,False,-0.0225694444444444,0.0121527777777777,,,-0.0115972222222221,0.0370601851851852,0.0347222222222222,0.9861111111111112,0.0004567417485997,0.8476310404533292,544.0,514.0,1.0377833753148615,0.0016475595524128,-0.0004840501567255,-0.0001445088526507
2017-11-10,566.0,577.0,566.0,569.0,21100.0,569.0,578.8,626.2,583.2,554.76,538.19,False,False,False,False,False,False,True,True,False,True,False,-0.0035149384885764,0.0298769771528998,,,-0.0249560632688928,0.0250263620386643,0.0404217926186291,1.2847100175746924,0.0001922753382844,0.899393165122964,548.0,517.0,0.5121359223300971,0.000891632373114,-0.0007559271792988,-0.0002644664103152
2017-11-13,577.0,580.0,571.0,573.0,20900.0,573.0,577.4,607.5,584.04,554.7466666666667,537.725,False,False,False,False,False,False,True,False,True,False,False,-0.0034904013961605,0.0174520069808027,,,-0.0192670157068062,0.0318557300756253,0.0226876090750436,1.1570680628272252,-2.40349949526292e-05,0.9692181069958848,549.0,523.0,0.990521327014218,0.0014382576535852,0.0005466252804712,-0.000216310333237
2017-11-15,577.0,577.0,557.0,560.0,25100.0,560.0,572.0,595.0,584.32,554.6266666666667,537.49,False,False,False,False,False,False,True,False,False,True,False,0.0303571428571428,0.0339285714285714,,,-0.0434285714285715,0.009595238095238,0.0339285714285714,1.25,-0.0002163617568574,1.0161344537815125,543.0,514.0,1.200956937799043,0.0004791894852137,-0.0009590681683715,-0.0001923267619048
2017-11-16,559.0,567.0,557.0,561.0,7700.0,561.0,567.8,583.5,584.72,554.64,537.245,False,False,False,False,False,False,True,True,False,False,False,0.0392156862745098,0.0267379679144385,,,-0.0422816399286988,0.0113368983957219,0.0320855614973262,1.3725490196078431,2.403961728927089e-05,1.0783204798628965,547.0,532.0,0.3067729083665338,0.0006840881105485,0.0002048986253348,0.0002404013741467
2017-11-17,560.0,570.0,560.0,563.0,12700.0,563.0,565.2,575.8,585.28,554.8666666666667,537.215,False,False,False,False,False,False,True,True,False,False,False,0.0355239786856127,0.0408525754884547,,,-0.0395737122557726,0.0144464179988158,0.0124333925399644,1.220248667850799,0.0004085065481197,1.1222646752344565,562.0,526.0,1.6493506493506491,0.0009568069983596,0.000272718887811,0.0003844669308304
2017-11-20,565.0,570.0,560.0,567.0,6600.0,567.0,564.8,571.8,586.12,555.2533333333333,537.165,False,False,False,False,False,False,True,True,False,False,False,0.0335097001763668,0.0881834215167548,,,-0.033721340388007,0.0207172251616696,-0.0052910052910052,1.4673721340388006,0.0006963788300835,1.184505071703393,567.0,522.0,0.5196850393700787,0.001433153620419,0.0004763466220594,0.0002878722819638
2017-11-21,577.0,579.0,566.0,571.0,20800.0,571.0,564.4,570.9,587.0,555.9466666666667,537.24,False,False,False,False,False,False,True,True,False,False,False,0.021015761821366,0.0490367775831873,,,-0.0280210157618213,0.0263631056625801,0.0157618213660245,1.9754816112084064,0.0012471220260937,1.275354703100368,565.0,522.0,3.1515151515151514,0.0014991482112436,6.599459082452276e-05,0.0005507431960101
2017-11-22,574.0,586.0,574.0,577.0,24800.0,577.0,567.8,569.9,588.32,556.5733333333334,537.555,False,False,False,False,False,False,True,True,False,False,False,0.0034662045060658,0.024263431542461,,,-0.0196187175043328,0.0354015020219525,-0.0017331022530329,1.9116117850953207,0.0011259372828977,1.3676083523425162,564.0,522.0,1.1923076923076923,0.0022436769105249,0.0007445286992813,-0.0001211847431959
2017-11-24,577.0,583.0,575.0,583.0,5400.0,583.0,572.2,570.0,590.04,557.0533333333333,537.91,False,False,False,False,False,False,True,True,False,False,False,-0.0120068610634648,0.0085763293310463,,,-0.0120754716981131,0.044505431675243,0.0,1.914236706689537,0.0008616769190261,1.4557894736842103,576.0,515.0,0.2177419354838709,0.0029150566063316,0.0006713796958066,-0.0002642603638715
2017-11-27,589.0,593.0,582.0,583.0,23100.0,583.0,576.2,570.7,591.84,557.6266666666667,538.24,False,False,False,False,False,False,True,True,False,False,False,0.0051457975986277,0.0205831903945111,,,-0.0151629502572899,0.0435220125786163,-0.0034305317324185,1.5197255574614066,0.0010281669934485,1.509724899246539,562.0,530.0,4.277777777777778,0.0030413625304137,0.0001263059240821,0.0001664900744223
2017-11-28,591.0,591.0,583.0,586.0,12200.0,586.0,580.0,572.4,593.72,558.36,538.615,False,False,False,False,False,False,True,True,False,False,False,0.0529010238907849,0.0375426621160409,,,-0.0131740614334471,0.0471672354948805,-0.0034129692832764,1.5187713310580204,0.0013133701076963,1.5330188679245285,559.0,524.0,0.5281385281385281,0.0031664757798288,0.0001251132494151,0.0002852031142478
2017-11-29,586.0,586.0,579.0,583.0,12000.0,583.0,582.4,573.4,595.36,559.08,538.995,False,False,False,False,False,False,True,True,False,True,False,0.0274442538593482,0.0325900514579759,,,-0.0212006861063465,0.0410291595197254,0.0034305317324185,1.516295025728988,0.0012878300064391,1.5688873386815487,552.0,520.0,0.9836065573770492,0.0027546358505777,-0.000411839929251,-2.554010125717724e-05
2017-11-30,579.0,584.0,579.0,579.0,4000.0,579.0,582.8,575.3,596.88,559.8,539.385,False,False,False,False,False,False,True,True,False,True,False,0.0207253886010362,0.0449050086355785,,,-0.030880829015544,0.0331606217616581,0.0189982728842832,1.4421416234887738,0.0012861736334403,1.587171910307666,552.0,529.0,0.3333333333333333,0.0025465755260688,-0.0002080603245089,-1.6563729988384665e-06
2017-12-01,580.0,584.0,576.0,576.0,3800.0,576.0,581.4,576.8,597.76,560.5733333333334,539.76,False,False,False,False,False,False,True,True,False,True,False,0.0208333333333333,0.0381944444444444,,,-0.0377777777777777,0.0267824074074073,0.0555555555555555,1.5868055555555556,0.0013795399947674,1.6080097087378642,551.0,550.0,0.95,0.0014721627408993,-0.0010744127851695,9.336636132706668e-05
2017-12-04,581.0,588.0,579.0,586.0,9300.0,586.0,582.0,579.1,598.8,561.5333333333333,540.175,False,False,False,False,False,False,True,True,False,False,False,0.015358361774744,0.0170648464163822,,,-0.0218430034129692,0.0417519908987486,0.030716723549488,1.6262798634812288,0.0017096046539236,1.647556553272319,552.0,542.0,2.4473684210526314,0.0017368069472277,0.0002646442063283,0.0003300646591562
2017-12-05,589.0,648.0,588.0,617.0,343400.0,617.0,588.2,584.1,597.08,562.8666666666667,540.895,False,False,False,False,True,False,False,True,False,True,False,-0.0145867098865478,-0.0405186385737439,,,0.032285251215559,0.0877363587250135,-0.006482982171799,1.5769854132901135,0.0023688262465948,1.6575928779318607,556.0,557.0,36.924731182795696,-0.0028806860052252,-0.004617492952453,0.0006592215926712
2017-12-06,617.0,617.0,585.0,599.0,94000.0,599.0,591.4,586.9,590.64,563.88,541.58,False,False,False,False,False,False,False,True,False,True,False,0.005008347245409,-0.021702838063439,,,0.0139565943238731,0.0586310517529215,0.031719532554257,1.5692821368948249,0.0017970726632143,1.6176520701993526,552.0,526.0,0.273733255678509,-0.0109034267912773,-0.008022740786052,-0.0005717535833805
2017-12-07,600.0,603.0,586.0,591.0,24400.0,591.0,593.8,588.3,586.88,564.9066666666666,542.225,False,False,False,False,False,False,False,True,False,False,False,0.0236886632825719,-0.0203045685279187,,,0.0069712351945854,0.0441511562323745,0.0186125211505922,1.6971235194585448,0.0018174093655588,1.5968043515213328,553.0,531.0,0.2595744680851063,-0.0064067611777535,0.0044966656135238,2.033670234449541e-05
2017-12-08,592.0,599.0,588.0,588.0,20100.0,588.0,596.2,588.8,583.36,565.6533333333333,542.855,False,False,False,False,False,False,False,True,False,False,False,0.0170068027210884,-0.0153061224489795,,,0.007891156462585,0.0380045351473923,0.0187074829931972,1.6785714285714286,0.0013200075429002,1.573539402173913,551.0,536.0,0.8237704918032787,-0.0060340098738343,0.0003727513039192,-0.0004974018226586
2017-12-11,589.0,606.0,589.0,595.0,19200.0,595.0,598.0,590.0,581.56,566.5733333333334,543.525,False,False,False,False,False,False,False,True,False,False,True,0.0016806722689075,-0.042016806722689,,,0.0225882352941177,0.0477759103641455,0.0100840336134453,1.7563025210084031,0.0016237968606595,1.5972881355932205,549.0,544.0,0.9552238805970148,-0.0030951234610359,0.0029388864127983,0.0003037893177592
2017-12-12,596.0,612.0,596.0,608.0,21700.0,608.0,596.2,592.2,581.6,567.72,544.265,False,False,False,False,False,False,True,True,False,False,False,-0.0263157894736842,-0.0723684210526315,,,0.0434210526315789,0.0662499999999999,-0.0131578947368421,1.6907894736842106,0.0020197750064585,1.6146572104018913,546.0,548.0,1.1302083333333333,6.877579092172852e-05,0.0031638992519576,0.000395978145799
2017-12-13,608.0,614.0,597.0,602.0,29300.0,602.0,596.8,594.1,582.48,568.7866666666666,544.97,False,False,False,False,False,False,True,True,True,False,False,-0.0265780730897009,-0.0365448504983388,,,0.0324252491694351,0.055171650055371,-0.0016611295681063,1.7890365448504983,0.0018753369746125,1.6419794647365762,549.0,549.0,1.3502304147465438,0.0015107814860595,0.0014420056951378,-0.000144438031846
2017-12-14,598.0,606.0,597.0,605.0,15900.0,605.0,599.6,596.7,583.2,569.8933333333333,545.655,False,False,False,False,False,False,True,True,False,True,False,-0.0429752066115702,-0.0479338842975206,,,0.0360330578512395,0.0580275482093664,-0.0049586776859504,1.971900826446281,0.0019418838613074,1.69482151835093,544.0,543.0,0.5426621160409556,0.0012345679012346,-0.0002762135848249,6.65468866948894e-05
2017-12-15,608.0,608.0,594.0,598.0,18100.0,598.0,601.6,598.9,583.84,571.0,546.235,False,False,False,False,False,False,True,True,False,True,False,-0.0317725752508361,-0.0250836120401337,,,0.0236789297658862,0.0451505016722408,0.0,1.894648829431438,0.0019381202568593,1.7251627984638502,540.0,547.0,1.1383647798742138,0.0010961907371882,-0.0001383771640463,-3.763604448068147e-06
2017-12-18,606.0,606.0,593.0,596.0,7800.0,596.0,601.8,599.9,584.64,571.88,546.84,False,False,False,False,False,False,True,True,False,False,False,-0.0436241610738255,-0.0251677852348993,,,0.0190604026845637,0.0404697986577181,0.0083892617449664,1.9278523489932888,0.0015387843603553,1.754959159859977,538.0,562.0,0.430939226519337,0.0013683634373288,0.0002721727001406,-0.000399335896504
2017-12-19,599.0,599.0,592.0,592.0,5300.0,592.0,598.6,597.4,585.56,572.7866666666666,547.48,False,False,False,False,False,False,True,True,False,False,False,-0.0472972972972973,-0.0135135135135135,,,0.0108783783783784,0.032454954954955,0.0135135135135135,1.9307432432432432,0.0015829046299959,1.7907599598259127,539.0,567.0,0.6794871794871795,0.0015711455700525,0.0002027821327236,4.4120269640681234e-05
2017-12-20,594.0,594.0,577.0,586.0,21500.0,586.0,595.4,596.1,586.08,573.6666666666666,548.075,False,False,False,False,False,False,True,True,False,True,False,-0.0102389078498293,-0.0017064846416382,,,-0.0001365187713311,0.0210466439135381,0.1945392491467577,2.022184300341297,0.0015339918651946,1.8357658111055195,542.0,565.0,4.056603773584905,0.000887250887251,-0.0006838946828014,-4.89127648013463e-05
2017-12-21,581.0,581.0,571.0,579.0,17500.0,579.0,590.2,594.9,586.84,574.3333333333334,548.69,False,False,False,False,False,False,True,True,False,False,False,-0.005181347150259,0.0189982728842832,,,-0.0135405872193437,0.0080598733448473,0.4680483592400691,1.7150259067357514,0.0011607661056298,1.837787863506472,541.0,564.0,0.813953488372093,0.0012950719105718,0.0004078210233208,-0.0003732257595647
2017-12-22,581.0,581.0,575.0,579.0,5400.0,579.0,586.4,594.0,587.56,574.72,549.25,False,False,False,False,False,False,True,True,False,True,False,0.006908462867012,0.0500863557858376,,,-0.0147841105354057,0.0073920552677028,0.7271157167530224,1.756476683937824,0.0006727913882702,1.8456228956228955,554.0,576.0,0.3085714285714285,0.0012254067669683,-6.966514360352795e-05,-0.0004879747173596
2017-12-25,579.0,579.0,569.0,570.0,20700.0,570.0,581.2,591.5,587.84,575.0933333333334,549.765,False,False,False,False,False,False,True,True,False,True,False,0.019298245614035,0.0596491228070175,,,-0.0312982456140351,-0.0089356725146199,1.8070175438596487,1.7017543859649122,0.0006491699897987,1.840743871513102,560.0,562.0,3.8333333333333335,0.0004763200870986,-0.0007490866798696,-2.3621398471451727e-05
2017-12-26,572.0,572.0,560.0,564.0,33300.0,564.0,575.6,587.1,587.72,575.1866666666666,550.27,False,False,False,False,False,False,False,True,False,True,False,0.0354609929078014,0.0868794326241134,,,-0.0420567375886525,-0.0198345153664301,1.3156028368794326,1.6524822695035462,0.0001622661628687,1.838187702265372,660.0,559.0,1.608695652173913,-0.0002041788606819,-0.0006804989477806,-0.00048690382693
2017-12-27,565.0,582.0,565.0,580.0,13400.0,580.0,574.4,584.9,588.08,575.9066666666666,550.85,False,False,False,False,False,False,True,True,False,False,False,0.0086206896551724,0.0655172413793103,,,-0.0139310344827586,0.0070574712643678,1.070689655172414,1.4655172413793105,0.0012502025791216,1.806291673790392,760.0,552.0,0.4024024024024024,0.0006121616106652,0.0008163404713472,0.0010879364162529
2017-12-28,585.0,590.0,576.0,576.0,15500.0,576.0,573.8,582.0,588.04,576.5066666666667,551.4,False,False,False,False,False,False,False,True,False,True,False,0.0243055555555555,0.0451388888888888,,,-0.0209027777777777,-0.0008796296296296,1.1302083333333333,1.4079861111111112,0.0010407511910819,1.7496563573883162,685.0,552.0,1.1567164179104477,-6.802258349785272e-05,-0.000680184194163,-0.0002094513880397
2017-12-29,574.0,583.0,574.0,583.0,13200.0,583.0,574.6,580.5,588.04,577.1333333333333,551.97,False,False,False,False,False,False,False,True,False,False,False,0.0428816466552315,0.0274442538593482,,,-0.0086449399656946,0.010062893081761,1.0,1.2761578044596913,0.0010858264987871,1.6871662360034454,676.0,551.0,0.8516129032258064,0.0,6.802258349785272e-05,4.5075307705147926e-05
2018-01-04,584.0,590.0,581.0,581.0,16000.0,581.0,576.8,579.0,587.96,577.6266666666667,552.505,False,False,False,False,False,False,False,True,False,True,False,0.0395869191049913,0.0344234079173838,,,-0.0119793459552496,0.005806081468732,0.8244406196213425,1.2375215146299483,0.000854069525876,1.6172711571675304,640.0,552.0,1.2121212121212122,-0.000136063677801,-0.000136063677801,-0.000231756972911
2018-01-05,586.0,586.0,580.0,584.0,8400.0,584.0,580.8,578.2,587.88,578.1066666666667,553.06,False,False,False,False,False,False,False,True,False,True,False,0.0496575342465753,0.0273972602739726,,,-0.0066438356164383,0.0100913242009132,1.0376712328767124,1.25513698630137,0.0008302966003967,1.5485991006572115,607.0,556.0,0.525,-0.000136082193645,-1.851584394396136e-08,-2.3772925479280155e-05
2018-01-09,585.0,589.0,582.0,585.0,16800.0,585.0,581.8,578.1,587.96,578.5866666666667,553.59,False,False,False,False,False,False,True,True,False,False,False,0.0564102564102564,0.0273504273504273,,,-0.0050598290598291,0.0109629629629629,0.7042735042735043,1.2136752136752136,0.0008296077798774,1.4667012627573084,580.0,552.0,2.0,0.0001360636778012,0.0002721458714463,-6.888205192948603e-07
2018-01-10,589.0,590.0,585.0,590.0,13000.0,590.0,584.6,579.2,588.4,579.2133333333334,554.195,False,False,False,True,True,False,True,True,False,False,False,0.0203389830508474,0.0203389830508474,,,0.0027118644067796,0.0182824858757061,0.6745762711864407,1.1745762711864407,0.0010819272116203,1.412120165745856,587.0,553.0,0.7738095238095238,0.0007477906186266,0.0006117269408254,0.0002523194317429
2018-01-11,590.0,610.0,590.0,608.0,30500.0,608.0,589.6,582.1,589.68,580.0266666666666,554.9,False,False,False,False,False,False,True,True,True,False,False,-0.0148026315789473,-0.0164473684210526,,,0.0301315789473685,0.0460087719298246,0.7006578947368421,1.0773026315789471,0.0014022343800284,1.3428964095516234,582.0,551.0,2.3461538461538463,0.0021706688373354,0.0014228782187087,0.000320307168408
2018-01-12,608.0,608.0,597.0,604.0,21400.0,604.0,594.2,585.5,590.4,580.5866666666667,555.6,False,False,False,False,False,False,True,True,False,True,False,-0.0049668874172185,-0.0049668874172185,,,0.0225165562913907,0.0387637969094922,0.7963576158940397,1.1274834437086092,0.0009645416130811,1.285738684884714,576.0,549.0,0.7016393442622951,0.0012195121951219,-0.0009511566422134,-0.0004376927669472
2018-01-15,610.0,624.0,603.0,613.0,25700.0,613.0,600.0,590.4,590.24,581.2,556.355,False,False,False,False,False,False,False,True,False,True,False,-0.0212071778140293,-0.0212071778140293,,,0.0371288743882544,0.0518760195758563,0.866231647634584,0.8564437194127243,0.0010552879100711,1.2061314363143631,569.0,546.0,1.2009345794392523,-0.0002710761724043,-0.0014905883675263,9.074629699001216e-05
2018-01-16,613.0,629.0,607.0,618.0,31100.0,618.0,606.6,594.2,591.0,581.9066666666666,557.23,False,False,False,False,False,False,True,True,True,False,False,-0.0275080906148867,0.1326860841423948,,,0.0436893203883495,0.058403451995685,0.8883495145631068,0.912621359223301,0.0012143986435395,1.1502860989565802,573.0,549.0,1.2101167315175096,0.0012859560067681,0.0015570321791725,0.0001591107334683
2018-01-17,613.0,618.0,602.0,602.0,20700.0,602.0,609.0,596.8,591.44,582.4133333333333,558.0,False,False,False,False,False,False,True,True,False,True,False,0.0,0.4119601328903654,,,0.0175415282392025,0.0325359911406423,1.0382059800664452,0.9485049833887044,0.0008699434536755,1.1050603217158177,560.0,544.0,0.6655948553054662,0.0007439469768701,-0.000542009029898,-0.000344455189864
2018-01-18,604.0,610.0,598.0,599.0,11600.0,599.0,607.2,598.4,591.88,582.72,558.745,False,False,False,False,False,False,True,True,False,True,False,-0.001669449081803,0.669449081803005,,,0.0118864774624374,0.0271786310517528,1.003338898163606,0.9332220367278798,0.0005262676185247,1.0711898395721928,561.0,540.0,0.5603864734299517,0.0007433939312021,-5.530456679334441e-07,-0.0003436758351507
2018-01-19,595.0,603.0,590.0,601.0,5900.0,601.0,606.6,600.4,592.12,583.24,559.43,False,False,False,False,False,False,True,True,False,True,False,0.0,1.6622296173044926,,,0.0147753743760399,0.0295507487520798,0.9251247920133112,0.8635607321131448,0.0008915712228241,1.034310459693538,563.0,538.0,0.5086206896551724,0.0004053232452881,-0.000338070685914,0.0003653036042994
2018-01-22,605.0,605.0,595.0,600.0,3000.0,600.0,604.0,602.0,591.8,583.7866666666666,560.105,False,False,False,False,False,False,False,True,False,True,False,0.0,1.1766666666666667,,,0.0136666666666667,0.0270222222222222,0.88,0.9633333333333334,0.0009364151288141,1.005813953488372,567.0,539.0,0.5084745762711864,-0.0005407232173032,-0.0009460464625913,4.484390598991398e-05
2018-01-23,602.0,603.0,595.0,601.0,11900.0,601.0,600.6,603.6,591.76,584.44,560.73,False,False,False,False,False,False,False,True,False,False,False,0.1647254575707154,0.9983361064891848,,,0.0153743760399334,0.0275540765391014,0.9966722129783694,0.6638935108153078,0.0011178792234162,0.9516235917826374,571.0,542.0,3.966666666666667,-6.759497093410103e-05,0.0004731282463691,0.0001814640946021
2018-01-24,606.0,606.0,595.0,602.0,9900.0,602.0,600.6,604.8,591.64,585.1066666666667,561.37,False,False,False,False,False,False,False,True,False,True,False,0.4119601328903654,1.0382059800664452,,,0.0172093023255814,0.0280620155038759,0.9551495016611296,0.6727574750830565,0.0011393933869607,0.9021164021164024,577.0,541.0,0.8319327731092437,-0.0002028260428639,-0.0001352310719298,2.1514163544419148e-05
2018-01-25,600.0,602.0,597.0,598.0,7400.0,598.0,600.4,603.8,591.64,585.7333333333333,562.015,False,False,False,False,False,False,False,True,False,False,False,0.6722408026755853,0.9498327759197324,,,0.0106354515050167,0.0205128205128204,0.9966555183946488,0.6939799331103679,0.0010698839062144,0.8638622060284865,583.0,554.0,0.7474747474747475,0.0,0.0002028260428639,-6.950948074628776e-05
2018-01-26,598.0,602.0,593.0,601.0,2200.0,601.0,600.4,603.5,591.84,586.3866666666667,562.515,False,False,False,False,False,False,True,True,False,False,False,1.6622296173044926,0.7637271214642263,,,0.0152412645590681,0.0243150305047143,0.903494176372712,0.6772046589018302,0.0011141681256963,0.8188898094449047,583.0,560.0,0.2972972972972973,0.000337929170046,0.000337929170046,4.428421948188179e-05
2018-01-29,606.0,610.0,600.0,600.0,11800.0,600.0,600.4,602.2,592.16,586.9733333333334,562.76,False,False,False,False,False,False,True,True,False,False,False,1.1766666666666667,0.9833333333333332,,,0.0130666666666667,0.021711111111111,1.1666666666666667,0.6966666666666667,0.0009994775458283,0.8028894055131185,586.0,660.0,5.363636363636363,0.0005403944879761,0.00020246531793,-0.0001146905798679
2018-01-30,700.0,700.0,700.0,700.0,10800.0,700.0,620.2,610.4,596.72,588.9466666666667,563.47,False,False,False,False,False,False,True,True,True,False,True,0.7157142857142857,0.4242857142857142,,,0.1475428571428571,0.1586476190476189,0.7657142857142857,0.4871428571428571,0.0033506146566752,0.7555701179554389,583.0,760.0,0.9152542372881356,0.0076417750368683,0.0071013805488921,0.0023511371108468
2018-01-31,850.0,850.0,850.0,850.0,33800.0,850.0,669.8,635.2,607.56,592.9066666666666,565.115,False,False,False,False,False,False,True,True,False,False,False,0.4435294117647059,0.1623529411764706,,,0.2852235294117647,0.3024627450980393,0.4823529411764706,0.188235294117647,0.0066789601511197,0.661366498740554,579.0,685.0,3.1296296296296298,0.0178418592402395,0.0102000842033712,0.0033283454944445
2018-02-01,1000.0,1000.0,1000.0,1000.0,30800.0,1000.0,750.2,675.3,624.4,598.8933333333333,567.01,False,False,False,False,False,False,True,True,False,False,False,0.166,0.034,,,0.3756,0.4011066666666666,0.331,-0.007,0.0099962152414453,0.5382792832815045,576.0,676.0,0.9112426035502958,0.0269698910954516,0.0091280318552121,0.0033172550903255
2018-02-02,1300.0,1600.0,1270.0,1600.0,4719200.0,1600.0,950.0,775.2,665.6,612.9066666666666,571.405,False,False,False,False,False,False,True,True,False,False,False,-0.3375,-0.321875,,,0.584,0.6169333333333333,-0.21875,-0.3825,0.022863731291333,0.3230134158926727,586.0,640.0,153.2207792207792,0.0618990384615385,0.0349291473660868,0.0128675160498877
2018-02-05,1520.0,1568.0,1271.0,1306.0,2218100.0,1306.0,1091.2,845.8,695.28,623.04,574.485,False,False,False,False,False,False,True,True,False,True,False,-0.0888208269525268,-0.1240428790199081,,,0.4676263399693721,0.5229402756508423,0.0712098009188361,-0.27947932618683,0.0162643382982365,0.1845589973989123,617.0,607.0,0.4700161044244787,0.0426878379933263,-0.0192112004682121,-0.0065993929930964
2018-02-06,1150.0,1572.0,1051.0,1201.0,2257300.0,1201.0,1191.4,905.8,720.12,631.7333333333333,577.24,False,False,False,False,False,False,True,True,False,True,False,-0.1698584512905911,-0.0283097418817651,,,0.4003996669442131,0.4739938939772412,0.414654454621149,-0.2589508742714405,0.0137610806247362,0.093950099359682,599.0,580.0,1.017672783012488,0.0344942509581736,-0.0081935870351526,-0.0025032576735003
2018-02-07,1376.0,1437.0,1160.0,1227.0,1000400.0,1227.0,1266.8,968.3,746.16,640.84,580.625,False,False,False,False,False,False,True,True,False,False,False,-0.1947840260798696,0.0,,,0.3918826405867971,0.4777180114099429,0.3691931540342298,-0.1915240423797881,0.0142105153652498,0.0217907673241764,591.0,587.0,0.4431843352677978,0.0348986812479896,0.0004044302898159,0.0004494347405135
2018-02-08,1251.0,1251.0,1060.0,1166.0,407800.0,1166.0,1300.0,1025.1,769.48,649.1866666666666,583.84,False,False,False,False,False,False,True,True,False,True,False,-0.1132075471698113,0.0291595197255574,,,0.3400686106346483,0.4432361349342482,0.4571183533447684,-0.2186963979416809,0.0128571135163998,-0.0447761194029849,588.0,582.0,0.4076369452219112,0.0303061807974217,-0.0045925004505679,-0.0013534018488499
2018-02-09,1046.0,1089.0,994.0,1060.0,321100.0,1060.0,1192.0,1071.0,788.64,656.1466666666666,586.59,False,False,False,False,False,False,True,True,False,True,False,0.0235849056603773,0.0915094339622641,,,0.256,0.3809937106918239,0.3858490566037736,-0.1320754716981132,0.0106073845278495,-0.0939309056956116,595.0,576.0,0.7873957822461991,0.0242949888415499,-0.0060111919558717,-0.0022497289885503
2018-02-13,1210.0,1360.0,1145.0,1190.0,910100.0,1190.0,1168.8,1130.0,812.88,664.8266666666667,590.025,False,False,False,False,False,False,True,True,False,False,False,-0.0386554621848739,-0.0521008403361344,,,0.3169075630252101,0.4413221288515406,0.2403361344537815,-0.2521008403361344,0.0130560346556496,-0.1525663716814159,608.0,569.0,2.834319526627219,0.0298198996161795,0.0055249107746295,0.0024486501278001
2018-02-14,1160.0,1160.0,945.0,997.0,377700.0,997.0,1128.0,1159.7,829.36,670.8933333333333,592.52,False,False,False,False,False,False,True,True,False,True,False,0.1705115346038114,0.2036108324974924,,,0.1681444332998997,0.3270879304580408,0.4714142427281845,-0.1434302908726178,0.009042669475525,-0.1903940674312322,602.0,573.0,0.4150093396330073,0.0198707437059901,-0.0099491559101893,-0.0040133651801246
2018-02-15,1042.0,1042.0,959.0,988.0,162500.0,988.0,1080.2,1173.5,845.28,676.8533333333334,594.985,False,False,False,False,False,False,True,True,False,True,False,0.2419028340080971,0.1912955465587044,,,0.1444534412955465,0.3149257759784075,0.4311740890688259,-0.1204453441295546,0.0088054526830037,-0.211930123561994,605.0,560.0,0.4302356367487424,0.0188339958356993,-0.0010367478702908,-0.0002372167925213
2018-02-16,1017.0,1037.0,988.0,1034.0,130200.0,1034.0,1053.8,1176.9,862.32,683.2533333333333,597.69,False,False,False,False,False,False,True,True,False,False,False,0.1605415860735009,0.1547388781431334,,,0.1660348162475821,0.3392134107027724,0.4410058027079304,-0.144100580270793,0.0093669502771055,-0.2233834650352621,598.0,561.0,0.8012307692307692,0.0197606456999722,0.0009266498642728,0.0005614975941018
2018-02-19,1055.0,1198.0,1045.0,1085.0,390000.0,1085.0,1058.8,1125.4,881.56,690.2533333333333,600.665,False,False,False,False,False,False,True,True,False,False,False,0.0663594470046083,0.0543778801843317,,,0.1875023041474655,0.3638218125960061,0.4184331797235023,-0.1612903225806451,0.010141204195561,-0.1947751910431846,596.0,563.0,2.995391705069125,0.0218249466854211,0.0020643009854489,0.0007742539184554
2018-02-20,1056.0,1162.0,1056.0,1144.0,160500.0,1144.0,1049.6,1109.2,902.8,696.7066666666667,603.935,False,False,False,False,False,False,True,True,False,False,False,-0.0139860139860139,0.1363636363636363,,,0.2108391608391608,0.3909906759906759,0.3898601398601398,-0.0734265734265734,0.0092626260693166,-0.172286332491886,592.0,567.0,0.4115384615384615,0.0235268054940186,0.0017018588085974,-0.0008785781262443
2018-02-21,1122.0,1207.0,1118.0,1167.0,132000.0,1167.0,1083.6,1105.8,924.76,702.1333333333333,607.285,False,False,False,False,False,False,True,True,False,False,False,0.0282776349614395,0.0591259640102827,,,0.2075749785775492,0.3983433304770066,0.3187660668380462,-0.0642673521850899,0.0077288264337257,-0.1514740459395912,586.0,571.0,0.822429906542056,0.0237467018469657,0.0002198963529471,-0.0015337996355909
2018-02-22,1315.0,1370.0,1202.0,1227.0,600000.0,1227.0,1131.4,1105.8,949.76,709.36,610.91,False,False,False,False,False,False,True,True,False,False,False,-0.0407497962510187,0.0268948655256723,,,0.2259494702526487,0.4218744906275468,0.2991035044824776,-0.0872045639771801,0.0101875869328221,-0.1398987158618194,579.0,577.0,4.545454545454546,0.0263224393530997,0.0025757375061339,0.0024587604990963
2018-02-23,1241.0,1251.0,1167.0,1200.0,165200.0,1200.0,1164.6,1109.2,973.8,716.3466666666667,614.435,False,False,False,False,False,False,True,True,False,True,True,-0.005,0.1091666666666666,,,0.1885,0.4030444444444444,0.3125,-0.1383333333333333,0.0097531921229944,-0.1314460872701046,579.0,583.0,0.2753333333333333,0.0246867940028753,-0.0016356453502244,-0.0004343948098276
2018-02-26,1220.0,1235.0,1135.0,1157.0,100100.0,1157.0,1179.0,1118.9,996.04,723.24,617.725,False,False,False,False,False,False,True,True,False,True,False,-0.0112359550561797,0.0803802938634399,,,0.1391184096802074,0.3749006050129645,0.4174589455488331,-0.1235955056179775,0.0095311837472115,-0.1305746715524176,570.0,583.0,0.6059322033898306,0.0223284205453596,-0.0023583734575156,-0.0002220083757828
2018-02-27,1169.0,1169.0,1111.0,1128.0,96400.0,1128.0,1175.8,1112.7,1017.16,730.1866666666666,620.89,False,False,False,False,False,False,True,True,False,True,False,0.1524822695035461,0.2402482269503546,,,0.0982624113475177,0.3526713947990544,0.450354609929078,-0.1108156028368794,0.0095135490468189,-0.1155747281387615,564.0,586.0,0.9630369630369632,0.0207636949939046,-0.001564725551455,-1.763470039260924e-05
2018-02-28,1128.0,1217.0,1109.0,1200.0,151500.0,1200.0,1182.4,1133.0,1041.12,738.4533333333334,624.395,False,False,False,False,False,False,True,True,False,False,True,0.03,0.4158333333333333,,,0.1324000000000001,0.3846222222222222,0.3991666666666666,-0.2241666666666666,0.0111945688285426,-0.1246248896734334,580.0,583.0,1.5715767634854771,0.0230136775779928,0.0022499825840882,0.0016810197817236
2018-03-01,1210.0,1230.0,1163.0,1177.0,91300.0,1177.0,1172.4,1151.9,1064.12,746.32,627.78,False,False,False,False,False,False,True,True,False,True,False,0.070518266779949,0.427357689039932,,,0.0959048428207307,0.3659133389974511,0.5276125743415463,-0.1869158878504672,0.0105406081394933,-0.1313482073096623,576.0,579.0,0.6026402640264027,0.0216141036725181,-0.0013995739054747,-0.0006539606890493
2018-03-02,1131.0,1196.0,1117.0,1194.0,95200.0,1194.0,1171.2,1167.9,1087.96,754.48,631.19,False,False,False,False,False,False,True,True,False,False,False,0.1147403685092127,0.4229480737018425,,,0.0888107202680066,0.3681072026800669,0.4497487437185929,-0.1633165829145728,0.0108153960343547,-0.1334874561178183,583.0,576.0,1.0427163198247535,0.0219125703150852,0.0002984666425671,0.0002747878948613
2018-03-05,1224.0,1224.0,1141.0,1144.0,76900.0,1144.0,1168.6,1173.8,1109.68,762.0533333333333,634.37,False,False,False,False,False,False,True,True,False,True,False,0.0926573426573426,0.2840909090909091,,,0.0299999999999999,0.3338694638694639,0.5253496503496503,-0.131993006993007,0.0099380620778947,-0.1307718521042767,581.0,586.0,0.8077731092436975,0.0195732102948598,-0.0023393600202254,-0.00087733395646
2018-03-06,1210.0,1313.0,1185.0,1300.0,280800.0,1300.0,1203.0,1189.4,1137.68,771.8,638.35,False,False,False,False,False,False,True,True,False,False,False,0.0761538461538461,0.1353846153846153,,,0.1248615384615384,0.4063076923076923,0.3346153846153846,-0.2676923076923077,0.0126284875183553,-0.151252732470153,584.0,617.0,3.651495448634592,0.0246114900499261,0.0050382797550663,0.0026904254404606
2018-03-07,1271.0,1296.0,1205.0,1236.0,194800.0,1236.0,1210.2,1196.3,1159.12,780.64,642.025,False,False,False,False,False,False,True,True,False,True,False,0.3745954692556634,0.1868932038834951,,,0.062200647249191,0.3684142394822006,0.4328478964401294,-0.2508090614886731,0.0113240418118467,-0.1700242414110173,585.0,599.0,0.6937321937321937,0.018496790668783,-0.006114699381143,-0.0013044457065086
2018-03-08,1339.0,1450.0,1256.0,1260.0,521800.0,1260.0,1226.8,1199.6,1175.52,789.9733333333334,645.835,False,False,False,False,False,False,True,True,False,True,False,0.3333333333333333,0.1222222222222222,,,0.067047619047619,0.373037037037037,0.2476190476190476,-0.2547619047619047,0.0118147448015123,-0.1873957985995331,590.0,591.0,2.678644763860369,0.0139512726282837,-0.0045455180404993,0.0004907029896656
2018-03-09,1273.0,1339.0,1258.0,1331.0,176100.0,1331.0,1254.2,1212.7,1188.76,800.24,650.0,False,False,False,False,False,False,True,True,False,True,False,0.2764838467317806,0.1194590533433508,,,0.1068670172802404,0.3987678437265214,0.1990984222389181,-0.3320811419984973,0.0128294844879869,-0.2081306176300817,608.0,588.0,0.3374856266768877,0.0111376560449544,-0.0028136165833293,0.0010147396864745
2018-03-12,1358.0,1370.0,1216.0,1250.0,229500.0,1250.0,1275.4,1222.0,1174.76,809.4,653.76,False,False,False,False,False,False,False,True,False,True,False,0.1752,0.2312,,,0.060192,0.35248,0.232,-0.2968,0.011317024956758,-0.2252045826513912,604.0,595.0,1.303236797274276,-0.0119173277946133,-0.0230549838395677,-0.0015124595312288
2018-03-13,1231.0,1400.0,1219.0,1399.0,622100.0,1399.0,1295.2,1249.1,1178.48,820.4933333333333,658.13,False,False,False,False,False,False,True,True,True,False,False,0.0550393137955682,0.1365260900643316,,,0.157626876340243,0.413514415058375,0.0693352394567548,-0.3731236597569692,0.0135203211076263,-0.2521015130894243,613.0,608.0,2.7106753812636164,0.0031566085126603,0.0150739363072737,0.0022032961508682
2018-03-14,1399.0,1699.0,1399.0,1699.0,1663300.0,1699.0,1387.8,1299.0,1198.4,835.5333333333333,664.04,False,False,False,False,False,False,True,True,False,False,False,-0.1365509123013537,-0.0941730429664508,,,0.294643908181283,0.5082205218756132,-0.1583284284873455,-0.5091230135373749,0.0180004787361365,-0.2882986913010008,618.0,602.0,2.673685902588008,0.0166221628838451,0.0134655543711847,0.0044801576285102
2018-03-15,1739.0,1860.0,1643.0,1680.0,1744000.0,1680.0,1471.8,1349.3,1216.52,850.24,669.355,False,False,False,False,False,False,True,True,False,True,False,-0.1583333333333333,-0.0511904761904761,,,0.2758809523809524,0.4939047619047619,-0.1744047619047619,-0.5113095238095238,0.0172970769037762,-0.3249092121840954,602.0,605.0,1.0485180063728732,0.0148949462400946,-0.0017272166437505,-0.0007034018323603
2018-03-16,1800.0,1962.0,1699.0,1699.0,1295300.0,1699.0,1545.4,1399.8,1237.84,865.12,674.93,False,False,False,False,False,False,True,True,False,False,False,-0.1230135373749264,-0.0729841082989994,,,0.271430253090053,0.4908063566804002,-0.2189523248969982,-0.5497351383166569,0.0171999260218235,-0.3659808544077725,599.0,598.0,0.7427178899082569,0.0172235507012214,0.0023286044611268,-9.715088195267826e-05
2018-03-19,1598.0,1598.0,1401.0,1469.0,511300.0,1469.0,1589.2,1432.3,1254.2,876.9333333333333,679.55,False,False,False,False,False,False,True,True,False,True,False,0.0476514635806671,0.1164057181756296,,,0.146221919673247,0.4030406171999092,-0.1150442477876106,-0.4417971409121851,0.0134711874714914,-0.3924457166794665,601.0,596.0,0.3947348104686173,0.0130441715834796,-0.0041793791177418,-0.003728738550332
2018-03-20,1468.0,1540.0,1454.0,1476.0,191900.0,1476.0,1604.6,1449.9,1265.64,888.8,684.27,False,False,False,False,False,False,True,True,False,True,False,0.0772357723577235,0.1084010840108401,,,0.1425203252032519,0.3978319783197832,-0.1077235772357723,-0.4268292682926829,0.0133513351335133,-0.4071315263121595,600.0,592.0,0.3753178173283786,0.0090389052179135,-0.0040052663655661,-0.0001198523379781
2018-03-22,1450.0,1467.0,1401.0,1467.0,161600.0,1467.0,1558.2,1473.0,1284.44,900.5866666666667,688.98,False,False,False,False,False,False,True,True,False,False,False,0.0490797546012269,0.1445126107702795,,,0.1244444444444444,0.386103158373097,-0.1172460804362644,-0.4103612815269257,0.0130877650124364,-0.4205702647657841,601.0,586.0,0.8421052631578947,0.0146367288468125,0.005597823628899,-0.0002635701210769
2018-03-23,1402.0,1439.0,1378.0,1414.0,132700.0,1414.0,1505.0,1488.4,1301.48,911.72,693.36,False,False,False,False,False,False,True,True,False,True,False,0.1272984441301273,0.2715700141442715,,,0.0795756718528995,0.3552192362093352,-0.0926449787835926,-0.3967468175388967,0.012211351438307,-0.4323434560601989,602.0,579.0,0.8211633663366337,0.013092786673633,-0.0015439421731795,-0.0008764135741293
2018-03-26,1425.0,1491.0,1355.0,1490.0,216300.0,1490.0,1463.2,1504.3,1319.72,923.9066666666666,698.165,False,False,False,False,False,False,True,True,False,False,False,0.0570469798657718,0.161744966442953,,,0.1142818791946308,0.3799284116331096,-0.1523489932885906,-0.4228187919463087,0.0131903655491896,-0.4402712224955128,598.0,579.0,1.6299924642049737,0.013821113569545,0.0007283268959119,0.0009790141108825
2018-03-27,1512.0,1715.0,1482.0,1539.0,785500.0,1539.0,1477.2,1533.2,1337.88,936.6133333333332,703.15,False,False,False,False,False,False,True,True,False,True,False,0.0656270305393112,0.133853151397011,,,0.1306822612085769,0.3914143383149231,-0.1650422352176738,-0.4320987654320987,0.0135666087748767,-0.4511479259066006,601.0,570.0,3.631530282015719,0.0135737136364995,-0.0002473999330454,0.0003762432256871
2018-03-28,1525.0,1636.0,1525.0,1590.0,200500.0,1590.0,1500.0,1552.3,1355.72,949.5866666666668,708.355,False,False,False,False,False,False,True,True,False,True,False,0.0289308176100628,0.0911949685534591,,,0.1473459119496855,0.402775681341719,-0.2842767295597484,-0.4647798742138365,0.0136620845560878,-0.4595761128647813,600.0,564.0,0.2552514322087842,0.0131590593927949,-0.0004146542437046,9.547578121103968e-05
2018-03-29,1600.0,1600.0,1503.0,1539.0,158600.0,1539.0,1514.4,1536.3,1370.6,962.12,713.345,False,False,False,False,False,False,True,True,False,True,False,0.0909681611435997,0.1507472384665367,,,0.1094217024041586,0.3748408057179987,-0.2319688109161793,-0.4314489928525016,0.0130267880652446,-0.4512790470611209,700.0,580.0,0.7910224438902743,0.0108565591711658,-0.002302500221629,-0.0006352964908431
2018-03-30,1533.0,1611.0,1515.0,1594.0,121400.0,1594.0,1550.4,1527.7,1385.28,975.4933333333332,718.61,False,False,False,False,False,False,True,True,False,True,False,0.1279799247176913,-0.013801756587202,,,0.1309410288582183,0.3880217482225011,-0.2641154328732747,-0.452948557089084,0.0137093026434486,-0.444851737906657,850.0,576.0,0.7654476670870114,0.0105971355971356,-0.0002594235740301,0.000682514578204
2018-04-02,1563.0,1593.0,1551.0,1575.0,80500.0,1575.0,1567.4,1515.3,1400.28,988.6533333333332,723.665,False,False,False,False,False,False,True,True,False,False,False,0.099047619047619,0.0133333333333333,,,0.1109333333333333,0.372283597883598,-0.2647619047619047,-0.452063492063492,0.0133110358872,-0.4338414835346136,1000.0,583.0,0.6630971993410214,0.0107121432856285,0.0001150076884929,-0.0003982667562486
2018-04-03,1575.0,1679.0,1560.0,1640.0,168500.0,1640.0,1587.6,1532.4,1419.6,1002.5866666666668,729.02,False,False,False,False,False,False,True,True,False,False,True,0.0640243902439024,-0.0609756097560975,,,0.1343902439024391,0.3886666666666665,-0.3170731707317073,-0.4682926829268293,0.0138973854296888,-0.4367658574784652,1600.0,581.0,2.093167701863354,0.0136094674556212,0.0028973241699926,0.0005863495424887
2018-04-04,1653.0,1678.0,1616.0,1636.0,57500.0,1636.0,1596.8,1548.4,1439.92,1016.2933333333332,734.275,False,False,False,False,False,False,True,True,False,False,False,0.0605134474327628,-0.0855745721271393,,,0.1198533007334962,0.3787938060309699,-0.2799511002444987,-0.4511002444987775,0.0134869197869378,-0.4392275897700853,1306.0,584.0,0.3412462908011869,0.0141118951052837,0.0005024276496624,-0.0004104656427509
2018-04-05,1627.0,1738.0,1627.0,1679.0,143400.0,1679.0,1624.8,1569.6,1459.08,1030.6533333333334,739.83,False,False,False,False,False,False,True,True,False,True,False,0.0547945205479452,-0.148302561048243,,,0.1309827278141751,0.3861504864006352,-0.4044073853484217,-0.4568195354377605,0.0139329098694681,-0.4438073394495412,1201.0,585.0,2.493913043478261,0.0131315623543601,-0.0009803327509235,0.0004459900825302
2018-04-06,1674.0,1810.0,1663.0,1798.0,220000.0,1798.0,1665.6,1608.0,1483.92,1046.56,745.95,False,False,False,False,False,False,True,True,False,False,False,-0.1256952169076751,-0.228587319243604,,,0.1746829810901,0.4179310344827586,-0.4399332591768631,-0.5066740823136818,0.0151990011720938,-0.4549751243781094,1227.0,590.0,1.5341701534170151,0.0167394468704513,0.0036078845160911,0.0012660913026256
2018-04-09,1770.0,1799.0,1683.0,1731.0,150000.0,1731.0,1696.8,1632.1,1505.4,1061.6666666666667,751.665,False,False,False,False,False,False,True,True,False,True,False,-0.0779896013864818,-0.2333911034084344,,,0.1303292894280762,0.3866743693433467,-0.414789139225881,-0.4742923165800115,0.0142291993720566,-0.4599595613013908,1166.0,608.0,0.6818181818181818,0.0142686329214826,-0.0024708139489686,-0.0009698018000371
2018-04-10,1761.0,1840.0,1733.0,1745.0,126900.0,1745.0,1717.8,1652.7,1529.44,1076.986666666667,757.585,False,False,False,False,False,False,True,True,False,False,False,-0.1174785100286533,-0.2550143266475644,,,0.1235300859598853,0.382815663801337,-0.422349570200573,-0.5037249283667622,0.0142248743407533,-0.4671749258788649,1060.0,604.0,0.846,0.0157181713568364,0.0014495384353537,-4.325031303275412e-06
2018-04-11,1769.0,1834.0,1701.0,1735.0,136700.0,1735.0,1737.6,1667.2,1546.84,1092.2266666666667,763.41,False,False,False,False,False,False,True,True,False,True,False,-0.1377521613832853,-0.2409221902017291,,,0.108449567723343,0.3704745437079731,-0.4132564841498559,-0.5060518731988473,0.0139531476982797,-0.4714491362763915,1190.0,613.0,1.0772261623325452,0.0112487393654158,-0.0044694319914206,-0.0002717266424735
2018-04-12,1707.0,1779.0,1707.0,1771.0,85200.0,1771.0,1756.0,1690.4,1568.24,1108.0266666666666,769.44,False,False,False,False,False,False,True,True,False,False,False,-0.1925465838509316,-0.2687747035573122,,,0.1144889892715979,0.3743497082627517,-0.4121964991530208,-0.5262563523433089,0.0142595846068686,-0.4808329389493611,997.0,618.0,0.6232626188734455,0.0136458705300209,0.0023971311646051,0.0003064369085888
2018-04-13,1797.0,1809.0,1475.0,1572.0,267900.0,1572.0,1710.8,1688.2,1580.72,1121.2666666666669,774.525,False,False,False,False,False,False,True,True,False,True,False,-0.1176844783715012,-0.1838422391857506,,,-0.0055470737913486,0.2867260390161152,-0.3575063613231552,-0.4739185750636132,0.0118080742017957,-0.4828219405283734,988.0,602.0,3.1443661971830985,0.0078951363935421,-0.0057507341364787,-0.0024515104050728
2018-04-16,1535.0,1639.0,1472.0,1596.0,351400.0,1596.0,1683.8,1690.3,1591.32,1134.8266666666666,779.515,False,False,False,False,False,False,True,True,False,True,False,-0.1685463659147869,-0.2086466165413533,,,0.0029323308270677,0.2889557226399332,-0.3778195488721804,-0.4918546365914787,0.0119489613685494,-0.4865408507365556,1034.0,599.0,1.3116834639790966,0.0066611366664152,-0.0012339997271269,0.0001408871667536
2018-04-17,1589.0,1620.0,1480.0,1540.0,154000.0,1540.0,1642.8,1680.3,1602.92,1147.76,784.195,False,False,False,False,False,False,True,True,False,False,False,-0.1558441558441558,-0.1655844155844155,,,-0.0408571428571429,0.2547012987012987,-0.3584415584415584,-0.4720779220779221,0.0112683255500569,-0.4869963696958876,1085.0,601.0,0.4382470119521912,0.0072367928530432,0.000575656186628,-0.0006806358184924
2018-04-18,1530.0,1553.0,1490.0,1496.0,89100.0,1496.0,1595.0,1666.3,1606.8,1160.1866666666667,788.75,False,False,False,False,False,False,True,True,False,True,False,-0.1196524064171123,-0.2393048128342246,,,-0.0740641711229946,0.2244741532976826,-0.3709893048128342,-0.4585561497326203,0.0107109200818259,-0.4879673528176198,1144.0,600.0,0.5785714285714286,0.0024147373661936,-0.0048220554868496,-0.000557405468231
2018-04-19,1476.0,1476.0,1381.0,1430.0,180000.0,1430.0,1526.8,1641.4,1596.04,1171.52,792.91,False,False,False,False,False,False,False,True,False,True,False,-0.0944055944055944,-0.1734265734265734,,,-0.116111888111888,0.1807552447552447,-0.3776223776223776,-0.4349650349650349,0.0096740417008102,-0.4865358840014622,1167.0,601.0,2.0202020202020203,-0.0067416856720382,-0.0091564230382318,-0.0010368783810156
2018-04-20,1370.0,1415.0,1361.0,1387.0,90900.0,1387.0,1489.8,1600.3,1584.32,1182.3333333333333,796.845,False,False,False,False,False,False,False,True,False,True,False,-0.0749819754866618,-0.1542898341744772,,,-0.1422638788752703,0.1475606825282384,-0.2847873107426099,-0.4217736121124729,0.0091457569777276,-0.4786602512028994,1227.0,602.0,0.505,-0.0073974954554635,-0.0006558097834252,-0.0005282847230826
2018-04-23,1405.0,1405.0,1313.0,1327.0,84500.0,1327.0,1436.0,1559.9,1569.44,1192.253333333333,800.56,False,False,False,False,False,False,False,True,False,True,False,-0.0482290881688018,-0.1273549359457422,,,-0.1826978146194424,0.1015423260487316,-0.3134890730972117,-0.3978899773926149,0.0083203793377245,-0.4722738637092121,1200.0,598.0,0.9295929592959296,-0.0094810887960035,-0.00208359334054,-0.000825377640003
2018-04-24,1335.0,1360.0,1298.0,1300.0,55900.0,1300.0,1388.0,1515.4,1562.68,1201.84,804.085,False,False,False,False,False,False,False,True,False,False,False,-0.0115384615384615,-0.1384615384615384,,,-0.2020615384615385,0.0755076923076923,-0.2923076923076923,-0.4423076923076923,0.0079766580132686,-0.4660815626237297,1157.0,601.0,0.6615384615384615,-0.0043259016561292,0.0051551871398743,-0.0003437213244558
2018-04-25,1291.0,1331.0,1274.0,1317.0,51800.0,1317.0,1352.2,1473.6,1556.32,1211.6133333333332,807.72,False,False,False,False,False,False,False,True,False,False,False,-0.1359149582384206,-0.105542900531511,,,-0.1817160212604403,0.0800202480384713,-0.3242217160212604,-0.3356112376613515,0.0080663798131416,-0.449714983713355,1128.0,600.0,0.9266547406082288,-0.0040865631746685,0.0002393384814606,8.972179987302119e-05
2018-04-26,1311.0,1318.0,1287.0,1295.0,33800.0,1295.0,1325.2,1426.0,1549.44,1221.08,811.26,False,False,False,False,False,False,False,True,False,True,False,-0.0872586872586872,-0.2277992277992278,,,-0.1964787644787645,0.0570810810810811,-0.3405405405405405,-0.2084942084942085,0.0077526997958092,-0.4183029453015428,1200.0,700.0,0.6525096525096525,-0.0044403139198677,-0.0003537507451992,-0.0003136800173324
2018-04-27,1306.0,1312.0,1277.0,1283.0,35500.0,1283.0,1304.4,1397.1,1544.2,1230.32,814.68,False,False,False,False,False,False,False,True,False,False,False,-0.0857365549493374,-0.2151208106001559,,,-0.2035853468433359,0.0410600155884645,-0.3226812159002338,-0.2252533125487139,0.0075102412380518,-0.3943167990838164,1177.0,850.0,1.0502958579881656,-0.0033933428312394,0.0010469710886282,-0.0002424585577573
2018-05-01,1253.0,1274.0,1220.0,1263.0,43600.0,1263.0,1291.6,1363.8,1535.12,1239.0533333333333,818.05,False,False,False,False,False,False,False,True,False,True,False,-0.0831353919239905,-0.1979414093428345,,,-0.2154552652414884,0.0189601477962523,-0.2992874109263658,-0.2090261282660332,0.0070483917829741,-0.3657427775333626,1194.0,1000.0,1.228169014084507,-0.0059148470477878,-0.0025215042165484,-0.0004618494550777
2018-05-02,1259.0,1309.0,1258.0,1285.0,26700.0,1285.0,1288.6,1338.3,1524.96,1248.1333333333334,821.545,False,False,False,False,False,False,False,True,False,True,False,-0.1284046692607003,-0.2155642023346303,,,-0.1867392996108949,0.0286900129701685,-0.2918287937743191,-0.1875486381322957,0.007274863796603,-0.3363969214675334,1144.0,1600.0,0.6123853211009175,-0.0066624698352742,-0.0007476227874863,0.0002264720136289
2018-05-07,1271.0,1276.0,1126.0,1138.0,106400.0,1138.0,1252.8,1302.5,1506.88,1255.1333333333334,824.295,False,False,False,False,False,False,False,True,False,True,False,0.0351493848857645,-0.1054481546572935,,,-0.3241476274165203,-0.1029291154071471,-0.0685413005272407,-0.1212653778558875,0.0055770967227917,-0.3035700575815739,1300.0,1306.0,3.98501872659176,-0.0119983011255043,-0.00533583129023,-0.0016977670738113
2018-05-08,1149.0,1227.0,1139.0,1182.0,59100.0,1182.0,1230.2,1277.7,1492.6,1262.6533333333334,827.29,False,False,False,False,False,False,False,True,False,False,False,-0.1539763113367174,-0.1192893401015228,,,-0.2627749576988155,-0.068234630569656,-0.0761421319796954,-0.1573604060913705,0.005955712309528,-0.2753384988651484,1236.0,1201.0,0.5554511278195489,-0.0095671981776766,0.0024311029478276,0.0003786155867363
2018-05-09,1201.0,1201.0,1146.0,1173.0,40000.0,1173.0,1208.2,1256.3,1475.76,1270.2666666666669,830.22,False,False,False,False,False,False,False,True,False,True,False,-0.1415174765558397,-0.1389599317988064,,,-0.2581074168797954,-0.0829212844558115,-0.0451832907075873,-0.1611253196930946,0.0059934921801197,-0.248507522088673,1260.0,1227.0,0.676818950930626,-0.0114110695506043,-0.0018438713729277,3.777987059168722e-05
2018-05-10,1160.0,1200.0,1149.0,1158.0,25200.0,1158.0,1187.2,1239.4,1459.08,1277.72,833.08,False,False,False,False,False,False,False,True,False,True,False,-0.1252158894645941,-0.1424870466321243,,,-0.2599999999999999,-0.1033851468048359,-0.1070811744386874,-0.121761658031088,0.005833307245197,-0.2206712925609166,1331.0,1166.0,0.63,-0.0114318611727938,-2.0791622189479664e-05,-0.0001601849349227
2018-05-11,1158.0,1161.0,1110.0,1120.0,42600.0,1120.0,1154.2,1221.4,1438.28,1284.64,835.79,False,False,False,False,False,False,False,True,False,True,False,-0.1,-0.1178571428571428,,,-0.2841785714285714,-0.1470000000000001,-0.0946428571428571,-0.0803571428571428,0.0053867231286586,-0.1842148354347471,1250.0,1060.0,1.6904761904761905,-0.0144617181633617,-0.0030298569905679,-0.0004465841165383
2018-05-14,1122.0,1190.0,1122.0,1178.0,55200.0,1178.0,1162.2,1207.5,1419.96,1292.3466666666666,838.82,False,False,False,False,False,False,False,True,False,False,False,-0.1358234295415959,-0.2011884550084889,,,-0.2053989813242784,-0.0970684776457271,-0.1485568760611205,-0.1366723259762309,0.0059633122175678,-0.1630641821946169,1399.0,1190.0,1.295774647887324,-0.012901771880898,0.0015599462824637,0.0005765890889092
2018-05-15,1028.0,1040.0,985.0,1000.0,159700.0,1000.0,1125.8,1178.0,1392.8,1297.6666666666667,841.045,False,False,False,False,False,False,False,True,False,True,False,0.041,-0.11,,,-0.3927999999999999,-0.2976666666666667,-0.069,0.052,0.0040996660673004,-0.1398132427843803,1699.0,997.0,2.8931159420289854,-0.0195002871912694,-0.0065985153103714,-0.0018636461502674
2018-05-16,1010.0,1018.0,994.0,1007.0,53000.0,1007.0,1092.6,1150.4,1361.16,1303.0666666666666,843.28,False,False,False,False,False,False,False,True,False,True,False,0.0029791459781529,-0.0148957298907646,,,-0.3516981132075472,-0.2940086064217146,-0.0496524329692154,0.0446871896722939,0.0041440703980352,-0.11413421418637,1680.0,988.0,0.3318722604884158,-0.0232448793675981,-0.0037445921763286,4.440433073489049e-05
2018-05-17,1000.0,1017.0,1000.0,1013.0,27400.0,1013.0,1063.6,1125.4,1332.44,1308.6,845.56,False,False,False,False,False,False,False,True,False,False,False,-0.0197433366238894,-0.1006910167818361,,,-0.3153405725567621,-0.2918065153010858,-0.0138203356367226,0.0207305034550839,0.0042284375159202,-0.0913452994490848,1699.0,1034.0,0.5169811320754717,-0.0215544414757887,0.0016904378918093,8.43671178850005e-05
2018-05-18,1013.0,1015.0,1003.0,1008.0,20100.0,1008.0,1041.2,1097.7,1302.96,1314.0266666666666,847.815,False,False,True,False,False,False,False,True,False,True,False,-0.0198412698412698,-0.0873015873015873,,,-0.2926190476190476,-0.3035978835978836,-0.0148809523809523,0.0019841269841269,0.0041297994967124,-0.0715131638881297,1469.0,1085.0,0.7335766423357665,-0.0226254067661325,-0.0010709652903437,-9.863801920785304e-05
2018-05-21,1001.0,1040.0,1001.0,1018.0,29300.0,1018.0,1009.2,1085.7,1274.28,1319.6,850.1,False,False,False,False,False,False,False,True,False,False,False,-0.0756385068762279,-0.1257367387033398,,,-0.2517485265225933,-0.2962671905697445,-0.0648330058939096,-0.024557956777996,0.0042235020713346,-0.0618955512572534,1476.0,1144.0,1.4577114427860696,-0.0225068273848762,0.0001185793812562,9.370257462225102e-05
2018-05-22,1023.0,1072.0,1018.0,1041.0,58800.0,1041.0,1017.4,1071.6,1245.08,1324.1466666666668,852.435,False,False,False,False,False,False,False,True,False,True,False,-0.1450528338136407,-0.1796349663784822,,,-0.1960422670509125,-0.2719948767211016,-0.1104707012487992,-0.0451488952929875,0.0034336579029514,-0.0497387084733109,1467.0,1167.0,2.006825938566553,-0.0234523082854114,-0.0009454809005352,-0.0007898441683832
2018-05-23,1032.0,1048.0,1003.0,1010.0,47500.0,1010.0,1018.0,1055.3,1222.6,1326.28,854.64,False,False,False,False,False,False,False,True,False,False,False,-0.0178217821782178,-0.1396039603960396,,,-0.2104950495049504,-0.3131485148514851,-0.0702970297029703,-0.0356435643564356,0.0016085090126769,-0.0360087179001231,1414.0,1227.0,0.8078231292517006,-0.0183870440045804,0.005065264280831,-0.0018251488902745
2018-05-24,1008.0,1008.0,980.0,993.0,29200.0,993.0,1014.0,1038.8,1198.48,1326.1866666666667,856.805,False,False,False,False,False,False,False,False,False,True,False,-0.0825780463242698,-0.1087613293051359,,,-0.2069284994964753,-0.3355354145686472,-0.1047331319234642,-0.0120845921450151,-7.037722190937055e-05,-0.0241624951867538,1490.0,1200.0,0.6147368421052631,-0.0201254922902342,-0.0017384482856537,-0.0016788862345863
2018-05-25,993.0,1025.0,978.0,988.0,23800.0,988.0,1010.0,1025.6,1176.4,1318.0266666666666,859.015,False,False,False,False,False,False,False,False,False,False,False,-0.068825910931174,-0.0789473684210526,,,-0.1906882591093118,-0.3340350877192982,-0.1103238866396761,-0.0030364372469635,-0.0061910735240562,-0.0159906396255848,1539.0,1157.0,0.815068493150685,-0.0187691261475687,0.0013563661426654,-0.0061206963021468
2018-05-28,954.0,970.0,931.0,941.0,62100.0,941.0,994.6,1001.9,1154.2,1313.16,861.03,False,False,False,False,False,False,False,False,False,True,False,-0.0541976620616365,0.1264612114771519,,,-0.226567481402763,-0.3954941551540915,-0.0680127523910733,0.0201912858660998,-0.0037060728827154,0.0015969657650464,1590.0,1128.0,2.609243697478992,-0.0192341015421937,-0.0004649753946249,0.0024850006413408
2018-05-29,928.0,928.0,883.0,890.0,52000.0,890.0,964.4,990.9,1132.6,1309.013333333333,862.885,False,False,False,False,False,False,False,False,False,False,False,-0.0404494382022471,0.2269662921348314,,,-0.2725842696629212,-0.4708014981273405,-0.0629213483146067,0.0606741573033707,-0.0031677803129076,0.0018165304268847,1539.0,1200.0,0.8373590982286635,-0.0190711636941551,0.0001629378480386,0.0005382925698077
2018-05-30,898.0,1036.0,891.0,992.0,188600.0,992.0,960.8,989.4,1116.8,1305.88,865.195,False,False,False,False,False,False,False,False,False,False,False,-0.1239919354838709,0.1290322580645161,,,-0.1258064516129032,-0.3164112903225807,-0.1723790322580645,-0.0735887096774193,-0.002399403722649,-0.0101071356377602,1594.0,1177.0,3.626923076923077,-0.014147564469914,0.0049235992242411,0.0007683765902585
2018-05-31,981.0,991.0,902.0,911.0,88000.0,911.0,944.4,979.2,1100.16,1302.48,867.015,False,False,False,False,False,False,False,False,False,True,False,-0.0285400658616904,0.1350164654226125,,,-0.2076399560922064,-0.4297255762897914,-0.1602634467618002,0.0175631174533479,-0.002610404766292,-0.0107230392156862,1575.0,1194.0,0.4665959703075291,-0.0151250727166956,-0.0009775082467816,-0.0002110010436429
2018-06-01,911.0,937.0,902.0,920.0,40700.0,920.0,930.8,970.4,1084.96,1300.6133333333332,868.915,False,False,False,False,False,False,False,False,False,False,False,-0.0108695652173913,0.1021739130434782,,,-0.179304347826087,-0.4137101449275361,-0.108695652173913,0.0163043478260869,-0.0014352203063171,-0.0094806265457542,1640.0,1144.0,0.4625,-0.0140097330777171,0.0011153396389784,0.0011751844599749
2018-06-04,912.0,924.0,887.0,890.0,50200.0,890.0,920.6,957.6,1067.88,1296.6133333333332,870.71,False,False,False,False,False,False,False,False,False,True,False,0.1910112359550561,0.1269662921348314,,,-0.1998651685393259,-0.4568689138576778,-0.049438202247191,0.0674157303370786,-0.0030849597926907,-0.0007309941520468,1636.0,1300.0,1.2334152334152335,-0.015994306476383,-0.0019845733986658,-0.0016497394863735
2018-06-05,878.0,882.0,852.0,854.0,32600.0,854.0,913.4,938.9,1050.24,1294.7066666666667,872.335,False,False,False,False,False,False,False,False,False,True,False,0.2786885245901639,0.0901639344262295,,,-0.2297892271662763,-0.5160499609679938,0.0128805620608899,0.094847775175644,-0.0014726630485153,0.0128874214506337,1679.0,1236.0,0.649402390438247,-0.0167961608775138,-0.0008018544011307,0.0016122967441753
2018-06-06,848.0,874.0,846.0,869.0,23500.0,869.0,888.8,924.8,1033.68,1293.12,874.055,False,False,False,False,False,False,False,False,False,False,False,0.288837744533947,0.1012658227848101,,,-0.1895051783659379,-0.488055235903337,-0.0184119677790563,0.0886075949367088,-0.0012270065165389,0.02530276816609,1798.0,1260.0,0.7208588957055214,-0.0160204318551195,0.0007757290223942,0.0002456565319764
2018-06-07,861.0,902.0,860.0,885.0,26900.0,885.0,883.6,914.0,1018.56,1291.1333333333334,875.89,False,False,False,False,False,False,False,False,False,False,False,0.1683615819209039,0.1288135593220339,,,-0.150915254237288,-0.4589077212806027,-0.0282485875706214,0.0757062146892655,-0.0015386998502605,0.0342450765864332,1731.0,1331.0,1.1446808510638298,-0.0148444863336476,0.0011759455214718,-0.0003116933337216
2018-06-08,885.0,926.0,882.0,910.0,33800.0,910.0,881.6,906.2,1003.56,1288.8,877.87,False,False,False,False,False,False,False,False,False,True,False,0.1142857142857142,0.0912087912087912,,,-0.1028131868131867,-0.4162637362637362,-0.0395604395604395,0.0186813186813186,-0.0018104696875647,0.0367468549988964,1745.0,1250.0,1.2565055762081785,-0.0149467894296305,-0.0001023030959828,-0.0002717698373041
2018-06-11,909.0,1060.0,908.0,1060.0,489200.0,1060.0,915.6,918.1,1000.44,1287.68,880.585,False,False,False,False,True,False,False,False,False,False,True,-0.0537735849056603,-0.1018867924528302,,,0.0561886792452829,-0.2147924528301887,-0.1971698113207547,-0.1292452830188679,-0.0008697813121271,0.019278945648622,1735.0,1399.0,14.47337278106509,-0.0031186278037662,0.0118281616258642,0.0009406883754376
2018-06-12,1110.0,1280.0,1045.0,1092.0,1170700.0,1092.0,963.2,938.3,996.84,1286.68,883.43,False,False,False,False,False,False,False,False,False,True,False,-0.1474358974358974,-0.152014652014652,,,0.0871428571428571,-0.1782783882783883,-0.1987179487179487,-0.1318681318681318,-0.0007771940187148,-0.0022380901630607,1771.0,1699.0,2.393090760425184,-0.0036114120621163,-0.00049278425835,9.258729341231982e-05
2018-06-13,1060.0,1160.0,1031.0,1120.0,170900.0,1120.0,1013.4,951.1,994.72,1285.253333333333,886.46,False,False,False,False,False,False,False,False,False,False,False,-0.1455357142857143,-0.1616071428571428,,,0.1118571428571428,-0.1475476190476188,-0.2214285714285714,-0.1580357142857142,-0.0011100275950787,-0.013142676900431,1572.0,1680.0,0.1459810369864183,-0.002131253015924,0.0014801590461922,-0.0003328335763639
2018-06-14,1076.0,1100.0,1006.0,1034.0,95400.0,1034.0,1043.2,963.4,989.76,1283.04,888.97,False,False,False,False,False,False,False,False,False,True,False,-0.0338491295938104,-0.1402321083172147,,,0.0427852998065764,-0.2408510638297872,-0.1653771760154739,-0.0996131528046421,-0.001725069626304,-0.0253269669919036,1596.0,1699.0,0.5582211819777648,-0.0050113158745554,-0.0028800628586314,-0.0006150420312252
2018-06-15,1035.0,1040.0,1001.0,1014.0,49300.0,1014.0,1064.0,972.8,985.52,1281.1333333333334,891.41,False,False,False,False,False,False,False,False,False,False,False,-0.0207100591715976,-0.1331360946745562,,,0.0280867850098619,-0.2634451019066405,-0.1400394477317554,-0.0946745562130177,-0.0014882655981681,-0.0364925986842105,1540.0,1469.0,0.5167714884696016,-0.0043022972643883,0.0007090186101671,0.0002368040281358
2018-06-18,1009.0,1027.0,990.0,1003.0,41100.0,1003.0,1052.6,984.1,978.52,1279.4666666666667,893.815,False,False,False,False,False,False,False,False,False,True,False,-0.0508474576271186,-0.1256231306081754,,,0.0244067796610169,-0.2756397474243935,-0.1046859421734795,-0.0887337986041874,-0.0013026260942059,-0.0512143074890762,1496.0,1476.0,0.8336713995943205,-0.0071536606303396,-0.0028513633659513,0.0001856395039621
2018-06-19,990.0,1017.0,927.0,931.0,68500.0,931.0,1020.4,991.8,975.76,1275.88,895.86,False,False,False,False,False,True,False,False,False,False,False,-0.0053705692803437,-0.1041890440386681,,,-0.0480773361976369,-0.3704403866809883,-0.0204081632653061,-0.0440386680988184,-0.0028111316633747,-0.0631175640250049,1430.0,1467.0,1.6666666666666667,-0.0028285644010822,0.0043250962292574,-0.0015085055691687
2018-06-20,921.0,998.0,909.0,957.0,44200.0,957.0,987.8,1000.6,973.76,1272.9466666666667,898.035,False,False,False,False,False,False,False,False,False,False,False,-0.018808777429467,-0.1421107628004179,,,-0.0175130616509926,-0.3301428073841867,-0.0731452455590386,-0.1107628004179728,-0.0023043646761844,-0.080851489106536,1387.0,1414.0,0.6452554744525547,-0.0020538941833716,0.0007746702177105,0.0005067669871903
2018-06-21,958.0,1015.0,957.0,999.0,24200.0,999.0,980.8,1012.0,973.2,1270.3466666666666,900.455,False,False,False,False,False,False,False,False,False,False,False,-0.1101101101101101,-0.2342342342342342,,,0.0258258258258257,-0.2716182849516182,-0.0890890890890891,-0.1361361361361361,-0.0020466854192032,-0.1,1327.0,1490.0,0.5475113122171946,-0.0005754212905876,0.0014784728927839,0.0002576792569811
2018-06-22,958.0,998.0,957.0,993.0,10100.0,993.0,976.6,1020.3,972.6,1268.3333333333333,902.77,False,False,False,False,False,False,False,False,False,True,False,-0.1148036253776435,-0.1742195367573011,,,0.0205438066465256,-0.2772742531050687,-0.1278952668680765,-0.1711983887210473,-0.0015873850197108,-0.1175144565323924,1300.0,1539.0,0.4173553719008264,-0.000616903146206,-4.148185561837336e-05,0.0004593003994923
2018-06-25,975.0,994.0,951.0,952.0,15100.0,952.0,966.4,1009.5,969.96,1263.6933333333334,904.91,False,False,False,False,False,False,False,False,False,True,False,-0.078781512605042,-0.111344537815126,,,-0.0188655462184874,-0.3274089635854342,-0.0997899159663865,-0.1123949579831932,-0.0036717769078994,-0.1157999009410599,1317.0,1590.0,1.495049504950495,-0.0027217617221328,-0.0021048585759267,-0.0020843918881885
2018-06-26,950.0,965.0,920.0,926.0,13500.0,926.0,965.4,992.9,965.36,1259.56,906.94,False,False,False,False,False,False,False,False,False,True,False,-0.0993520518358531,-0.0658747300215982,,,-0.0425053995680345,-0.3602159827213822,-0.0939524838012959,-0.0993520518358531,-0.0032815692252321,-0.1124987410615368,1295.0,1539.0,0.8940397350993378,-0.004765061738626,-0.0020433000164931,0.0003902076826673
2018-06-27,936.0,962.0,923.0,939.0,9200.0,939.0,961.8,974.8,962.52,1255.28,908.99,False,False,False,False,False,False,False,False,False,False,False,-0.1256656017039403,-0.0915867944621938,,,-0.0250479233226836,-0.3368264110756123,-0.1192758253461128,-0.1235356762513312,-0.003409597858645,-0.1083299138284775,1283.0,1594.0,0.6814814814814815,-0.002950588039729,0.0018144736988969,-0.0001280286334128
2018-06-28,937.0,939.0,886.0,889.0,22600.0,889.0,939.8,960.3,958.36,1249.3866666666668,910.685,False,False,False,False,False,False,False,False,False,True,False,-0.139482564679415,-0.0326209223847019,,,-0.0780202474690663,-0.4053843269591302,-0.0877390326209223,-0.0404949381327334,-0.0047169811320753,-0.1029886493804019,1263.0,1575.0,2.4565217391304346,-0.0043407487791643,-0.0013901607394352,-0.0013073832734303
2018-06-29,900.0,900.0,870.0,879.0,10700.0,879.0,917.0,946.8,954.0,1244.44,912.37,False,False,False,False,False,False,False,False,False,True,False,-0.0671217292377702,-0.005688282138794,,,-0.0853242320819112,-0.4157451649601821,-0.0750853242320819,-0.0489192263936291,-0.0039750141964793,-0.0988593155893535,1285.0,1640.0,0.4734513274336283,-0.0045702306079664,-0.000229481828802,0.000741966935596
2018-07-02,883.0,898.0,870.0,877.0,9000.0,877.0,902.0,934.2,951.44,1237.48,913.97,False,False,False,False,False,False,False,False,False,False,False,-0.0353477765108323,-0.0296465222348916,,,-0.0848802736602053,-0.4110376282782212,-0.0763968072976054,0.0775370581527936,-0.0056243333225587,-0.0833868550631557,1138.0,1636.0,0.8411214953271028,-0.0026906583704699,0.0018795722374965,-0.0016493191260794
2018-07-03,872.0,878.0,830.0,834.0,19400.0,834.0,883.6,924.5,949.2,1225.9466666666667,915.51,False,False,False,False,False,False,False,False,False,False,False,0.0371702637889688,0.0491606714628297,,,-0.1381294964028777,-0.4699600319744205,-0.0311750599520383,0.1354916067146283,-0.0094076958214603,-0.067604110329908,1182.0,1679.0,2.1555555555555554,-0.0023598820058997,0.0003307763645702,-0.0037833624989016
2018-07-04,834.0,839.0,816.0,821.0,11500.0,821.0,860.0,910.9,942.36,1214.493333333333,916.96,False,False,False,False,False,False,False,False,False,True,False,0.0389768574908648,0.0621193666260657,,,-0.1478197320341047,-0.4792854242793338,-0.0231425091352009,0.1278928136419001,-0.0094305444245613,-0.0454495553847842,1173.0,1798.0,0.5927835051546392,-0.0072583725964599,-0.0048984905905602,-2.2848603100960457e-05
2018-07-05,806.0,818.0,756.0,765.0,37400.0,765.0,835.2,887.5,936.52,1202.04,918.105,False,False,False,False,False,False,False,False,False,False,False,0.1241830065359477,0.1281045751633986,,,-0.2242091503267973,-0.5712941176470587,0.0444444444444444,0.2222222222222222,-0.0103601654964336,-0.0121690140845069,1158.0,1731.0,3.252173913043478,-0.0062358518771622,0.0010225207192976,-0.0009296210718723
2018-07-06,795.0,837.0,789.0,820.0,37500.0,820.0,823.4,870.2,932.52,1193.3866666666668,919.485,False,False,False,False,False,False,False,False,False,False,False,0.0658536585365853,0.0634146341463414,,,-0.1372195121951219,-0.455349593495935,-0.1158536585365853,0.0658536585365853,-0.0072510725777617,0.0133302689037001,1120.0,1745.0,1.002673796791444,-0.0042894522369493,0.0019463996402129,0.0031090929186719
2018-07-09,831.0,849.0,825.0,846.0,20900.0,846.0,817.2,859.6,930.76,1184.986666666667,920.975,False,False,False,False,False,False,False,False,False,False,False,0.0059101654846335,0.0614657210401891,,,-0.1001891252955082,-0.4006934594168639,0.0342789598108747,0.0130023640661938,-0.0070886873551318,0.0272219637040483,1178.0,1735.0,0.5573333333333333,-0.0018909278439124,0.0023985243930368,0.0001623852226299
2018-07-10,843.0,885.0,841.0,865.0,19300.0,865.0,823.4,853.5,931.2,1176.96,922.555,False,False,False,False,False,False,True,False,False,False,False,0.0115606936416184,0.0543352601156069,,,-0.0765317919075145,-0.3606473988439306,0.1849710982658959,-0.0578034682080924,-0.0068198296175459,0.0323374340949033,1000.0,1771.0,0.9234449760765552,0.0004725085910653,0.0023634364349778,0.0002688577375859
2018-07-11,865.0,868.0,840.0,853.0,7300.0,853.0,829.8,844.9,930.56,1169.48,924.105,False,False,False,False,False,False,False,False,False,True,False,0.022274325908558,0.0398593200468933,,,-0.0909261430246189,-0.3710199296600234,0.1652989449003517,-0.0328253223915592,-0.0063960050620788,0.0430820215410107,1007.0,1572.0,0.3782383419689119,-0.000687757909216,-0.0011602665002814,0.000423824555467
2018-07-12,847.0,880.0,846.0,860.0,5400.0,860.0,848.8,842.0,929.56,1161.08,925.67,False,False,False,False,False,False,False,False,False,True,False,0.0034883720930232,0.0581395348837209,,,-0.0808837209302325,-0.3500930232558139,0.1616279069767441,-0.0151162790697674,-0.0072346436076756,0.0459619952494062,1013.0,1596.0,0.7397260273972602,-0.0010757777873402,-0.0003880198781241,-0.0008386385455968
2018-07-13,859.0,890.0,859.0,874.0,15200.0,874.0,859.6,841.5,928.12,1152.2133333333334,927.23,False,False,False,False,False,False,False,False,False,True,False,-0.0022883295194508,-0.0091533180778032,,,-0.0619221967963386,-0.3183218916857361,0.1945080091533181,0.0011441647597254,-0.0076953341973707,0.0512180629827688,1008.0,1540.0,2.814814814814815,-0.0015515235098908,-0.0004757457225506,-0.000460690589695
2018-07-17,880.0,880.0,851.0,851.0,9500.0,851.0,860.6,838.9,919.76,1142.36,928.65,False,False,False,False,False,False,False,False,False,True,False,0.0552291421856639,0.0070505287896592,,,-0.0807990599294947,-0.3423736780258518,0.1750881316098707,0.044653349001175,-0.0086254187238116,0.0478006913815711,1018.0,1496.0,0.625,-0.0090893276506915,-0.0075378041408006,-0.0009300845264408
2018-07-18,877.0,895.0,856.0,875.0,10800.0,875.0,862.6,843.0,911.08,1133.506666666667,930.2,False,False,False,False,False,False,False,False,False,True,True,0.0422857142857142,-0.0411428571428571,,,-0.0412342857142857,-0.2954361904761907,0.1382857142857143,0.048,-0.0078105701480947,0.0391459074733096,1041.0,1430.0,1.136842105263158,-0.0095271545857662,-0.0004378269350747,0.0008148485757169
2018-07-19,871.0,886.0,869.0,872.0,6600.0,872.0,866.4,848.1,901.16,1123.88,931.74,False,False,False,False,False,False,False,False,False,True,False,0.0172018348623853,-0.0516055045871559,,,-0.033440366972477,-0.2888532110091744,0.128440366972477,0.040137614678899,-0.0085655645323938,0.0306567621742719,1010.0,1387.0,0.6111111111111112,-0.0110080340893959,-0.0014808795036296,-0.0007549943842991
2018-07-20,861.0,874.0,856.0,863.0,7300.0,863.0,867.0,857.9,894.32,1114.3866666666668,933.175,False,False,False,False,False,False,False,False,False,False,False,0.0544611819235225,-0.0602549246813441,,,-0.0362920046349942,-0.2912939358825803,0.1784472769409038,0.0521436848203939,-0.0085188863231194,0.0157360997785289,993.0,1327.0,1.106060606060606,-0.0076482690759458,0.00335976501345,4.66782092743822e-05
2018-07-23,878.0,879.0,856.0,872.0,8200.0,872.0,866.6,863.1,888.64,1104.1466666666668,934.725,False,False,False,False,False,False,False,False,False,False,False,-0.0068807339449541,-0.0676605504587156,,,-0.0190825688073394,-0.2662232415902141,0.1811926605504587,0.055045871559633,-0.0092741302483969,0.0149461244351755,988.0,1300.0,1.1232876712328768,-0.0063917897011163,0.0012564793748294,-0.0007552439252775
2018-07-24,873.0,908.0,872.0,898.0,24000.0,898.0,876.0,868.3,884.44,1094.3066666666666,936.42,False,False,False,False,True,False,False,False,False,False,False,-0.0456570155902004,-0.0979955456570155,,,0.0151002227171491,-0.2186043058648848,0.1325167037861915,0.0222717149220489,-0.0089919949313417,0.0158931244961419,941.0,1317.0,2.926829268292683,-0.0047487675817465,0.0016430221193698,0.0002821353170552
2018-07-25,910.0,913.0,894.0,912.0,11800.0,912.0,883.4,873.0,883.68,1084.08,938.22,False,False,False,False,False,False,False,False,False,False,False,-0.0800438596491228,-0.1140350877192982,,,0.0310526315789474,-0.1886842105263157,0.1535087719298245,0.0800438596491228,-0.0094334981428185,0.0298969072164948,890.0,1295.0,0.4916666666666666,-0.0008600398334239,0.0038887277483225,-0.0004415032114767
2018-07-26,925.0,925.0,887.0,887.0,14500.0,887.0,886.4,876.4,880.88,1071.9333333333334,939.895,False,False,False,False,False,False,False,False,False,True,False,-0.0676437429537767,-0.0958286358511837,,,0.0068996617812852,-0.2084930477264187,0.1860202931228861,0.0822998872604284,-0.0113315504695564,0.0413053400273848,992.0,1283.0,1.228813559322034,-0.0031786395422758,-0.0023185997088518,-0.0018980523267379
2018-07-27,888.0,911.0,888.0,910.0,6800.0,910.0,895.8,881.4,877.32,1060.986666666667,941.69,False,False,False,False,False,False,False,False,False,True,False,-0.1087912087912088,-0.1219780219780219,,,0.0359120879120878,-0.1659194139194141,0.1362637362637362,0.0043956043956043,-0.0103174403699699,0.0429997730882686,911.0,1263.0,0.4689655172413793,-0.0040578124287602,-0.0008791728864843,0.0010141100995865
2018-07-30,902.0,902.0,858.0,866.0,14800.0,866.0,894.6,880.6,872.24,1049.2666666666669,943.26,False,False,False,False,False,True,False,False,False,True,False,-0.0612009237875288,-0.1628175519630485,,,-0.0072055427251732,-0.2116243264049271,0.1662817551963048,0.0542725173210161,-0.0111697058262914,0.0482625482625482,920.0,1285.0,2.176470588235294,-0.0058240851141888,-0.0017662726854285,-0.0008522654563214
2018-07-31,881.0,881.0,852.0,857.0,6000.0,857.0,886.4,881.2,868.44,1037.56,944.765,False,False,False,False,False,False,False,False,False,False,False,-0.0548424737456242,0.0210035005834305,,,-0.0133488914819137,-0.210688448074679,0.1586931155192532,0.0630105017502917,-0.0112828816325484,0.0500453926463911,890.0,1138.0,0.4054054054054054,-0.0043756621067661,0.0014484230074226,-0.000113175806257
2018-08-01,851.0,865.0,837.0,839.0,9000.0,839.0,871.8,877.6,864.96,1025.1333333333334,946.2,False,False,False,False,False,False,False,False,False,False,False,-0.0369487485101311,0.2216924910607866,,,-0.0309415971394517,-0.2218514104092174,0.1847437425506555,0.2646007151370679,-0.0121220003901929,0.0707611668185961,854.0,1182.0,1.5,-0.004023307436182,0.000352354670584,-0.0008391187576445
2018-08-02,830.0,832.0,810.0,827.0,9300.0,827.0,859.8,873.1,860.48,1015.2,947.57,False,False,False,False,False,False,False,False,False,True,False,-0.030229746070133,0.2019347037484885,,,-0.0404836759371221,-0.2275695284159613,0.1777509068923821,0.3192261185006046,-0.0097846073023378,0.0973542549536135,869.0,1173.0,1.0333333333333334,-0.0052063964298996,-0.0011830889937175,0.0023373930878551
2018-08-03,827.0,842.0,805.0,811.0,4500.0,811.0,840.0,867.9,857.36,1004.7333333333332,948.87,False,False,False,False,False,False,False,False,False,False,False,-0.0147965474722564,0.2318125770653514,,,-0.0571639950678175,-0.2388820386354294,0.2096177558569667,0.4562268803945746,-0.0104173578395595,0.135384260859546,885.0,1158.0,0.4838709677419355,-0.0036390781002146,0.0015673183296849,-0.0006327505372217
2018-08-06,802.0,815.0,801.0,813.0,2700.0,813.0,829.4,862.0,854.72,995.04,950.19,False,False,False,False,False,False,False,False,False,False,False,-0.1082410824108241,0.2841328413284132,,,-0.0513161131611316,-0.2239114391143911,0.2115621156211562,0.4563345633456334,-0.0097416519268906,0.1737819025522041,910.0,1120.0,0.6,-0.0030887308124297,0.0005503472877848,0.0006757059126689
2018-08-07,810.0,833.0,805.0,810.0,6700.0,810.0,820.0,853.2,852.04,985.8933333333332,951.51,False,False,False,False,False,False,False,False,False,True,False,0.0802469135802469,0.2345679012345679,,,-0.0519012345679011,-0.2171522633744854,0.1851851851851851,0.6481481481481481,-0.0092775418571313,0.234763244256915,1060.0,1178.0,2.4814814814814814,-0.0031453922351064,-5.666142267662239e-05,0.0004641100697592
2018-08-08,815.0,830.0,806.0,808.0,5300.0,808.0,813.8,842.8,851.0,977.6,952.805,False,False,False,False,False,False,False,False,False,False,False,0.2685643564356436,0.2326732673267326,,,-0.0532178217821782,-0.2099009900990099,0.1683168316831683,0.5928217821782178,-0.00848336061102,0.2858329378262934,1092.0,1000.0,0.7910447761194029,-0.0012220916568742,0.0019233005782321,0.0007941812461113
2018-08-09,808.0,810.0,802.0,802.0,5200.0,802.0,808.8,834.3,850.24,969.8,954.095,False,False,False,False,False,False,False,False,False,False,False,0.2394014962593516,0.226932668329177,,,-0.0601496259351621,-0.2092269326683291,0.1458852867830423,0.5336658354114713,-0.0080428954423593,0.33129569699149,1120.0,1007.0,0.981132075471698,-0.0008938652615731,0.000328226395301,0.0004404651686607
2018-08-10,802.0,805.0,794.0,799.0,9800.0,799.0,806.4,823.2,851.6,962.76,955.39,False,False,False,False,False,False,True,False,True,False,False,0.2503128911138924,0.2728410513141426,,,-0.0658322903629537,-0.204956195244055,0.1602002503128911,0.5506883604505632,-0.0073123104408159,0.3887269193391642,1034.0,1013.0,1.8846153846153848,0.0015969938938468,0.00249085915542,0.0007305850015433
2018-08-13,784.0,788.0,722.0,725.0,16100.0,725.0,788.8,809.1,847.8,955.0933333333334,956.325,False,False,False,False,False,False,False,False,False,True,False,0.44,0.4206896551724138,,,-0.1693793103448275,-0.3173701149425287,0.2896551724137931,0.7241379310344828,-0.0080271387089568,0.4545791620318873,1014.0,1008.0,1.6428571428571428,-0.004482189195565,-0.0060791830894119,-0.0007148282681409
2018-08-14,875.0,875.0,875.0,875.0,3200.0,875.0,801.8,810.9,848.96,949.2,958.005,False,False,False,False,True,False,True,False,True,False,True,0.1428571428571428,0.1622857142857142,,,0.0297599999999999,-0.0848,0.0857142857142857,0.4262857142857142,-0.0062087371821884,0.4929091133308668,1003.0,1018.0,0.1987577639751552,0.0013663776856389,0.005848566881204,0.0018184015267683
2018-08-15,1025.0,1025.0,1025.0,1025.0,8200.0,1025.0,845.2,829.5,855.36,945.6,960.42,False,False,False,False,False,False,True,False,False,False,False,-0.0282926829268292,0.0263414634146341,,,0.1655024390243902,0.0774634146341463,-0.0878048780487804,0.1853658536585365,-0.0038071065989847,0.4779987944544906,931.0,1041.0,2.5625,0.0074822297044518,0.0061158520188129,0.0024016305832036
2018-08-16,1175.0,1195.0,992.0,994.0,593300.0,994.0,883.6,846.2,861.0,941.7466666666668,962.685,False,False,False,False,False,False,True,False,False,True,False,-0.0100603621730382,0.0583501006036217,,,0.1338028169014084,0.0525687458081823,-0.0482897384305835,0.1509054325955734,-0.0040916877858163,0.4550933585440793,957.0,1010.0,72.35365853658537,0.0065505226480836,-0.0009317070563682,-0.0002845811868315
2018-08-17,979.0,1050.0,943.0,999.0,146400.0,999.0,923.6,865.0,866.56,938.2266666666668,964.91,False,False,False,False,False,False,True,False,False,True,False,0.018018018018018,0.035035035035035,,,0.1325725725725726,0.060834167500834,-0.047047047047047,0.055055055055055,-0.003751758636861,0.4087861271676299,999.0,993.0,0.2467554356986347,0.0064161742983751,-0.0001343483497084,0.0003399291489553
2018-08-20,1040.0,1105.0,1014.0,1044.0,168300.0,1044.0,987.4,888.1,873.36,935.0133333333332,967.33,False,False,False,False,False,False,True,False,False,False,False,-0.0134099616858237,-0.0325670498084291,,,0.1634482758620689,0.1043933588761176,-0.1120689655172413,0.0373563218390804,-0.0034366711348147,0.3607701835378898,993.0,988.0,1.149590163934426,0.0077860218008611,0.0013698475024859,0.0003150875020462
2018-08-21,1031.0,1064.0,993.0,1000.0,84600.0,1000.0,1012.4,907.1,879.32,933.1733333333332,969.03,False,False,False,False,False,False,True,False,False,True,False,0.017,-0.007,,,0.1206799999999999,0.0668266666666668,-0.077,0.198,-0.001971766588558,0.3171645904530922,952.0,941.0,0.5026737967914439,0.0067779647909748,-0.0010080570098862,0.0014649045462566
2018-08-22,970.0,996.0,955.0,996.0,54500.0,996.0,1006.6,925.9,884.16,930.6933333333334,970.21,False,False,False,False,False,False,True,False,False,True,False,0.0562248995983935,-0.002008032128514,,,0.112289156626506,0.0655689424364122,-0.0481927710843373,0.0813253012048192,-0.0026646800951259,0.2677394967059077,926.0,890.0,0.6442080378250591,0.0054741223307997,-0.0013038424601751,-0.0006929135065679
2018-08-23,979.0,996.0,961.0,984.0,28300.0,984.0,1004.6,944.1,888.64,928.1733333333332,971.705,False,False,False,False,False,False,True,False,False,True,False,0.0691056910569105,-0.0101626016260162,,,0.096910569105691,0.0567344173441736,-0.0416666666666666,0.1351626016260162,-0.0027150101274189,0.2313314267556402,939.0,992.0,0.5192660550458715,0.0050414115952466,-0.000432710735553,-5.033003229296595e-05
2018-08-24,988.0,1024.0,979.0,1017.0,44900.0,1017.0,1008.2,965.9,894.8,926.2933333333332,973.41,False,False,False,False,False,False,True,False,False,False,False,0.0167158308751229,-0.0353982300884955,,,0.12015732546706,0.0891904293674206,-0.0845624385447394,0.1229105211406096,-0.0020295946568401,0.1934982917486282,889.0,911.0,1.586572438162544,0.0068842199374161,0.0018428083421694,0.0006854154705787
2018-08-27,1031.0,1045.0,1012.0,1030.0,23000.0,1030.0,1005.4,996.4,901.12,925.0933333333334,975.36,False,False,False,False,False,False,True,False,False,False,False,-0.0194174757281553,-0.0436893203883495,,,0.125126213592233,0.1018511326860841,-0.1087378640776699,0.1961165048543689,-0.0012971664120375,0.1551585708550783,879.0,920.0,0.512249443207127,0.0070134943181818,0.0001292743807657,0.0007324282448026
2018-08-28,1050.0,1075.0,1017.0,1017.0,59000.0,1017.0,1008.8,1010.6,905.88,922.9466666666668,977.41,False,False,False,False,False,False,True,False,False,True,False,-0.023598820058997,-0.0560471976401179,,,0.1092625368731563,0.0924811537200916,-0.1012782694198623,0.2645034414945919,-0.0023258837635976,0.1426875123688896,877.0,890.0,2.565217391304348,0.0052545591027509,-0.0017589352154309,-0.00102871735156
2018-08-29,1023.0,1059.0,1008.0,1052.0,38300.0,1052.0,1020.0,1013.3,911.48,923.64,979.77,False,False,False,False,False,False,True,True,False,False,False,-0.0551330798479087,-0.1026615969581749,,,0.133574144486692,0.1220152091254753,-0.1539923954372623,0.2129277566539923,0.0007506532126512,0.1456626862725749,834.0,854.0,0.6491525423728813,0.0061438539518146,0.0008892948490637,0.0030765369762488
2018-08-30,1064.0,1084.0,1041.0,1052.0,16300.0,1052.0,1033.6,1019.1,918.08,924.24,982.095,False,False,False,False,False,False,True,True,False,False,False,-0.0741444866920152,-0.1264258555133079,,,0.1273003802281368,0.121444866920152,-0.1910646387832699,0.2832699619771863,0.0006491820306414,0.159356294769895,821.0,869.0,0.4255874673629243,0.0071889159986058,0.0010450620467911,-0.0001014711820097
2018-08-31,1022.0,1047.0,1019.0,1034.0,10300.0,1034.0,1037.0,1022.6,923.04,924.52,984.355,False,False,False,False,False,False,True,True,False,True,False,-0.0512572533849129,-0.1034816247582205,,,0.107311411992263,0.1058800773694391,-0.1653771760154739,0.241779497098646,0.000302859862415,0.1778799139448464,765.0,885.0,0.6319018404907976,0.0053735482752642,-0.0018153677233415,-0.0003463221682263
2018-09-03,1032.0,1032.0,1001.0,1010.0,14700.0,1010.0,1033.0,1019.2,928.8,924.5466666666666,986.525,True,True,False,False,False,False,True,True,False,False,False,-0.0247524752475247,-0.0742574257425742,,,0.0803960396039604,0.0846072607260726,-0.1851485148514851,0.2841584158415841,2.884296447986301e-05,0.2028061224489796,820.0,910.0,1.4271844660194175,0.0062015503875968,0.0008280021123326,-0.0002740168979351
2018-09-04,1017.0,1017.0,979.0,993.0,22100.0,993.0,1028.2,1018.5,934.24,924.2133333333334,988.645,False,False,False,False,False,False,True,False,False,True,False,-0.0332326283987915,-0.0433031218529708,,,0.0591742195367572,0.0692715676401476,-0.1490433031218529,0.2870090634441087,-0.0003606670898493,0.2114874815905744,846.0,1060.0,1.5034013605442176,0.0058229148826854,-0.0003786355049114,-0.0003895100543291
2018-09-05,1000.0,1020.0,994.0,994.0,11200.0,994.0,1016.6,1018.3,940.44,923.5866666666668,990.75,False,False,False,False,False,False,True,False,False,False,False,-0.0503018108651911,-0.0593561368209255,,,0.0538832997987927,0.0708383635144197,-0.1609657947686116,0.2706237424547283,-0.0006785141982703,0.2299911617401552,865.0,1092.0,0.5067873303167421,0.0065926587554762,0.0007697438727907,-0.000317847108421
2018-09-06,1006.0,1006.0,970.0,974.0,15200.0,974.0,1001.0,1017.3,946.32,923.1066666666668,992.82,False,False,False,False,False,False,True,False,False,True,False,-0.0564681724845995,-0.028747433264887,,,0.0284188911704311,0.052251882272416,-0.1550308008213552,0.3316221765913758,-0.0005199832449843,0.248894131524624,853.0,1120.0,1.3571428571428572,0.0062135429875729,-0.0003791157679032,0.000158530953286
2018-09-07,970.0,993.0,970.0,981.0,9200.0,981.0,990.4,1013.7,953.12,922.9466666666668,994.92,False,False,False,False,False,False,True,False,False,False,False,-0.055045871559633,-0.0295616717635066,,,0.0284199796126401,0.0591777098199114,-0.1304791029561672,0.3139653414882772,-0.0001733577960445,0.2678307191476768,860.0,1034.0,0.6052631578947368,0.0071344636562027,0.0009209206686298,0.0003466254489398
2018-09-10,993.0,996.0,961.0,985.0,10500.0,985.0,985.4,1009.2,960.0,922.9066666666666,997.03,False,False,False,False,False,False,True,False,False,False,False,-0.0507614213197969,-0.0588832487309644,,,0.0253807106598984,0.0630389170896785,-0.1512690355329949,0.3675126903553299,-4.334132740059413e-05,0.2848791121680539,874.0,1014.0,1.141304347826087,0.0071666666666666,3.2203010463923744e-05,0.0001300164686439
2018-09-11,989.0,989.0,959.0,960.0,17600.0,960.0,978.8,1003.5,966.0,923.16,998.995,False,False,False,False,False,False,True,True,False,True,False,-0.0104166666666666,-0.0385416666666666,,,-0.00625,0.038375,-0.015625,0.4479166666666667,0.0002744197466672,0.30254110612855,851.0,1003.0,1.6761904761904762,0.0062111801242236,-0.000955486542443,0.0003177610740678
2018-09-12,957.0,961.0,944.0,944.0,12600.0,944.0,968.8,992.7,971.44,923.88,1000.86,False,False,False,False,False,False,True,True,False,True,False,-0.0095338983050847,0.0042372881355932,,,-0.0290677966101695,0.0213135593220339,0.0031779661016949,0.3834745762711864,0.0007793219898688,0.3197340586279841,875.0,931.0,0.7159090909090909,0.0055999341184221,-0.0006112460058014,0.0005049022432016
2018-09-13,937.0,941.0,900.0,919.0,23400.0,919.0,957.8,979.4,976.12,922.9066666666666,1002.57,False,False,False,False,False,False,True,False,False,True,False,0.029379760609358,0.0261153427638737,,,-0.0621545157780195,-0.0042509974610083,0.0076169749727965,0.367791077257889,-0.0010546389667427,0.3281600980191954,872.0,957.0,1.8571428571428568,0.0047944924804326,-0.0008054416379895,-0.0018339609566116
2018-09-14,893.0,927.0,893.0,927.0,16900.0,927.0,947.0,968.7,981.24,923.12,1004.29,False,False,False,False,False,False,True,True,False,False,False,0.0269687162891046,0.0043149946062567,,,-0.0585113268608414,0.004185544768069,0.0086299892125134,0.3031283710895361,0.0002311003264292,0.334985031485496,863.0,999.0,0.7222222222222222,0.0052178875708287,0.000423395090396,0.001285739293172
2018-09-18,949.0,950.0,929.0,935.0,6100.0,935.0,937.0,961.2,989.64,923.32,1006.05,False,False,False,False,False,False,True,True,False,False,False,-0.0085561497326203,-0.0181818181818181,,,-0.0584385026737967,0.0124919786096256,-0.0652406417112299,0.2192513368983957,0.0002166096261318,0.3290678318768206,872.0,993.0,0.3609467455621302,0.008487935006669,0.0032700474358403,-1.4490700297412677e-05
2018-09-19,937.0,959.0,937.0,950.0,11700.0,950.0,935.0,956.9,992.64,924.12,1007.87,False,False,False,False,False,False,True,True,False,True,False,-0.0284210526315789,-0.0378947368421052,,,-0.0448842105263157,0.0272421052631578,-0.0978947368421052,0.2273684210526315,0.0008656884387308,0.3233357717629846,898.0,952.0,1.9180327868852456,0.003022243713733,-0.0054656912929359,0.000649078812599
2018-09-20,964.0,964.0,923.0,935.0,12000.0,935.0,933.2,951.0,989.04,925.2,1009.63,False,False,False,False,False,False,False,True,False,True,False,0.013903743315508,-0.0481283422459893,,,-0.0577967914438502,0.0104812834224598,-0.1283422459893048,0.2748663101604278,0.0011673151750973,0.3240799158780232,912.0,926.0,1.0256410256410255,-0.0036398932297986,-0.0066621369435316,0.0003016267363664
2018-09-21,935.0,953.0,935.0,946.0,13900.0,946.0,938.6,948.2,987.12,926.2266666666668,1011.465,False,False,False,False,False,False,False,True,False,False,False,-0.0031712473572938,-0.1004228329809725,,,-0.0434672304439746,0.0209020436927412,-0.127906976744186,0.273784355179704,0.001108439978695,0.3182872811643112,887.0,939.0,1.1583333333333334,-0.0019450522732798,0.0016948409565188,-5.887519640230426e-05
2018-09-25,942.0,952.0,934.0,952.0,4100.0,952.0,943.6,945.3,985.24,927.12,1013.345,False,False,False,False,False,False,False,True,False,False,False,-0.0220588235294117,-0.0934873949579832,,,-0.0349159663865546,0.0261344537815126,-0.1102941176470588,0.2563025210084033,0.0009635573963814,0.3124933883423253,910.0,889.0,0.2949640287769784,-0.0019081645081401,3.688776513965887e-05,-0.0001448825823135
2018-09-26,956.0,971.0,915.0,927.0,38500.0,927.0,942.0,939.5,980.56,927.3466666666668,1015.05,False,False,False,False,False,False,False,True,False,True,False,-0.0097087378640776,-0.1121898597626753,,,-0.0577777777777777,-0.000373966199209,-0.0560949298813376,0.2588996763754045,0.0002444249543501,0.3014369345396488,866.0,879.0,9.390243902439025,-0.0047727828995676,-0.0028646183914275,-0.0007191324420312
2018-09-27,927.0,943.0,920.0,923.0,7700.0,923.0,936.6,935.8,977.48,925.52,1016.58,False,False,False,False,False,False,False,False,False,False,False,-0.0097508125677139,-0.0845070422535211,,,-0.0590249187432286,-0.0027302275189598,-0.0368364030335861,0.2741061755146262,-0.0019736652548478,0.2837144689036119,857.0,877.0,0.2,-0.0031509596104267,0.0016218232891409,-0.002218090209198
2018-09-28,923.0,951.0,923.0,948.0,14100.0,948.0,939.2,936.2,975.56,923.6,1018.325,False,False,False,False,False,False,False,False,False,False,False,-0.0611814345991561,-0.120253164556962,,,-0.0290717299578058,0.0257383966244725,-0.0327004219409282,0.2172995780590717,-0.0020788220008661,0.2669301431318093,839.0,834.0,1.8311688311688312,-0.0019681003731191,0.0011828592373076,-0.0001051567460182
2018-10-01,948.0,950.0,940.0,943.0,4600.0,943.0,938.6,938.6,973.92,921.24,1020.085,False,False,False,False,False,False,False,False,False,False,True,-0.0975609756097561,-0.1272534464475079,,,-0.0327889713679745,0.0230752916224814,-0.0381760339342523,0.2046659597030753,-0.0025617645781772,0.2507990624334114,827.0,821.0,0.3262411347517731,-0.0016839165434532,0.0002841838296658,-0.0004829425773111
2018-10-02,944.0,946.0,915.0,931.0,15600.0,931.0,934.4,939.0,970.48,919.8666666666668,1021.8,False,False,False,False,False,False,False,False,False,True,False,-0.0730397422126745,-0.0837808807733619,,,-0.042406015037594,0.0119584675975652,-0.024704618689581,0.2953813104189044,-0.0014929699956514,0.2500532481363152,811.0,765.0,3.391304347826087,-0.0035446377050531,-0.0018607211615998,0.0010687945825258
2018-10-03,931.0,931.0,910.0,918.0,4100.0,918.0,932.6,937.3,966.0,918.5866666666668,1023.415,False,False,False,False,False,False,False,False,False,True,False,-0.1034858387799564,-0.0893246187363834,,,-0.0522875816993464,-0.0006390704429921,0.0021786492374727,0.3017429193899782,-0.0013934450024675,0.2581884135282193,813.0,820.0,0.2628205128205128,-0.0046376811594203,-0.0010930434543672,9.952499318389268e-05
2018-10-04,916.0,936.0,910.0,914.0,4600.0,914.0,930.8,933.7,961.88,917.4,1024.945,False,False,False,False,False,False,False,False,False,False,False,-0.0754923413566739,0.0339168490153172,,,-0.0523851203501094,-0.0037199124726476,0.0043763676148796,0.299781181619256,-0.0012935106460288,0.2653957373888829,810.0,846.0,1.1219512195121952,-0.0042832785794485,0.0003544025799717,9.993435643871044e-05
2018-10-05,899.0,907.0,879.0,890.0,12300.0,890.0,919.2,929.2,955.4,916.8533333333334,1026.385,False,False,False,False,False,False,False,False,False,True,False,-0.0629213483146067,0.0640449438202247,,,-0.0734831460674157,-0.0301722846441947,0.1067415730337078,0.2775280898876404,-0.0005962422197661,0.2656048213517003,808.0,865.0,2.6739130434782608,-0.006782499476659,-0.0024992208972104,0.0006972684262627
2018-10-09,905.0,905.0,851.0,851.0,12400.0,851.0,900.8,919.7,947.36,915.44,1027.615,False,False,False,False,False,False,False,False,False,True,False,-0.0329024676850763,0.0881316098707403,,,-0.1132314923619271,-0.0757226792009401,0.1280846063454759,0.3983548766157462,-0.0015438841795566,0.277046863107535,802.0,853.0,1.008130081300813,-0.0084867421043742,-0.0017042426277152,-0.0009476419597904
2018-10-10,852.0,883.0,848.0,863.0,9300.0,863.0,887.2,910.8,940.52,913.6266666666668,1028.94,False,False,False,False,False,False,False,False,False,False,False,-0.0115874855156431,0.0834298957126303,,,-0.0898261877172653,-0.0586635766705292,0.0590961761297798,0.3847045191193511,-0.0019847640173958,0.2894158981115504,799.0,860.0,0.75,-0.007272572619402,0.0012141694849721,-0.0004408798378392
2018-10-11,844.0,844.0,803.0,823.0,22100.0,823.0,868.2,900.4,933.04,911.36,1030.075,False,False,False,False,False,False,False,False,False,True,False,0.0157958687727825,0.0619684082624544,,,-0.1337059538274604,-0.107363304981774,0.1093560145808019,0.4957472660996355,-0.0024871254681649,0.3114171479342514,725.0,874.0,2.376344086021505,-0.0080168052816599,-0.0007442326622579,-0.000502361450769
2018-10-12,823.0,853.0,823.0,845.0,3000.0,845.0,854.4,892.6,927.12,909.9333333333332,1031.34,False,False,False,False,False,False,False,False,False,False,False,0.1183431952662721,0.0142011834319526,,,-0.0971834319526627,-0.0768441814595658,0.0781065088757396,0.4177514792899408,-0.0015678804308009,0.3253416984091418,875.0,851.0,0.1357466063348416,-0.0063853654327378,0.001631439848922,0.0009192450373639
2018-10-15,860.0,860.0,833.0,834.0,13100.0,834.0,843.2,881.2,920.72,908.7066666666668,1032.58,False,False,False,False,False,False,False,False,False,True,False,0.1354916067146283,-0.0227817745803357,,,-0.1039808153477218,-0.0895763389288571,0.2721822541966426,0.4616306954436451,-0.0013499038927116,0.349863822060826,1025.0,875.0,4.366666666666666,-0.0069510817620992,-0.0005657163293613,0.0002179765380893
2018-10-16,834.0,834.0,815.0,823.0,4000.0,823.0,837.6,869.2,914.68,907.16,1033.8,False,False,False,False,False,False,False,False,False,False,False,0.1251518833535844,0.0024301336573511,,,-0.1113973268529768,-0.1022600243013365,0.3256379100850546,0.4945321992709599,-0.001704954657025,0.3793143120110446,994.0,872.0,0.3053435114503817,-0.0066034022827656,0.0003476794793335,-0.0003550507643134
2018-10-17,835.0,860.0,834.0,853.0,10700.0,853.0,835.6,861.4,909.56,906.68,1035.17,False,False,False,False,False,False,False,False,False,False,False,0.0961313012895662,-0.0070339976553341,,,-0.0663071512309495,-0.0629308323563891,0.3845252051582649,0.3974208675263775,-0.0005294039793532,0.3901787787322963,999.0,863.0,2.675,-0.0056290953867804,0.0009743068959852,0.0011755506776717
2018-10-18,853.0,863.0,832.0,836.0,15200.0,836.0,838.2,853.2,903.6,906.1066666666668,1036.5,False,False,True,False,False,False,False,False,False,True,False,0.0454545454545454,0.0466507177033492,,,-0.0808612440191387,-0.0838596491228071,0.416267942583732,0.4557416267942584,-0.0006327437534946,0.4061181434599156,1044.0,872.0,1.4205607476635511,-0.0065958388667551,-0.0009667434799746,-0.0001033397741413
2018-10-19,866.0,978.0,844.0,945.0,136700.0,945.0,858.2,856.3,903.0,907.0133333333332,1038.405,False,False,False,False,True,False,False,True,False,False,True,-0.0931216931216931,-0.0592592592592592,,,0.0444444444444444,0.0401975308641976,0.4126984126984127,0.291005291005291,0.0009996177931964,0.4047646852738528,1000.0,898.0,8.993421052631579,-0.0006644518272425,0.0059313870395125,0.001632361546691
2018-10-22,907.0,947.0,900.0,947.0,29700.0,947.0,880.8,862.0,903.12,908.52,1040.24,False,False,False,False,False,False,True,True,False,False,False,-0.1393875395987328,-0.0316789862724392,,,0.0463357972544878,0.0406335797254488,0.3590285110876452,0.2164730728616684,0.0016583747927032,0.3972157772621811,996.0,912.0,0.2172640819312362,0.0001328727079457,0.0007973245351883,0.0006587569995068
2018-10-23,917.0,938.0,910.0,926.0,19900.0,926.0,901.4,869.5,903.4,909.92,1041.99,False,False,False,False,False,False,True,True,False,False,False,-0.1090712742980561,-0.0205183585313174,,,0.0244060475161987,0.0173650107991361,0.3282937365010799,0.2278617710583153,0.0015385967997186,0.3790684301322598,984.0,887.0,0.67003367003367,0.0003099402258135,0.0001770675178677,-0.0001197779929846
2018-10-24,971.0,984.0,920.0,935.0,35300.0,935.0,917.8,876.7,903.72,912.1866666666666,1043.75,False,False,False,False,False,False,True,True,False,False,False,-0.0941176470588235,-0.0288770053475935,,,0.0334545454545454,0.0243992869875223,0.3251336898395722,0.2160427807486631,0.0024848715175256,0.3611269533477813,1017.0,910.0,1.7738693467336684,0.0003540919753906,4.415174957710013e-05,0.000946274717807
2018-10-25,893.0,952.0,870.0,874.0,31800.0,874.0,925.4,881.8,901.28,912.9066666666666,1045.215,False,False,False,False,False,True,False,True,False,True,False,0.0011441647597254,0.0526315789473684,,,-0.0312128146453088,-0.0445156369183828,0.4302059496567506,0.2242562929061785,0.0007886896068236,0.3349965978679974,1030.0,866.0,0.9008498583569404,-0.0027072607846618,-0.0030613527600525,-0.0016961819107019
2018-10-26,929.0,929.0,845.0,857.0,23100.0,857.0,907.8,883.0,897.56,913.0533333333332,1046.58,False,False,False,False,False,False,False,True,False,True,False,0.0373395565927654,0.0711785297549591,,,-0.0473278879813301,-0.0654064566316606,0.456242707117853,0.3115519253208868,0.0001606331868162,0.3248018120045299,1017.0,857.0,0.7264150943396226,-0.0041445697223584,-0.0014373089376965,-0.0006280564200074
2018-10-29,847.0,880.0,800.0,815.0,27300.0,815.0,881.4,881.1,892.76,912.3866666666668,1047.73,False,False,False,False,False,False,False,False,False,True,False,0.1251533742331288,0.2085889570552147,,,-0.0954110429447852,-0.1194928425357874,0.4907975460122699,0.3435582822085889,-0.0007306843589703,0.313585291113381,1052.0,839.0,1.181818181818182,-0.0053765849724449,-0.0012320152500865,-0.0008913175457865
2018-10-30,807.0,847.0,802.0,825.0,18000.0,825.0,861.2,881.3,887.92,912.0133333333332,1048.905,False,False,False,False,False,False,False,False,False,True,False,0.0993939393939394,0.1636363636363636,,,-0.0762666666666666,-0.1054707070707069,0.3866666666666666,0.303030303030303,-0.0004093507404865,0.2956995347781688,1052.0,827.0,0.6593406593406593,-0.0054509415262636,-7.435655381871249e-05,0.0003213336184838
2018-10-31,846.0,863.0,826.0,847.0,14400.0,847.0,843.6,880.7,883.72,911.84,1050.1,False,False,False,False,False,False,False,False,False,False,False,0.0720188902007083,0.0791027154663518,,,-0.0433530106257379,-0.0765525383707202,0.2443919716646989,0.3046044864226682,-0.0001900918289756,0.2867037583740206,1034.0,811.0,0.8,-0.0047526365817226,0.000698304944541,0.0002192589115108
2018-11-01,859.0,878.0,843.0,875.0,14300.0,875.0,843.8,884.6,881.64,911.8533333333334,1051.455,False,False,False,False,False,False,False,True,False,False,True,0.0514285714285714,0.0434285714285714,,,-0.0075885714285714,-0.0421180952380952,0.2377142857142857,0.2228571428571428,1.462223456987367e-05,0.2644132941442459,1010.0,813.0,0.9930555555555556,-0.0023592395989293,0.0023933969827933,0.0002047140635455
2018-11-02,889.0,900.0,875.0,889.0,8400.0,889.0,850.2,879.0,880.28,912.36,1052.835,False,False,False,False,True,False,False,True,False,False,False,0.0326209223847019,0.0247469066366704,,,0.0098087739032621,-0.0262767154105736,0.3475815523059617,0.2148481439820022,0.0005553363438408,0.2565415244596132,993.0,810.0,0.5874125874125874,-0.0015449629663289,0.0008142766326004,0.000540714109271
2018-11-05,881.0,917.0,876.0,917.0,7700.0,917.0,870.6,876.0,879.04,912.92,1054.33,False,False,False,False,False,False,False,True,False,False,False,0.0741548527808069,0.1570338058887677,,,0.0413958560523446,0.0044492911668484,0.1744820065430752,0.1875681570338059,0.000613416290584,0.2536529680365297,994.0,808.0,0.9166666666666666,-0.0014106297779395,0.0001343331883893,5.807994674312536e-05
2018-11-06,932.0,944.0,903.0,907.0,17200.0,907.0,887.0,874.1,877.6,913.3866666666668,1055.855,False,False,False,False,False,False,False,True,False,True,False,0.0584343991179713,0.2028665931642778,,,0.0324145534729878,-0.0070415288496877,0.2315325248070562,0.1841234840132304,0.0005109190704194,0.2491705754490333,974.0,802.0,2.2337662337662336,-0.0016408386508659,-0.0002302088729263,-0.0001024972201645
2018-11-07,904.0,912.0,877.0,908.0,6400.0,908.0,899.2,871.4,876.68,913.9866666666668,1057.4,False,False,False,False,False,False,False,True,False,False,False,0.0066079295154185,0.3006607929515418,,,0.0344933920704846,-0.0065932452276065,0.2577092511013216,0.1795154185022026,0.0006564647186684,0.2454670644939178,981.0,799.0,0.3720930232558139,-0.0010494136971301,0.0005914249537357,0.000145545648249
2018-11-08,913.0,927.0,901.0,920.0,13700.0,920.0,908.2,876.0,876.76,914.6266666666668,1058.995,False,False,False,False,False,False,True,True,False,False,True,-0.0076086956521739,0.2869565217391304,,,0.047,0.0058405797101448,0.3391304347826087,0.1652173913043478,0.0006997390556438,0.2391552511415525,985.0,725.0,2.140625,9.124503855107548e-05,0.0011406587356812,4.3274336975395226e-05
2018-11-09,916.0,927.0,907.0,918.0,7500.0,918.0,914.0,882.1,876.92,914.8933333333332,1060.585,False,False,False,False,False,False,True,True,False,False,False,-0.0076252723311546,0.4542483660130719,,,0.0447494553376906,0.0033841684822078,0.4008714596949891,0.1612200435729847,0.000291472958596,0.2240108831198277,960.0,875.0,0.5474452554744526,0.00018245678055,9.121174199899544e-05,-0.0004082660970478
2018-11-12,924.0,985.0,924.0,985.0,51400.0,985.0,927.6,899.1,880.72,915.8666666666668,1062.505,False,False,False,False,False,False,True,True,True,False,False,0.0771573604060913,0.3065989847715736,,,0.1058680203045685,0.0701861252115058,0.2954314720812183,0.0538071065989847,0.0010627456689477,0.1945278611945278,944.0,1025.0,6.8533333333333335,0.0043146516486511,0.0041321948681011,0.0007712727103517
2018-11-13,931.0,960.0,898.0,960.0,57900.0,960.0,938.2,912.6,885.08,916.84,1064.295,False,False,False,False,False,False,True,True,False,False,False,0.1364583333333333,0.28125,,,0.0780416666666666,0.0449583333333333,0.40625,0.034375,0.0010616174396113,0.1678720140258601,919.0,994.0,1.1264591439688716,0.0049261083743842,0.000611456725733,-1.128229336398376e-06
2018-11-14,982.0,982.0,913.0,914.0,61800.0,914.0,939.4,919.3,887.12,916.8933333333332,1065.875,False,False,False,False,False,False,True,True,False,True,False,0.2921225382932166,0.3555798687089715,,,0.0294091903719912,-0.0031655725747628,0.4048140043763676,0.0973741794310722,5.81674349613599e-05,0.1482649842271293,927.0,999.0,1.067357512953368,0.0022995761565514,-0.0026265322178327,-0.0010034500046499
2018-11-15,909.0,930.0,891.0,913.0,12200.0,913.0,938.0,923.1,890.72,917.52,1067.435,False,False,False,False,False,False,True,True,False,False,False,0.2968236582694414,0.3691128148959474,,,0.0244030668127053,-0.0049507119386637,0.420591456736035,0.1182913472070098,0.0006830005522133,0.1382298775863936,935.0,1044.0,0.1974110032362459,0.0040416741512484,0.0017420979946969,0.0006248331172519
2018-11-16,913.0,918.0,902.0,911.0,10300.0,911.0,936.6,925.3,893.36,918.24,1068.99,False,False,False,False,False,False,True,True,False,True,False,0.4654226125137212,0.3699231613611416,,,0.0193633369923161,-0.0079473106476399,0.402854006586169,0.1042810098792535,0.0007841087297438,0.1275262077164163,950.0,1000.0,0.8442622950819673,0.0029551356675919,-0.0010865384836564,0.0001011081775305
2018-11-19,980.0,1061.0,956.0,1061.0,197400.0,1061.0,951.8,939.7,902.44,921.2,1070.795,False,False,False,False,False,False,True,True,False,False,False,0.2130065975494816,0.1451460885956644,,,0.1494439208294061,0.1317624882186616,0.1903864278982092,-0.0876531573986804,0.0032132001736865,0.0973715015430456,935.0,996.0,19.16504854368932,0.0100616107442046,0.0071064750766126,0.0024290914439426
2018-11-20,1170.0,1235.0,1069.0,1091.0,511500.0,1091.0,978.0,958.1,913.16,924.72,1072.0,False,False,False,False,False,False,True,True,False,False,False,0.1274060494958753,0.0485792850595783,,,0.163006416131989,0.152410632447296,0.1888175985334555,-0.0944087992667277,0.0038065576606972,0.06732073896253,946.0,984.0,2.5911854103343464,0.0117394542029873,0.0016778434587826,0.0005933574870107
2018-11-21,1135.0,1183.0,1075.0,1181.0,206300.0,1181.0,1031.4,985.4,926.28,929.6533333333332,1072.905,False,False,False,False,False,False,True,True,False,False,False,0.0491109229466553,-0.1075359864521591,,,0.2156816257408975,0.2128252893028508,0.0914479254868755,-0.1634208298052498,0.0053066375996785,0.0293281915973208,952.0,1017.0,0.4033235581622678,0.0141641836161851,0.0024247294131978,0.0015000799389812
2018-11-22,1211.0,1244.0,1170.0,1184.0,180300.0,1184.0,1085.6,1011.8,940.2,934.6,1070.825,True,True,False,False,False,False,True,True,False,False,False,0.0557432432432432,-0.085304054054054,,,0.2059121621621621,0.2106418918918918,0.1376689189189189,-0.1739864864864864,0.0052928168913618,-0.0068195295512947,927.0,1030.0,0.8739699466795928,0.0148053605615827,0.0006411769453975,-1.3820708316657389e-05
2018-11-26,1470.0,1484.0,1300.0,1335.0,429900.0,1335.0,1170.4,1053.5,955.8,941.6,1070.97,False,False,False,False,False,False,True,True,False,False,False,-0.0651685393258427,-0.1026217228464419,,,0.2840449438202247,0.2946816479400749,0.0411985018726591,-0.2711610486891386,0.0074341546304163,-0.0549596582819173,923.0,1017.0,2.384359400998336,0.0163214061519145,0.0015160455903318,0.0021413377390544
2018-11-27,1325.0,1325.0,1253.0,1287.0,111600.0,1287.0,1215.6,1083.7,969.4,947.9866666666668,1071.4,False,False,False,False,False,False,True,True,False,True,False,-0.0559440559440559,-0.1631701631701631,,,0.2467754467754468,0.2634136234136233,0.0147630147630147,-0.2400932400932401,0.0067370849097738,-0.0868321491187598,948.0,1052.0,0.2595952547103978,0.0140292964720445,-0.0022921096798699,-0.0006970697206425
2018-11-28,1288.0,1296.0,1215.0,1230.0,81300.0,1230.0,1243.4,1110.7,981.56,953.6933333333334,1071.415,False,False,False,False,False,False,True,True,False,True,False,-0.0699186991869918,-0.091869918699187,,,0.2019837398373984,0.2246395663956639,0.0219512195121951,-0.2333333333333333,0.0059837543864553,-0.1135320068425317,943.0,1052.0,0.728494623655914,0.0123884428868331,-0.0016408535852114,-0.0007533305233184
2018-11-29,1255.0,1313.0,1210.0,1239.0,66700.0,1239.0,1255.0,1143.2,993.72,959.56,1071.78,False,False,False,False,False,False,True,True,False,True,False,-0.1493139628732849,-0.0782889426957223,,,0.1979661016949152,0.2255367231638418,-0.0250201775625504,-0.2050040355125101,0.0061139133213833,-0.1403079076277117,931.0,1034.0,0.8204182041820418,0.0122368474016826,-0.0001515954851505,0.0001301589349279
2018-11-30,1246.0,1260.0,1205.0,1250.0,37000.0,1250.0,1268.2,1176.9,1008.76,966.56,1072.73,False,False,False,False,False,False,True,True,False,False,False,-0.1336,-0.0144,,,0.192992,0.226752,-0.088,-0.196,0.0072421784472769,-0.1662843062282267,918.0,1010.0,0.5547226386806596,0.0149093937110908,0.0026725463094081,0.0011282651258936
2018-12-03,1275.0,1275.0,1224.0,1248.0,29400.0,1248.0,1250.8,1210.6,1024.4,971.5333333333332,1073.02,False,False,False,False,False,False,True,True,False,False,False,-0.0400641025641025,0.0304487179487179,,,0.1791666666666665,0.2215277777777779,-0.0657051282051282,-0.1498397435897435,0.0051190557881011,-0.1849496117627621,914.0,993.0,0.7945945945945946,0.0152674736431082,0.0003580799320174,-0.0021231226591757
2018-12-04,1268.0,1300.0,1211.0,1215.0,41200.0,1215.0,1236.4,1226.0,1040.4,974.0666666666668,1074.11,False,False,False,False,False,False,True,True,False,False,False,-0.1135802469135802,0.0502057613168724,,,0.1437037037037036,0.1982990397805211,-0.0189300411522633,-0.1144032921810699,0.0026007802340705,-0.1863784665579119,890.0,994.0,1.401360544217687,0.0153787004998077,0.0001112268566995,-0.0025182755540306
2018-12-05,1168.0,1191.0,1136.0,1144.0,46200.0,1144.0,1219.2,1231.3,1053.16,976.0666666666668,1074.89,False,False,False,False,False,False,True,True,False,True,False,-0.0236013986013986,0.18006993006993,,,0.0794055944055943,0.1467948717948716,0.0533216783216783,-0.0804195804195804,0.0020490403660952,-0.1846828555185576,851.0,974.0,1.1213592233009708,0.0121159178092597,-0.003262782690548,-0.0005517398679753
2018-12-06,1143.0,1143.0,1040.0,1054.0,61000.0,1054.0,1182.2,1218.6,1061.44,976.8,1074.99,False,False,False,False,False,False,True,True,False,True,False,0.0834914611005692,0.2182163187855787,,,-0.0070588235294118,0.0732447817836812,0.1347248576850095,-0.040796963946869,0.0007507507507505,-0.174298375184638,863.0,981.0,1.3203463203463204,0.0078007235453722,-0.0043151942638874,-0.0012982896153446
2018-12-07,1073.0,1120.0,1066.0,1083.0,39900.0,1083.0,1148.8,1208.5,1069.76,977.32,1074.98,False,False,False,False,False,False,True,True,False,True,False,0.1375807940904893,0.1975992613111726,,,0.0122253000923361,0.0975807940904893,0.077562326869806,-0.0563250230840258,0.0005320672860476,-0.1637567232105916,823.0,985.0,0.6540983606557377,0.0077774454083158,-2.327813705647365e-05,-0.0002186834647028
2018-12-10,1079.0,1203.0,1039.0,1198.0,97900.0,1198.0,1138.8,1194.8,1082.12,979.96,1075.25,False,False,False,False,False,False,True,True,False,False,False,0.0734557595993322,0.0667779632721202,,,0.0967278797996662,0.1820033388981635,-0.018363939899833,-0.1485809682804674,0.0026939875096942,-0.1502343488449949,845.0,960.0,2.4536340852130327,0.0114220234354784,0.0036445780271625,0.0021619202236466
2018-12-11,1168.0,1180.0,1075.0,1077.0,69300.0,1077.0,1111.2,1173.8,1088.52,981.04,1074.8,False,False,False,False,False,False,True,True,False,True,False,0.1847725162488393,0.1727019498607242,,,-0.0106963788300835,0.0890993500464252,0.0714948932219127,-0.0343546889507892,0.0011008725434232,-0.1297495314363605,834.0,944.0,0.7078651685393258,0.0058795428655422,-0.0055424805699361,-0.001593114966271
2018-12-12,1077.0,1142.0,1068.0,1117.0,21800.0,1117.0,1105.8,1162.5,1096.92,982.8133333333334,1074.25,False,False,False,False,False,False,True,True,False,False,False,0.2085944494180841,0.1611459265890779,,,0.0179767233661592,0.1201313040883318,0.0170098478066248,-0.0805729632945389,0.0018043439920772,-0.1140645161290321,823.0,919.0,0.3145743145743145,0.0076578054917405,0.0017782626261983,0.000703471448654
2018-12-13,1129.0,1177.0,1105.0,1142.0,27800.0,1142.0,1123.4,1152.8,1106.28,984.48,1073.96,False,False,False,False,False,False,True,True,False,False,False,0.1243432574430823,0.1287215411558669,,,0.0312784588441331,0.1379334500875656,0.0560420315236427,-0.0875656742556917,0.0016929411127362,-0.1016655100624566,853.0,927.0,1.275229357798165,0.0084607875040675,0.000802982012327,-0.0001114028793409
2018-12-14,1142.0,1275.0,1142.0,1232.0,149700.0,1232.0,1153.2,1151.0,1118.76,987.1733333333332,1074.335,False,False,False,False,False,False,True,True,False,False,False,0.0527597402597402,0.0933441558441558,,,0.0919155844155844,0.1987229437229438,-0.0300324675324675,-0.1761363636363636,0.0027283286960748,-0.0993918331885317,836.0,935.0,5.384892086330935,0.0111552075512174,0.0026944200471498,0.0010353875833385
2018-12-17,1225.0,1335.0,1199.0,1286.0,130800.0,1286.0,1170.8,1154.8,1133.48,990.76,1075.125,False,False,False,False,False,False,True,True,False,False,True,-0.0062208398133748,0.0808709175738724,,,0.1186003110419906,0.2295800933125972,-0.0762052877138413,-0.2177293934681182,0.003620116543529,-0.1071181156910287,945.0,950.0,0.87374749498998,0.0129865546811589,0.0018313471299414,0.0008917878474542
2018-12-18,1263.0,1339.0,1227.0,1276.0,81100.0,1276.0,1210.6,1160.9,1145.12,993.7466666666668,1075.505,False,False,False,False,False,False,True,True,False,True,False,-0.0101880877742946,0.0235109717868338,,,0.1025705329153605,0.2212016718913269,-0.1089341692789968,-0.177115987460815,0.003005460814963,-0.1140494443965889,947.0,935.0,0.6200305810397554,0.0101648735503701,-0.0028216811307887,-0.0006146557285659
2018-12-19,1299.0,1357.0,1255.0,1350.0,111700.0,1350.0,1257.2,1181.5,1160.72,997.72,1076.37,False,False,False,False,False,False,True,True,False,False,False,-0.0392592592592592,-0.0688888888888888,,,0.1402074074074074,0.2609481481481481,-0.1185185185185185,-0.24,0.0039824132355102,-0.1316969953449004,926.0,946.0,1.37731196054254,0.013439933834172,0.0032750602838018,0.0009769524205471
2018-12-20,1330.0,1349.0,1159.0,1284.0,115300.0,1284.0,1285.6,1204.5,1175.52,1001.0533333333332,1076.82,False,False,False,False,False,False,True,True,False,True,False,0.0038940809968847,-0.0591900311526479,,,0.0844859813084112,0.2203634475597093,-0.0693146417445482,-0.205607476635514,0.0033298259167008,-0.147530095475301,935.0,952.0,1.0322291853178156,0.0125901728596705,-0.0008497609745014,-0.0006525873188093
2018-12-21,1266.0,1319.0,1200.0,1297.0,80600.0,1297.0,1298.6,1225.9,1190.88,1004.88,1077.585,False,False,False,False,False,False,True,True,False,False,False,0.038550501156515,-0.1210485736314572,,,0.0818195836545874,0.2252274479568234,-0.0508866615265998,-0.2120277563608326,0.0038080832205505,-0.1624112896647362,874.0,927.0,0.6990459670424979,0.0128980249899235,0.0003078521302529,0.0004782573038496
2018-12-25,1230.0,1323.0,1118.0,1278.0,87000.0,1278.0,1297.0,1233.9,1205.56,1008.68,1077.475,False,False,False,False,False,False,True,True,False,True,False,0.0876369327073552,-0.0876369327073552,,,0.0566823161189358,0.210735524256651,-0.0625978090766823,-0.2065727699530516,0.0037672998374112,-0.1683280654834265,857.0,923.0,1.0794044665012408,0.0121769136334979,-0.0007211113564255,-4.078338313931234e-05
2018-12-26,1310.0,1347.0,1226.0,1263.0,55900.0,1263.0,1294.4,1252.5,1213.64,1012.2666666666668,1077.61,False,False,False,False,False,False,True,True,False,True,False,0.0340459224069675,-0.056215360253365,,,0.0390815518606491,0.1985220374769067,-0.0348376880443388,-0.1979414093428345,0.0035432033719706,-0.1828343313373253,815.0,948.0,0.6425287356321839,0.006657657954583,-0.0055192556789149,-0.0002240964654405
2018-12-27,1300.0,1338.0,1281.0,1297.0,78600.0,1297.0,1283.8,1270.5,1221.88,1016.5733333333334,1077.795,False,False,False,False,False,False,True,True,False,False,False,-0.030840400925212,-0.0709329221279876,,,0.0579182729375481,0.2162117707530197,-0.0516576715497301,-0.2297609868928296,0.004236454494183,-0.1966155057064147,825.0,943.0,1.40608228980322,0.0067437064196156,8.604846503264697e-05,0.0006932511222123
2018-12-28,1298.0,1324.0,1241.0,1289.0,38800.0,1289.0,1284.8,1285.2,1226.2,1020.68,1077.585,False,False,False,False,False,False,True,True,False,True,False,-0.0628394103956555,-0.0721489526764934,,,0.0487199379363847,0.2081613653995345,-0.0752521334367726,-0.2032583397982932,0.0040234614831941,-0.2069716775599128,847.0,931.0,0.4936386768447837,0.0035230794323927,-0.0032206269872229,-0.0002129930109889
2019-01-04,1259.0,1347.0,1244.0,1347.0,45300.0,1347.0,1294.8,1296.7,1232.72,1025.506666666667,1078.07,False,False,False,False,False,False,True,True,False,False,False,-0.153674832962138,-0.133630289532294,,,0.0848403860430586,0.2386735956446422,-0.0965107646622123,-0.2435040831477357,0.0047066165667705,-0.2136963060075576,875.0,918.0,1.1675257731958764,0.0052891167499513,0.0017660373175586,0.0006831550835763
2019-01-07,1381.0,1440.0,1357.0,1390.0,72100.0,1390.0,1317.2,1307.1,1234.92,1031.24,1078.025,False,False,False,False,False,False,True,True,False,True,False,-0.1611510791366906,-0.1539568345323741,,,0.1115683453237409,0.2581007194244604,-0.1223021582733813,-0.2690647482014388,0.005559649871352,-0.2191875143447325,889.0,914.0,1.5916114790286977,0.0017814919185048,-0.0035076248314464,0.0008530333045815
2019-01-08,1413.0,1440.0,1277.0,1306.0,97200.0,1306.0,1325.8,1310.1,1235.68,1036.0666666666666,1076.06,False,False,False,False,False,False,True,True,False,True,False,-0.0872894333843797,-0.116385911179173,,,0.0538437978560489,0.2066870852475753,-0.11791730474732,-0.2151607963246554,0.0046586448748471,-0.2228837493321119,917.0,890.0,1.348127600554785,0.0006150459665932,-0.0011664459519115,-0.0009010049965049
2019-01-09,1310.0,1319.0,1240.0,1257.0,60000.0,1257.0,1317.8,1300.8,1236.76,1040.5733333333333,1073.945,False,False,False,False,False,False,True,True,False,False,False,-0.041368337311058,-0.0962609387430389,,,0.016101829753381,0.1721771413418192,-0.0954653937947494,-0.1288782816229117,0.0043309457606703,-0.2120233702337023,907.0,851.0,0.6172839506172839,0.0008732494582618,0.0002582034916685,-0.0003276991141767
2019-01-10,1241.0,1268.0,1170.0,1208.0,74500.0,1208.0,1301.6,1293.2,1235.52,1044.32,1071.49,False,False,False,False,False,False,False,True,False,True,False,-0.009933774834437,-0.0016556291390728,,,-0.0227814569536423,0.1354966887417219,-0.058774834437086,-0.0662251655629139,0.0035876615086052,-0.1990411382616765,908.0,863.0,1.2416666666666667,-0.001003626003626,-0.0018768754618878,-0.0007432842520651
2019-01-11,1214.0,1230.0,1134.0,1140.0,51200.0,1140.0,1260.2,1277.5,1231.12,1047.0533333333333,1069.845,False,False,False,False,False,False,False,True,False,True,False,0.0236842105263157,0.0482456140350877,,,-0.0799298245614034,0.0815321637426901,-0.0614035087719298,0.0070175438596491,0.0026105005794038,-0.1793346379647749,920.0,823.0,0.687248322147651,-0.0035739814152967,-0.0025703554116707,-0.0009771609292014
2019-01-15,1120.0,1179.0,1119.0,1166.0,36400.0,1166.0,1215.4,1266.3,1227.84,1049.9333333333334,1068.295,False,False,False,False,False,False,False,True,False,False,False,0.0085763293310463,0.0188679245283018,,,-0.0530360205831903,0.0995425957690108,-0.0360205831903945,-0.0085763293310463,0.0027430313035749,-0.1608623548922056,918.0,845.0,0.7109375,-0.0026713578316392,0.0009026235836574,0.0001325307241711
2019-01-16,1181.0,1220.0,1165.0,1192.0,37500.0,1192.0,1192.6,1259.2,1226.92,1053.36,1066.92,False,False,False,False,False,False,False,True,False,False,False,-0.0318791946308724,-0.0461409395973154,,,-0.0292953020134228,0.1163087248322148,-0.0813758389261744,-0.0167785234899328,0.0032530822004504,-0.1435038119440915,985.0,834.0,1.03021978021978,-0.0007498451406773,0.0019215126909619,0.0005100508968755
2019-01-17,1217.0,1239.0,1190.0,1205.0,44700.0,1205.0,1182.2,1250.0,1229.36,1056.8133333333333,1065.875,False,False,False,False,False,False,True,True,True,False,False,-0.0572614107883817,-0.0124481327800829,,,-0.0202157676348546,0.1229764868603043,-0.1078838174273859,-0.0970954356846473,0.0032676852424269,-0.1300799999999999,960.0,823.0,1.192,0.0019847725645863,0.0027346177052636,1.4603041976489744e-05
2019-01-18,1240.0,1242.0,1185.0,1196.0,39100.0,1196.0,1179.8,1240.7,1235.04,1060.0666666666666,1064.405,False,False,False,False,False,False,True,True,False,False,False,0.0083612040133779,-0.0008361204013377,,,-0.0326421404682273,0.1136566332218506,-0.0760869565217391,-0.2433110367892976,0.0030689893717376,-0.133392439751753,914.0,853.0,0.8747203579418344,0.0045990413265967,0.0026142687620104,-0.0001986958706893
2019-01-21,1214.0,1214.0,1161.0,1167.0,25400.0,1167.0,1185.2,1222.7,1238.4,1063.2666666666669,1062.545,False,False,False,False,False,False,True,True,False,True,False,0.0239931448157669,0.0548414738646101,,,-0.0611825192802057,0.0888888888888887,-0.0831191088260497,-0.2322193658954584,0.0030095930779361,-0.1306943649300727,913.0,836.0,0.649616368286445,0.0027131782945737,-0.001885863032023,-5.9396293801447335e-05
2019-01-22,1161.0,1192.0,1140.0,1176.0,28100.0,1176.0,1187.2,1201.3,1237.52,1066.64,1060.475,False,False,False,False,False,False,False,True,False,True,False,0.010204081632653,0.0187074829931972,,,-0.052312925170068,0.0929931972789114,-0.0816326530612244,-0.233843537414966,0.0031625790644765,-0.1247814867227169,911.0,945.0,1.1062992125984252,-0.0007110996185921,-0.0034242779131658,0.0001529859865403
2019-01-23,1158.0,1189.0,1140.0,1154.0,29800.0,1154.0,1179.6,1186.1,1240.6,1069.3866666666668,1058.55,False,False,False,False,False,False,True,True,True,False,False,-0.0147313691507798,0.0563258232235701,,,-0.0750433275563257,0.073321779318313,-0.0563258232235701,-0.2235701906412478,0.002568450451349,-0.1244414467582833,1061.0,947.0,1.060498220640569,0.0024826696759631,0.0031937692945552,-0.0005941286131274
2019-01-24,1149.0,1151.0,1130.0,1136.0,12200.0,1136.0,1165.8,1174.0,1241.36,1071.96,1056.26,False,False,False,False,False,False,True,True,False,True,False,0.0475352112676056,0.0827464788732394,,,-0.0927464788732393,0.0563732394366196,-0.0545774647887323,-0.2165492957746478,0.0024005870865827,-0.1328790459965928,1091.0,926.0,0.4093959731543624,0.0006122317458271,-0.001870437930136,-0.0001678633647662
2019-01-25,1136.0,1220.0,1123.0,1206.0,80000.0,1206.0,1167.8,1173.8,1243.92,1075.6266666666668,1054.415,False,False,False,False,False,False,True,True,True,False,False,-0.0091210613598673,-0.011608623548922,,,-0.0314427860696518,0.1081039248203426,-0.1119402985074626,-0.2454394693200663,0.0034088655295518,-0.151303458851593,1181.0,935.0,6.557377049180328,0.0020580101614253,0.0014457784155981,0.001008278442969
2019-01-28,1236.0,1236.0,1185.0,1195.0,34400.0,1195.0,1173.4,1179.3,1242.44,1079.32,1052.19,False,False,False,False,False,False,False,True,False,True,True,0.0301255230125523,0.0184100418410041,,,-0.0396987447698745,0.0968033472803347,-0.102928870292887,-0.2577405857740585,0.0034219076208475,-0.1773933689476807,1184.0,874.0,0.43,-0.0011912044042368,-0.0032492145656621,1.3042091295696265e-05
2019-01-29,1195.0,1204.0,1150.0,1188.0,25800.0,1188.0,1175.8,1181.5,1238.52,1082.9733333333334,1049.95,False,False,False,False,False,False,False,True,False,True,False,0.0084175084175084,0.0269360269360269,,,-0.0425252525252525,0.0884062850729517,-0.1026936026936027,-0.2718855218855219,0.003373428708617,-0.2035548032162505,1335.0,857.0,0.75,-0.0031650679843684,-0.0019738635801316,-4.847891223043292e-05
2019-01-30,1173.0,1194.0,1133.0,1137.0,34800.0,1137.0,1172.4,1176.0,1232.96,1086.2666666666669,1047.24,False,False,False,False,False,False,False,True,False,True,False,0.0721196130167106,0.0131926121372031,,,-0.0843975373790677,0.0446203459396069,-0.0870712401055409,-0.2629727352682497,0.0030317908432553,-0.2282312925170067,1287.0,815.0,1.3488372093023255,-0.0045094731378146,-0.0013444051534461,-0.0003416378653617
2019-01-31,1155.0,1199.0,1148.0,1190.0,30800.0,1190.0,1183.2,1174.5,1226.56,1090.7866666666666,1044.2,False,False,False,False,False,False,False,True,False,True,False,0.0336134453781512,-0.0445378151260504,,,-0.0307226890756302,0.0833725490196078,-0.1655462184873949,-0.2378151260504201,0.0041437983595934,-0.2426564495530012,1230.0,825.0,0.8850574712643678,-0.0052178450300026,-0.000708371892188,0.0011120075163381
2019-02-01,1198.0,1199.0,1169.0,1195.0,19200.0,1195.0,1181.0,1174.4,1223.0,1095.2133333333334,1041.52,False,False,False,False,False,False,False,True,False,False,False,-0.002510460251046,-0.0485355648535564,,,-0.0234309623430962,0.0835034867503486,-0.1606694560669456,-0.2853556485355648,0.0040418305109507,-0.2469346049046322,1239.0,847.0,0.6233766233766234,-0.0029108748977922,0.0023069701322104,-0.0001019678486427
2019-02-04,1200.0,1243.0,1185.0,1231.0,38800.0,1231.0,1188.2,1180.8,1220.36,1100.6533333333334,1038.95,False,False,False,False,True,False,False,True,False,False,True,-0.0113728675873273,-0.1307879772542648,,,0.0086433793663688,0.1058868128892498,-0.1705930138099106,-0.2948822095857026,0.0049425189887218,-0.2533875338753387,1250.0,875.0,2.020833333333333,-0.0021632960765676,0.0007475788212246,0.0009006884777711
2019-02-05,1233.0,1241.0,1193.0,1198.0,33400.0,1198.0,1190.2,1183.0,1217.16,1105.36,1036.265,False,False,False,False,False,False,False,True,False,True,False,0.018363939899833,-0.0617696160267111,,,-0.0159933222036728,0.0773288814691152,-0.1602671118530884,-0.2721202003338898,0.0042580396130369,-0.2572273879966187,1248.0,889.0,0.8608247422680413,-0.0026290709520521,-0.0004657748754845,-0.0006844793756849
2019-02-06,1213.0,1224.0,1198.0,1219.0,16800.0,1219.0,1206.6,1189.5,1215.4,1110.493333333333,1033.505,False,False,False,False,False,False,False,True,False,False,False,-0.0549630844954881,-0.1017227235438884,,,0.0029532403609515,0.0890128520645339,-0.2059064807219032,-0.3281378178835111,0.0046225701490027,-0.2677595628415301,1215.0,917.0,0.5029940119760479,-0.001448082935659,0.0011809880163931,0.0003645305359658
2019-02-07,1217.0,1250.0,1207.0,1230.0,34300.0,1230.0,1214.6,1198.9,1212.72,1115.92,1031.795,False,False,False,False,False,False,False,True,False,True,False,-0.0756097560975609,-0.1260162601626016,,,0.0140487804878048,0.0927479674796747,-0.1967479674796748,-0.3211382113821138,0.0048629531388154,-0.2780882475602636,1144.0,907.0,2.0416666666666665,-0.0022099083052972,-0.0007618253696382,0.0002403829898127
2019-02-08,1255.0,1305.0,1180.0,1192.0,125900.0,1192.0,1214.0,1197.5,1208.84,1120.44,1029.775,False,False,False,False,False,False,False,True,False,True,False,-0.0461409395973154,-0.072986577181208,,,-0.0141275167785234,0.0600335570469798,-0.1711409395973154,-0.2869127516778523,0.0040341294491449,-0.2822546972860125,1054.0,908.0,3.6705539358600574,-0.0032096886271136,-0.0009997803218164,-0.0008288236896705
2019-02-12,1200.0,1234.0,1160.0,1217.0,52200.0,1217.0,1211.2,1199.7,1203.64,1125.52,1028.16,False,False,False,False,False,False,False,True,False,True,False,-0.1207888249794576,-0.1207888249794576,,,0.0109778142974526,0.0751684470008217,-0.1963845521774856,-0.294987674609696,0.0045134693297319,-0.2859881637075935,1083.0,920.0,0.414614773629865,-0.0043202286397924,-0.0011105400126787,0.000479339880587
2019-02-13,1214.0,1247.0,1207.0,1220.0,77000.0,1220.0,1215.6,1202.9,1196.84,1129.1866666666667,1026.78,False,False,False,False,False,False,False,True,False,True,False,-0.0786885245901639,-0.1147540983606557,,,0.0189836065573771,0.0744371584699453,-0.2024590163934426,-0.2852459016393442,0.0032471749577867,-0.2873056779449664,1198.0,918.0,1.475095785440613,-0.0056816282878247,-0.0013613996480322,-0.0012662943719451
2019-02-14,1209.0,1212.0,1150.0,1152.0,98900.0,1152.0,1202.2,1204.4,1190.68,1131.92,1025.39,False,False,False,False,False,False,False,True,False,False,False,-0.0494791666666666,-0.0546875,,,-0.0335763888888889,0.0174305555555554,-0.1510416666666666,-0.2387152777777778,0.0024147760736919,-0.2849551643972102,1077.0,985.0,1.2844155844155845,-0.0051735142943526,0.000508113993472,-0.0008323988840948
2019-02-15,1136.0,1156.0,1100.0,1137.0,34000.0,1137.0,1183.6,1199.1,1185.88,1134.7333333333331,1024.14,False,False,False,False,False,False,False,True,False,False,False,-0.0545294635004397,-0.0554089709762532,,,-0.0429903254177661,0.0019935502785108,-0.1706244503078276,-0.2436235708003518,0.0024792902884669,-0.2857142857142856,1117.0,960.0,0.3437815975733064,-0.0040476270786251,0.0011258872157275,6.451421477502535e-05
2019-02-18,1140.0,1150.0,1121.0,1137.0,15100.0,1137.0,1172.6,1193.3,1183.04,1137.4266666666667,1023.19,False,False,False,False,False,False,False,True,False,False,False,-0.0281442392260334,-0.0580474934036939,,,-0.0404925241864555,-0.0003752565230138,-0.1336851363236587,-0.2348284960422163,0.0023679182247649,-0.280901701164837,1142.0,914.0,0.4441176470588235,-0.0024005950770896,0.0016470320015354,-0.000111372063702
2019-02-19,1126.0,1141.0,1070.0,1070.0,51900.0,1070.0,1143.2,1177.2,1180.24,1140.04,1022.04,False,False,False,False,False,False,False,True,False,False,False,0.0,0.0018691588785046,,,-0.1030280373831775,-0.0654579439252336,-0.0607476635514018,-0.2009345794392523,0.0022923172286351,-0.27217125382263,1232.0,913.0,3.437086092715232,-0.0023723988341353,2.819624295426377e-05,-7.560099612975626e-05
2019-02-20,1064.0,1135.0,1055.0,1124.0,50300.0,1124.0,1124.0,1169.8,1178.56,1143.6,1021.075,False,False,False,False,False,False,False,True,False,False,False,-0.0391459074733096,-0.0516014234875444,,,-0.0485409252669038,-0.0174377224199287,-0.0560498220640569,-0.2393238434163701,0.0031129765652325,-0.2690203453581808,1286.0,911.0,0.9691714836223508,-0.0014254683681781,0.0009469304659572,0.0008206593365973
2019-02-21,1135.0,1136.0,1093.0,1095.0,25700.0,1095.0,1112.6,1157.4,1174.68,1147.3333333333333,1020.075,False,False,False,False,False,False,False,True,False,True,False,-0.0054794520547945,-0.0520547945205479,,,-0.0727671232876712,-0.0477929984779299,-0.0173515981735159,-0.1890410958904109,0.0032539221382917,-0.2552272334542941,1276.0,1061.0,0.510934393638171,-0.0033030272074095,-0.0018775588392314,0.0001409455730591
2019-02-22,1100.0,1108.0,1059.0,1075.0,26800.0,1075.0,1100.2,1141.9,1169.48,1150.6666666666667,1019.035,False,False,False,False,False,False,False,True,False,True,False,-0.0009302325581395,-0.0762790697674418,,,-0.0878883720930232,-0.0703875968992248,-0.0213953488372093,-0.2176744186046511,0.0028968713789109,-0.2445923460898502,1350.0,1091.0,1.0428015564202335,-0.0044464206313917,-0.0011433934239821,-0.0003570507593807
2019-02-25,1100.0,1116.0,1076.0,1105.0,15400.0,1105.0,1093.8,1133.2,1165.84,1154.1066666666666,1018.245,False,False,False,False,False,False,False,True,False,False,False,-0.0307692307692307,-0.0923076923076923,,,-0.0550588235294116,-0.0444404223227751,-0.0850678733031674,-0.2244343891402715,0.0029806603664593,-0.2381750794211084,1284.0,1181.0,0.5746268656716418,-0.0031222123104371,0.0013242083209545,8.378898754842629e-05
2019-02-26,1115.0,1115.0,1067.0,1070.0,19100.0,1070.0,1093.8,1118.5,1161.96,1156.7066666666667,1017.17,False,False,False,False,False,False,False,True,False,True,False,0.0018691588785046,-0.0457943925233644,,,-0.0859439252336449,-0.0810342679127726,-0.0448598130841121,-0.2046728971962617,0.0022477608843499,-0.2287885561019222,1297.0,1184.0,1.2402597402597402,-0.0033391855141311,-0.0002169732036939,-0.0007328994821093
2019-02-27,1070.0,1090.0,1063.0,1080.0,11900.0,1080.0,1085.0,1104.5,1158.12,1159.253333333333,1016.88,False,False,True,False,False,False,False,True,False,False,False,-0.0129629629629629,-0.0685185185185185,,,-0.0723333333333332,-0.0733827160493825,-0.0555555555555555,-0.2296296296296296,0.0021968163415529,-0.2226346763241285,1278.0,1335.0,0.6230366492146597,-0.0033157185783857,2.3466935745408007e-05,-5.0944542796987295e-05
2019-02-28,1093.0,1093.0,1060.0,1089.0,19500.0,1089.0,1083.8,1098.2,1155.52,1161.5466666666666,1016.415,False,False,False,False,False,False,False,True,False,False,False,-0.046831955922865,-0.1111111111111111,,,-0.0610835629017447,-0.0666176920722374,-0.0449954086317722,-0.234159779614325,0.0019743789889344,-0.2220906938626844,1263.0,1287.0,1.638655462184874,-0.0022500692328993,0.0010656493454863,-0.0002224373526184
2019-03-01,1079.0,1087.0,1072.0,1074.0,7900.0,1074.0,1083.6,1091.9,1153.04,1163.7733333333333,1015.92,False,False,False,False,False,False,False,True,False,False,False,-0.0754189944134078,-0.0800744878957169,,,-0.0735940409683426,-0.0835878336436995,-0.0437616387337057,-0.217877094972067,0.0019133164533758,-0.2194340141038557,1297.0,1230.0,0.4051282051282051,-0.0021508360507874,9.923318211189566e-05,-6.106253555863733e-05
2019-03-04,1075.0,1080.0,1062.0,1071.0,9900.0,1071.0,1076.8,1085.3,1147.64,1165.9466666666667,1015.485,False,False,False,False,False,False,False,True,False,True,False,-0.0634920634920634,-0.0774976657329598,,,-0.0715592903828198,-0.0886523498288204,-0.0270774976657329,-0.234360410830999,0.0018640075017725,-0.219294204367456,1289.0,1239.0,1.2531645569620251,-0.0047053082848278,-0.0025544722340403,-4.930895160323661e-05
2019-03-05,1060.0,1075.0,1060.0,1072.0,5600.0,1072.0,1077.2,1085.5,1142.72,1167.9733333333334,1015.245,False,False,False,False,False,False,False,True,False,False,False,-0.0475746268656716,-0.0876865671641791,,,-0.0659701492537313,-0.0895273631840796,-0.0531716417910447,-0.2238805970149253,0.001735199433777,-0.2215568862275449,1347.0,1250.0,0.5656565656565656,-0.0043055166619995,0.0003997916228283,-0.0001288080679955
2019-03-06,1065.0,1070.0,1056.0,1066.0,9400.0,1066.0,1074.4,1079.7,1137.84,1169.9466666666667,1014.685,False,False,False,False,False,False,False,True,False,False,False,-0.0562851782363977,-0.0872420262664165,,,-0.0673921200750468,-0.0975109443402126,-0.0562851782363977,-0.2373358348968105,0.0016866865726073,-0.2212651662498843,1390.0,1248.0,1.6785714285714286,-0.0042888279547213,1.668870727818128e-05,-4.851286116968712e-05
2019-03-07,1066.0,1066.0,1026.0,1038.0,14600.0,1038.0,1064.2,1074.0,1133.88,1170.6533333333334,1014.875,False,False,False,False,False,False,False,True,False,False,False,-0.0674373795761079,-0.0578034682080924,,,-0.0923699421965319,-0.1277970456005139,0.0115606936416184,-0.2138728323699422,0.0006036515222269,-0.2238361266294227,1306.0,1215.0,1.553191489361702,-0.0034924330616994,0.0007963948930218,-0.0010830350503803
2019-03-08,1008.0,1011.0,981.0,993.0,23500.0,993.0,1048.0,1065.8,1126.0,1171.0933333333332,1014.805,False,False,False,False,False,False,False,True,False,True,False,-0.0050352467270896,-0.0503524672708962,,,-0.1339375629405841,-0.1793487747566296,0.0332326283987915,-0.1842900302114803,0.0003757172784405,-0.2207731281666353,1257.0,1144.0,1.6095890410958904,-0.0069982238010658,-0.0035057907393663,-0.0002279342437864
2019-03-11,990.0,1025.0,962.0,1003.0,22100.0,1003.0,1034.4,1055.6,1118.32,1172.28,1014.755,False,False,False,False,False,False,False,True,False,False,False,-0.0149551345962113,-0.0179461615154536,,,-0.1149750747756729,-0.1687736789631106,0.0169491525423728,-0.1874376869391824,0.0010122723808874,-0.2172224327396741,1208.0,1054.0,0.9404255319148936,-0.0068674440231776,0.0001307797778881,0.0006365551024469
2019-03-12,1006.0,1050.0,1005.0,1021.0,25700.0,1021.0,1024.2,1050.7,1109.92,1173.72,1014.82,False,False,False,False,False,False,False,True,False,True,False,-0.0421155729676787,-0.0156709108716944,,,-0.0870910871694417,-0.1495788442703232,0.0009794319294809,-0.2027424094025465,0.0012268684183621,-0.2170933663272104,1140.0,1083.0,1.16289592760181,-0.0075681130171542,-0.0007006689939765,0.0002145960374747
2019-03-13,1024.0,1030.0,991.0,1006.0,12900.0,1006.0,1012.2,1043.3,1102.24,1174.986666666667,1014.76,False,False,False,False,False,False,False,True,False,False,False,-0.0328031809145129,0.0546719681908548,,,-0.0956660039761431,-0.1679787939032474,0.0079522862823061,-0.1799204771371769,0.0010780264173212,-0.2122112527556791,1166.0,1198.0,0.5019455252918288,-0.006967629554362,0.0006004834627921,-0.0001488420010409
2019-03-14,1007.0,1011.0,956.0,968.0,29500.0,968.0,998.2,1031.2,1092.2,1173.746666666667,1014.395,False,False,False,False,False,False,False,False,False,True,False,0.0103305785123966,0.1115702479338843,,,-0.1283057851239669,-0.2125482093663914,0.0464876033057851,-0.1549586776859504,-0.0010564460246958,-0.2045190069821568,1192.0,1077.0,2.2868217054263567,-0.0091924555942134,-0.0022248260398513,-0.002134472442017
2019-03-15,968.0,1012.0,965.0,988.0,25100.0,988.0,997.2,1022.6,1082.52,1172.3733333333332,1014.285,False,False,False,False,False,False,False,False,False,False,False,-0.0455465587044534,0.0647773279352226,,,-0.0956680161943319,-0.1866126855600538,0.0111336032388663,-0.1831983805668016,-0.0011714129742519,-0.201056131429689,1205.0,1117.0,0.8508474576271187,-0.0089420980674722,0.0002503575267412,-0.000114966949556
2019-03-18,1003.0,1018.0,988.0,988.0,19900.0,988.0,994.2,1014.3,1074.36,1169.8,1014.26,False,False,False,False,False,False,False,False,False,False,False,-0.0030364372469635,0.0232793522267206,,,-0.087408906882591,-0.1840080971659918,0.0394736842105263,-0.1781376518218623,-0.0021998062346839,-0.1953071083505865,1196.0,1142.0,0.7928286852589641,-0.0075952194795041,0.0013468785879681,-0.0010283932604319
2019-03-19,993.0,994.0,967.0,978.0,13500.0,978.0,985.6,1004.9,1064.8,1167.0533333333333,1014.21,False,False,False,False,False,False,False,False,False,True,False,0.0276073619631901,0.0449897750511247,,,-0.0887525562372187,-0.1933060668029992,0.041922290388548,-0.1390593047034765,-0.0023535056952552,-0.1867847547019603,1167.0,1232.0,0.678391959798995,-0.0089782118707738,-0.0013829923912696,-0.0001536994605713
2019-03-20,970.0,981.0,943.0,973.0,21900.0,973.0,979.0,995.6,1054.92,1162.2266666666667,1014.37,False,False,False,False,False,False,False,False,False,True,False,0.0904419321685508,0.0483042137718396,,,-0.0841932168550874,-0.194477560808496,0.0441932168550873,-0.1356628982528263,-0.0041529477898745,-0.1763760546404178,1176.0,1286.0,1.6222222222222222,-0.0093656391005951,-0.0003874272298213,-0.0017994420946192
2019-03-22,962.0,989.0,962.0,978.0,9000.0,978.0,981.0,989.6,1047.96,1158.1066666666666,1014.81,False,False,False,False,False,False,False,False,False,False,False,0.1002044989775051,0.0633946830265848,,,-0.0715337423312883,-0.1841581458759371,0.0480572597137014,-0.1676891615541922,-0.0035575306822631,-0.1715844785772029,1154.0,1276.0,0.410958904109589,-0.0066414748654529,0.0027241642351422,0.0005954171076114
2019-03-25,963.0,965.0,941.0,943.0,13500.0,943.0,972.0,984.6,1040.2,1154.28,1014.565,False,False,False,False,False,False,False,False,False,True,False,0.1155885471898197,0.0890774125132555,,,-0.1030752916224815,-0.2240509013785789,0.16118769883351,-0.1420996818663839,-0.0033151979300226,-0.1674791793621775,1136.0,1350.0,1.5,-0.0074601038261872,-0.0008186289607343,0.0002423327522404
2019-03-26,944.0,1040.0,944.0,985.0,115600.0,985.0,971.4,982.8,1034.12,1150.8933333333334,1014.935,False,False,False,False,False,False,False,False,False,False,False,0.0263959390862944,0.0578680203045685,,,-0.0498680203045684,-0.168419627749577,0.1451776649746192,-0.1695431472081218,-0.0029426416580741,-0.1656491656491656,1206.0,1284.0,8.562962962962963,-0.0058793950411945,0.0015807087849926,0.0003725562719484
2019-03-27,991.0,1005.0,991.0,1005.0,13500.0,1005.0,976.8,981.2,1031.52,1147.6266666666668,1015.36,False,False,False,False,False,False,False,False,False,False,False,0.0169154228855721,0.0099502487562189,,,-0.0263880597014925,-0.1419170812603649,0.1422885572139303,-0.1940298507462686,-0.0028464541314248,-0.1646962902568284,1195.0,1297.0,0.1167820069204152,-0.0025205521948192,0.0033588428463753,9.618752664935884e-05
2019-03-28,996.0,1086.0,989.0,1061.0,79800.0,1061.0,994.4,986.7,1029.0,1145.1333333333334,1016.215,False,False,False,False,True,False,False,False,False,False,True,-0.0386427898209236,-0.0518378887841658,,,0.0301602262016965,-0.0792962613886271,0.0895381715362865,-0.2309142318567389,-0.002177330150783,-0.170264518090605,1188.0,1278.0,5.911111111111111,-0.0024489795918367,7.157260298249054e-05,0.0006691239806418
2019-03-29,1079.0,1100.0,1030.0,1076.0,46000.0,1076.0,1014.0,997.5,1028.24,1143.28,1017.325,False,False,False,False,False,False,False,False,False,False,False,-0.0334572490706319,-0.0241635687732342,,,0.0443866171003717,-0.0625278810408921,0.0892193308550185,-0.2481412639405204,-0.0016210668719241,-0.1801503759398496,1137.0,1263.0,0.5764411027568922,-0.00073912705205,0.0017098525397866,0.0005562632788588
2019-04-01,1094.0,1100.0,1043.0,1052.0,32200.0,1052.0,1035.8,1003.9,1027.32,1142.0533333333333,1018.24,False,False,False,False,False,False,False,False,False,True,False,-0.023764258555133,-0.0247148288973384,,,0.0234600760456274,-0.0856020278833966,0.0342205323193916,-0.2347908745247148,-0.0010740887757723,-0.1855762526148022,1190.0,1297.0,0.7,-0.0008955340108243,-0.0001564069587742,0.0005469780961518
2019-04-02,1046.0,1060.0,1005.0,1011.0,17000.0,1011.0,1041.0,1006.2,1023.56,1141.48,1018.87,False,False,False,False,False,True,False,False,False,True,False,0.0306627101879327,0.0089020771513353,,,-0.0124233432245301,-0.1290603363006924,-0.1048466864490603,-0.1988130563798219,-0.0005022719043113,-0.1876366527529318,1195.0,1289.0,0.5279503105590062,-0.0036734534370237,-0.0027779194261993,0.000571816871461
2019-04-03,1011.0,1040.0,988.0,1022.0,10500.0,1022.0,1044.4,1010.6,1021.64,1140.6666666666667,1019.43,False,False,False,False,False,False,False,False,False,False,False,-0.0068493150684931,0.0,,,0.0003522504892368,-0.1161121983039792,-0.1232876712328767,-0.2054794520547945,-0.0007130333138514,-0.19414209380566,1231.0,1347.0,0.6176470588235294,-0.0018793312712892,0.0017941221657344,-0.0002107614095401
2019-04-04,1037.0,1037.0,1005.0,1020.0,8700.0,1020.0,1036.2,1015.3,1019.24,1138.2933333333333,1019.23,False,False,False,False,False,False,False,False,False,True,False,-0.0137254901960784,-0.0058823529411764,,,0.0007450980392156,-0.1159738562091503,-0.1166666666666666,-0.2107843137254902,-0.0020849927376658,-0.2014183000098493,1198.0,1390.0,0.8285714285714286,-0.0023546956555864,-0.0004753643842972,-0.0013719594238143
2019-04-05,1036.0,1052.0,1020.0,1040.0,10300.0,1040.0,1029.0,1021.5,1017.28,1137.8,1018.97,False,False,False,False,False,False,False,False,False,False,False,0.0096153846153846,-0.0259615384615384,,,0.0218461538461538,-0.0940384615384615,-0.1384615384615384,-0.2201923076923077,-0.0004335852815374,-0.2065589818893783,1219.0,1306.0,1.1839080459770115,-0.0019267065114816,0.0004279891441048,0.0016514074561283
2019-04-08,1067.0,1067.0,1019.0,1027.0,12800.0,1027.0,1024.0,1029.9,1015.4,1136.6,1018.505,False,False,False,False,False,False,False,False,False,False,False,-0.0009737098344693,-0.0272638753651411,,,0.0112950340798442,-0.1067185978578382,-0.1333982473222979,-0.2151898734177215,-0.0010557803976773,-0.2133216817166715,1230.0,1257.0,1.2427184466019416,-0.0018514870986803,7.521941280131512e-05,-0.0006221951161398
2019-04-09,1040.0,1046.0,1015.0,1042.0,7300.0,1042.0,1030.2,1035.6,1014.24,1135.2666666666669,1018.545,False,False,False,False,False,False,False,False,False,False,False,-0.0211132437619961,-0.0143953934740882,,,0.026641074856046,-0.0895073576455536,-0.1266794625719769,-0.2245681381957773,-0.0011744670855596,-0.2186172267284664,1192.0,1208.0,0.5703125,-0.0011437135194825,0.0007077735791977,-0.0001186866878823
2019-04-10,1017.0,1033.0,1011.0,1015.0,5700.0,1015.0,1028.8,1036.6,1011.96,1132.3733333333332,1018.55,False,False,False,False,False,False,False,False,False,True,False,0.0068965517241379,0.0039408866995073,,,0.0029950738916255,-0.115638752052545,-0.1261083743842364,-0.2206896551724138,-0.0025551055011306,-0.2212039359444337,1217.0,1140.0,0.7808219178082192,-0.0022530534803746,-0.0011093399608921,-0.0013806384155709
2019-04-11,1023.0,1023.0,1006.0,1006.0,7300.0,1006.0,1026.0,1031.1,1009.56,1128.64,1018.565,False,False,False,False,False,True,False,False,False,True,False,0.0079522862823061,0.0099403578528827,,,-0.0035387673956261,-0.1219085487077535,-0.1401590457256461,-0.246520874751491,-0.0033078158964179,-0.2226748133061778,1220.0,1166.0,1.280701754385965,-0.0023772732675621,-0.0001242197871875,-0.0007527103952872
2019-04-12,1047.0,1050.0,1020.0,1050.0,19200.0,1050.0,1028.0,1028.5,1010.04,1125.6266666666668,1019.16,False,False,False,False,False,False,True,False,False,False,False,-0.0352380952380952,-0.0238095238095238,,,0.0380571428571428,-0.0720253968253969,-0.2019047619047619,-0.2809523809523809,-0.0026770273151548,-0.2259601361205639,1152.0,1192.0,2.6301369863013697,0.0004752287038137,0.0028525019713759,0.0006307885812631
2019-04-15,1054.0,1060.0,1026.0,1026.0,22100.0,1026.0,1027.8,1025.9,1011.36,1121.3066666666666,1019.505,False,False,False,False,False,False,True,False,True,False,False,-0.0263157894736842,0.067251461988304,,,0.0142690058479532,-0.0928914879792072,-0.1159844054580896,-0.2729044834307992,-0.0038526481010251,-0.2297494882542158,1137.0,1205.0,1.1510416666666667,0.0013051732320835,0.0008299445282698,-0.0011756207858703
2019-04-16,1049.0,1049.0,1015.0,1020.0,6600.0,1020.0,1023.4,1026.8,1012.04,1117.7866666666666,1019.61,False,False,False,False,False,False,True,False,False,True,False,0.0068627450980392,0.1058823529411764,,,0.0078039215686274,-0.0958692810457516,-0.1627450980392157,-0.2833333333333333,-0.0031490803254049,-0.2381184261784183,1137.0,1196.0,0.2986425339366516,0.0006719102011777,-0.0006332630309058,0.0007035677756201
2019-04-17,1039.0,1039.0,1006.0,1022.0,5400.0,1022.0,1024.8,1026.8,1012.08,1114.12,1019.755,False,False,False,False,False,False,True,False,False,True,False,-0.0029354207436399,0.1232876712328767,,,0.0097064579256359,-0.0901369863013697,-0.1506849315068493,-0.2808219178082192,-0.0032910877344152,-0.2456174522789247,1070.0,1167.0,0.8181818181818182,3.9522567386053775e-05,-0.0006323876337917,-0.0001420074090103
2019-04-18,1025.0,1025.0,1000.0,1014.0,11000.0,1014.0,1026.4,1026.2,1012.4,1110.6,1020.065,False,False,False,False,False,False,True,False,False,False,False,0.0019723865877712,0.1400394477317554,,,0.0015779092702169,-0.095266272189349,-0.1400394477317554,-0.2199211045364891,-0.0031694579506572,-0.2465406353537322,1124.0,1176.0,2.037037037037037,0.000316080600553,0.000276558033167,0.0001216297837579
2019-04-19,1014.0,1015.0,999.0,1013.0,8800.0,1013.0,1019.0,1023.5,1014.2,1107.2666666666669,1020.5,False,False,False,False,False,False,True,False,True,False,False,0.0118460019743336,0.156959526159921,,,-0.0011846001974334,-0.093056926620599,-0.1915103652517275,-0.2566633761105626,-0.0030104160394963,-0.2502198339032731,1095.0,1154.0,0.8,0.0017747978702426,0.0014587172696895,0.0001590419111609
2019-04-22,1010.0,1057.0,999.0,999.0,21300.0,999.0,1013.6,1020.7,1014.64,1103.2933333333333,1020.8,False,False,False,False,False,False,True,False,False,True,False,0.0960960960960961,0.0890890890890891,,,-0.0156556556556556,-0.1043977310643976,-0.1641641641641641,-0.2402402402402402,-0.0036013390213544,-0.2527677084353875,1075.0,1136.0,2.4204545454545454,0.0004336513443191,-0.0013411465259235,-0.000590922981858
2019-04-23,1001.0,1031.0,999.0,1027.0,14700.0,1027.0,1015.0,1019.2,1016.2,1099.8,1021.49,False,False,False,False,False,False,True,False,True,False,False,0.0983446932814021,-0.118792599805258,,,0.0105160662122687,-0.070886075949367,-0.172346640701071,-0.2590068159688413,-0.0031763350912287,-0.2562794348508634,1105.0,1206.0,0.6901408450704225,0.0015351308797481,0.001101479535429,0.0004250039301257
2019-04-24,1016.0,1040.0,1001.0,1019.0,23700.0,1019.0,1014.4,1019.6,1017.84,1095.4266666666667,1022.19,False,False,False,False,False,False,True,False,False,False,False,0.1265947006869479,-0.1207065750736015,,,0.0011383709519136,-0.0750016355904482,-0.1579980372914622,-0.254170755642787,-0.0039923560986889,-0.2596116123970184,1070.0,1195.0,1.6122448979591837,0.0016112552071052,7.61243273570899e-05,-0.0008160210074602
2019-04-25,1030.0,1030.0,1011.0,1016.0,5500.0,1016.0,1014.8,1020.6,1019.56,1090.44,1022.885,False,False,False,False,False,False,True,False,False,False,False,0.1377952755905512,-0.1131889763779527,,,-0.0035039370078739,-0.0732677165354331,-0.1417322834645669,-0.2470472440944882,-0.0045730775344509,-0.2596511855771115,1080.0,1188.0,0.2320675105485232,0.0016870022362586,7.57470291534645e-05,-0.0005807214357619
2019-04-26,1016.0,1025.0,999.0,1025.0,16200.0,1025.0,1017.2,1018.1,1021.44,1086.6933333333334,1023.84,False,False,False,False,False,False,True,False,False,False,False,0.1434146341463414,-0.1258536585365853,,,0.0034731707317072,-0.0601886178861789,-0.144390243902439,-0.2351219512195121,-0.0034477681529287,-0.2549847755623219,1089.0,1137.0,2.9454545454545453,0.0018405388471179,0.0001535366108592,0.0011253093815221
2019-05-07,1038.0,1117.0,1038.0,1095.0,68800.0,1095.0,1036.4,1025.0,1027.52,1084.5333333333333,1025.21,False,False,False,False,False,False,True,False,False,False,True,-0.0063926940639269,-0.1872146118721461,,,0.0616255707762557,0.009558599695586,-0.2146118721461187,-0.2995433789954337,-0.0019916400295058,-0.2579512195121951,1074.0,1190.0,4.246913580246914,0.0059171597633135,0.0040766209161956,0.0014561281234229
2019-05-08,1082.0,1130.0,1071.0,1128.0,37600.0,1128.0,1056.6,1035.8,1033.24,1083.4666666666667,1027.025,False,False,False,False,False,False,True,False,False,True,False,-0.1976950354609929,-0.1932624113475177,,,0.0840070921985815,0.0394799054373522,-0.2287234042553191,-0.3271276595744681,-0.0009844942160964,-0.262985132264916,1071.0,1195.0,0.5465116279069767,0.0055359838953196,-0.0003811758679939,0.0010071458134094
2019-05-09,1129.0,1148.0,1089.0,1148.0,47800.0,1148.0,1082.4,1048.4,1038.96,1083.5733333333333,1028.665,False,False,False,False,False,False,True,True,False,True,False,-0.2195121951219512,-0.2273519163763066,,,0.0949825783972125,0.0561207897793264,-0.2552264808362369,-0.3475609756097561,9.843973027504952e-05,-0.270507439908432,1072.0,1231.0,1.2712765957446808,0.0055055055055055,-3.0478389814072096e-05,0.0010829339463714
2019-05-10,1121.0,1168.0,1093.0,1156.0,59000.0,1156.0,1110.4,1062.6,1042.76,1083.44,1030.215,False,False,False,False,False,False,True,False,False,True,False,-0.2205882352941176,-0.2517301038062284,,,0.0979584775086505,0.0627681660899653,-0.2603806228373702,-0.3546712802768166,-0.0001230648059266,-0.2844908714473931,1066.0,1198.0,1.2343096234309625,0.0036441750738424,-0.001861330431663,-0.0002215045362017
2019-05-13,1133.0,1175.0,1113.0,1172.0,78400.0,1172.0,1139.8,1078.5,1046.6,1083.1733333333334,1031.75,False,False,False,False,False,False,True,False,False,False,False,-0.2354948805460751,-0.2849829351535836,,,0.1069965870307168,0.0757906712172923,-0.2423208191126279,-0.3771331058020478,-0.0002461902065535,-0.2971719981455725,1038.0,1219.0,1.3288135593220338,0.0036690235046817,2.484843083929789e-05,-0.0001231254006268
2019-05-14,1100.0,1114.0,1061.0,1088.0,100300.0,1088.0,1138.4,1087.4,1048.04,1081.6133333333332,1032.925,False,False,False,False,False,False,True,False,False,True,False,-0.181985294117647,-0.166360294117647,,,0.0367279411764706,0.0058700980392157,-0.2270220588235294,-0.3465073529411764,-0.0014422899125998,-0.3073386058488137,993.0,1230.0,1.2793367346938775,0.0013739933590321,-0.0022950301456495,-0.0011960997060462
2019-05-15,900.0,960.0,882.0,905.0,169400.0,905.0,1093.8,1075.2,1043.8,1077.7333333333331,1033.15,False,False,False,False,False,False,False,False,False,True,False,0.005524861878453,-0.056353591160221,,,-0.1533701657458563,-0.1908655616942907,-0.0530386740331491,-0.1988950276243093,-0.0036001484597304,-0.302827380952381,1003.0,1192.0,1.6889332003988036,-0.004062080858402,-0.0054360742174341,-0.0021578585471305
2019-05-16,917.0,917.0,891.0,896.0,32400.0,896.0,1043.4,1062.9,1038.76,1074.12,1033.26,False,False,False,False,False,False,False,False,False,True,False,-0.0100446428571428,-0.03125,,,-0.1593303571428571,-0.1987946428571427,-0.0502232142857142,-0.1964285714285714,-0.003363994091287,-0.2985229090224857,1021.0,1217.0,0.1912632821723731,-0.0048519388501674,-0.0007898579917654,0.0002361543684433
2019-05-17,897.0,914.0,893.0,901.0,23400.0,901.0,992.4,1051.4,1034.0,1070.4533333333334,1033.51,False,False,False,False,False,False,False,False,False,False,False,-0.0399556048834628,-0.0321864594894561,,,-0.1476137624861265,-0.1880725120236774,-0.076581576026637,-0.2042175360710321,-0.0034253400428477,-0.2954156362944646,1006.0,1220.0,0.7222222222222222,-0.0046034816247582,0.0002484572254092,-6.134595156071258e-05
2019-05-20,925.0,935.0,895.0,896.0,37000.0,896.0,937.2,1038.5,1028.24,1067.013333333333,1033.615,False,False,False,False,False,False,False,False,False,True,False,-0.0647321428571428,-0.0859375,,,-0.1475892857142857,-0.1908630952380949,-0.0691964285714285,-0.2087053571428571,-0.0032239522155302,-0.2938854116514203,968.0,1152.0,1.5811965811965811,-0.0056018050260639,-0.0009983234013057,0.0002013878273175
2019-05-21,903.0,926.0,870.0,890.0,55800.0,890.0,897.6,1018.0,1022.76,1063.7333333333331,1033.705,False,False,False,False,False,False,False,False,False,False,False,0.0191011235955056,-0.0617977528089887,,,-0.1491685393258426,-0.195205992509363,-0.0561797752808988,-0.196629213483146,-0.0030834795688142,-0.2847740667976424,988.0,1137.0,1.508108108108108,-0.0053580507645977,0.0002437542614661,0.000140472646716
2019-05-22,893.0,924.0,890.0,910.0,47500.0,910.0,898.6,996.2,1017.48,1059.7866666666666,1033.94,False,False,False,False,False,False,False,False,False,False,False,-0.0615384615384615,-0.0659340659340659,,,-0.1181098901098901,-0.1646007326007325,-0.0989010989010989,-0.212087912087912,-0.0037240199285389,-0.2733386870106405,988.0,1137.0,0.8512544802867383,-0.0051892911899987,0.0001687595745989,-0.0006405403597246
2019-05-23,909.0,909.0,881.0,887.0,20600.0,887.0,896.8,970.1,1012.36,1055.68,1034.015,False,False,False,False,False,False,False,False,False,False,False,-0.0214205186020293,-0.0326944757609921,,,-0.1413303269447576,-0.1901691093573845,-0.0620067643742953,-0.1758737316798196,-0.0038900676972819,-0.2556437480672096,978.0,1070.0,0.4336842105263158,-0.0050574894306373,0.0001318017593614,-0.000166047768743
2019-05-24,866.0,916.0,845.0,865.0,82900.0,865.0,889.6,941.0,1006.72,1051.3733333333332,1033.85,False,False,False,False,False,False,False,False,False,True,False,0.0080924855491329,0.0080924855491329,,,-0.1638381502890173,-0.215460500963391,-0.0601156069364161,-0.1595375722543352,-0.0040962296932268,-0.2346439957492029,973.0,1124.0,4.024271844660194,-0.0056023521932612,-0.0005448627626239,-0.0002061619959448
2019-05-27,872.0,874.0,836.0,838.0,41800.0,838.0,878.0,907.6,998.24,1047.3866666666668,1033.48,False,False,False,False,False,False,False,False,False,True,False,-0.0226730310262529,0.0465393794749403,,,-0.191217183770883,-0.2498647573587909,-0.026252983293556,-0.1252983293556085,-0.003806298851745,-0.2061480828558836,978.0,1095.0,0.5042219541616405,-0.0084949511139605,-0.0028925989206993,0.0002899308414817
2019-05-28,852.0,919.0,834.0,907.0,87700.0,907.0,881.4,889.5,993.48,1043.6133333333332,1033.58,False,False,False,False,False,False,False,False,False,False,False,-0.0793825799338478,-0.051819184123484,,,-0.0953472987872106,-0.1506210951855934,-0.1069459757442116,-0.1951488423373759,-0.0036156430862007,-0.187858347386172,943.0,1075.0,2.098086124401914,-0.0047912388774811,0.0037037122364794,0.0001906557655443
2019-05-29,877.0,889.0,854.0,854.0,43100.0,854.0,870.2,884.4,986.84,1039.0666666666666,1033.3,False,False,False,False,False,False,False,False,False,True,False,-0.0046838407494145,0.018735362997658,,,-0.1555503512880562,-0.2167056986729117,-0.0456674473067915,-0.0854800936768149,-0.0043757218016167,-0.1768430574400723,985.0,1105.0,0.4914481185860889,-0.0067285476875683,-0.0019373088100872,-0.000760078715416
2019-05-30,884.0,884.0,853.0,868.0,15400.0,868.0,866.4,881.6,980.68,1034.2266666666667,1033.31,False,False,False,False,False,False,False,False,False,False,False,-0.0115207373271889,-0.0149769585253456,,,-0.1298156682027649,-0.191505376344086,-0.0622119815668202,-0.1290322580645161,-0.0046798251833897,-0.1701451905626134,1005.0,1070.0,0.3573085846867749,-0.0062813557939389,0.0004471918936294,-0.0003041033817729
2019-05-31,853.0,872.0,852.0,872.0,12700.0,872.0,867.8,878.7,975.0,1029.88,1033.385,False,False,False,False,False,False,False,False,False,False,False,0.0,-0.0194954128440367,,,-0.1181192660550458,-0.1810550458715597,-0.0538990825688073,-0.1318807339449541,-0.0042205564402324,-0.1628542164561283,1061.0,1080.0,0.8246753246753247,-0.0058256410256409,0.000455714768298,0.0004592687431573
2019-06-03,870.0,870.0,816.0,819.0,29600.0,819.0,864.0,871.0,967.24,1024.5466666666666,1033.285,False,False,False,False,False,False,False,False,False,True,False,0.0708180708180708,0.0842490842490842,,,-0.181001221001221,-0.2509727309727309,-0.0012210012210012,-0.0866910866910866,-0.0052055543264664,-0.1509758897818599,1076.0,1089.0,2.3307086614173227,-0.0080228278400396,-0.0021971868143987,-0.000984997886234
2019-06-04,820.0,837.0,808.0,835.0,9900.0,835.0,849.6,865.5,960.68,1019.28,1033.325,False,False,False,False,False,False,False,False,False,False,False,0.029940119760479,0.0071856287425149,,,-0.1505149700598801,-0.220694610778443,-0.0335329341317365,-0.1005988023952095,-0.0051670460194123,-0.1414211438474869,1052.0,1074.0,0.3344594594594595,-0.0068284964816588,0.0011943313583808,3.8508307054106565e-05
2019-06-05,844.0,855.0,832.0,850.0,11500.0,850.0,848.8,859.5,953.6,1014.72,1033.52,False,False,False,False,False,False,False,False,False,True,False,0.0235294117647058,0.008235294117647,,,-0.1218823529411765,-0.1937882352941176,-0.0447058823529411,-0.1164705882352941,-0.0044938505203405,-0.1314717859220477,1011.0,1071.0,1.1616161616161615,-0.0074244966442952,-0.0005960001626363,0.0006731954990718
2019-06-06,845.0,865.0,845.0,858.0,6300.0,858.0,846.8,856.6,947.16,1009.9333333333332,1033.745,False,False,False,False,False,False,False,False,False,False,False,-0.0034965034965034,-0.0081585081585081,,,-0.1039160839160838,-0.1770784770784768,-0.0186480186480186,-0.1177156177156177,-0.0047395867714042,-0.1254961475601214,1022.0,1072.0,0.5478260869565217,-0.0067992736179737,0.0006252230263214,-0.0002457362510637
2019-06-07,847.0,873.0,846.0,872.0,15500.0,872.0,846.8,857.3,941.4,1005.2933333333332,1034.055,False,False,False,False,False,False,False,False,False,False,False,-0.0194954128440367,-0.0458715596330275,,,-0.0795871559633027,-0.1528593272171252,-0.0355504587155963,-0.1330275229357798,-0.004615568258684,-0.122827481628368,1020.0,1066.0,2.4603174603174605,-0.0061185468451242,0.0006807267728495,0.0001240185127202
2019-06-10,875.0,877.0,865.0,877.0,7900.0,877.0,858.4,861.2,935.48,1001.6266666666668,1034.4,False,False,False,False,False,False,False,False,False,True,True,0.0125427594070695,-0.04903078677309,,,-0.0666818700114025,-0.1421056632459142,-0.0718358038768529,-0.1482326111744583,-0.0036607119086283,-0.1251741755689736,1040.0,1038.0,0.5096774193548387,-0.0063283020481463,-0.000209755203022,0.0009548563500556
2019-06-11,871.0,871.0,851.0,860.0,5800.0,860.0,863.4,856.5,926.08,997.9333333333332,1034.69,False,False,False,False,False,False,False,False,False,True,False,-0.0220930232558139,-0.0232558139534883,,,-0.0768372093023256,-0.1603875968992246,-0.0593023255813953,-0.1383720930232558,-0.0037009820295279,-0.1190893169877408,1027.0,993.0,0.7341772151898734,-0.0101503109882515,-0.0038220089401051,-4.0270120899605234e-05
2019-06-12,868.0,884.0,865.0,870.0,6600.0,870.0,867.4,858.1,915.76,994.3733333333332,1035.045,False,False,False,False,False,False,False,False,False,True,False,-0.0149425287356321,-0.057471264367816,,,-0.0525977011494252,-0.1429578544061301,-0.0597701149425287,-0.1597701149425287,-0.0035801442784734,-0.1265586761449714,1042.0,1003.0,1.137931034482759,-0.0112693282082642,-0.0011190172200126,0.0001208377510544
2019-06-13,870.0,871.0,845.0,855.0,13400.0,855.0,866.8,856.8,904.04,991.5066666666668,1035.695,False,False,False,False,False,False,False,False,False,True,False,-0.0046783625730994,-0.0269005847953216,,,-0.0573567251461987,-0.1596569200779728,-0.0526315789473684,-0.1485380116959064,-0.0028912227855248,-0.128501400560224,1015.0,1021.0,2.0303030303030303,-0.0129640281403478,-0.0016946999320835,0.0006889214929486
2019-06-14,852.0,867.0,851.0,855.0,6600.0,855.0,863.4,855.1,892.0,987.92,1035.595,False,False,False,False,False,False,False,False,False,True,False,-0.0269005847953216,-0.0491228070175438,,,-0.0432748538011695,-0.1554619883040935,-0.0456140350877193,-0.1508771929824561,-0.0036305233892084,-0.1303941059525201,1006.0,1006.0,0.4925373134328358,-0.0134977578475335,-0.0005337297071857,-0.0007393006036836
2019-06-17,869.0,920.0,869.0,888.0,67800.0,888.0,865.6,862.0,880.64,985.16,1034.91,False,False,False,False,True,False,False,False,False,False,True,-0.0608108108108108,-0.081081081081081,,,0.0082882882882883,-0.1094144144144143,-0.0889639639639639,-0.1801801801801801,-0.0028015753786186,-0.1396751740139211,1050.0,968.0,10.272727272727272,-0.0128997093023255,0.0005980485452079,0.0008289480105897
2019-06-18,881.0,883.0,836.0,841.0,28100.0,841.0,861.8,862.6,870.76,982.04,1034.145,False,False,False,False,False,False,False,False,False,False,False,-0.0011890606420927,-0.0368608799048751,,,-0.0353864447086801,-0.1677051129607609,-0.0428061831153388,-0.1248513674197384,-0.0031770599975561,-0.1420125202875028,1026.0,988.0,0.4144542772861357,-0.0113464100326151,0.0015532992697104,-0.0003754846189374
2019-06-19,850.0,868.0,839.0,857.0,22500.0,857.0,859.2,863.3,868.84,978.7333333333332,1033.435,False,False,False,False,False,False,False,False,False,False,False,-0.043173862310385,-0.0490081680280046,,,-0.0138156359393232,-0.1420458965383118,-0.0548424737456242,-0.131855309218203,-0.0033785164498331,-0.1435190547897602,1020.0,988.0,0.800711743772242,-0.0022098430090695,0.0091365670235456,-0.000201456452277
2019-06-20,857.0,859.0,844.0,851.0,8200.0,851.0,858.4,862.6,867.04,975.8133333333334,1032.47,False,False,False,False,False,False,False,False,False,False,False,-0.0223266745005875,-0.0434782608695652,,,-0.0188484136310222,-0.1466666666666667,-0.0458284371327849,-0.1186839012925969,-0.0029923755909598,-0.14363552051936,1022.0,978.0,0.3644444444444444,-0.0020760287875992,0.0001338142214702,0.0003861408588733
2019-06-21,854.0,863.0,831.0,832.0,17500.0,832.0,853.8,858.6,864.28,972.5066666666668,1031.63,False,False,False,False,False,False,False,False,False,True,False,-0.0228365384615384,-0.0084134615384615,,,-0.0387980769230768,-0.1688782051282052,-0.032451923076923,-0.0985576923076923,-0.0034001480709643,-0.1403447472629862,1014.0,973.0,2.1341463414634148,-0.0031934095432035,-0.0011173807556043,-0.0004077724800044
2019-06-24,832.0,841.0,827.0,834.0,7600.0,834.0,843.0,854.3,861.8,969.1066666666668,1030.82,False,False,False,False,False,False,False,False,False,False,False,-0.0215827338129496,-0.0191846522781774,,,-0.0333333333333332,-0.1619984012789769,-0.02757793764988,-0.1043165467625899,-0.0035083857298129,-0.1360177923446095,1013.0,978.0,0.4342857142857143,-0.0028776978417266,0.0003157117014769,-0.0001082376588486
2019-06-25,847.0,860.0,833.0,840.0,13100.0,840.0,842.8,852.3,859.8,965.9866666666668,1030.1,False,False,False,False,False,False,False,False,False,False,False,-0.0357142857142857,-0.0392857142857142,,,-0.0235714285714285,-0.1499841269841271,-0.0404761904761904,-0.119047619047619,-0.0032298582451103,-0.1341077085533262,999.0,943.0,1.7236842105263157,-0.0023261223540358,0.0005515754876908,0.0002785274847026
2019-06-26,834.0,839.0,820.0,820.0,10300.0,820.0,835.4,847.3,856.2,962.64,1029.115,False,False,False,False,False,False,False,False,False,True,False,-0.0060975609756097,-0.0097560975609756,,,-0.0441463414634146,-0.1739512195121951,-0.0146341463414634,-0.0914634146341463,-0.0034765505969695,-0.1273456862976513,1027.0,985.0,0.7862595419847328,-0.0042046250875962,-0.0018785027335604,-0.0002466923518592
2019-06-27,844.0,844.0,821.0,832.0,8900.0,832.0,831.6,845.0,854.0,959.44,1028.125,False,False,False,False,False,False,False,False,False,False,False,-0.0216346153846153,0.0120192307692307,,,-0.0264423076923076,-0.153173076923077,-0.0492788461538461,-0.0913461538461538,-0.003335278912699,-0.1216568047337277,1019.0,1005.0,0.8640776699029126,-0.002576112412178,0.0016285126754182,0.0001412716842705
2019-06-28,822.0,824.0,808.0,813.0,24600.0,813.0,827.8,840.8,851.92,956.0666666666668,1027.105,False,False,False,False,False,False,False,False,False,False,False,0.014760147601476,0.034440344403444,,,-0.0478720787207871,-0.1759737597375975,-0.067650676506765,-0.070110701107011,-0.0035283453036746,-0.1137012369172215,1016.0,1061.0,2.764044943820225,-0.0024415438069302,0.0001345686052477,-0.0001930663909756
2019-07-01,838.0,838.0,810.0,816.0,13400.0,816.0,824.2,833.6,851.04,953.1066666666668,1025.925,False,False,False,False,False,False,False,False,False,False,False,0.0024509803921568,-0.0024509803921568,,,-0.0429411764705881,-0.1680228758169936,-0.0747549019607843,-0.0674019607843137,-0.0031056335072675,-0.1020873320537428,1025.0,1076.0,0.5447154471544715,-0.0010340289528106,0.0014075148541196,0.0004227117964071
2019-07-02,815.0,823.0,801.0,810.0,23800.0,810.0,818.2,830.5,847.16,950.6666666666666,1024.715,False,False,False,False,False,False,False,False,False,True,False,-0.0037037037037037,-0.0012345679012345,,,-0.0458765432098765,-0.1736625514403291,-0.0790123456790123,-0.0629629629629629,-0.0025666199158487,-0.0959662853702589,1095.0,1052.0,1.7761194029850746,-0.0045800084989848,-0.0035459795461741,0.0005390135914187
2019-07-03,810.0,815.0,804.0,815.0,7200.0,815.0,817.2,826.3,845.6,948.16,1023.62,False,False,False,False,False,False,False,False,False,False,False,-0.003680981595092,0.003680981595092,,,-0.0375460122699386,-0.1633865030674846,-0.1030674846625766,-0.0711656441717791,-0.002643716953538,-0.0897978942272781,1128.0,1011.0,0.3025210084033613,-0.0018448438978239,0.0027351646011608,-7.709703768936978e-05
2019-07-04,807.0,816.0,805.0,814.0,4600.0,814.0,813.6,822.6,843.44,945.4,1022.64,False,False,False,False,False,False,False,False,False,True,False,0.0343980343980344,-0.0049140049140049,,,-0.0361670761670762,-0.1614250614250613,-0.097051597051597,-0.0565110565110565,-0.0029193991961074,-0.0835156819839533,1148.0,1022.0,0.6388888888888888,-0.0025609409086597,-0.0007160970108357,-0.0002756822425693
2019-07-05,814.0,838.0,812.0,825.0,26900.0,825.0,816.0,821.9,841.56,942.9866666666668,1021.8,False,False,False,False,False,False,False,False,False,False,False,0.0193939393939393,-0.0109090909090909,,,-0.0200727272727272,-0.1430141414141415,-0.0412121212121212,-0.0654545454545454,-0.0025592443866295,-0.0801800705681956,1156.0,1020.0,5.8478260869565215,-0.0022339464803461,0.0003269944283135,0.0003601548094779
2019-07-08,814.0,831.0,814.0,818.0,19400.0,818.0,816.4,820.3,841.52,940.9866666666668,1020.92,False,False,False,False,False,False,False,False,False,False,False,-0.0048899755501222,-0.011002444987775,,,-0.0287530562347188,-0.1503504482477589,-0.0794621026894865,-0.0599022004889975,-0.0021254286281066,-0.0757040107277824,1172.0,1040.0,0.7211895910780669,-4.7533035459601225e-05,0.0021864134448865,0.0004338157585228
2019-07-09,809.0,824.0,803.0,807.0,12300.0,807.0,815.8,817.0,840.4,938.5733333333334,1020.085,False,False,False,False,False,False,False,False,False,True,False,0.0024783147459727,-0.0024783147459727,,,-0.0413878562577447,-0.1630400660883932,-0.0594795539033457,-0.047087980173482,-0.0025712783941585,-0.0684210526315789,1088.0,1027.0,0.634020618556701,-0.0013326987148976,-0.001285165679438,-0.0004458497660519
2019-07-10,807.0,817.0,803.0,812.0,6900.0,812.0,815.2,816.2,838.88,936.2266666666668,1019.24,False,False,False,False,False,False,False,False,False,True,False,0.0073891625615763,-0.0024630541871921,,,-0.033103448275862,-0.1529885057471266,-0.062807881773399,-0.0344827586206896,-0.0025065155161854,-0.0627297231070816,905.0,1042.0,0.5609756097560976,-0.0018119397291626,-0.0004792410142649,6.476287797314894e-05
2019-07-11,822.0,844.0,809.0,842.0,28200.0,842.0,820.8,817.2,838.24,934.4133333333332,1018.525,False,False,False,False,True,False,False,False,False,False,False,-0.0380047505938242,-0.0356294536817102,,,0.0044655581947743,-0.1097545526524147,-0.0973871733966745,-0.0736342042755344,-0.0019406115780314,-0.0609397944199707,896.0,1015.0,4.086956521739131,-0.0007635044855888,0.0010484352435738,0.000565903938154
2019-07-12,839.0,852.0,826.0,841.0,21500.0,841.0,824.0,820.0,837.0,932.6533333333332,1017.93,False,False,False,False,False,False,False,False,False,True,False,-0.0297265160523186,-0.0428061831153388,,,0.0047562425683709,-0.1089813713832737,-0.0903686087990487,-0.070154577883472,-0.001887089164963,-0.0609756097560975,901.0,1006.0,0.7624113475177305,-0.0014814814814814,-0.0007179769958926,5.352241306840399e-05
2019-07-16,841.0,841.0,810.0,814.0,5000.0,814.0,823.2,819.8,834.48,930.4666666666668,1017.28,False,False,False,False,False,False,False,False,False,True,False,-0.0061425061425061,-0.0036855036855036,,,-0.0251597051597051,-0.1430794430794432,-0.0368550368550368,-0.0417690417690417,-0.0023500752310665,-0.0584288850939253,896.0,1050.0,0.2325581395348837,-0.0030198446937014,-0.0015383632122199,-0.0004629860661035
2019-07-17,828.0,828.0,799.0,809.0,9300.0,809.0,823.6,819.7,832.44,928.68,1016.73,False,False,False,False,False,False,False,False,False,False,False,-0.0049443757725587,-0.003708281829419,,,-0.0289740420271941,-0.1479357231149566,-0.0519159456118665,-0.0321384425216316,-0.001923877618412,-0.0553861168720264,890.0,1026.0,1.86,-0.0024506270722213,0.00056921762148,0.0004261976126545
2019-07-18,808.0,818.0,800.0,818.0,8300.0,818.0,824.8,820.0,830.36,926.4533333333334,1016.185,False,False,False,False,False,False,False,False,False,True,False,-0.0097799511002444,-0.0122249388753056,,,-0.0151100244498777,-0.1325835370823146,-0.0721271393643031,-0.0464547677261613,-0.002403431005699,-0.0529268292682926,910.0,1020.0,0.8924731182795699,-0.002504937617419,-5.431054519762241e-05,-0.000479553387287
2019-07-19,826.0,826.0,800.0,810.0,11600.0,810.0,818.4,819.6,828.56,923.8533333333334,1015.56,False,False,False,False,False,False,False,False,False,False,False,0.0024691358024691,-0.0234567901234567,,,-0.0229135802469135,-0.140559670781893,-0.0753086419753086,-0.019753086419753,-0.0028142995280636,-0.0492923377257198,887.0,1022.0,1.3975903614457832,-0.002172443757845,0.0003324938595739,-0.0004108685223645
2019-07-22,810.0,816.0,805.0,816.0,2800.0,816.0,813.4,818.7,827.0,920.5866666666668,1014.89,False,False,False,False,False,False,False,False,False,False,False,-0.0134803921568627,-0.071078431372549,,,-0.0134803921568627,-0.128169934640523,-0.0857843137254902,-0.0220588235294117,-0.003548461850414,-0.0449493098815195,865.0,1014.0,0.2413793103448276,-0.0018863361547762,0.0002861076030687,-0.0007341623223504
2019-07-23,824.0,824.0,809.0,809.0,1500.0,809.0,812.4,817.8,823.84,917.0266666666666,1014.26,False,False,False,False,False,False,False,False,False,True,False,0.0024721878862793,-0.0667490729295426,,,-0.0183436341161928,-0.1335311083642356,-0.0976514215080346,-0.0271940667490729,-0.0038821117524755,-0.0416972364881388,838.0,1013.0,0.5357142857142857,-0.0038356962516993,-0.001949360096923,-0.0003336499020614
2019-07-24,810.0,817.0,805.0,805.0,1600.0,805.0,811.6,817.6,822.4,913.7333333333332,1013.555,False,False,False,False,False,False,False,False,False,False,False,0.0012422360248447,-0.0732919254658385,,,-0.0216149068322981,-0.1350724637681158,-0.1167701863354037,-0.0832298136645962,-0.0036042609076317,-0.0452544031311154,907.0,999.0,1.0666666666666669,-0.0017509727626459,0.0020847234890533,0.0002778508448438
2019-07-25,806.0,816.0,806.0,810.0,4200.0,810.0,810.0,817.4,820.52,911.0533333333332,1012.845,False,False,False,False,False,False,False,False,False,True,False,-0.0024691358024691,-0.0975308641975308,,,-0.0129876543209876,-0.1247572016460903,-0.1049382716049382,-0.074074074074074,-0.0029416499582901,-0.0491803278688523,854.0,1027.0,2.625,-0.0022912299517379,-0.0005402571890919,0.0006626109493416
2019-07-26,806.0,818.0,805.0,812.0,2900.0,812.0,810.4,814.4,818.96,908.2533333333332,1012.27,False,False,False,False,False,False,False,False,False,False,False,-0.0258620689655172,-0.0948275862068965,,,-0.0085714285714286,-0.1185385878489325,-0.1133004926108374,-0.0800492610837438,-0.0030828403235513,-0.049729862475442,868.0,1019.0,0.6904761904761905,-0.00190485493797,0.0003863750137678,-0.0001411903652612
2019-07-29,812.0,812.0,804.0,805.0,1100.0,805.0,808.2,810.8,817.88,905.3866666666668,1011.68,False,False,False,False,False,False,False,False,False,False,False,-0.0583850931677018,-0.017391304347826,,,-0.0159999999999999,-0.1247039337474121,-0.1093167701863354,-0.0745341614906832,-0.0031662346842598,-0.0500740009866797,872.0,1016.0,0.3793103448275862,-0.0013204871130239,0.000584367824946,-8.339436070850656e-05
2019-07-30,814.0,814.0,809.0,811.0,1900.0,811.0,808.6,810.5,816.96,902.3333333333334,1010.995,False,False,False,False,False,False,False,False,False,False,False,-0.0690505548705302,-0.0715166461159062,,,-0.0073489519112207,-0.1126181668721743,-0.12577065351418,-0.0776818742293464,-0.0033838197266347,-0.0536705737199259,819.0,1025.0,1.7272727272727273,-0.001126126126126,0.0001943609868978,-0.0002175850423748
2019-07-31,813.0,813.0,802.0,806.0,1700.0,806.0,808.8,810.2,815.6,899.3866666666667,1010.31,False,False,False,False,False,False,False,False,False,True,False,-0.0744416873449131,-0.0583126550868486,,,-0.0119106699751861,-0.1158643507030603,-0.1129032258064516,-0.0856079404466501,-0.0032763068164972,-0.0589977783263392,835.0,1095.0,0.8947368421052632,-0.0016674840608141,-0.000541357934688,0.0001075129101375
2019-08-01,805.0,815.0,805.0,808.0,4200.0,808.0,808.4,809.2,815.12,896.2666666666667,1009.695,False,False,False,False,False,False,False,False,False,False,False,-0.0952970297029703,-0.0581683168316831,,,-0.0088118811881188,-0.1092409240924092,-0.1126237623762376,-0.0878712871287128,-0.0034811068134483,-0.0631487889273356,850.0,1128.0,2.4705882352941178,-0.0005888703503778,0.0010786137104362,-0.0002047999969511
2019-08-02,789.0,801.0,782.0,791.0,14200.0,791.0,804.2,807.3,813.48,893.28,1009.06,False,False,False,False,False,False,False,False,False,True,False,-0.0707964601769911,-0.0391908975979772,,,-0.0284197218710493,-0.1293046776232616,-0.0758533501896333,-0.0644753476611883,-0.0033434831930264,-0.0676328502415457,858.0,1148.0,3.380952380952381,-0.0020160298962482,-0.0014271595458703,0.0001376236204219
2019-08-05,778.0,789.0,753.0,758.0,25600.0,758.0,794.8,801.5,811.28,889.9733333333334,1008.28,False,False,False,False,False,False,False,False,False,True,False,0.0435356200527704,0.0092348284960422,,,-0.0702902374670184,-0.1741072999120493,-0.0408970976253298,-0.0290237467018469,-0.0037154671301012,-0.0686213349968808,872.0,1156.0,1.8028169014084507,-0.0027117641258259,-0.0006957342295777,-0.0003719839370747
2019-08-06,749.0,763.0,718.0,755.0,17600.0,755.0,783.6,796.1,808.84,886.04,1007.605,False,False,False,False,False,False,False,False,False,True,False,-0.0026490066225165,0.03841059602649,,,-0.0713112582781457,-0.1735629139072847,-0.0291390728476821,-0.0251655629139072,-0.0044392277248582,-0.0687099610601683,877.0,1172.0,0.6875,-0.0030166658424409,-0.000304901716615,-0.000723760594757
2019-08-07,756.0,770.0,733.0,746.0,6000.0,746.0,771.6,790.2,806.28,882.3066666666666,1007.08,False,False,False,False,False,False,False,False,False,True,False,0.017426273458445,0.0281501340482573,,,-0.0808042895442359,-0.182716711349419,-0.0214477211796246,-0.0214477211796246,-0.0042313330210206,-0.0627689192609466,860.0,1088.0,0.3409090909090909,-0.0031750756560996,-0.0001584098136587,0.0002078947038375
2019-08-08,732.0,771.0,731.0,731.0,13100.0,731.0,756.2,782.3,802.92,878.4533333333334,1006.42,False,False,False,False,False,False,False,False,False,True,False,0.0410396716826265,0.0383036935704514,,,-0.0983857729138166,-0.2017145462836297,0.0683994528043775,-0.0041039671682626,-0.00438649748042,-0.0561165793173973,870.0,905.0,2.183333333333333,-0.0041847257510088,-0.0010096500949091,-0.0001551644593993
2019-08-09,739.0,760.0,733.0,735.0,10800.0,735.0,745.0,774.6,799.76,874.6266666666667,1005.98,False,False,False,False,False,False,False,False,False,False,False,0.0340136054421768,0.019047619047619,,,-0.0881088435374149,-0.1899682539682539,0.0285714285714285,-0.0027210884353741,-0.0043752000853698,-0.0485411825458301,855.0,896.0,0.8244274809160306,-0.0039511853556066,0.0002335403954021,1.1297395050217755e-05
2019-08-13,784.0,853.0,778.0,791.0,162200.0,791.0,751.6,773.2,798.4,871.6533333333333,1005.71,False,False,False,False,False,False,False,False,False,False,False,-0.0328697850821744,-0.056890012642225,,,-0.009355246523388,-0.1019637589549093,-0.0429835651074589,-0.0695322376738306,-0.0034111420442377,-0.0479824107604759,855.0,901.0,15.01851851851852,-0.0017034068136272,0.0022477785419793,0.000964058041132
2019-08-14,755.0,767.0,750.0,753.0,29000.0,753.0,751.2,767.4,795.8,868.1866666666666,1005.305,False,False,False,False,False,False,False,False,False,True,False,0.0411686586985391,-0.0305444887118193,,,-0.0568393094289508,-0.152970340858787,-0.0066401062416998,-0.0239043824701195,-0.0039929968977485,-0.0424811050299713,888.0,896.0,0.1787916152897657,-0.0032671525508922,-0.0015637457372649,-0.0005818548535108
2019-08-15,753.0,760.0,743.0,759.0,7200.0,759.0,753.8,762.7,793.88,864.9866666666667,1004.985,False,False,False,False,False,False,False,False,False,False,False,0.0105401844532279,-0.0632411067193675,,,-0.0459552042160737,-0.1396398770311814,-0.0105401844532279,-0.0408432147562582,-0.0036994789900421,-0.0377605873869149,841.0,890.0,0.2482758620689655,-0.0024185015367561,0.000848651014136,0.0002935179077064
2019-08-16,772.0,772.0,754.0,761.0,7500.0,761.0,759.8,758.0,791.84,861.44,1004.525,False,False,False,False,False,False,False,False,False,True,False,-0.0026281208935611,-0.0473061760840998,,,-0.0405256241787122,-0.1319842312746387,-0.0131406044678055,-0.0394218134034165,-0.0041171371966319,-0.0325857519788918,857.0,910.0,1.0416666666666667,-0.0025762780359668,-0.0001577764992106,-0.0004176582065897
2019-08-19,760.0,771.0,756.0,760.0,7200.0,760.0,764.8,754.9,788.56,857.9866666666667,1004.145,False,False,False,False,False,False,False,False,False,True,False,-0.0144736842105263,-0.0526315789473684,,,-0.0375789473684209,-0.1289298245614035,-0.0039473684210526,-0.0394736842105263,-0.0040249265722855,-0.0299377400980262,851.0,887.0,0.96,-0.0041594805721823,-0.0015832025362154,9.221062434639198e-05
2019-08-20,764.0,765.0,757.0,765.0,3600.0,765.0,759.6,755.6,785.52,854.64,1003.245,False,False,False,False,False,False,False,False,False,False,False,-0.0248366013071895,-0.0627450980392156,,,-0.0268235294117646,-0.1171764705882352,-0.0117647058823529,-0.0366013071895424,-0.0039158788105713,-0.03070407623081,832.0,865.0,0.5,-0.0038700478663814,0.0002894327058008,0.0001090477617142
2019-08-21,766.0,784.0,761.0,784.0,5600.0,784.0,765.8,758.5,784.32,851.4266666666666,1002.43,False,False,False,False,False,False,False,False,False,False,True,-0.0688775510204081,-0.0956632653061224,,,-0.0004081632653061,-0.0860034013605441,-0.0471938775510204,-0.0765306122448979,-0.0037740576600842,-0.0359920896506261,834.0,838.0,1.5555555555555556,-0.0015299877600978,0.0023400601062836,0.000141821150487
2019-08-22,790.0,790.0,767.0,767.0,7500.0,767.0,767.4,760.6,782.64,847.0533333333333,1001.635,False,False,False,False,False,False,False,False,False,True,False,-0.0730117340286831,-0.0677966101694915,,,-0.0203911342894393,-0.1043720121686222,-0.0338983050847457,-0.0534550195567144,-0.0051629964268286,-0.0391795950565344,840.0,907.0,1.3392857142857142,-0.0021465808034346,-0.0006165930433367,-0.0013889387667444
2019-08-23,760.0,775.0,756.0,759.0,2400.0,759.0,767.0,763.4,780.28,842.1333333333333,1000.755,False,False,False,False,False,False,False,False,False,True,False,-0.0447957839262187,-0.0553359683794466,,,-0.0280368906455862,-0.1095300834431269,-0.0368906455862977,-0.0408432147562582,-0.0058423052564914,-0.042703694000524,820.0,854.0,0.32,-0.0030245552878454,-0.0008779744844107,-0.0006793088296627
2019-08-26,759.0,759.0,744.0,749.0,4100.0,749.0,764.8,764.8,777.84,836.8133333333334,1000.13,False,False,False,False,False,False,False,False,False,True,False,-0.0387182910547396,-0.0240320427236315,,,-0.0385046728971963,-0.1172407654650646,-0.02803738317757,-0.0427236315086782,-0.0063574512834402,-0.0465481171548116,832.0,868.0,1.7083333333333333,-0.0031368919057903,-0.0001123366179449,-0.0005151460269488
2019-08-27,759.0,760.0,746.0,746.0,2200.0,746.0,761.0,760.3,775.04,831.3466666666667,999.575,False,False,False,False,False,False,False,False,False,True,False,-0.0388739946380697,-0.0254691689008042,,,-0.0389276139410187,-0.1144057193923146,-0.0268096514745308,-0.0415549597855227,-0.0065756764125675,-0.0436669735630671,813.0,872.0,0.5365853658536586,-0.0036127167630058,-0.0004758248572155,-0.0002182251291273
2019-08-28,746.0,746.0,724.0,730.0,3000.0,730.0,750.2,758.0,771.88,825.4533333333334,999.15,False,False,False,False,False,False,False,False,False,True,False,-0.0287671232876712,0.0041095890410958,,,-0.0573698630136986,-0.1307579908675799,-0.0027397260273972,-0.0287671232876712,-0.0071395112180781,-0.0441952506596306,816.0,819.0,1.3636363636363635,-0.0040939006063118,-0.0004811838433059,-0.0005638348055105
2019-08-29,732.0,732.0,703.0,711.0,11600.0,711.0,739.0,753.2,768.12,820.4266666666666,998.58,False,False,False,False,False,False,False,False,False,True,False,0.0056258790436005,0.0267229254571026,,,-0.080337552742616,-0.1539052977027659,0.0351617440225035,-0.0014064697609001,-0.0061268933237991,-0.0404938927243759,810.0,835.0,3.866666666666666,-0.0048950684788834,-0.0008011678725716,0.001012617894279
2019-08-30,708.0,737.0,708.0,725.0,8300.0,725.0,732.2,749.6,764.72,818.0266666666666,997.97,False,False,False,False,False,False,False,False,False,False,False,-0.0110344827586206,0.0772413793103448,,,-0.0547862068965517,-0.1283126436781609,0.0262068965517241,-0.0234482758620689,-0.0029338896857477,-0.0389541088580576,815.0,850.0,0.7155172413793104,-0.0044460717648289,0.0004489967140545,0.0031930036380513
2019-09-02,722.0,729.0,717.0,720.0,2600.0,720.0,726.4,745.6,761.04,815.68,997.195,False,False,False,False,False,False,False,False,False,True,False,0.0152777777777777,0.05,,,-0.0569999999999999,-0.1328888888888888,0.0416666666666666,-0.0222222222222222,-0.0028769452072708,-0.0372854077253219,814.0,858.0,0.3132530120481928,-0.0048354882791969,-0.000389416514368,5.694447847693143e-05
2019-09-03,716.0,720.0,714.0,717.0,900.0,717.0,720.6,740.8,757.52,813.2266666666667,996.335,False,False,False,False,False,False,False,False,False,False,False,0.0139470013947001,0.0557880055788005,,,-0.0565132496513249,-0.1342073454207345,0.0460251046025104,-0.0125523012552301,-0.0030167890870933,-0.034962203023758,825.0,872.0,0.3461538461538461,-0.0046467420002111,0.0001887462789857,-0.0001398438798224
2019-09-04,708.0,714.0,708.0,709.0,3600.0,709.0,716.4,733.3,753.44,810.7333333333333,995.295,False,False,False,False,False,False,False,False,False,True,False,0.0338504936530324,0.0550070521861777,,,-0.0626798307475318,-0.1434884814292431,0.0535966149506347,-0.002820874471086,-0.0030754049831428,-0.0274103368334923,818.0,877.0,4.0,-0.0054151624548735,-0.0007684204546623,-5.86158960495394e-05
2019-09-05,713.0,729.0,712.0,715.0,11700.0,715.0,717.2,728.1,749.8,808.4,994.335,False,False,False,False,False,False,False,False,False,False,False,0.0209790209790209,0.0503496503496503,,,-0.0486713286713286,-0.1306293706293706,0.0349650349650349,-0.0265734265734265,-0.0028863598878443,-0.0245845350913335,807.0,860.0,3.25,-0.0048546279007736,0.0005605345540998,0.0001890450952984
2019-09-06,717.0,721.0,713.0,717.0,4400.0,717.0,715.6,723.9,746.16,805.8266666666667,993.38,False,False,False,False,False,False,False,False,False,True,False,0.0892608089260808,0.0474198047419804,,,-0.0406694560669455,-0.1238865643886565,0.0390516039051603,-0.0278940027894002,-0.0031934080116484,-0.023207625362619,812.0,870.0,0.376068376068376,-0.004878310281977,-2.3682381203364578e-05,-0.000307048123804
2019-09-09,721.0,733.0,717.0,731.0,9900.0,731.0,717.8,722.1,743.76,803.7466666666667,992.435,False,False,False,False,False,False,False,False,False,False,False,0.0341997264021887,0.0355677154582763,,,-0.0174555403556771,-0.099516643866849,0.0341997264021887,0.0013679890560875,-0.0025878800948889,-0.0186954715413377,842.0,855.0,2.25,-0.0032268473701193,0.0016514629118576,0.0006055279167594
2019-09-10,746.0,746.0,724.0,727.0,7000.0,727.0,719.8,720.2,742.52,801.9066666666666,991.48,False,False,False,False,False,False,False,False,False,False,False,0.0412654745529573,0.0398899587345254,,,-0.0213480055020632,-0.1030353049060063,0.0398899587345254,0.1348005502063273,-0.0022945313669089,-0.0008331019161344,841.0,855.0,0.7070707070707071,-0.0016699886871734,0.0015568586829459,0.00029334872798
2019-09-11,731.0,735.0,722.0,733.0,4600.0,733.0,724.6,720.5,741.64,800.5066666666667,990.22,False,False,False,False,False,False,False,False,False,False,False,0.0204638472032742,0.0190995907230559,,,-0.0117871759890859,-0.0920964074579354,0.0381991814461118,0.0818553888130968,-0.0017488923681667,0.0104094378903539,814.0,888.0,0.6571428571428571,-0.0011865595167466,0.0004834291704267,0.0005456389987421
2019-09-12,738.0,738.0,729.0,730.0,4400.0,730.0,727.6,722.4,741.0,798.1466666666666,989.07,False,False,False,False,False,False,False,False,False,False,True,0.0287671232876712,0.0150684931506849,,,-0.0150684931506849,-0.0933515981735159,0.0397260273972602,0.1287671232876712,-0.0029568500359165,0.023532668881506,809.0,841.0,0.9565217391304348,-0.0008636977058029,0.0003228618109437,-0.0012079576677497
2019-09-13,765.0,880.0,730.0,781.0,613800.0,781.0,740.4,728.0,743.0,797.1733333333333,988.405,False,False,False,True,True,False,True,False,True,False,False,-0.0384122919334186,-0.0640204865556978,,,0.0486555697823303,-0.0207084933845496,-0.0307298335467349,0.1370038412291933,-0.0012209807988225,0.0403846153846153,818.0,857.0,139.5,0.0026917900403768,0.0035554877461798,0.001735869237094
2019-09-17,762.0,793.0,750.0,756.0,63900.0,756.0,745.4,731.6,743.84,795.68,987.62,False,False,False,False,False,False,True,False,False,True,False,0.0013227513227513,-0.037037037037037,,,0.016084656084656,-0.0524867724867724,0.0158730158730158,0.1772486772486772,-0.0018768013941953,0.0606889010388189,810.0,851.0,0.1041055718475073,0.0011292751129275,-0.0015625149274492,-0.0006558205953727
2019-09-18,756.0,757.0,737.0,757.0,23400.0,757.0,751.4,735.6,742.48,794.1466666666666,986.85,False,False,False,False,False,False,False,False,False,True,False,-0.0013210039630118,-0.0409511228533685,,,0.0191809775429326,-0.0490708938793482,0.0184940554821664,0.2060766182298546,-0.0019307936401336,0.0827895595432299,816.0,832.0,0.3661971830985915,-0.001831699170348,-0.0029609742832755,-5.399224593827722e-05
2019-09-19,757.0,770.0,740.0,748.0,12500.0,748.0,754.4,739.5,742.28,793.2,985.285,False,False,False,False,False,False,False,False,False,False,False,-0.0013368983957219,-0.0267379679144385,,,0.0076470588235294,-0.060427807486631,0.0280748663101604,0.2152406417112299,-0.0011934778954445,0.104394861392833,809.0,834.0,0.5341880341880342,-0.000269440103465,0.0015622590668829,0.000737315744689
2019-09-20,745.0,761.0,740.0,751.0,12600.0,751.0,758.6,743.1,741.96,792.08,983.585,False,False,False,False,False,False,False,False,False,True,False,-0.0133155792276964,-0.0199733688415446,,,0.0120372836218375,-0.0547003994673768,0.0239680426098535,0.1677762982689747,-0.0014139985860014,0.1234019647422956,805.0,840.0,1.008,-0.000431290096501,-0.000161849993036,-0.0002205206905568
2019-09-24,751.0,762.0,745.0,751.0,11400.0,751.0,752.6,746.5,741.56,790.76,981.435,False,False,False,False,False,False,False,False,False,True,False,-0.0266311584553928,-0.0093209054593874,,,0.0125699067909454,-0.0529427430093208,0.0439414114513981,0.1304926764314247,-0.00166928018615,0.1386470194239785,810.0,820.0,0.9047619047619048,-0.0005394034198178,-0.0001081133233167,-0.0002552816001486
2019-09-25,749.0,760.0,743.0,757.0,7700.0,757.0,752.8,749.1,741.44,789.4133333333333,979.3,False,False,False,False,False,False,False,False,False,False,False,-0.0383091149273447,-0.0092470277410832,,,0.0205548216644649,-0.0428181417877586,0.0303830911492734,0.1030383091149273,-0.0017059081849812,0.1484448004271792,812.0,832.0,0.6754385964912281,-0.0001618472162277,0.00037755620359,-3.6627998831188346e-05
2019-09-26,758.0,767.0,753.0,756.0,11500.0,756.0,752.6,752.0,741.08,787.8666666666667,976.405,False,False,False,False,False,False,False,False,False,True,False,-0.0396825396825396,-0.0079365079365079,,,0.0197354497354496,-0.0421516754850088,0.0343915343915343,0.1269841269841269,-0.0019631071247249,0.1476063829787234,805.0,813.0,1.4935064935064934,-0.0004857775138986,-0.0003239302976709,-0.0002571989397436
2019-09-27,749.0,754.0,746.0,747.0,9600.0,747.0,752.4,753.4,739.6,786.1333333333333,973.705,False,False,False,False,False,False,False,False,False,True,False,-0.0254350736278447,0.0,,,0.0099062918340026,-0.0523873270861222,0.0441767068273092,0.2315930388219544,-0.0022048846675712,0.1623307671887444,811.0,816.0,0.8347826086956521,-0.0020010816657653,-0.0015153041518666,-0.0002417775428463
2019-09-30,751.0,751.0,731.0,741.0,8400.0,741.0,750.4,754.5,738.56,784.5466666666666,971.26,False,False,False,False,False,False,False,False,False,False,False,-0.0067476383265856,-0.0013495276653171,,,0.0032928475033738,-0.0587674313990102,0.0566801619433198,0.2159244264507422,-0.0020223993473938,0.1708416169648773,806.0,810.0,0.875,-0.0014081455805893,0.0005929360851759,0.0001824853201773
2019-10-01,739.0,743.0,726.0,731.0,6900.0,731.0,746.4,749.5,737.44,782.6933333333334,968.72,False,False,False,False,False,True,False,False,False,True,False,0.0177838577291381,0.0191518467852257,,,-0.0088098495212039,-0.0707159142726858,0.06703146374829,0.2900136798905608,-0.0023678920650061,0.1859906604402935,808.0,815.0,0.8214285714285714,-0.0015187676285526,-0.0001106220479633,-0.0003454927176123
2019-10-02,716.0,737.0,716.0,728.0,9400.0,728.0,740.6,746.7,736.6,781.0,966.11,False,False,False,False,False,False,False,False,False,False,False,0.0302197802197802,0.0384615384615384,,,-0.0118131868131868,-0.0728021978021978,0.0906593406593406,0.2032967032967033,-0.0021681604780196,0.1885630105798847,791.0,814.0,1.3623188405797102,-0.0011403746945425,0.0003783929340101,0.0001997315869864
2019-10-03,724.0,727.0,722.0,726.0,1600.0,726.0,734.6,743.6,735.8,779.28,963.5,False,False,False,False,False,False,False,False,False,False,False,0.0330578512396694,0.0413223140495867,,,-0.0134986225895316,-0.073388429752066,0.0991735537190082,0.234159779614325,-0.0022071655887486,0.1912318450779988,758.0,825.0,0.1702127659574468,-0.0010872519706442,5.31227238982461e-05,-3.900511072892467e-05
2019-10-04,726.0,728.0,726.0,728.0,2300.0,728.0,730.8,741.6,735.72,777.1466666666666,961.065,False,False,False,False,False,False,False,False,False,False,False,0.0260989010989011,0.0453296703296703,,,-0.0106043956043956,-0.0675091575091574,0.081043956043956,0.1936813186813187,-0.0027450845829187,0.1890507011866234,755.0,818.0,1.4375,-0.0001087370195181,0.000978514951126,-0.00053791899417
2019-10-07,730.0,736.0,730.0,736.0,2900.0,736.0,729.8,740.1,736.72,775.7466666666667,959.025,False,False,False,False,False,False,True,False,True,False,False,0.0054347826086956,0.03125,,,-0.0009782608695652,-0.0540036231884058,0.0027173913043478,0.0489130434782608,-0.0018047128787748,0.1772733414403458,746.0,807.0,1.2608695652173914,0.001357367792377,0.0014661048118952,0.0009403717041438
2019-10-08,735.0,753.0,735.0,744.0,6300.0,744.0,732.4,739.4,737.48,774.24,957.475,False,False,False,True,True,False,True,False,False,True,False,0.0013440860215053,0.0174731182795698,,,0.008763440860215,-0.0406451612903225,0.0080645161290322,0.0295698924731182,-0.00194599435145,0.1671625642412767,731.0,812.0,2.1724137931034484,0.0010305364213266,-0.0003268313710503,-0.0001412814726751
2019-10-09,740.0,755.0,740.0,750.0,6700.0,750.0,736.8,738.7,738.68,772.8933333333333,955.81,False,False,False,False,False,False,True,False,False,False,False,0.008,0.024,,,0.0150933333333334,-0.0305244444444444,-0.004,0.0013333333333333,-0.0017423706591681,0.1568972519290645,735.0,842.0,1.0634920634920637,0.0016245194130068,0.0005939829916802,0.0002036236922818
2019-10-10,751.0,752.0,745.0,750.0,6900.0,750.0,741.6,738.1,740.0,771.8,953.57,False,False,False,False,False,False,True,False,False,False,False,0.008,0.028,,,0.0133333333333333,-0.0290666666666666,-0.0066666666666666,0.024,-0.001416601883044,0.1464571196314862,791.0,841.0,1.0298507462686568,0.0017837837837838,0.0001592643707769,0.0003257687761241
2019-10-11,747.0,750.0,745.0,747.0,6900.0,747.0,745.4,738.1,741.52,770.64,951.92,False,False,False,False,False,False,True,False,False,False,False,0.0187416331994645,0.0294511378848728,,,0.0073360107095047,-0.0316465863453815,0.001338688085676,0.0281124497991967,-0.0015052423959306,0.1258637041051347,753.0,814.0,1.0,0.00204984356457,0.0002660597807861,-8.864051288660977e-05
2019-10-15,747.0,756.0,740.0,740.0,8200.0,740.0,746.2,738.0,742.52,769.3066666666666,950.035,False,False,False,False,False,False,True,False,False,True,False,0.0256756756756756,0.0391891891891891,,,-0.0034054054054053,-0.0396036036036035,-0.004054054054054,0.0459459459459459,-0.0017331623279836,0.1088075880758807,759.0,809.0,1.1884057971014492,0.0013467650703011,-0.0007030784942689,-0.000227919932053
2019-10-16,751.0,751.0,744.0,745.0,3500.0,745.0,746.4,739.4,743.64,768.3066666666666,948.05,False,False,False,False,False,False,True,False,False,False,False,0.0161073825503355,0.0523489932885906,,,0.0018255033557047,-0.0312841163310961,-0.010738255033557,0.0228187919463087,-0.0013015636117522,0.0822288341898837,761.0,818.0,0.4268292682926829,0.0015061051046205,0.0001593400343193,0.0004315987162314
2019-10-17,750.0,769.0,744.0,756.0,19800.0,756.0,747.6,742.2,744.64,767.2933333333333,945.67,False,False,False,False,False,False,True,False,False,True,False,0.0158730158730158,0.0317460317460317,,,0.015026455026455,-0.0149382716049382,-0.0211640211640211,-0.0185185185185185,-0.0013206596347333,0.060091619509566,760.0,810.0,5.6571428571428575,0.0013429308122045,-0.0001631742924159,-1.909602298108071e-05
2019-10-18,764.0,764.0,756.0,756.0,7500.0,756.0,748.8,745.2,745.8,766.5333333333333,943.02,False,False,False,False,False,False,True,False,False,False,False,0.0198412698412698,0.0343915343915343,,,0.0134920634920635,-0.0139329805996472,-0.0264550264550264,-0.0145502645502645,-0.0009914767785701,0.0355609232420826,765.0,816.0,0.3787878787878788,0.0015553767766156,0.0002124459644111,0.0003291828561631
2019-10-21,756.0,770.0,756.0,761.0,12300.0,761.0,751.6,748.5,746.92,765.8,940.445,False,False,False,False,False,False,True,False,False,True,False,0.0105124835742444,0.0249671484888304,,,0.0185019710906702,-0.0063074901445465,-0.0328515111695138,-0.052562417871222,-0.0009576042482806,0.0112224448897795,784.0,809.0,1.64,0.0014994912440422,-5.5885532573466106e-05,3.38725302894893e-05
2019-10-23,765.0,769.0,759.0,759.0,7200.0,759.0,755.4,750.8,748.08,765.12,937.49,False,False,False,False,False,False,True,False,False,False,False,0.0131752305665349,0.0316205533596837,,,0.014387351778656,-0.0080632411067193,-0.0382081686429512,-0.077733860342556,-0.0008887494772061,-0.0014651038891847,767.0,805.0,0.5853658536585366,0.0015506362955834,5.114505154126328e-05,6.885477107456046e-05
2019-10-24,770.0,770.0,756.0,757.0,6800.0,757.0,757.8,752.1,747.12,764.3466666666667,934.855,False,False,False,False,False,False,False,False,False,True,False,0.035667107001321,0.0303830911492734,,,0.0130515191545574,-0.009704975781594,-0.0383091149273447,-0.1043593130779392,-0.0010117573177964,-0.0148916367504321,759.0,810.0,0.9444444444444444,-0.001284934147125,-0.0028355704427084,-0.0001230078405903
2019-10-25,771.0,771.0,755.0,768.0,11300.0,768.0,760.2,753.9,747.6,763.7333333333333,932.21,False,False,False,False,False,False,True,False,False,False,False,0.015625,0.0338541666666666,,,0.0265624999999999,0.0055555555555555,-0.0455729166666666,-0.1341145833333333,-0.0008030726256983,-0.0286510147234381,749.0,812.0,1.661764705882353,0.0006420545746388,0.0019269887217638,0.000208684692098
2019-10-28,776.0,776.0,767.0,771.0,8100.0,771.0,763.2,756.0,748.16,763.0133333333333,929.675,False,False,False,False,False,False,True,False,False,False,False,0.0142671854734111,0.0350194552529182,,,0.0296238651102464,0.0103588413316039,-0.0453955901426718,-0.1180285343709468,-0.000943627022682,-0.0429894179894179,746.0,805.0,0.7168141592920354,0.0007485029940119,0.000106448419373,-0.0001405543969836
2019-10-29,769.0,774.0,769.0,769.0,4300.0,769.0,764.8,758.2,749.0,762.36,927.205,False,False,False,False,False,False,True,False,False,False,False,0.0143042912873862,0.0234070221066319,,,0.0260078023407022,0.0086345903771131,-0.0442132639791937,-0.1287386215864759,-0.0008569879497,-0.0586916380902136,730.0,811.0,0.5308641975308642,0.0011214953271028,0.0003729923330909,8.663907298201313e-05
2019-10-30,781.0,781.0,769.0,769.0,4000.0,769.0,766.8,761.1,749.72,761.8533333333334,924.565,False,False,False,False,False,False,True,False,False,True,False,0.0182054616384915,-0.0403120936280884,,,0.0250715214564368,0.0092934547030775,-0.0533159947984395,-0.1404421326397919,-0.0006650448905301,-0.0771252135067665,711.0,806.0,0.9302325581395348,0.0009603585338526,-0.0001611367932501,0.0001919430591699
2019-10-31,782.0,784.0,763.0,784.0,13000.0,784.0,772.2,765.0,751.04,761.48,922.04,False,False,False,False,False,False,True,False,True,False,False,-0.0051020408163265,-0.0433673469387755,,,0.0420408163265306,0.0287244897959183,-0.0676020408163265,-0.2040816326530612,-0.00049027332738,-0.0998692810457516,725.0,808.0,3.25,0.0017575628461865,0.0007972043123338,0.00017477156315
2019-11-01,779.0,786.0,770.0,780.0,11500.0,780.0,774.6,767.4,751.96,760.6533333333333,919.205,False,False,False,False,False,False,True,False,False,True,False,0.0179487179487179,-0.0423076923076923,,,0.0359487179487179,0.0248034188034188,-0.0641025641025641,-0.2102564102564102,-0.0010867850444355,-0.1191034662496742,720.0,791.0,0.8846153846153846,0.0012234693334752,-0.0005340935127112,-0.0005965117170555
2019-11-05,784.0,789.0,780.0,782.0,5300.0,782.0,776.8,770.0,753.0,759.8666666666667,916.165,False,False,False,False,False,False,True,False,False,False,False,0.0204603580562659,-0.047314578005115,,,0.0370843989769821,0.0283034953111679,-0.057544757033248,-0.2468030690537084,-0.0010352693454991,-0.1423376623376623,717.0,758.0,0.4608695652173913,0.0013811420982735,0.0001576727647982,5.151569893637668e-05
2019-11-06,782.0,786.0,780.0,780.0,1500.0,780.0,779.0,771.9,754.32,759.4133333333333,913.535,False,False,False,False,False,False,True,False,False,False,False,0.0089743589743589,-0.041025641025641,,,0.0329230769230768,0.0263931623931624,-0.0717948717948717,-0.3025641025641025,-0.0005969520331484,-0.1673791941961393,709.0,755.0,0.2830188679245283,0.001749920458161,0.0003687783598875,0.0004383173123507
2019-11-07,784.0,784.0,779.0,783.0,5000.0,783.0,781.8,774.3,756.0,759.0666666666667,911.165,False,False,False,False,False,False,True,False,False,False,False,-0.057471264367816,-0.0587484035759897,,,0.0344827586206896,0.0305661983822902,-0.0727969348659003,-0.2528735632183908,-0.0004567012120146,-0.1848120883378534,715.0,746.0,3.333333333333333,0.0022222222222221,0.000472301764061,0.0001402508211338
2019-11-08,781.0,787.0,780.0,780.0,6400.0,780.0,781.0,776.6,757.96,758.56,909.025,False,False,False,False,False,False,True,False,False,False,False,-0.0384615384615384,-0.0551282051282051,,,0.0282564102564102,0.0274871794871795,-0.0666666666666666,-0.25,-0.0006679322224567,-0.1992016482101468,717.0,731.0,1.28,0.0025858884373846,0.0003636662151624,-0.000211231010442
2019-11-11,786.0,794.0,782.0,794.0,8600.0,794.0,783.8,779.2,760.6,758.3466666666667,907.295,False,True,False,False,False,False,True,False,False,False,False,-0.0591939546599496,-0.0680100755667506,,,0.042065491183879,0.0449034424853064,-0.096977329974811,-0.2518891687657431,-0.000281313735143,-0.2109856262833676,731.0,735.0,1.34375,0.0034709439915855,0.0008850555542009,0.0003866184873137
2019-11-12,789.0,814.0,787.0,798.0,11500.0,798.0,787.0,781.9,763.48,758.1066666666667,905.455,False,False,False,False,False,False,True,False,False,False,False,-0.0664160401002506,-0.0776942355889724,,,0.0432581453634084,0.0499916457811194,-0.1040100250626566,-0.2819548872180451,-0.000316578142038,-0.2273948075201431,727.0,791.0,1.337209302325581,0.0037722009744852,0.0003012569828996,-3.526440689505928e-05
2019-11-13,800.0,805.0,747.0,787.0,40400.0,787.0,788.4,783.7,765.84,757.8133333333334,903.43,False,False,False,False,False,False,True,False,False,True,False,-0.0495552731893265,-0.0648030495552731,,,0.0268869123252858,0.0370859805167301,-0.0991105463786531,-0.315120711562897,-0.0003870786121471,-0.2458849049381141,733.0,753.0,3.5130434782608697,0.0030815836205996,-0.0006906173538856,-7.05004701091069e-05
2019-11-14,745.0,765.0,738.0,738.0,25400.0,738.0,779.4,780.6,765.92,756.92,901.095,False,False,False,False,False,False,True,False,False,True,False,-0.0013550135501355,-0.010840108401084,,,-0.0378319783197831,-0.0256368563685636,-0.037940379403794,-0.3604336043360434,-0.0011802215998169,-0.2671022290545733,730.0,759.0,0.6287128712871287,0.0001044495508668,-0.0029771340697327,-0.0007931429876697
2019-11-15,729.0,750.0,729.0,750.0,7800.0,750.0,773.4,777.2,766.16,756.12,898.865,False,False,False,False,False,False,True,False,False,False,False,-0.0173333333333333,-0.0293333333333333,,,-0.0215466666666666,-0.00816,-0.056,-0.3706666666666666,-0.0010580331164364,-0.2834534225424602,781.0,761.0,0.3070866141732283,0.0003132504959799,0.0002088009451131,0.0001221884833804
2019-11-18,752.0,752.0,747.0,747.0,8100.0,747.0,764.0,773.9,766.04,755.2533333333333,896.765,False,False,False,False,False,False,False,False,False,True,False,-0.0093708165997322,-0.0187416331994645,,,-0.0254886211512717,-0.0110486390004462,-0.0575635876840696,-0.3842034805890227,-0.0011475178306616,-0.3005556273420339,756.0,760.0,1.0384615384615383,-0.0001566497833011,-0.0004699002792811,-8.948471422520212e-05
2019-11-19,751.0,751.0,741.0,745.0,5300.0,745.0,753.4,770.2,765.84,754.4533333333334,894.61,False,False,False,False,False,False,False,False,False,True,False,-0.0120805369127516,-0.0120805369127516,,,-0.0279731543624161,-0.0126890380313199,-0.0496644295302013,-0.4228187919463087,-0.0010603704227342,-0.3178395222020255,757.0,765.0,0.654320987654321,-0.000261151154288,-0.0001045013709868,8.714740792740484e-05
2019-11-20,745.0,748.0,740.0,748.0,5800.0,748.0,745.6,767.0,765.88,753.6133333333333,892.58,False,False,False,False,False,False,True,False,False,False,False,-0.0160427807486631,-0.017379679144385,,,-0.023903743315508,-0.0075044563279857,-0.0548128342245989,-0.4893048128342246,-0.0011146299605456,-0.3361147327249022,748.0,784.0,1.0943396226415094,5.2227503003033925e-05,0.000313378657291,-5.4259537811398575e-05
2019-11-21,740.0,748.0,736.0,737.0,8700.0,737.0,745.4,762.4,765.76,752.6933333333334,890.585,False,False,False,False,False,False,False,False,False,True,False,-0.0094979647218453,-0.0122116689280868,,,-0.039023066485753,-0.0212935323383085,-0.0556309362279511,-0.4979647218453188,-0.0012222773329553,-0.3603095487932843,751.0,767.0,1.5,-0.0001567070622649,-0.0002089345652679,-0.0001076473724096
2019-11-22,742.0,742.0,737.0,737.0,1300.0,737.0,742.8,758.1,765.44,751.7466666666667,888.24,False,False,False,False,False,False,False,False,False,True,False,-0.0122116689280868,-0.0081411126187245,,,-0.0385888738127544,-0.0200090456806874,-0.0542740841248303,-0.4694708276797829,-0.0012592894769515,-0.3822714681440443,751.0,759.0,0.1494252873563218,-0.0004180602006688,-0.0002613531384038,-3.701214399614303e-05
2019-11-25,739.0,744.0,735.0,740.0,2900.0,740.0,741.4,752.7,764.8,751.0666666666667,885.965,False,False,False,False,False,False,False,False,False,True,False,-0.0094594594594594,-0.0135135135135135,,,-0.0335135135135134,-0.014954954954955,-0.0108108108108108,-0.4675675675675675,-0.0009053790165097,-0.4044107878304769,757.0,749.0,2.230769230769231,-0.0008368200836821,-0.0004187598830133,0.0003539104604417
2019-11-26,745.0,745.0,736.0,736.0,2100.0,736.0,739.6,746.5,764.0,750.7733333333333,883.705,False,False,False,False,False,False,False,False,False,True,False,0.0,0.0013586956521739,,,-0.0380434782608695,-0.0200724637681159,0.1209239130434782,-0.5095108695652174,-0.000390708247496,-0.4278633623576691,756.0,746.0,0.7241379310344828,-0.0010471204188481,-0.0002103003351659,0.0005146707690137
2019-11-27,732.0,742.0,731.0,736.0,7000.0,736.0,737.2,741.4,763.0,750.52,881.7,False,False,False,False,False,False,False,False,False,True,False,-0.0013586956521739,-0.0163043478260869,,,-0.0366847826086956,-0.0197282608695651,0.077445652173913,-0.532608695652174,-0.0003375437474462,-0.4502292959266252,747.0,730.0,3.333333333333333,-0.001310615989515,-0.0002634955706669,5.316450004980324e-05
2019-11-28,728.0,731.0,726.0,730.0,5700.0,730.0,735.8,740.6,761.84,750.3066666666666,879.4,False,False,False,False,False,False,False,False,False,True,False,-0.0027397260273972,-0.0054794520547945,,,-0.0436164383561644,-0.0278173515981734,0.1287671232876712,-0.4849315068493151,-0.0002843281858085,-0.462597893599784,741.0,711.0,0.8142857142857143,-0.0015226294235009,-0.0002120134339858,5.3215561637697136e-05
2019-11-29,730.0,733.0,727.0,728.0,3000.0,728.0,734.0,738.4,760.68,750.2666666666667,877.065,False,False,False,False,False,False,False,False,False,True,False,0.0041208791208791,0.0,,,-0.0448901098901098,-0.0305860805860805,0.2197802197802197,-0.3832417582417582,-5.331437711031228e-05,-0.4641115926327194,731.0,725.0,0.5263157894736842,-0.0015249513593101,-2.321935809242821e-06,0.0002310138086982
2019-12-02,727.0,734.0,727.0,733.0,2500.0,733.0,732.6,737.0,759.28,750.24,874.575,False,False,False,False,False,False,False,False,False,True,False,-0.0040927694406548,-0.0218281036834924,,,-0.0358526603001363,-0.0235197817189631,0.2141882673942701,-0.4311050477489768,-3.5544181417469626e-05,-0.4689280868385346,728.0,720.0,0.8333333333333334,-0.0018438520703824,-0.0003189007110722,1.777019569284265e-05
2019-12-03,731.0,736.0,728.0,736.0,8000.0,736.0,732.6,736.1,757.88,749.5066666666667,872.265,False,False,False,False,False,False,False,False,False,True,False,0.0013586956521739,-0.0285326086956521,,,-0.0297282608695652,-0.0183514492753623,0.2404891304347826,-0.4470108695652174,-0.0009784213616067,-0.4714033419372367,726.0,717.0,3.2,-0.0018472581411304,-3.406070748054185e-06,-0.0009428771801892
2019-12-04,730.0,736.0,729.0,735.0,5400.0,735.0,732.4,734.8,756.52,749.2666666666667,869.845,False,False,False,False,False,False,False,False,False,False,False,-0.0149659863945578,-0.0353741496598639,,,-0.0292789115646258,-0.0194104308390022,0.236734693877551,-0.4653061224489795,-0.0003203131951241,-0.4689711486118672,728.0,709.0,0.675,-0.0017977052820811,4.955285904936551e-05,0.0006581081664826
2019-12-05,736.0,736.0,728.0,728.0,3900.0,728.0,732.0,733.9,754.88,748.8533333333334,867.335,False,False,False,False,False,False,False,False,False,True,False,-0.0027472527472527,-0.0247252747252747,,,-0.0369230769230769,-0.0286446886446886,0.2046703296703296,-0.4752747252747252,-0.0005519549889608,-0.4666848344461098,736.0,715.0,0.7222222222222222,-0.0021725307333615,-0.0003748254512804,-0.0002316417938367
2019-12-06,728.0,732.0,728.0,731.0,1800.0,731.0,732.6,733.3,752.76,748.4533333333334,865.03,False,False,False,False,False,False,False,False,False,True,False,-0.0041039671682626,-0.0314637482900136,,,-0.0297674418604651,-0.0238759689922481,0.161422708618331,-0.4829001367989056,-0.0005344354580111,-0.4680212736942588,744.0,717.0,0.4615384615384615,-0.0028163026728306,-0.000643771939469,1.7519530949696555e-05
2019-12-09,733.0,738.0,730.0,730.0,6600.0,730.0,732.0,732.3,750.76,748.0533333333333,862.595,False,False,False,False,False,False,False,False,False,False,False,-0.0178082191780821,-0.0356164383561643,,,-0.0284383561643835,-0.0247305936073058,0.1438356164383561,-0.4821917808219178,-0.0005347212319978,-0.4694797214256452,750.0,731.0,3.6666666666666665,-0.0026639671799243,0.0001523354929063,-2.857739866830552e-07
2019-12-10,725.0,737.0,725.0,737.0,4900.0,737.0,732.2,732.4,748.96,747.68,860.18,False,False,False,False,False,False,False,False,False,False,False,-0.0298507462686567,-0.039348710990502,,,-0.0162279511533243,-0.0144911804613296,0.1560379918588874,-0.5278154681139756,-0.0004993223482416,-0.4713271436373566,750.0,727.0,0.7424242424242424,-0.0024033326212347,0.0002606345586896,3.539888375616608e-05
2019-12-11,731.0,732.0,723.0,724.0,5400.0,724.0,730.0,731.2,746.72,746.88,858.04,False,False,True,False,False,False,False,False,False,True,False,-0.0207182320441988,-0.0234806629834254,,,-0.0313812154696133,-0.0316022099447513,0.2707182320441988,-0.4765193370165745,-0.0010711225364181,-0.4656728665207878,747.0,733.0,1.1020408163265305,-0.0029997857295907,-0.000596453108356,-0.0005718001881764
2019-12-12,724.0,739.0,716.0,726.0,7700.0,726.0,729.6,730.8,744.44,746.3333333333334,855.985,False,False,False,False,False,False,False,False,False,True,False,-0.0220385674931129,-0.0413223140495867,,,-0.0253994490358127,-0.0280073461891644,0.2410468319559228,-0.4517906336088154,-0.0007324698526127,-0.4623700054734537,740.0,730.0,1.4259259259259258,-0.0030627048519692,-6.291912237847306e-05,0.0003386526838053
2019-12-13,724.0,730.0,719.0,728.0,6100.0,728.0,729.0,730.8,742.36,745.92,853.94,False,False,False,False,False,False,False,False,False,False,False,-0.0274725274725274,-0.0425824175824175,,,-0.0197252747252747,-0.0246153846153845,0.2953296703296703,-0.4423076923076923,-0.0005541255541256,-0.4682539682539682,745.0,781.0,0.7922077922077922,-0.0028018751010292,0.00026082975094,0.000178344298487
2019-12-16,720.0,723.0,717.0,717.0,4800.0,717.0,726.4,729.2,739.28,745.4933333333333,852.175,False,False,False,False,False,False,False,False,False,True,False,-0.0181311018131101,0.0209205020920502,,,-0.0310739191073918,-0.0397396559739656,0.2217573221757322,-0.4281729428172943,-0.0005723279439117,-0.4680471749862864,756.0,756.0,0.7868852459016393,-0.0041662157775133,-0.0013643406764841,-1.8202389786138628e-05
2019-12-17,720.0,720.0,715.0,715.0,7900.0,715.0,722.0,727.1,735.96,745.08,850.13,False,False,False,False,False,False,False,False,False,True,False,-0.0097902097902097,0.1538461538461538,,,-0.0293146853146853,-0.0420699300699301,0.2531468531468531,-0.427972027972028,-0.0005547502729012,-0.4662357309861092,756.0,757.0,1.6458333333333333,-0.0045111147344963,-0.000344898956983,1.7577671010501352e-05
2019-12-18,718.0,718.0,706.0,709.0,6200.0,709.0,719.0,724.5,732.84,744.8,848.2,False,False,False,False,False,False,False,False,False,False,False,-0.002820874471086,0.1184767277856135,,,-0.0336248236953456,-0.0504936530324399,0.2256699576868829,-0.4287729196050776,-0.0003759398496241,-0.462663906142167,761.0,748.0,0.7848101265822784,-0.0042574095300474,0.0002537052044488,0.0001788104232771
2019-12-19,710.0,714.0,705.0,710.0,4400.0,710.0,715.8,722.7,731.72,744.7866666666666,846.375,False,False,False,False,False,False,False,False,False,False,False,-0.0197183098591549,0.1605633802816901,,,-0.0305915492957746,-0.0489953051643192,0.0873239436619718,-0.4154929577464789,-1.790221808480443e-05,-0.4567593745675937,759.0,751.0,0.7096774193548387,-0.0015306401355709,0.0027267693944765,0.0003580376315393
2019-12-20,721.0,721.0,706.0,708.0,5200.0,708.0,711.8,720.4,730.04,744.56,844.39,False,False,False,False,False,False,False,False,False,True,False,-0.0155367231638418,0.2542372881355932,,,-0.0311299435028248,-0.0516384180790959,0.0819209039548022,-0.4251412429378531,-0.0003044303570789,-0.450999444752915,757.0,751.0,1.181818181818182,-0.0023012437674648,-0.0007706036318938,-0.0002865281389941
2019-12-23,717.0,717.0,703.0,704.0,10500.0,704.0,709.2,717.8,728.32,744.3466666666667,842.56,False,False,False,False,False,False,False,False,False,True,False,0.0397727272727272,0.2642045454545454,,,-0.0345454545454546,-0.0573106060606061,0.0667613636363636,-0.4176136363636363,-0.0002866048077955,-0.4445528002229033,768.0,757.0,2.019230769230769,-0.0023615992970121,-6.035552954729946e-05,1.7825549283386854e-05
2019-12-24,709.0,709.0,702.0,708.0,6000.0,708.0,707.8,714.9,726.84,744.2266666666667,840.7,False,False,False,False,False,False,False,False,False,False,False,0.1652542372881356,0.2895480225988701,,,-0.0266101694915254,-0.0511676082862523,0.0847457627118644,-0.4025423728813559,-0.0001612411989178,-0.4318086445656735,771.0,756.0,0.5714285714285714,-0.0020362115458698,0.0003253877511423,0.0001253636088776
2019-12-25,708.0,708.0,699.0,707.0,11500.0,707.0,707.4,713.2,725.2,744.2,838.79,False,False,False,False,False,False,False,False,False,True,False,0.1216407355021216,0.2857142857142857,,,-0.0257425742574258,-0.0526166902404526,0.0862800565770862,-0.3253182461103253,-3.583266147089816e-05,-0.4167134043746495,769.0,747.0,1.9166666666666667,-0.0022614451185879,-0.0002252335727181,0.000125408537447
2019-12-26,707.0,708.0,680.0,696.0,20700.0,696.0,704.6,710.2,723.56,743.9466666666667,836.9,False,False,False,False,False,False,False,False,False,True,False,0.1839080459770115,0.2600574712643678,,,-0.0395977011494252,-0.0688888888888889,0.1120689655172413,-0.3807471264367816,-0.0003405262025951,-0.4096029287524641,769.0,741.0,1.8,-0.0022665708441595,-5.125725571615732e-06,-0.0003046935411242
2019-12-27,702.0,703.0,689.0,697.0,17100.0,697.0,702.4,707.1,721.96,743.68,835.03,False,False,False,False,False,False,False,False,False,False,False,0.2740315638450502,0.2180774748923959,,,-0.0358106169296987,-0.0669727403156383,0.0932568149210903,-0.4045911047345767,-0.0003585771658062,-0.4057417621269976,784.0,731.0,0.8260869565217391,-0.0022161892625628,5.038158159667572e-05,-1.805096321104996e-05
2019-12-30,700.0,733.0,700.0,732.0,20400.0,732.0,708.0,708.6,721.64,743.6933333333334,833.33,False,False,False,False,True,False,False,True,False,False,True,0.2158469945355191,0.1407103825136612,,,0.0141530054644808,-0.0159744990892532,0.0136612021857923,-0.412568306010929,1.792853685224406e-05,-0.4041772509173018,780.0,728.0,1.1929824561403508,-0.0004434343994236,0.0017727548631392,0.0003765057026584
2020-01-06,845.0,875.0,798.0,825.0,194100.0,825.0,731.4,719.6,725.2,745.0,832.125,False,False,False,False,False,False,True,True,True,False,False,0.1066666666666666,0.0327272727272727,,,0.1209696969696969,0.0969696969696969,-0.0969696969696969,-0.4957575757575757,0.0017539149888142,-0.4123123957754308,782.0,726.0,9.514705882352942,0.0049089906232764,0.0053524250227,0.001735986451962
2020-01-07,810.0,810.0,766.0,793.0,59100.0,793.0,748.6,728.0,727.48,745.8,830.9,False,False,False,False,False,False,True,True,False,True,False,0.146279949558638,0.1601513240857503,,,0.0826229508196721,0.0595208070617907,-0.0907944514501891,-0.4476670870113493,0.0010726736390452,-0.4145604395604396,780.0,728.0,0.3044822256568779,0.0031341067795677,-0.0017748838437086,-0.0006812413497689
2020-01-08,803.0,848.0,799.0,824.0,123300.0,824.0,774.2,739.4,731.24,747.0533333333333,830.055,False,False,False,False,False,False,True,True,False,False,False,0.0643203883495145,0.0934466019417475,,,0.1125728155339805,0.0933818770226537,-0.1504854368932038,-0.4466019417475728,0.0016777026182869,-0.4180416553962672,783.0,736.0,2.0862944162436547,0.0051419506591543,0.0020078438795865,0.0006050289792416
2020-01-09,891.0,974.0,868.0,888.0,490400.0,888.0,812.4,757.4,737.64,748.48,829.48,False,False,False,False,False,False,True,True,False,False,False,-0.0439189189189189,0.0619369369369369,,,0.1693243243243243,0.1571171171171171,-0.2364864864864864,-0.4752252252252252,0.0019060852216047,-0.4240823871138104,780.0,744.0,3.977291159772912,0.0086763190716338,0.0035343684124795,0.0002283826033178
2020-01-10,878.0,926.0,860.0,890.0,86000.0,890.0,844.0,776.0,743.92,750.2666666666667,828.825,False,False,False,False,False,False,True,True,False,True,False,-0.0617977528089887,-0.0157303370786516,,,0.1641348314606742,0.157003745318352,-0.2528089887640449,-0.501123595505618,0.0023813755109294,-0.4335051546391752,794.0,750.0,0.1753670473083197,0.0084417679320356,-0.0002345511395981,0.0004752902893246
2020-01-14,949.0,950.0,899.0,913.0,96900.0,913.0,861.6,796.5,751.0,752.3466666666667,828.36,False,False,False,False,False,False,True,True,False,False,False,-0.0668127053669222,-0.0186199342825848,,,0.1774370208105148,0.1759620299379335,-0.2552026286966046,-0.5235487404162102,0.0027646829475774,-0.4465787821720025,798.0,750.0,1.1267441860465115,0.0094274300932091,0.0009856621611734,0.000383307436648
2020-01-15,914.0,937.0,901.0,909.0,26400.0,909.0,884.8,816.7,757.96,754.4933333333333,828.065,True,True,False,False,False,False,True,True,False,True,False,0.0121012101210121,-0.044004400440044,,,0.1661606160616061,0.1699743307664099,-0.2629262926292629,-0.5148514851485149,0.0028451764539558,-0.4646749112281131,787.0,747.0,0.2724458204334365,0.009182542614386,-0.000244887478823,8.049350637841712e-05
2020-01-16,905.0,906.0,865.0,877.0,48600.0,877.0,895.4,834.8,763.92,756.1733333333333,827.51,False,False,False,False,False,False,True,True,False,True,False,0.0273660205245153,-0.1197263397947548,,,0.128939566704675,0.1377727099961992,-0.2462941847206385,-0.4732041049030787,0.0022217128347997,-0.4725682798275035,738.0,740.0,1.8409090909090908,0.0078018640695359,-0.00138067854485,-0.0006234636191561
2020-01-17,875.0,885.0,833.0,849.0,39900.0,849.0,887.6,850.0,768.64,757.48,826.815,False,False,False,False,False,False,True,True,False,True,False,0.110718492343934,-0.0977620730270907,,,0.0946525323910483,0.1077974087161366,-0.2650176678445229,-0.4393404004711425,0.0017250180422806,-0.4748235294117647,750.0,745.0,0.8209876543209876,0.0061407160699417,-0.0016611479995942,-0.000496694792519
2020-01-20,830.0,872.0,829.0,835.0,31100.0,835.0,876.6,860.3,772.84,758.52,826.1,False,False,False,False,False,False,True,True,False,True,False,0.0491017964071856,-0.1005988023952095,,,0.074443113772455,0.0915928143712575,-0.2622754491017964,-0.4395209580838323,0.0013710910720877,-0.4766941764500755,747.0,756.0,0.7794486215538847,0.0054345013198075,-0.0007062147501342,-0.0003539269701929
2020-01-21,848.0,855.0,828.0,852.0,25700.0,852.0,864.4,863.0,777.44,759.8,825.495,False,False,False,False,False,False,True,True,False,False,False,0.0516431924882629,-0.0985915492957746,,,0.0875117370892018,0.1082159624413146,-0.3086854460093897,-0.4589201877934272,0.0016846538562779,-0.473117033603708,745.0,756.0,0.8263665594855305,0.0059168553200247,0.0004823540002172,0.0003135627841902
2020-01-22,845.0,927.0,845.0,920.0,61900.0,920.0,866.6,875.7,785.28,762.1066666666667,825.205,False,False,False,False,False,False,True,True,False,False,False,-0.0554347826086956,-0.1652173913043478,,,0.1464347826086957,0.171623188405797,-0.408695652173913,-0.4695652173913043,0.0030266979250499,-0.4750485326024894,748.0,761.0,2.4085603112840466,0.0099837000814994,0.0040668447614747,0.001342044068772
2020-01-23,920.0,930.0,895.0,901.0,17800.0,901.0,871.4,883.4,792.28,764.24,824.995,False,False,False,False,False,False,True,True,False,True,False,-0.1431742508324084,-0.1409544950055493,,,0.1206659267480577,0.1517869034406215,-0.3507214206437292,-0.46503884572697,0.0027914442234551,-0.4766810052071542,737.0,759.0,0.2875605815831987,0.0088352602615237,-0.0011484398199757,-0.0002352537015948
2020-01-24,900.0,943.0,900.0,943.0,31700.0,943.0,890.2,888.9,800.88,767.0666666666667,824.785,False,False,False,False,False,False,True,True,False,False,False,-0.1876988335100742,-0.1919406150583245,,,0.1507104984093319,0.1865676917638741,-0.3796394485683987,-0.4994697773064687,0.003685033895359,-0.4792440094498819,737.0,757.0,1.7808988764044944,0.0107381879932075,0.0019029277316837,0.0008935896719039
2020-01-27,890.0,912.0,870.0,876.0,37700.0,876.0,898.4,887.5,807.24,769.04,824.14,False,False,False,False,False,False,True,True,False,True,False,-0.1426940639269406,-0.1529680365296803,,,0.0784931506849315,0.1221004566210046,-0.3219178082191781,-0.4474885844748858,0.0025659696938172,-0.4739154929577465,740.0,768.0,1.1892744479495267,0.0078786977850453,-0.0028594902081621,-0.0011190642015417
2020-01-28,865.0,899.0,846.0,896.0,20200.0,896.0,907.2,885.8,814.48,771.3066666666666,823.315,False,False,False,False,False,False,True,True,False,False,False,-0.1428571428571428,-0.1685267857142857,,,0.0909821428571428,0.1391666666666667,-0.3604910714285714,-0.3705357142857143,0.0029387359977872,-0.458342741025062,736.0,771.0,0.5358090185676393,0.0088891071603968,0.0010104093753514,0.00037276630397
2020-01-29,887.0,888.0,865.0,869.0,14200.0,869.0,897.0,881.8,820.88,773.1866666666666,822.28,False,False,False,False,False,False,True,True,False,True,False,-0.1162255466052934,-0.1703107019562715,,,0.055373993095512,0.1102570003835827,-0.379746835443038,-0.4016110471806674,0.0024314956284812,-0.4469267407575413,736.0,769.0,0.7029702970297029,0.0077965110613,-0.0010925960990967,-0.000507240369306
2020-01-30,884.0,884.0,742.0,772.0,107500.0,772.0,871.2,871.3,823.36,773.6666666666666,820.88,False,False,False,False,False,False,True,True,False,True,False,0.0025906735751295,-0.0932642487046632,,,-0.0665284974093264,-0.0021588946459412,-0.38860103626943,-0.3264248704663212,0.0006204222317966,-0.4336049581085733,730.0,769.0,7.570422535211268,0.0030120481927711,-0.0047844628685289,-0.0018110733966845
2020-01-31,758.0,802.0,758.0,766.0,34800.0,766.0,835.8,863.0,825.68,773.96,819.655,False,False,False,False,False,False,True,True,False,True,False,-0.0052219321148825,-0.1148825065274151,,,-0.0779112271540469,-0.0103916449086162,-0.3838120104438642,-0.2950391644908616,0.0003790032215274,-0.4207415990730012,728.0,784.0,0.3237209302325581,0.002809805251429,-0.000202242941342,-0.0002414190102691
2020-02-03,747.0,756.0,734.0,751.0,32800.0,751.0,810.8,854.6,827.56,773.9733333333334,818.3,False,False,False,False,False,False,True,True,False,True,False,-0.0119840213049267,-0.114513981358189,,,-0.1019440745672436,-0.0305903240124279,-0.3874833555259653,-0.270306258322237,1.7227122381461728e-05,-0.405686871050784,733.0,780.0,0.942528735632184,0.0022717386050558,-0.0005380666463732,-0.000361776099146
2020-02-04,751.0,773.0,746.0,768.0,12100.0,768.0,785.2,846.2,829.96,774.2133333333334,817.04,False,False,False,False,False,False,True,True,False,False,False,-0.0299479166666666,-0.1145833333333333,,,-0.0806770833333333,-0.0080902777777778,-0.4401041666666667,-0.296875,0.0003099920779802,-0.3904514299220043,736.0,782.0,0.3689024390243902,0.0028917056243675,0.0006199670193117,0.0002927649555987
2020-02-05,771.0,776.0,761.0,768.0,10700.0,768.0,765.0,831.0,832.4,774.4933333333333,815.68,False,False,False,False,False,False,True,True,False,False,False,-0.0611979166666666,-0.1276041666666666,,,-0.0838541666666666,-0.0084548611111111,-0.5026041666666666,-0.2994791666666667,0.0003615266755039,-0.3732851985559567,735.0,780.0,0.8842975206611571,0.0029312830370013,3.957741263382149e-05,5.153459752370906e-05
2020-02-06,768.0,774.0,758.0,774.0,18000.0,774.0,765.4,818.3,835.52,774.9466666666667,814.415,False,False,False,False,False,False,True,True,False,False,False,-0.0956072351421188,-0.1459948320413436,,,-0.0794832041343669,-0.001223083548665,-0.5219638242894057,-0.2958656330749354,0.0005849864936942,-0.3558597091531222,728.0,783.0,1.6822429906542056,0.003734201455381,0.0008029184183797,0.0002234598181902
2020-02-07,769.0,771.0,757.0,762.0,12400.0,762.0,764.6,800.2,838.12,775.1733333333333,813.015,False,False,False,False,False,False,True,True,False,True,False,-0.1102362204724409,-0.1811023622047244,,,-0.0998950131233595,-0.0172878390201224,-0.4868766404199475,-0.2493438320209973,0.0002924077195636,-0.3287928017995501,731.0,780.0,0.6888888888888889,0.0031021810719229,-0.0006320203834581,-0.0002925787741305
2020-02-10,763.0,776.0,738.0,742.0,13400.0,742.0,762.8,786.8,838.52,774.9866666666667,811.65,False,False,False,False,False,False,True,False,False,True,False,-0.1037735849056603,-0.1698113207547169,,,-0.1300808625336927,-0.0444564240790656,-0.4690026954177897,-0.2466307277628032,-0.0002408643589566,-0.3078291814946619,730.0,794.0,1.0806451612903225,0.0004770309593092,-0.0026251501126136,-0.0005332720785203
2020-02-12,741.0,747.0,736.0,745.0,14700.0,745.0,758.2,771.7,835.32,774.84,810.345,False,False,False,False,False,False,False,False,False,True,False,-0.087248322147651,-0.2093959731543624,,,-0.1212348993288591,-0.0400536912751678,-0.5154362416107383,-0.2993288590604027,-0.0001892863903085,-0.2997278735259817,737.0,798.0,1.0970149253731345,-0.0038308672125651,-0.0043078981718743,5.157796864812948e-05
2020-02-13,750.0,750.0,715.0,721.0,31900.0,721.0,748.8,756.9,832.44,774.3066666666666,808.7,False,False,False,False,False,False,False,False,False,False,False,-0.0707350901525658,-0.2454923717059639,,,-0.1545631067961165,-0.0739343504392047,-0.5228848821081831,-0.2343966712898751,-0.0006887882492725,-0.2818073721759809,724.0,787.0,2.1700680272108843,-0.003459708807842,0.0003711584047231,-0.000499501858964
2020-02-14,701.0,720.0,695.0,700.0,27700.0,700.0,734.0,749.7,827.48,773.52,807.07,False,False,False,False,False,False,False,False,False,True,False,-0.0557142857142857,-0.1642857142857142,,,-0.1821142857142857,-0.1050285714285714,-0.4628571428571428,-0.1842857142857142,-0.0010169958975419,-0.2681072428971588,726.0,738.0,0.8683385579937304,-0.0059941025764973,-0.0025343937686553,-0.0003282076482693
2020-02-17,698.0,700.0,677.0,678.0,19200.0,678.0,717.2,740.9,819.08,772.4666666666667,805.36,False,False,False,False,False,False,False,False,False,True,False,-0.079646017699115,-0.1371681415929203,,,-0.2080825958702065,-0.1393313667649951,-0.3377581120943952,-0.1666666666666666,-0.0013635971347198,-0.2560399514104466,728.0,750.0,0.6931407942238267,-0.0102554085071055,-0.0042613059306081,-0.0003466012371779
2020-02-18,703.0,703.0,653.0,665.0,21100.0,665.0,701.8,732.3,810.08,771.0933333333334,803.575,False,False,False,False,False,False,False,False,False,True,False,-0.0736842105263157,-0.106766917293233,,,-0.2181654135338346,-0.1595388471177945,-0.3729323308270676,-0.1398496240601503,-0.0017810208880896,-0.244025672538577,717.0,747.0,1.0989583333333333,-0.0111100138257949,-0.0008546053186894,-0.0004174237533697
2020-02-19,689.0,699.0,680.0,680.0,16700.0,680.0,688.8,723.5,800.76,769.88,801.905,False,False,False,False,False,False,False,False,False,True,False,-0.1338235294117647,-0.1573529411764705,,,-0.1775882352941176,-0.1321764705882352,-0.4014705882352941,-0.2161764705882353,-0.0015760031866438,-0.235798203178991,715.0,745.0,0.7914691943127962,-0.0116389430041461,-0.0005289291783511,0.0002050177014457
2020-02-20,681.0,694.0,670.0,670.0,5200.0,670.0,678.6,713.7,791.2,768.56,800.19,False,False,False,False,False,False,False,False,False,True,False,-0.1880597014925373,-0.1955223880597014,,,-0.1808955223880597,-0.1471044776119402,-0.4134328358208955,-0.2313432835820895,-0.0017174976579578,-0.2285273924618187,709.0,748.0,0.311377245508982,-0.0120829120323558,-0.0004439690282097,-0.0001414944713139
2020-02-21,661.0,680.0,661.0,661.0,9000.0,661.0,670.8,702.4,782.56,767.12,798.5,False,False,False,False,False,False,False,False,False,False,False,-0.1149773071104387,-0.2859304084720121,,,-0.1839031770045384,-0.1605446293494705,-0.4220877458396369,-0.2662632375189107,-0.0018771509020752,-0.2246583143507972,710.0,737.0,1.7307692307692308,-0.0110406869760786,0.0010422250562772,-0.0001596532441174
2020-02-25,630.0,636.0,624.0,624.0,21200.0,624.0,660.0,688.6,773.56,764.9866666666667,796.485,False,False,False,False,False,False,False,False,False,True,False,-0.0625,-0.2435897435897435,,,-0.2396794871794871,-0.2259401709401709,-0.3942307692307692,-0.1778846153846154,-0.0027887196291002,-0.217688062735986,708.0,737.0,2.355555555555556,-0.0116345209162831,-0.0005938339402045,-0.000911568727025
2020-02-26,632.0,642.0,608.0,616.0,32300.0,616.0,650.2,676.0,764.8,762.8,794.47,False,False,False,False,False,False,False,False,False,False,False,-0.0357142857142857,-0.2532467532467532,,,-0.2415584415584414,-0.2383116883116882,-0.3863636363636363,-0.1331168831168831,-0.0028666317077434,-0.2068047337278105,704.0,740.0,1.5235849056603774,-0.0114539748953974,0.0001805460208856,-7.791207864319772e-05
2020-02-27,626.0,626.0,586.0,589.0,34000.0,589.0,632.0,660.4,754.28,760.2266666666667,792.335,False,False,True,False,False,False,False,False,False,True,False,-0.0271646859083191,-0.2699490662139219,,,-0.2806112054329371,-0.2907074136955291,-0.4091680814940577,-0.1239388794567062,-0.0033849553641895,-0.1889763779527558,708.0,736.0,1.0526315789473684,-0.0139470753566314,-0.0024931004612339,-0.000518323656446
2020-02-28,560.0,570.0,530.0,544.0,42400.0,544.0,606.8,642.7,739.24,757.08,789.93,False,False,False,False,False,False,False,False,False,True,False,-0.0091911764705882,-0.2977941176470588,,,-0.3588970588235294,-0.3916911764705883,-0.3033088235294117,-0.0386029411764705,-0.0041563198957397,-0.1711529484985218,707.0,736.0,1.2470588235294118,-0.0203452194145337,-0.0063981440579023,-0.0007713645315502
2020-03-02,556.0,602.0,544.0,585.0,28000.0,585.0,591.6,631.2,726.6,754.44,787.38,False,False,False,False,False,False,False,False,False,False,False,-0.1931623931623931,-0.3675213675213675,,,-0.2420512820512821,-0.2896410256410257,-0.3196581196581196,-0.1025641025641025,-0.003499284237315,-0.163339670468948,696.0,730.0,0.660377358490566,-0.0173960913845306,0.0029491280300031,0.0006570356584246
2020-03-03,620.0,620.0,574.0,585.0,23900.0,585.0,583.8,621.9,712.28,751.84,784.665,False,False,False,False,False,False,False,False,False,True,False,-0.1931623931623931,-0.3316239316239316,,,-0.2175726495726495,-0.2851965811965812,-0.305982905982906,-0.1162393162393162,-0.0034581825920408,-0.1585463900948706,697.0,728.0,0.8535714285714285,-0.0201044533048801,-0.0027083619203495,4.11016452741865e-05
2020-03-04,565.0,667.0,565.0,594.0,78500.0,594.0,579.4,614.8,701.0,749.1733333333333,781.895,False,False,False,False,False,False,False,False,False,False,False,-0.2255892255892256,-0.3367003367003367,,,-0.1801346801346801,-0.2612345679012345,-0.3097643097643097,-0.1195286195286195,-0.0035594788922902,-0.1567989590110604,732.0,733.0,3.284518828451883,-0.0160912981455063,0.0040131551593737,-0.0001012963002493
2020-03-05,611.0,611.0,573.0,573.0,17500.0,573.0,576.2,604.1,688.08,746.1733333333333,778.98,False,False,False,False,False,False,False,False,False,True,False,-0.2495636998254799,-0.3699825479930192,,,-0.2008376963350786,-0.3022222222222221,-0.2862129144851658,-0.0715532286212914,-0.0040205135535979,-0.1420294653203113,825.0,736.0,0.2229299363057325,-0.018776886408557,-0.0026855882630507,-0.0004610346613076
2020-03-06,566.0,566.0,533.0,539.0,21800.0,539.0,575.2,591.0,674.88,742.8666666666667,775.815,False,False,False,False,False,False,False,False,False,True,False,-0.2912801484230056,-0.3617810760667903,,,-0.2520964749536178,-0.3782312925170068,-0.24860853432282,0.0482374768089053,-0.004451224984295,-0.1145516074450085,793.0,735.0,1.2457142857142858,-0.0195590327169275,-0.0007821463083704,-0.000430711430697
2020-03-09,512.0,512.0,470.0,472.0,32200.0,472.0,552.6,572.1,662.88,739.32,772.735,False,False,False,False,False,False,False,False,False,False,False,-0.2161016949152542,-0.2033898305084746,,,-0.4044067796610169,-0.56635593220339,-0.1207627118644067,0.1567796610169491,-0.0047972010315785,-0.074637301171124,824.0,728.0,1.4770642201834865,-0.0181028240405503,0.0014562086763771,-0.0003459760472835
2020-03-10,494.0,495.0,419.0,472.0,28500.0,472.0,530.0,556.9,651.12,735.6133333333333,770.57,False,False,False,False,False,False,False,False,False,False,False,-0.1716101694915254,-0.048728813559322,,,-0.3794915254237288,-0.5585028248587571,-0.1377118644067796,0.1483050847457627,-0.0050388791212775,-0.0441731010953493,888.0,731.0,0.8850931677018633,-0.0180611868779948,4.163716255550093e-05,-0.000241678089699
2020-03-11,497.0,497.0,459.0,460.0,8400.0,460.0,503.2,541.3,639.48,731.7866666666666,768.39,False,False,False,False,False,False,False,False,False,True,False,-0.1434782608695652,-0.0934782608695652,,,-0.3901739130434783,-0.5908405797101448,-0.108695652173913,0.158695652173913,-0.0052292106989287,-0.0168113800110842,890.0,730.0,0.2947368421052631,-0.018202289360105,-0.0001411024821102,-0.0001903315776511
2020-03-12,447.0,456.0,405.0,430.0,31700.0,430.0,474.6,525.4,625.96,727.5866666666667,766.035,False,False,False,False,False,False,False,False,False,True,False,-0.1604651162790697,-0.0534883720930232,,,-0.4557209302325582,-0.692062015503876,-0.0162790697674418,0.1860465116279069,-0.0057725082006266,0.0118005329272935,913.0,737.0,3.773809523809524,-0.0215988242060195,-0.0033965348459144,-0.0005432975016979
2020-03-13,366.0,406.0,362.0,382.0,23900.0,382.0,443.2,509.2,610.52,722.7066666666667,763.465,False,False,False,False,False,False,False,False,False,True,False,-0.0994764397905759,0.0287958115183246,,,-0.598219895287958,-0.8919022687609076,0.2486910994764398,0.3246073298429319,-0.0067523937789421,0.0406520031421838,909.0,724.0,0.7539432176656151,-0.0252899167922427,-0.0036910925862232,-0.0009798855783154
2020-03-16,383.0,399.0,370.0,370.0,21300.0,370.0,422.8,487.7,594.36,717.8133333333334,760.865,False,False,False,False,False,False,False,False,False,True,False,0.0162162162162162,0.0324324324324324,,,-0.6063783783783784,-0.940036036036036,0.1648648648648648,0.3567567567567568,-0.0068169997771008,0.081812589706787,877.0,726.0,0.891213389121339,-0.0271889090786728,-0.00189899228643,-6.460599815868301e-05
2020-03-17,361.0,393.0,345.0,391.0,43500.0,391.0,406.6,468.3,579.52,713.2,758.27,False,False,False,False,False,False,False,False,False,False,False,0.1483375959079284,-0.0332480818414322,,,-0.4821483375959078,-0.8240409207161127,0.0613810741687979,0.2762148337595907,-0.0064684987848196,0.1227845398248984,849.0,728.0,2.0422535211267605,-0.0256073992269464,0.0015815098517263,0.0003485009922811
2020-03-18,415.0,415.0,378.0,394.0,33900.0,394.0,393.4,448.3,565.6,708.5866666666667,755.805,False,False,False,False,False,False,False,False,False,False,False,0.0583756345177665,-0.0406091370558375,,,-0.4355329949238579,-0.7984433164128596,0.0913705583756345,0.2309644670050761,-0.0065106126749962,0.1643988400624581,835.0,717.0,0.7793103448275862,-0.0246110325318245,0.0009963666951219,-4.211389017664494e-05
2020-03-19,394.0,404.0,352.0,361.0,31800.0,361.0,379.6,427.1,550.24,703.5866666666667,753.285,False,False,False,False,False,False,False,False,False,True,False,0.1274238227146814,-0.0360110803324099,,,-0.5242105263157895,-0.948993536472761,0.1523545706371191,0.2880886426592798,-0.0071064450719172,0.2065090142823692,852.0,715.0,0.9380530973451328,-0.0279150915963943,-0.0033040590645697,-0.0005958323969209
2020-03-23,353.0,362.0,334.0,344.0,40100.0,344.0,372.0,407.6,535.16,698.36,750.815,False,False,False,False,False,False,False,False,False,True,False,0.1424418604651162,0.1017441860465116,,,-0.5556976744186045,-1.0301162790697675,0.2732558139534883,0.2965116279069767,-0.007484201080627,0.235034347399411,920.0,709.0,1.2610062893081762,-0.0281784886762838,-0.0002633970798894,-0.0003777560087097
2020-03-24,368.0,376.0,356.0,376.0,26000.0,376.0,373.2,398.0,522.2,693.64,748.16,False,False,False,False,False,False,False,False,False,False,False,0.0159574468085106,0.0585106382978723,,,-0.3888297872340426,-0.8447872340425532,0.2127659574468085,0.1968085106382978,-0.0068046825442593,0.2407035175879397,901.0,710.0,0.6483790523690773,-0.0248180773649941,0.0033604113112896,0.0006795185363677
2020-03-25,421.0,449.0,413.0,449.0,68500.0,449.0,384.8,395.7,513.04,689.92,746.135,False,False,False,False,False,False,False,False,False,False,False,-0.1581291759465478,-0.0957683741648107,,,-0.1426280623608017,-0.5365701559020044,0.0378619153674833,0.0089086859688195,-0.0053919294990723,0.2254233004801617,943.0,708.0,2.6346153846153846,-0.0178543583346329,0.0069637190303611,0.0014127530451869
2020-03-26,437.0,442.0,412.0,417.0,18800.0,417.0,389.4,391.4,503.12,685.7066666666667,743.88,False,False,False,False,False,False,False,False,False,True,False,-0.0935251798561151,-0.0167865707434052,,,-0.2065227817745803,-0.6443804956035173,0.0647482014388489,0.1007194244604316,-0.0061445127168078,0.2199795605518651,876.0,704.0,0.2744525547445255,-0.0197169661313403,-0.0018626077967074,-0.0007525832177354
2020-03-27,449.0,449.0,405.0,407.0,13100.0,407.0,398.6,389.1,492.2,681.32,741.555,False,False,False,False,False,False,False,False,False,True,False,-0.1449631449631449,0.0049140049140049,,,-0.2093366093366093,-0.6740049140049141,0.0687960687960688,0.1547911547911548,-0.0064384821620775,0.2169108198406578,896.0,708.0,0.6968085106382979,-0.0221861032100772,-0.0024691370787368,-0.0002939694452696
2020-03-30,408.0,411.0,385.0,393.0,24700.0,393.0,408.4,390.2,481.12,676.76,739.425,False,False,False,False,False,False,False,False,False,True,True,-0.0356234096692111,0.0305343511450381,,,-0.2242239185750636,-0.7220356234096692,0.1221374045801526,0.1526717557251908,-0.0067379868786572,0.1998974884674526,869.0,707.0,1.8854961832061068,-0.0230295976055869,-0.0008434943955096,-0.0002995047165796
2020-03-31,405.0,420.0,382.0,382.0,20200.0,382.0,409.6,391.4,469.96,672.1466666666666,737.16,False,False,False,False,False,False,False,False,False,True,False,0.0418848167539267,0.0863874345549738,,,-0.230261780104712,-0.7595462478184991,0.2094240837696335,0.1884816753926701,-0.0068635813612108,0.1839550332141032,772.0,696.0,0.8178137651821862,-0.0237467018469657,-0.0007171042413788,-0.0001255944825536
2020-04-01,380.0,393.0,368.0,378.0,27600.0,378.0,395.4,390.1,460.12,667.44,734.8,False,False,False,False,False,False,False,False,False,False,False,0.074074074074074,0.0767195767195767,,,-0.2172486772486772,-0.7657142857142859,0.2592592592592592,0.2063492063492063,-0.0070518198889287,0.1768777236605998,766.0,697.0,1.3663366336633664,-0.0213857254629226,0.002360976384043,-0.0001882385277178
2020-04-02,377.0,386.0,359.0,378.0,21500.0,378.0,387.6,388.5,450.6,662.7466666666667,732.4,False,False,False,False,False,False,False,False,False,False,False,0.0846560846560846,0.0846560846560846,,,-0.1920634920634921,-0.7532980599647267,0.238095238095238,0.2513227513227513,-0.0070816400434555,0.1786357786357785,751.0,732.0,0.7789855072463768,-0.0211273857079449,0.0002583397549777,-2.982015452686511e-05
2020-04-03,387.0,387.0,348.0,348.0,14500.0,348.0,375.8,387.2,440.96,657.56,729.78,False,False,False,False,False,False,False,False,False,True,False,0.1752873563218391,0.2155172413793103,,,-0.2671264367816091,-0.8895402298850573,0.3247126436781609,0.3649425287356322,-0.007887746618813,0.1851756198347107,768.0,825.0,0.6744186046511628,-0.0218613933236575,-0.0007340076157126,-0.0008061065753574
2020-04-06,342.0,396.0,339.0,379.0,20100.0,379.0,373.0,390.7,434.36,652.96,727.29,False,False,False,False,False,False,False,False,False,False,True,0.0686015831134564,0.258575197889182,,,-0.1460686015831135,-0.722849604221636,0.287598944591029,0.2612137203166227,-0.0070448419505021,0.182748912208856,768.0,793.0,1.3862068965517242,-0.0151947693157748,0.0066666240078827,0.0008429046683108
2020-04-07,395.0,415.0,387.0,398.0,20100.0,398.0,376.2,392.9,426.88,648.5866666666667,724.98,False,False,False,False,False,False,False,False,False,True,False,0.0427135678391959,0.0829145728643216,,,-0.0725628140703517,-0.6296147403685093,0.2110552763819095,0.2160804020100502,-0.0067428665405805,0.1847798421990329,774.0,824.0,1.0,-0.0175224887556222,-0.0023277194398473,0.0003019754099216
2020-04-08,399.0,408.0,384.0,406.0,9300.0,406.0,381.8,388.6,419.72,644.2933333333333,722.66,False,False,False,False,False,False,False,False,False,False,False,0.0024630541871921,0.022167487684729,,,-0.0337931034482759,-0.5869293924466338,0.1625615763546798,0.1625615763546798,-0.0066636314722073,0.2027792074112196,762.0,888.0,0.4626865671641791,-0.0170589917087581,0.000463497046864,7.923506837315478e-05
2020-04-09,405.0,430.0,395.0,410.0,28900.0,410.0,388.2,387.9,412.36,640.2,720.435,False,False,False,False,False,False,False,False,False,True,False,0.0,0.048780487804878,,,-0.0057560975609756,-0.5614634146341465,0.1804878048780487,0.1195121951219512,-0.0063938352598145,0.2049497293116783,742.0,890.0,3.10752688172043,-0.0178484819090115,-0.0007894902002534,0.0002697962123928
2020-04-10,418.0,424.0,403.0,409.0,19000.0,409.0,400.4,388.1,405.8,636.12,718.205,False,False,False,False,True,False,False,False,False,False,False,0.0342298288508557,0.0171149144254278,,,0.0078239608801955,-0.5553056234718826,0.3789731051344743,0.1491442542787286,-0.0064138841727976,0.2043287812419478,745.0,913.0,0.657439446366782,-0.0161655988171513,0.0016828830918602,-2.004891298314129e-05
2020-04-13,414.0,423.0,405.0,405.0,16100.0,405.0,405.6,389.3,400.44,632.0666666666667,715.79,False,False,False,False,False,False,False,False,False,False,True,0.1777777777777777,0.0814814814814814,,,0.0112592592592592,-0.5606584362139919,0.2839506172839506,0.1407407407407407,-0.0064128256513025,0.2029283329052144,721.0,909.0,0.8473684210526315,-0.0133852761961842,0.002780322620967,1.0585214951213534e-06
2020-04-14,421.0,426.0,413.0,415.0,17400.0,415.0,409.0,392.6,398.16,628.1333333333333,713.66,False,False,False,False,False,False,False,False,False,False,False,0.0385542168674698,0.0987951807228915,,,0.0405783132530119,-0.513574297188755,0.253012048192771,0.1325301204819277,-0.0062619401400977,0.1968925114620477,700.0,877.0,1.0807453416149069,-0.005726341169379,0.0076589350268051,0.0001508855112047
2020-04-15,423.0,423.0,406.0,407.0,18700.0,407.0,409.2,395.5,395.56,624.12,711.41,False,False,False,False,False,False,False,False,False,True,False,0.0196560196560196,0.1449631449631449,,,0.0281081081081081,-0.5334643734643735,0.3267813267813267,0.1523341523341523,-0.006430387318678,0.1914032869785082,678.0,849.0,1.0747126436781609,-0.0065729598543837,-0.0008466186850046,-0.0001684471785802
2020-04-16,414.0,415.0,406.0,410.0,11200.0,410.0,409.2,398.7,393.56,620.2,709.205,False,False,False,False,False,False,False,False,False,False,False,0.048780487804878,0.0829268292682926,,,0.0400975609756097,-0.5126829268292684,0.3365853658536585,0.1390243902439024,-0.0063205417607222,0.180336092299975,665.0,835.0,0.5989304812834224,-0.0050818172578514,0.0014911425965323,0.0001098455579557
2020-04-17,415.0,429.0,415.0,423.0,14600.0,423.0,412.0,406.2,393.28,616.4,707.16,False,False,False,False,False,False,False,False,False,False,False,-0.0165484633569739,0.0283687943262411,,,0.0702600472813239,-0.4572104018912529,0.2765957446808511,0.1063829787234042,-0.0061648280337444,0.156819300837026,680.0,852.0,1.3035714285714286,-0.0007119609438568,0.0043698563139945,0.0001557137269778
2020-04-20,423.0,477.0,423.0,477.0,50300.0,477.0,426.4,416.0,397.08,613.3333333333334,705.375,False,False,False,False,False,False,True,False,True,False,False,-0.0817610062893081,-0.0754716981132075,,,0.1675471698113207,-0.2858141160027953,0.1278825995807128,0.0167714884696016,-0.0049999999999999,0.13125,670.0,920.0,3.4452054794520546,0.0095698599778382,0.0102818209216951,0.0011648280337445
2020-04-21,469.0,475.0,426.0,431.0,29100.0,431.0,429.6,419.3,399.52,609.8,703.33,False,False,False,False,False,False,True,False,False,True,False,0.0580046403712296,0.0719257540603248,,,0.0730394431554524,-0.4148491879350347,0.2645011600928074,0.1647331786542923,-0.0057942494807041,0.1266396374910564,661.0,901.0,0.5785288270377733,0.0061073287945534,-0.0034625311832847,-0.0007942494807042
2020-04-22,423.0,424.0,406.0,415.0,13100.0,415.0,431.2,420.2,400.48,606.04,701.305,False,False,False,False,False,False,True,False,False,True,False,0.1228915662650602,0.1469879518072289,,,0.0349879518072288,-0.4603373493975903,0.3783132530120482,0.4506024096385542,-0.006204210943172,0.1551642075202284,624.0,943.0,0.4501718213058419,0.0023971234518578,-0.0037102053426955,-0.0004099614624678
2020-04-23,421.0,438.0,420.0,430.0,9400.0,430.0,435.2,422.2,401.92,602.0133333333333,699.295,False,False,False,False,False,False,True,False,False,False,False,0.0325581395348837,0.0883720930232558,,,0.0653023255813953,-0.4000310077519379,0.3,0.2883720930232558,-0.0066886669176762,0.1721932733301752,616.0,876.0,0.7175572519083969,0.0035828025477706,0.0011856790959128,-0.0004844559745041
2020-04-24,414.0,422.0,409.0,416.0,21400.0,416.0,433.8,422.9,404.12,596.56,697.31,False,False,False,False,False,False,True,False,False,False,False,0.0456730769230769,0.1081730769230769,,,0.0285576923076922,-0.4340384615384614,0.2548076923076923,0.3173076923076923,-0.0091412990031738,0.1886970915109955,589.0,896.0,2.276595744680851,0.0054439275462733,0.0018611249985026,-0.0024526320854976
2020-04-27,424.0,456.0,422.0,438.0,34800.0,438.0,426.0,426.2,407.88,591.8266666666667,695.42,False,False,False,False,False,False,True,False,False,False,False,0.0068493150684931,0.1141552511415525,,,0.0687671232876712,-0.3512024353120244,0.2602739726027397,0.2990867579908676,-0.0079978372045867,0.2045987799155326,544.0,869.0,1.6261682242990654,0.0092183975679121,0.0037744700216387,0.001143461798587
2020-04-28,446.0,457.0,430.0,456.0,17300.0,456.0,431.0,430.3,411.08,586.92,693.65,False,False,False,False,False,False,True,False,False,True,False,0.0131578947368421,0.0570175438596491,,,0.0985087719298246,-0.2871052631578946,0.2521929824561403,0.3947368421052631,-0.0083600263522571,0.2316988147803857,585.0,772.0,0.4971264367816091,0.0077843728714605,-0.0014340246964515,-0.0003621891476703
2020-04-30,470.0,473.0,461.0,466.0,13600.0,466.0,441.2,436.2,411.76,581.2933333333333,691.905,False,False,False,False,False,False,True,False,False,True,False,0.0214592274678111,0.0128755364806866,,,0.1163948497854077,-0.2474105865522173,0.2124463519313304,0.3454935622317596,-0.0096795651076908,0.2512608895002292,585.0,766.0,0.7861271676300579,0.0016514474451136,-0.0061329254263468,-0.0013195387554337
2020-05-01,460.0,461.0,440.0,444.0,13200.0,444.0,444.0,439.6,412.84,575.3466666666667,690.055,False,False,False,False,False,False,True,False,False,False,False,0.054054054054054,0.09009009009009,,,0.0701801801801802,-0.2958258258258259,0.2882882882882883,0.3941441441441441,-0.0103357975481447,0.2761601455868971,594.0,751.0,0.9705882352941176,0.0026160255789167,0.000964578133803,-0.0006562324404538
2020-05-07,426.0,444.0,426.0,435.0,9400.0,435.0,447.8,440.8,413.96,568.9733333333334,688.105,False,False,False,False,False,False,True,False,False,False,False,0.0597701149425287,0.296551724137931,,,0.048367816091954,-0.307984674329502,0.225287356321839,0.4137931034482758,-0.0112014622829423,0.3060344827586208,573.0,768.0,0.7121212121212122,0.0027055754179147,8.954983899805242e-05,-0.0008656647347976
2020-05-08,436.0,446.0,435.0,441.0,6100.0,441.0,448.4,437.2,415.88,562.7333333333333,686.22,False,False,False,False,False,False,True,False,False,False,False,0.1065759637188208,0.1791383219954648,,,0.0569614512471655,-0.2760393046107332,0.1678004535147392,0.4126984126984127,-0.0110887335623741,0.3483531564501372,539.0,768.0,0.648936170212766,0.0046167163604886,0.0019111409425738,0.0001127287205682
2020-05-11,430.0,483.0,428.0,462.0,28000.0,462.0,449.6,440.3,419.08,557.2,684.495,False,False,False,False,False,False,True,False,False,False,True,0.0432900432900432,0.1255411255411255,,,0.0929004329004329,-0.2060606060606061,0.0497835497835497,0.341991341991342,-0.0099306054079922,0.3656597774244832,472.0,774.0,4.590163934426229,0.0076357735993127,0.0030190572388241,0.0011581281543818
2020-05-12,465.0,498.0,465.0,476.0,26000.0,476.0,451.6,446.4,423.0,552.2266666666667,682.815,False,False,False,False,False,False,True,False,False,False,False,-0.0084033613445378,0.134453781512605,,,0.111344537815126,-0.160140056022409,0.0777310924369747,0.2121848739495798,-0.0090059637346983,0.3413978494623655,472.0,762.0,0.9285714285714286,0.0092671394799054,0.0016313658805927,0.0009246416732939
2020-05-13,466.0,479.0,460.0,468.0,15900.0,468.0,456.4,450.2,426.6,547.3333333333334,680.945,False,False,False,False,False,False,True,False,False,True,False,0.0341880341880341,0.1709401709401709,,,0.0884615384615384,-0.1695156695156696,0.141025641025641,0.3034188034188034,-0.008940316686967,0.3425144380275433,460.0,742.0,0.6115384615384616,0.0084388185654008,-0.0008283209145045,6.564704773127407e-05
2020-05-14,476.0,476.0,448.0,461.0,20700.0,461.0,461.6,454.7,431.12,542.12,679.045,False,False,False,False,False,False,True,False,False,False,False,0.2234273318872017,0.1713665943600867,,,0.0648156182212581,-0.1759652928416486,0.1193058568329718,0.3275488069414317,-0.009616567057724,0.3433032768858587,430.0,745.0,1.30188679245283,0.0104843199109296,0.0020455013455287,-0.0006762503707569
2020-05-15,469.0,497.0,461.0,488.0,46200.0,488.0,471.0,459.7,435.48,536.36,677.415,False,False,False,False,False,False,True,False,False,True,False,0.0655737704918032,0.1024590163934426,,,0.107622950819672,-0.0990983606557377,0.0717213114754098,0.2459016393442623,-0.0107390558580058,0.3371764194039592,382.0,721.0,2.231884057971014,0.0100119408468816,-0.0004723790640479,-0.0011224888002817
2020-05-18,483.0,491.0,477.0,482.0,42700.0,482.0,475.0,462.3,438.84,530.7733333333333,675.78,False,False,False,False,False,False,True,False,False,True,False,0.0788381742738589,0.1307053941908713,,,0.0895435684647303,-0.1011894882434301,0.0892116182572614,0.2468879668049792,-0.0105255225080386,0.3220852260436946,370.0,700.0,0.9242424242424242,0.0076565490839484,-0.0023553917629331,0.0002135333499671
2020-05-19,489.0,504.0,471.0,472.0,29800.0,472.0,474.2,462.9,441.48,524.4933333333333,674.05,False,False,False,False,False,False,True,False,False,True,False,0.1440677966101695,0.211864406779661,,,0.0646610169491525,-0.1112146892655367,0.0953389830508474,0.2097457627118644,-0.0119734601011769,0.3082739252538346,391.0,678.0,0.6978922716627635,0.0059798858385431,-0.0016766632454053,-0.0014479375931383
2020-05-20,480.0,495.0,478.0,484.0,12000.0,484.0,477.4,466.9,444.44,519.2666666666667,672.42,False,False,False,False,False,False,True,False,False,False,False,0.1322314049586777,0.1549586776859504,,,0.0817355371900826,-0.0728650137741046,0.0805785123966942,0.3326446280991735,-0.0100654769546797,0.3026343970871709,394.0,665.0,0.4026845637583892,0.0066600666006659,0.0006801807621227,0.0019079831464972
2020-05-21,564.0,564.0,544.0,564.0,129300.0,564.0,498.0,479.8,450.64,514.84,671.16,False,False,False,False,False,False,True,False,False,False,False,-0.0425531914893617,-0.0744680851063829,,,0.2009929078014184,0.0871631205673758,-0.0567375886524822,0.1063829787234042,-0.0085981405226218,0.2694872863693205,361.0,680.0,10.775,0.0137582105450026,0.0070981439443366,0.0014673364320578
2020-05-22,555.0,556.0,519.0,520.0,59700.0,520.0,504.4,487.7,455.24,510.18666666666667,669.715,False,False,False,False,False,False,True,False,False,True,False,0.0346153846153846,0.0615384615384615,,,0.1245384615384615,0.0188717948717948,0.0865384615384615,0.15,-0.0091208446581643,0.2437974164445356,344.0,670.0,0.4617169373549884,0.0101045602319656,-0.003653650313037,-0.0005227041355425
2020-05-25,521.0,541.0,515.0,520.0,15500.0,520.0,512.0,493.5,459.44,506.82666666666665,668.29,False,False,False,False,False,False,True,False,False,True,False,0.048076923076923,0.098076923076923,,,0.1164615384615384,0.0253333333333333,0.05,0.1403846153846153,-0.006629485425655,0.22370820668693,376.0,661.0,0.2596314907872696,0.0091415636426954,-0.0009629965892701,0.0024913592325093
2020-05-26,546.0,563.0,535.0,540.0,19800.0,540.0,525.6,499.9,464.76,503.8133333333333,666.94,False,False,False,False,False,False,True,False,False,False,False,0.0592592592592592,0.0462962962962962,,,0.1393333333333333,0.0670123456790124,0.0037037037037037,0.1574074074074074,-0.0059810511829779,0.2176435287057413,449.0,624.0,1.2774193548387096,0.0114467682244599,0.0023052045817644,0.0006484342426771
2020-05-27,527.0,551.0,527.0,548.0,18000.0,548.0,538.4,507.9,470.28,501.1066666666667,665.62,False,False,False,False,False,False,True,False,False,False,False,0.0200729927007299,0.0437956204379562,,,0.1418248175182482,0.0855717761557177,-0.0273722627737226,0.1624087591240876,-0.005401378282734,0.2037802717070289,417.0,616.0,0.9090909090909092,0.0117376881857616,0.0002909199613017,0.0005796729002438
2020-05-28,558.0,559.0,535.0,540.0,11400.0,540.0,533.6,515.8,474.96,498.06666666666666,664.295,False,False,False,False,False,False,True,False,False,True,False,-0.0333333333333333,-0.0129629629629629,,,0.1204444444444444,0.0776543209876543,-0.0555555555555555,0.1537037037037037,-0.0061036005889439,0.187475765800698,407.0,589.0,0.6333333333333333,0.0098534613441132,-0.0018842268416484,-0.0007022223062098
2020-05-29,547.0,547.0,532.0,538.0,5200.0,538.0,537.2,520.8,477.4,495.0,662.93,False,False,False,False,False,False,True,False,False,True,False,0.0260223048327137,-0.0427509293680297,,,0.112639405204461,0.0799256505576208,-0.0594795539033457,0.1431226765799256,-0.0061952861952861,0.1774193548387098,393.0,544.0,0.4561403508771929,0.0051110180142438,-0.0047424433298693,-9.16856063422301e-05
2020-06-01,539.0,555.0,539.0,545.0,10000.0,545.0,542.2,527.1,481.96,491.94666666666666,661.625,False,False,False,False,False,False,True,False,False,False,False,0.0477064220183486,-0.110091743119266,,,0.1156697247706422,0.0973455657492354,-0.0788990825688073,0.1229357798165137,-0.0062066348655681,0.1654335040789222,382.0,585.0,1.9230769230769231,0.009461366088472,0.0043503480742282,-1.1348670281912871e-05
2020-06-02,545.0,572.0,545.0,572.0,13000.0,572.0,548.6,537.1,488.24,489.41333333333336,660.445,False,False,False,False,False,False,True,False,False,False,False,-0.0122377622377622,-0.1031468531468531,,,0.1464335664335664,0.1443822843822843,-0.1276223776223776,0.2447552447552447,-0.0051762654606875,0.1699869670452428,378.0,585.0,1.3,0.0128625266262494,0.0034011605377773,0.0010303694048805
2020-06-03,566.0,582.0,546.0,559.0,26100.0,559.0,550.8,544.6,493.4,486.97333333333336,659.285,False,True,False,False,False,False,True,False,False,True,False,0.0232558139534883,-0.0447227191413237,,,0.1173524150268336,0.1288491353607632,-0.1323792486583184,0.2415026833631484,-0.0050105413027407,0.1628718325376421,378.0,594.0,2.007692307692308,0.0104580462099715,-0.0024044804162778,0.0001657241579468
2020-06-04,557.0,557.0,522.0,522.0,13400.0,522.0,547.2,540.4,497.64,484.0,658.105,False,False,False,False,False,False,True,False,False,True,False,0.0210727969348659,-0.0114942528735632,,,0.0466666666666666,0.0727969348659003,-0.1091954022988505,0.2796934865900383,-0.0061432506887052,0.1800518134715027,348.0,573.0,0.5134099616858238,0.0085202154167671,-0.0019378307932044,-0.0011327093859645
2020-06-05,521.0,552.0,516.0,552.0,8600.0,552.0,550.0,543.6,502.2,481.7466666666666,657.09,False,False,False,False,False,False,True,False,False,False,True,-0.0670289855072463,-0.0525362318840579,,,0.0902173913043478,0.1272705314009662,-0.1920289855072463,0.1902173913043478,-0.0046774238188814,0.1839587932303164,379.0,539.0,0.6417910447761194,0.0090800477897252,0.000559832372958,0.0014658268698238
2020-06-08,575.0,588.0,562.0,571.0,46800.0,571.0,555.2,548.7,506.8,480.0266666666666,656.215,False,False,False,False,False,False,True,False,False,True,False,-0.1506129597197898,-0.0805604203152364,,,0.1124343257443082,0.1593228254524228,-0.2119089316987741,0.2066549912434325,-0.0035831342703183,0.1904501549116092,398.0,472.0,5.441860465116279,0.0090765588003157,-3.488989409461754e-06,0.001094289548563
2020-06-09,591.0,591.0,559.0,565.0,38200.0,565.0,553.8,551.2,510.76,478.52,655.385,False,False,False,False,False,False,True,False,False,True,False,-0.0920353982300885,-0.0849557522123893,,,0.096,0.1530619469026549,-0.1982300884955752,0.2283185840707964,-0.0031485970631668,0.1975689404934687,406.0,472.0,0.8162393162393162,0.0077531521654005,-0.0013234066349152,0.0004345372071515
2020-06-10,559.0,574.0,559.0,572.0,12000.0,572.0,556.4,553.6,515.88,477.28,654.57,False,False,False,False,False,False,True,False,False,False,False,-0.0664335664335664,-0.0856643356643356,,,0.0981118881118881,0.1655944055944056,-0.1975524475524475,0.1905594405594405,-0.0025980556486758,0.2003251445086704,410.0,460.0,0.3141361256544502,0.0099247887105528,0.0021716365451523,0.000550541414491
2020-06-11,572.0,572.0,533.0,533.0,18000.0,533.0,558.6,552.9,519.8,475.32,653.28,False,False,False,False,False,False,True,False,False,True,False,-0.0318949343339587,-0.0018761726078799,,,0.024765478424015,0.108217636022514,-0.1181988742964352,0.2045028142589118,-0.0041235378271479,0.2052812443479833,409.0,430.0,1.5,0.0075413620623315,-0.0023834266482212,-0.0015254821784721
2020-06-12,496.0,519.0,481.0,515.0,35000.0,515.0,551.2,550.6,522.76,473.2533333333333,652.09,False,False,False,False,False,False,True,False,False,True,False,0.0155339805825242,0.0970873786407767,,,-0.0150679611650485,0.0810614886731392,-0.1203883495145631,0.287378640776699,-0.0043669352566632,0.2190337813294588,405.0,382.0,1.9444444444444444,0.005662254189303,-0.0018791078730285,-0.0002433974295152
2020-06-15,508.0,514.0,485.0,485.0,13500.0,485.0,534.0,544.6,523.68,470.9066666666667,650.72,False,False,False,False,False,False,True,False,False,True,False,0.0824742268041237,0.1257731958762886,,,-0.0797525773195875,0.0290584192439861,-0.0639175257731958,0.3628865979381443,-0.0049832946372952,0.2414616232096952,415.0,370.0,0.3857142857142857,0.0017567980446073,-0.0039054561446956,-0.000616359380632
2020-06-16,509.0,520.0,493.0,513.0,19000.0,513.0,523.6,538.7,525.16,469.4266666666667,649.48,False,False,False,False,False,False,True,False,False,False,False,0.0077972709551656,0.0565302144249512,,,-0.0237037037037036,0.0849382716049382,-0.1111111111111111,0.2865497076023391,-0.0031527821171926,0.245405606088732,407.0,391.0,1.4074074074074074,0.0028181887424785,0.0010613906978712,0.0018305125201026
2020-06-17,513.0,534.0,511.0,534.0,11000.0,534.0,516.0,536.2,527.8,468.3333333333333,648.35,False,False,False,True,True,False,True,False,False,False,False,-0.0205992509363295,-0.0018726591760299,,,0.0116104868913858,0.1229712858926342,-0.1142322097378277,0.250936329588015,-0.0023345195729537,0.2463632972771352,410.0,394.0,0.5789473684210527,0.005001894657067,0.0021837059145885,0.0008182625442388
2020-06-18,534.0,534.0,516.0,516.0,5200.0,516.0,512.6,535.6,530.0,467.36,647.105,False,False,False,False,False,False,True,False,False,True,False,0.0310077519379844,-0.0116279069767441,,,-0.0271317829457364,0.0942635658914728,-0.0794573643410852,0.3178294573643411,-0.0020826201072691,0.2499999999999999,423.0,361.0,0.4727272727272727,0.0041509433962265,-0.0008509512608405,0.0002518994656846
2020-06-19,526.0,526.0,502.0,523.0,4900.0,523.0,514.2,532.7,531.4,467.08,645.8,False,False,False,False,False,False,True,False,False,True,False,0.0803059273422562,-0.0325047801147227,,,-0.0160611854684512,0.1069216061185468,-0.0860420650095602,0.2868068833652007,-0.0005994690417059,0.2598085226206119,477.0,344.0,0.9423076923076924,0.0026345502446367,-0.0015163931515897,0.0014831510655631
2020-06-22,513.0,540.0,513.0,525.0,4700.0,525.0,522.2,528.1,533.12,466.28,644.59,False,False,False,False,False,False,True,False,False,False,False,0.04,-0.0438095238095238,,,-0.0154666666666666,0.1118476190476191,-0.078095238095238,0.2780952380952381,-0.0017157073003345,0.2673736034841885,431.0,376.0,0.9591836734693876,0.0032262905162065,0.0005917402715697,-0.0011162382586286
2020-06-23,525.0,526.0,517.0,517.0,6800.0,517.0,523.0,523.3,534.92,465.3733333333333,643.38,False,False,False,False,False,False,True,False,False,False,False,0.0483558994197292,-0.034816247582205,,,-0.0346615087040618,0.0998581560283689,-0.0870406189555125,0.2823984526112185,-0.0019482565968541,0.2730747181349132,415.0,449.0,1.446808510638298,0.003364989157257,0.0001386986410505,-0.0002325492965196
2020-06-24,526.0,530.0,521.0,523.0,7000.0,523.0,520.8,518.4,536.48,464.4266666666667,642.25,False,False,False,False,False,False,True,False,False,True,False,0.0191204588910133,-0.0726577437858508,,,-0.025774378585086,0.1119949012109623,-0.1223709369024856,0.2734225621414914,-0.0020383555351399,0.2822145061728396,430.0,417.0,1.0294117647058822,0.00290784372204,-0.000457145435217,-9.00989382857614e-05
2020-06-25,521.0,532.0,516.0,532.0,19500.0,532.0,524.0,518.3,535.2,463.88,641.18,False,False,False,False,False,False,False,False,False,True,False,-0.0413533834586466,-0.1259398496240601,,,-0.006015037593985,0.1280451127819549,-0.1165413533834586,0.212406015037594,-0.001178465695151,0.2830407100135058,416.0,407.0,2.7857142857142856,-0.0023916292974588,-0.0052994730194989,0.0008598898399888
2020-06-26,538.0,570.0,536.0,565.0,23600.0,565.0,532.4,523.3,537.0,464.2266666666667,640.355,False,False,False,True,True,False,True,True,True,False,True,-0.1044247787610619,-0.2106194690265486,,,0.0495575221238938,0.1783598820058996,-0.1823008849557522,0.1628318584070796,0.000746761639429,0.2696350085992739,438.0,393.0,1.2102564102564102,0.0033519553072624,0.0057435846047213,0.0019252273345801
2020-06-29,569.0,569.0,535.0,546.0,8800.0,546.0,536.6,529.4,538.04,465.2133333333333,639.53,False,False,False,False,False,False,True,True,False,True,False,-0.0805860805860805,-0.1758241758241758,,,0.0145787545787546,0.147960927960928,-0.1391941391941392,0.2216117216117216,0.002120890774125,0.2561390253116736,456.0,382.0,0.3728813559322034,0.0019329417887145,-0.0014190135185479,0.0013741291346959
2020-06-30,554.0,554.0,542.0,542.0,3900.0,542.0,541.6,532.3,538.12,466.14666666666665,638.615,False,False,False,False,False,False,True,True,False,True,False,-0.0793357933579335,-0.1642066420664206,,,0.0071586715867158,0.1399507995079951,-0.1346863468634686,0.2269372693726937,0.002002231057464,0.2502348299830923,466.0,378.0,0.4431818181818182,0.0001486657251171,-0.0017842760635973,-0.0001186597166609
2020-07-01,537.0,548.0,532.0,533.0,2900.0,533.0,543.6,532.2,537.52,467.12,637.68,False,False,False,False,False,False,False,True,False,True,False,-0.0900562851782364,-0.13883677298311445,,,-0.0084803001876172,0.1236022514071294,-0.12382739212007504,0.225140712945591,0.0020836901295884,0.24765125892521597,444.0,378.0,0.7435897435897436,-0.0011162375353475,-0.0012649032604647,8.145907212441178e-05
2020-07-02,538.0,546.0,510.0,510.0,6200.0,510.0,539.2,531.6,536.32,468.18666666666667,636.645,False,False,False,False,False,False,False,True,False,True,False,-0.08823529411764706,-0.0784313725490196,,,-0.051607843137255,0.0819869281045751,-0.08235294117647059,0.3,0.0022782935581249,0.24586155003762214,435.0,348.0,2.1379310344827585,-0.0022374701670643,-0.0011212326317167,0.0001946034285365
2020-07-03,502.0,521.0,502.0,506.0,14000.0,506.0,527.4,529.9,535.04,469.84,635.63,False,False,False,False,False,False,False,True,False,True,False,-0.11857707509881422,-0.10474308300395258,,,-0.057391304347826,0.0714624505928854,-0.041501976284584984,0.2766798418972332,0.0035189284295362,0.24476316286091726,441.0,379.0,2.2580645161290325,-0.0023923444976078,-0.0001548743305435,0.0012406348714112
2020-07-06,516.0,516.0,502.0,502.0,7300.0,502.0,518.6,527.6,533.32,471.6,634.565,False,False,False,False,False,False,False,True,False,True,False,-0.10358565737051793,-0.09561752988047809,,,-0.062390438247012,0.0605577689243027,0.0,0.3047808764940239,0.0037319762510603,0.2471569370735405,462.0,398.0,0.5214285714285715,-0.0032250806270155,-0.0008327361294076,0.000213047821524
2020-07-07,502.0,503.0,494.0,499.0,5800.0,499.0,510.0,525.8,530.4,473.04,633.475,False,False,False,False,False,False,False,True,False,True,False,-0.09218436873747494,-0.08617234468937876,,,-0.0629258517034067,0.0520240480961923,0.20641282565130262,0.28857715430861725,0.0030441400304413,0.24762267021681258,476.0,406.0,0.7945205479452054,-0.0055052790346909,-0.0022801984076754,-0.0006878362206189
2020-07-08,495.0,502.0,485.0,485.0,12800.0,485.0,500.4,522.0,527.44,474.2533333333333,632.245,False,False,False,False,False,False,False,True,False,True,False,-0.05360824742268041,-0.024742268041237112,,,-0.0875051546391753,0.0221580756013746,0.1422680412371134,0.27628865979381445,0.0025584076021252,0.24770114942528726,468.0,410.0,2.206896551724138,-0.0056120127407855,-0.0001067337060945,-0.0004857324283161
2020-07-09,477.0,483.0,465.0,465.0,22900.0,465.0,491.4,515.3,525.16,475.64,630.935,False,False,False,False,False,False,False,True,False,False,False,0.010752688172043012,0.021505376344086023,,,-0.1293763440860214,-0.0228817204301074,0.17849462365591398,0.32688172043010755,0.0029153701679142,0.2584901998835631,461.0,409.0,1.7890625,-0.0043415340086832,0.0012704787321023,0.0003569625657889
2020-07-10,453.0,457.0,441.0,446.0,13600.0,446.0,479.4,503.4,520.92,477.0,629.5,False,False,False,False,False,False,False,True,False,True,False,0.01569506726457399,0.07174887892376682,,,-0.1679820627802689,-0.0695067264573991,0.2757847533632287,0.3789237668161435,0.0028511530398323,0.27989670242352005,488.0,405.0,0.5938864628820961,-0.0081394455962528,-0.0037979115875695,-6.421712808189241e-05
2020-07-13,456.0,458.0,449.0,450.0,16900.0,450.0,469.0,493.8,516.08,477.9866666666667,628.1,False,False,False,False,False,False,False,True,False,True,False,0.008888888888888889,0.07555555555555556,,,-0.1468444444444445,-0.0621925925925926,0.41333333333333333,0.3933333333333333,0.0020642137856007,0.2966788173349533,482.0,415.0,1.2426470588235294,-0.0093783909471398,-0.001238945350887,-0.0007869392542315
2020-07-14,450.0,456.0,449.0,453.0,2900.0,453.0,459.8,484.9,511.6,478.04,626.46,False,False,False,False,False,False,False,True,False,False,False,0.006622516556291391,0.04194260485651214,,,-0.1293598233995585,-0.0552759381898455,0.3841059602649007,0.40176600441501104,0.0001115666750341,0.31429160651680754,472.0,407.0,0.1715976331360946,-0.0087568412822517,0.000621549664888,-0.0019526471105665
2020-07-15,459.0,462.0,455.0,459.0,5800.0,459.0,454.6,477.5,507.08,478.6,624.975,False,False,False,False,False,False,False,True,False,True,False,0.030501089324618737,0.0,,,-0.1047494553376906,-0.0427015250544662,0.3485838779956427,0.3747276688453159,0.0011700793982448,0.33005235602094246,484.0,410.0,2.0,-0.0089137808629802,-0.0001569395807284,0.0010585127232107
2020-07-16,470.0,470.0,455.0,470.0,6000.0,470.0,455.6,473.5,504.56,479.44,623.54,False,False,False,False,False,False,False,True,False,False,False,0.010638297872340425,0.0,,,-0.073531914893617,-0.0200851063829787,0.30851063829787234,0.3446808510638298,0.0017520440513932,0.3347412882787751,564.0,423.0,1.0344827586206895,-0.0049944506104328,0.0039193302525474,0.0005819646531483
2020-07-17,475.0,475.0,453.0,453.0,8600.0,453.0,457.0,468.2,502.08,480.24,622.065,False,False,False,False,False,False,False,True,False,False,False,0.05518763796909492,0.019867549668874173,,,-0.1083443708609271,-0.0601324503311258,0.37527593818984545,0.4194260485651214,0.0016658337497917,0.3492097394275952,520.0,477.0,1.4333333333333331,-0.0049394518801784,5.499873025432197e-05,-8.621030160144562e-05
2020-07-20,453.0,455.0,453.0,454.0,1300.0,454.0,457.8,463.4,500.84,481.2,620.58,False,False,False,False,False,False,False,True,False,False,False,0.06607929515418502,0.03524229074889868,,,-0.1031718061674008,-0.0599118942731277,0.3656387665198238,0.46255506607929514,0.0019950124688278,0.3651273198100994,520.0,431.0,0.1511627906976744,-0.0024758405878124,0.002463611292366,0.000329178719036
2020-07-21,453.0,457.0,452.0,456.0,2900.0,456.0,458.4,459.1,498.56,482.24,619.105,False,False,False,False,False,False,False,True,False,True,False,0.03508771929824561,0.02850877192982456,,,-0.0933333333333333,-0.0575438596491228,0.26535087719298245,0.4692982456140351,0.002156602521566,0.38379438030930063,540.0,415.0,2.230769230769231,-0.0045731707317072,-0.0020973301438947,0.0001615900527381
2020-07-22,457.0,473.0,457.0,473.0,5900.0,473.0,461.2,457.9,496.12,483.50666666666666,617.685,False,False,False,False,False,False,False,True,False,True,False,-0.02959830866807611,-0.012684989429175475,,,-0.0488794926004228,-0.0222128259337561,0.28964059196617337,0.35517970401691334,0.0026197501585637,0.3922253767198079,548.0,430.0,2.034482758620689,-0.0049181649600902,-0.000344994228383,0.0004631476369977
2020-07-27,461.0,475.0,461.0,475.0,5100.0,475.0,462.2,458.9,494.48,485.2,616.28,False,False,False,False,False,False,False,True,False,False,True,-0.010526315789473684,-0.014736842105263158,,,-0.0410105263157895,-0.0214736842105262,0.28842105263157897,0.35789473684210527,0.0034899697719153,0.39529309217694486,540.0,416.0,0.864406779661017,-0.0033166154343957,0.0016015495256945,0.0008702196133515
2020-07-28,483.0,484.0,475.0,478.0,3900.0,478.0,467.2,462.1,492.68,486.52,614.935,False,False,False,False,False,False,False,True,False,True,False,-0.03347280334728033,0.014644351464435146,,,-0.0307112970711297,-0.0178242677824267,0.2719665271966527,0.39748953974895396,0.0027131464276905,0.39710019476303826,538.0,438.0,0.7647058823529411,-0.0036534870504181,-0.0003368716160224,-0.0007768233442248
2020-07-29,484.0,484.0,480.0,484.0,1900.0,484.0,473.2,465.5,491.04,487.6666666666667,613.65,False,False,False,False,False,False,False,True,False,False,False,-0.028925619834710745,0.0371900826446281,,,-0.0145454545454545,-0.0075757575757576,0.24173553719008264,0.3409090909090909,0.0023513328776487,0.3916219119226637,545.0,456.0,0.4871794871794871,-0.0033398501140436,0.0003136369363745,-0.0003618135500417
2020-07-30,484.0,484.0,470.0,472.0,6000.0,472.0,476.4,467.4,489.24,488.5466666666667,612.355,False,False,False,False,False,False,False,True,False,True,False,-0.006355932203389831,0.2754237288135593,,,-0.0365254237288135,-0.0350564971751412,0.2097457627118644,0.3601694915254237,0.0018012608826178,0.38746255883611475,572.0,466.0,3.1578947368421053,-0.0036791758646063,-0.0003393257505627,-0.0005500719950309
2020-07-31,470.0,474.0,453.0,459.0,14600.0,459.0,473.6,467.4,486.68,489.2,611.01,False,False,True,False,False,False,False,True,False,True,False,0.017429193899782137,0.20697167755991286,,,-0.0603050108932462,-0.0657952069716775,0.40522875816993464,0.38562091503267976,0.0013355137639683,0.3885323063756954,559.0,444.0,2.433333333333333,-0.0052601298594559,-0.0015809539948495,-0.0004657471186494
2020-08-03,455.0,470.0,455.0,470.0,1400.0,470.0,472.6,467.4,484.2,490.0133333333333,609.73,False,False,False,False,False,False,False,True,False,False,False,-0.00425531914893617,0.16595744680851063,,,-0.0302127659574467,-0.0425815602836879,0.3276595744680851,0.3680851063829787,0.0016598187804413,0.3908857509627729,522.0,435.0,0.0958904109589041,-0.0051218504750103,0.0001382793844455,0.000324305016473
2020-08-04,477.0,477.0,462.0,462.0,3900.0,462.0,469.4,468.3,480.08,490.7733333333333,608.4,False,False,False,False,False,False,False,True,False,True,False,0.049783549783549784,0.23160173160173161,,,-0.0391341991341991,-0.0622799422799422,0.2943722943722944,0.3874458874458874,0.0015485763964355,0.3877856075165491,552.0,441.0,2.7857142857142856,-0.0085819030161639,-0.0034600525411536,-0.0001112423840058
2020-08-05,470.0,470.0,470.0,470.0,700.0,470.0,466.6,469.9,477.04,491.50666666666666,607.07,False,False,False,False,False,False,False,True,False,False,False,0.06808510638297872,0.35319148936170214,,,-0.0149787234042553,-0.0457588652482269,0.26170212765957446,0.3659574468085106,0.0014920109594987,0.37837837837837857,571.0,462.0,0.1794871794871795,-0.0063726312258929,0.002209271790271,-5.65654369368237e-05
2020-08-06,469.0,469.0,462.0,469.0,3300.0,469.0,466.0,471.2,474.12,492.3333333333333,605.695,False,False,False,False,False,False,False,True,False,False,False,0.2835820895522388,0.3368869936034115,,,-0.0109168443496801,-0.0497512437810944,0.3326226012793177,0.37100213219616207,0.0016790792146242,0.36884550084889645,565.0,476.0,4.714285714285714,-0.0061587783683456,0.0002138528575473,0.0001870682551254
2020-08-07,461.0,468.0,458.0,467.0,4500.0,467.0,467.6,470.6,471.48,493.0933333333333,604.28,False,False,False,False,False,False,False,True,False,False,False,0.18629550321199143,0.32548179871520344,,,-0.009593147751606,-0.0558743754461098,0.3640256959314775,0.3897216274089936,0.0015412903574711,0.3722906927326815,572.0,468.0,1.3636363636363635,-0.0055993891575464,0.0005593892107991,-0.000137788857153
2020-08-11,479.0,479.0,468.0,468.0,2800.0,468.0,467.2,469.9,469.8,493.6933333333333,602.87,False,False,False,False,False,False,False,True,False,False,False,0.17094017094017094,0.3141025641025641,,,-0.0038461538461538,-0.0549002849002848,0.3311965811965812,0.37393162393162394,0.001215329354255,0.37390934241327956,533.0,461.0,0.6222222222222222,-0.0035759897828863,0.00202339937466,-0.0003259610032161
2020-08-12,474.0,485.0,474.0,485.0,5000.0,485.0,471.8,470.6,468.96,493.8,601.56,False,False,False,False,True,False,False,True,False,False,False,0.1731958762886598,0.2845360824742268,,,0.0330721649484536,-0.0181443298969072,0.26804123711340205,0.32989690721649484,0.0002160118806534,0.36697832554186127,515.0,488.0,1.7857142857142858,-0.0017911975435005,0.0017847922393857,-0.0009993174736015
2020-08-13,477.0,504.0,477.0,502.0,17400.0,502.0,478.2,472.4,468.96,494.7466666666666,600.37,False,False,False,False,False,False,False,True,False,False,False,0.26693227091633465,0.2350597609561753,,,0.0658167330677291,0.014448871181939,0.21912350597609562,0.2968127490039841,0.0019134371799707,0.3621930567315835,485.0,482.0,3.48,0.0,0.0017911975435005,0.0016974252993172
2020-08-14,602.0,602.0,602.0,602.0,37700.0,602.0,504.8,485.4,473.08,497.24,599.655,False,False,False,False,False,False,True,True,True,False,False,0.04152823920265781,-0.04152823920265781,,,0.2141528239202658,0.1740199335548172,0.18272425249169436,0.08803986710963455,0.0050143458557907,0.3283889575607746,513.0,472.0,2.1666666666666665,0.008708886446267,0.008708886446267,0.0031009086758199
2020-08-17,562.0,587.0,541.0,554.0,154500.0,554.0,522.2,494.9,475.84,498.8933333333333,598.645,False,False,False,False,False,False,True,True,False,True,False,0.11732851985559567,0.10108303249097472,,,0.1410830324909747,0.0994705174488568,0.2527075812274368,0.18953068592057762,0.0033140016570007,0.30753687613659336,534.0,484.0,4.098143236074271,0.0058002689979824,-0.0029086174482845,-0.0017003441987899
2020-08-18,554.0,583.0,547.0,548.0,63600.0,548.0,538.2,502.7,479.16,500.6533333333333,597.605,False,False,False,False,False,False,True,True,False,False,False,0.12226277372262774,0.11678832116788321,,,0.1256204379562043,0.0863990267639903,0.21897810218978103,0.2116788321167883,0.0035154065354603,0.2914262979908495,516.0,564.0,0.4116504854368932,0.006928792052759,0.0011285230547766,0.0002014048784595
2020-08-19,561.0,580.0,553.0,569.0,36200.0,569.0,555.0,513.4,484.08,502.4,596.645,False,False,False,False,False,False,True,True,False,False,False,0.09490333919156414,0.06854130052724078,,,0.149244288224956,0.1170474516695958,0.1546572934973638,0.1546572934973638,0.0034766454352441,0.26762758083365795,523.0,520.0,0.5691823899371069,0.0101636093207733,0.0032348172680142,-3.876110021614615e-05
2020-08-20,579.0,636.0,569.0,636.0,133800.0,636.0,581.8,530.0,491.52,504.8,596.03,False,False,False,False,False,False,True,True,False,False,False,-0.025157232704402517,-0.055031446540880505,,,0.2271698113207547,0.2062893081761006,0.08333333333333333,0.026729559748427674,0.0047543581616482,0.22999999999999995,525.0,520.0,3.696132596685083,0.0151367187499999,0.0049731094292266,0.001277712726404
2020-08-21,620.0,668.0,608.0,627.0,56300.0,627.0,586.8,545.8,498.48,506.94666666666666,595.38,False,False,False,False,False,False,True,True,False,True,False,-0.07974481658692185,-0.08931419457735247,,,0.2049760765550239,0.1914726209463051,0.10685805422647528,0.02073365231259968,0.0042345019857446,0.1938438988640529,517.0,540.0,0.4207772795216741,0.0139624458353395,-0.0011742729146604,-0.0005198561759035
2020-08-24,617.0,632.0,598.0,619.0,39900.0,619.0,599.8,561.0,504.88,509.28,594.635,False,False,False,False,False,False,True,True,False,True,False,-0.014539579967689823,0.0420032310177706,,,0.1843618739903069,0.1772536348949919,0.10016155088852989,0.045234248788368334,0.004581631584459,0.16114081996434934,523.0,548.0,0.7087033747779752,0.0126762795119631,-0.0012861663233763,0.0003471295987143
2020-08-25,609.0,615.0,595.0,615.0,16100.0,615.0,613.2,575.7,510.68,511.68,593.855,False,False,False,False,False,False,True,True,False,True,False,-0.004878048780487805,0.014634146341463415,,,0.1696260162601626,0.1679999999999999,0.04390243902439024,0.06016260162601626,0.0046904315196998,0.13305541080423816,532.0,540.0,0.4035087719298245,0.0113574058118587,-0.0013188737001044,0.0001087999352408
2020-08-26,625.0,625.0,605.0,623.0,8400.0,623.0,624.0,589.5,517.48,514.1066666666667,593.125,True,True,False,False,False,False,True,True,False,False,False,-0.0240770465489566,-0.0401284109149277,,,0.1693739967897271,0.174788657035848,0.0642054574638844,0.0288924558587479,0.00472016183412,0.1058524173027989,565.0,538.0,0.5217391304347826,0.0131406044678055,0.0017831986559468,2.9730314420167367e-05
2020-08-27,630.0,640.0,614.0,620.0,16500.0,620.0,620.8,601.3,524.12,516.2133333333334,592.38,False,False,False,False,False,False,True,True,False,True,False,-0.03064516129032258,-0.043548387096774194,,,0.1546451612903225,0.1673978494623655,0.06612903225806452,0.03387096774193549,0.0040810001033164,0.08248794279062037,546.0,545.0,1.9642857142857144,0.0126688544608104,-0.000471750006995,-0.0006391617308035
2020-08-28,615.0,616.0,567.0,577.0,25700.0,577.0,610.8,598.8,528.96,517.56,591.345,False,False,False,False,False,False,True,True,False,True,False,-0.010398613518197574,0.0831889081455806,,,0.0832582322357018,0.1030155979202774,0.1438474870017331,0.11265164644714037,0.0026019527526597,0.0848363393453575,542.0,572.0,1.5575757575757576,0.0091500302480339,-0.0035188242127765,-0.0014790473506567
2020-08-31,581.0,610.0,581.0,610.0,14700.0,610.0,609.0,604.4,534.44,519.4533333333334,590.495,False,False,False,False,False,False,True,True,False,False,True,0.05737704918032787,0.04426229508196721,,,0.1238688524590163,0.1484371584699453,0.09508196721311475,0.05737704918032787,0.0036448574142048,0.07246856386499019,533.0,559.0,0.5719844357976653,0.0102537235236883,0.0011036932756544,0.0010429046615451
2020-09-01,620.0,620.0,598.0,612.0,5100.0,612.0,608.4,610.8,539.92,521.4666666666667,589.645,False,False,False,False,False,False,True,True,False,True,False,0.0196078431372549,0.017973856209150325,,,0.1177777777777778,0.1479302832244008,0.1111111111111111,0.017973856209150325,0.0038609051393505,0.054518664047151395,510.0,522.0,0.3469387755102041,0.0101496518002665,-0.0001040717234218,0.0002160477251456
2020-09-02,602.0,611.0,595.0,608.0,2300.0,608.0,605.4,614.7,545.12,523.0666666666667,588.785,False,False,False,False,False,False,True,True,False,True,False,-0.01644736842105263,0.011513157894736841,,,0.1034210526315789,0.1396929824561402,0.1069078947368421,0.04276315789473684,0.0030588835075197,0.0440865462827394,506.0,552.0,0.4509803921568627,0.0095391840328735,-0.0006104677673929,-0.0008020216318307
2020-09-03,612.0,612.0,599.0,601.0,4500.0,601.0,601.6,611.2,549.8,524.6533333333333,587.875,False,False,False,False,False,False,True,True,False,True,False,-0.013311148086522463,0.018302828618968387,,,0.0851913477537438,0.127032723239046,0.11647254575707154,0.036605657237936774,0.0030242191669418,0.04515706806282707,502.0,571.0,1.9565217391304348,0.0085121862495451,-0.0010269977833283,-3.466434057796796e-05
2020-09-04,583.0,583.0,569.0,571.0,21500.0,571.0,600.4,605.6,553.76,525.9733333333334,586.83,False,False,False,False,False,False,True,True,False,True,False,0.09457092819614711,0.2469352014010508,,,0.0301926444833625,0.0788558085230589,0.16112084063047286,0.07355516637478109,0.0025096329344961,0.05036327608982827,499.0,565.0,4.777777777777778,0.0071511123952615,-0.0013610738542836,-0.0005145862324456
2020-09-07,580.0,671.0,572.0,645.0,122500.0,645.0,607.4,608.2,561.2,528.12,586.085,False,False,False,False,False,False,True,True,False,False,True,-0.012403100775193798,0.07596899224806201,,,0.1299224806201549,0.1812093023255813,0.03255813953488372,-0.06666666666666667,0.0040647327627559,0.038474186122985816,485.0,572.0,5.697674418604652,0.0132573057733429,0.0061061933780813,0.0015550998282597
2020-09-08,651.0,656.0,608.0,624.0,56300.0,624.0,609.8,609.1,567.36,528.92,585.215,False,False,False,False,False,False,True,True,False,True,False,-0.0016025641025641025,0.07051282051282051,,,0.0907692307692307,0.1523717948717949,0.03365384615384615,-0.0016025641025641025,0.0015125160704831,0.03217862419963885,465.0,533.0,0.4595918367346939,0.010857304004512,-0.0024000017688308,-0.0025522166922727
2020-09-09,604.0,612.0,597.0,598.0,19600.0,598.0,607.8,606.6,572.8,529.96,584.27,False,False,False,False,False,False,True,True,False,True,False,0.028428093645484948,0.09866220735785954,,,0.0421404682274248,0.1137792642140467,0.09866220735785954,0.015050167224080268,0.001962412257529,0.03082756346851291,446.0,515.0,0.3481349911190053,0.0094972067039105,-0.0013600973006015,0.0004498961870458
2020-09-10,613.0,613.0,593.0,593.0,8900.0,593.0,606.2,603.9,577.72,530.9333333333333,583.545,False,False,False,False,False,False,True,True,False,True,False,0.03204047217537943,0.16188870151770657,,,0.0257672849915682,0.1046655424395728,0.12478920741989882,0.04215851602023609,0.0018332496233047,0.031627752939228385,450.0,485.0,0.4540816326530612,0.0085162362390086,-0.0009809704649018,-0.0001291626342243
2020-09-11,594.0,625.0,580.0,625.0,35900.0,625.0,617.0,608.7,583.96,532.0666666666667,582.92,False,False,False,False,False,False,True,True,False,False,True,0.1392,0.1104,,,0.0656639999999999,0.1486933333333332,0.064,-0.0112,0.0021300588898636,0.01954986035814026,453.0,513.0,4.033707865168539,0.0106856634016028,0.0021694271625942,0.0002968092665589
2020-09-14,630.0,640.0,628.0,637.0,10300.0,637.0,615.4,611.4,590.76,533.2533333333333,582.37,False,False,False,False,False,False,True,True,False,False,False,0.08948194662480377,0.06907378335949764,,,0.0725902668759811,0.1628676085818943,0.02511773940345369,-0.0282574568288854,0.0022253338000699,0.010794896957801805,459.0,534.0,0.2869080779944289,0.0115105965197372,0.0008249331181343,9.527491020628037e-05
2020-09-15,646.0,647.0,615.0,623.0,10100.0,623.0,615.2,612.5,596.96,534.36,581.76,False,False,False,False,False,False,True,True,False,True,False,0.07223113964686999,0.030497592295345103,,,0.0417977528089887,0.1422792937399678,0.06420545746388442,-0.006420545746388443,0.0020710132993986,0.008326530612244936,470.0,516.0,0.9805825242718448,0.0103859555079068,-0.0011246410118304,-0.0001543205006712
2020-09-16,630.0,630.0,609.0,615.0,6200.0,615.0,618.6,613.2,602.16,535.3866666666667,581.095,False,False,False,False,False,False,True,True,False,True,False,0.06829268292682927,0.07804878048780488,,,0.0208780487804878,0.1294525745257452,0.05040650406504065,0.0032520325203252032,0.0019176171738805,0.004403131115459771,453.0,523.0,0.6138613861386139,0.008635578583765,-0.0017503769241418,-0.0001533961255181
2020-09-17,608.0,630.0,608.0,612.0,6300.0,612.0,622.4,614.3,606.56,536.28,580.47,False,False,False,False,False,False,True,True,False,True,False,0.12581699346405228,0.08006535947712418,,,0.0088888888888889,0.1237254901960784,0.07026143790849673,-0.00980392156862745,0.0016657964744784,-0.00016278691193213261,454.0,525.0,1.0161290322580645,0.0072540226853072,-0.0013815558984577,-0.000251820699402
2020-09-18,642.0,712.0,627.0,712.0,228100.0,712.0,639.8,628.4,610.96,538.1466666666666,580.345,False,False,False,False,False,False,True,True,False,True,False,-0.025280898876404494,-0.07303370786516854,,,0.1419101123595505,0.2441760299625468,-0.09691011235955056,-0.14606741573033707,0.0034686950273779,-0.023392743475493208,456.0,517.0,36.20634920634921,0.0072017808039807,-5.224188132650111e-05,0.0018028985528994
2020-09-23,701.0,719.0,675.0,694.0,78300.0,694.0,651.2,633.3,616.56,539.9466666666667,580.115,False,False,False,False,False,False,True,True,False,False,False,-0.018731988472622477,-0.037463976945244955,,,0.1115850144092219,0.2219788664745436,-0.10806916426512968,-0.13544668587896252,0.003333662583959,-0.031264803410705755,473.0,523.0,0.3432704953967558,0.0090826521344231,0.0018808713304423,-0.0001350324434188
2020-09-24,719.0,760.0,667.0,668.0,80200.0,668.0,660.2,637.7,621.36,541.8933333333333,579.775,False,False,False,False,False,False,True,True,False,True,False,-0.038922155688622756,0.017964071856287425,,,0.0698203592814371,0.1887824351297405,-0.07634730538922156,-0.08383233532934131,0.0035923428965108,-0.03967382781872364,475.0,532.0,1.0242656449553,0.0077249903437621,-0.0013576617906609,0.0002586803125518
2020-09-25,666.0,679.0,633.0,657.0,32100.0,657.0,668.6,643.6,624.88,543.2933333333333,579.38,False,False,False,False,False,False,True,True,False,True,False,0.0091324200913242,0.0243531202435312,,,0.0488888888888889,0.1730695078640284,-0.0639269406392694,-0.0730593607305936,0.0025768768252877,-0.048166563082660034,478.0,565.0,0.4002493765586035,0.0056330815516578,-0.0020919087921042,-0.0010154660712231
2020-09-28,680.0,705.0,666.0,689.0,41900.0,689.0,684.0,653.2,627.0,544.8666666666667,579.175,False,False,False,False,False,False,True,True,False,True,False,-0.040638606676342524,-0.026124818577648767,,,0.0899854862119013,0.2091920657958393,-0.0899854862119013,-0.11756168359941944,0.0028875565887679,-0.06368646662584204,484.0,546.0,1.3052959501557633,0.0033811802232854,-0.0022519013283723,0.0003106797634802
2020-09-29,701.0,706.0,676.0,694.0,11400.0,694.0,680.4,660.1,629.68,546.5866666666667,579.005,False,False,False,False,False,False,True,True,False,False,False,-0.04899135446685879,-0.0446685878962536,,,0.0926801152737752,0.2124111431316041,-0.08501440922190202,-0.1239193083573487,0.0031468019710201,-0.07498863808513861,472.0,542.0,0.2720763723150358,0.0042561300978273,0.0008749498745418,0.0002592453822522
2020-09-30,700.0,700.0,677.0,681.0,11700.0,681.0,677.8,664.5,632.16,548.04,578.745,False,False,False,False,False,False,True,True,False,True,False,-0.01908957415565345,-0.022026431718061675,,,0.0717180616740088,0.1952422907488987,-0.07342143906020558,-0.1145374449339207,0.0026518745590344,-0.0835214446952596,459.0,533.0,1.0263157894736843,0.0039230574538091,-0.0003330726440181,-0.0004949274119857
2020-10-02,677.0,686.0,640.0,642.0,23600.0,642.0,672.6,666.4,633.24,549.4933333333333,578.275,False,False,False,False,False,False,True,True,False,True,False,0.059190031152647975,0.004672897196261682,,,0.013644859813084,0.1440913811007269,-0.01557632398753894,-0.06074766355140187,0.0026448607201786,-0.08853541416566627,470.0,510.0,2.017094017094017,0.0017055144968732,-0.0022175429569359,-7.013838855824371e-06
2020-10-05,660.0,676.0,655.0,663.0,12200.0,663.0,673.8,671.2,634.84,551.4666666666667,577.915,False,False,False,False,False,False,True,True,False,False,False,0.015082956259426848,-0.00904977375565611,,,0.0424736048265459,0.168225238813474,-0.030165912518853696,-0.08748114630467571,0.00357833655706,-0.0968414779499404,462.0,506.0,0.5169491525423728,0.0025203200806502,0.0008148055837769,0.0009334758368813
2020-10-06,673.0,673.0,660.0,661.0,3600.0,661.0,668.2,676.1,636.48,553.8133333333334,577.58,False,False,False,False,False,False,True,True,False,False,False,0.015128593040847202,0.009077155824508321,,,0.0370953101361573,0.1621583459404941,0.0045385779122541605,-0.08925869894099848,0.0042372881355932,-0.10397870137553626,470.0,502.0,0.2950819672131147,0.0025766716943187,5.635161366845378e-05,0.0006589515785332
2020-10-07,661.0,670.0,659.0,660.0,3100.0,660.0,661.4,670.9,639.8,555.7733333333333,577.225,False,False,False,False,False,False,True,True,False,False,False,0.004545454545454545,0.007575757575757576,,,0.0306060606060606,0.1579191919191919,0.015151515151515152,-0.09090909090909091,0.003526617565914,-0.098226263228499,469.0,499.0,0.8611111111111112,0.0051891216005,0.0026124499061813,-0.0007106705696792
2020-10-08,659.0,672.0,658.0,668.0,9600.0,668.0,658.8,668.3,642.12,557.56,576.915,False,False,False,False,False,False,True,True,False,True,False,-0.0029940119760479044,-0.02245508982035928,,,0.0387425149700598,0.1653293413173653,-0.040419161676646706,-0.08832335329341318,0.0032044383863021,-0.09337124046087084,467.0,485.0,3.096774193548387,0.0036130318320563,-0.0015760897684436,-0.0003221791796118
2020-10-09,668.0,680.0,661.0,680.0,3800.0,680.0,666.4,669.5,644.84,559.7466666666667,576.63,False,False,False,False,False,False,True,True,False,False,False,-0.051470588235294115,-0.025,,,0.0517058823529411,0.1768431372549019,-0.051470588235294115,-0.0838235294117647,0.0039065291441367,-0.09335324869305452,468.0,465.0,0.3958333333333333,0.0042181006141058,0.0006050687820494,0.0007020907578345
2020-10-12,689.0,689.0,660.0,673.0,9400.0,673.0,668.4,671.1,647.44,561.7466666666667,576.375,False,False,False,False,False,False,True,True,False,True,False,-0.0237741456166419,-0.04011887072808321,,,0.0379791976225853,0.1653095591877167,-0.007429420505200594,-0.02823179791976226,0.0035603237521065,-0.08880941737445987,485.0,446.0,2.473684210526316,0.0040158161374027,-0.0002022844767031,-0.0003462053920302
2020-10-13,677.0,686.0,660.0,671.0,13400.0,671.0,670.4,669.3,650.24,563.6933333333334,576.1,False,False,False,False,False,False,True,True,False,False,False,-0.005961251862891207,-0.02384500745156483,,,0.0309388971684053,0.159920516641828,-0.03278688524590164,-0.029806259314456036,0.0034534143860728,-0.07993425967428658,502.0,450.0,1.425531914893617,0.0043061023622046,0.0002902862248019,-0.0001069093660336
2020-10-14,673.0,675.0,653.0,663.0,18100.0,663.0,671.0,666.2,653.92,565.64,575.775,False,False,False,False,False,False,True,True,False,False,False,0.0030165912518853697,-0.030165912518853696,,,0.0136953242835596,0.1468476621417798,-0.03167420814479638,-0.015082956259426848,0.0034415293590739,-0.06889822876013223,602.0,453.0,1.3507462686567164,0.005627599706386,0.0013214973441813,-1.1885026998919268e-05
2020-10-15,663.0,675.0,654.0,666.0,7900.0,666.0,670.6,664.7,654.76,567.5466666666666,575.52,False,False,False,False,False,False,True,True,False,True,False,-0.01951951951951952,-0.07057057057057058,,,0.0168768768768768,0.1478278278278278,-0.04504504504504504,-0.02252252252252252,0.0033594887938729,-0.05957574845795099,554.0,459.0,0.43646408839779,0.0012829128230191,-0.0043446868833668,-8.204056520097827e-05
2020-10-16,666.0,666.0,636.0,645.0,13600.0,645.0,663.6,665.0,655.6,569.0533333333333,575.17,False,False,False,False,False,False,True,True,False,True,False,0.027906976744186046,-0.043410852713178294,,,-0.0164341085271318,0.1177467700258398,-0.0031007751937984496,0.0,0.002647672157267,-0.053684210526315855,548.0,470.0,1.7215189873417722,0.001281269066504,-1.6437565151558153e-06,-0.0007118166366059
2020-10-19,630.0,670.0,621.0,657.0,13500.0,657.0,660.4,664.4,657.96,570.28,574.91,False,False,False,False,False,False,True,True,False,False,False,-0.0167427701674277,-0.0639269406392694,,,-0.0014611872146119,0.1319939117199391,-0.0243531202435312,-0.0365296803652968,0.002150990156882,-0.04861529199277537,569.0,453.0,0.9926470588235294,0.0035868441850568,0.0023055751185528,-0.0004966820003849
2020-10-20,657.0,673.0,657.0,667.0,3400.0,667.0,659.6,665.0,660.92,571.8933333333333,574.695,False,False,False,False,False,False,True,True,False,False,False,-0.017991004497751123,-0.05997001499250375,,,0.0091154422788606,0.1425887056471764,-0.037481259370314844,-0.050974512743628186,0.0028210388883708,-0.0448120300751879,636.0,454.0,0.2518518518518518,0.0044786055801003,0.0008917613950434,0.0006700487314887
2020-10-21,672.0,672.0,660.0,665.0,6000.0,665.0,660.0,665.5,662.52,573.5333333333333,574.48,False,False,False,False,False,False,True,True,False,True,False,-0.03308270676691729,-0.045112781954887216,,,0.0037293233082707,0.1375438596491228,-0.03308270676691729,-0.02706766917293233,0.0028594676275717,-0.03846731780616081,627.0,456.0,1.7647058823529411,0.0024150214333152,-0.002063584146785,3.842873920094359e-05
2020-10-22,665.0,665.0,653.0,653.0,2400.0,653.0,657.4,664.0,663.16,575.1333333333333,574.225,False,False,False,False,False,False,True,True,False,True,False,-0.05206738131699847,-0.033690658499234305,,,-0.0155589586523736,0.1192445125063808,-0.006125574272588055,0.0030627871362940277,0.0027819636026429,-0.029367469879518073,619.0,473.0,0.4,0.000965076301345,-0.0014499451319702,-7.750402492884886e-05
2020-10-23,654.0,666.0,649.0,663.0,2800.0,663.0,661.0,662.3,664.76,577.1733333333333,574.0,False,False,False,False,False,False,True,True,True,False,False,-0.0693815987933635,-0.04675716440422323,,,-0.0026546003016591,0.1294519859225742,-0.030165912518853696,-0.01809954751131222,0.0035344668268341,-0.022648346670693043,615.0,475.0,1.1666666666666667,0.0024068836873458,0.0014418073860007,0.0007525032241912
2020-10-26,659.0,665.0,646.0,646.0,1800.0,646.0,658.8,659.6,666.0,579.04,573.695,False,False,False,False,False,False,True,True,False,True,False,-0.047987616099071206,-0.0046439628482972135,,,-0.0309597523219814,0.1036532507739938,-0.0015479876160990713,0.0030959752321981426,0.0032237266279819,-0.019557307459066066,623.0,478.0,0.6428571428571429,0.0018618618618618,-0.0005450218254839,-0.0003107401988522
2020-10-27,656.0,656.0,640.0,655.0,16600.0,655.0,656.4,658.0,667.72,581.08,573.49,False,False,False,False,False,False,True,True,False,False,False,-0.042748091603053436,0.013740458015267175,,,-0.0194198473282443,0.112854961832061,-0.0061068702290076335,-0.016793893129770993,0.0035107042059614,-0.0182370820668693,620.0,484.0,9.22222222222222,0.0025759300305517,0.0007140681686898,0.0002869775779794
2020-10-28,651.0,670.0,643.0,643.0,14700.0,643.0,652.0,656.0,664.96,583.0,573.22,False,False,False,False,False,False,False,True,False,True,False,-0.012441679626749611,0.041990668740279936,,,-0.0341524105754277,0.093312597200622,0.01866251944012442,0.0015552099533437014,0.0032933104631217,-0.01661585365853655,577.0,472.0,0.8855421686746988,-0.0041506256015399,-0.0067265556320916,-0.0002173937428397
2020-10-29,630.0,639.0,610.0,619.0,15900.0,619.0,645.2,651.3,661.96,584.7866666666666,572.655,False,False,False,False,False,False,False,True,False,True,False,0.01938610662358643,0.035541195476575124,,,-0.0694022617124394,0.055271943995692,0.06462035541195477,0.01615508885298869,0.0030552452176291,-0.01289728235836017,610.0,459.0,1.0816326530612246,-0.0045319958909903,-0.0003813702894504,-0.0002380652454925
2020-10-30,622.0,631.0,602.0,617.0,1900.0,617.0,636.0,648.5,659.92,586.8133333333334,571.615,False,False,False,False,False,False,False,True,False,False,False,0.024311183144246355,0.04538087520259319,,,-0.0695623987034035,0.0489249054565099,0.07617504051863858,0.029173419773095625,0.003453682034037,-0.010177332305320004,612.0,470.0,0.1194968553459119,-0.0030912837919749,0.0014407120990154,0.0003984368164079
2020-11-02,614.0,624.0,614.0,615.0,2700.0,615.0,629.8,644.3,658.24,589.0666666666667,570.725,False,False,False,False,False,False,False,True,False,False,False,0.04552845528455285,0.08617886178861789,,,-0.0703089430894309,0.0421680216802167,0.06829268292682927,0.013008130081300813,0.0038252602987777,-0.005277044854881232,608.0,462.0,1.4210526315789471,-0.0025522605736508,0.000539023218324,0.0003715782647406
2020-11-04,645.0,645.0,627.0,627.0,1600.0,627.0,624.2,640.3,655.76,591.4266666666666,569.74,False,False,False,False,False,False,False,True,False,True,False,0.05901116427432217,0.03508771929824561,,,-0.0458692185007974,0.056735778841042,0.04146730462519936,-0.006379585326953748,0.003990351015623,-0.0006247071685147233,601.0,470.0,0.5925925925925926,-0.0037818714163718,-0.0012296108427209,0.0001650907168453
2020-11-05,624.0,641.0,624.0,635.0,2900.0,635.0,622.6,637.3,653.4,593.8533333333334,568.475,False,False,False,False,False,False,False,True,False,False,False,0.05511811023622047,0.011023622047244094,,,-0.0289763779527558,0.0647979002624671,0.007874015748031496,-0.0031496062992125984,0.0040863063831699,0.0018829436686019858,571.0,469.0,1.8125,-0.003611876339149,0.0001699950772227,9.5955367546848e-05
2020-11-06,642.0,644.0,623.0,631.0,4000.0,631.0,625.0,635.1,651.4,596.1466666666666,567.18,False,False,False,False,False,False,False,True,False,False,False,0.01584786053882726,0.00792393026941363,,,-0.0323296354992075,0.0552350765979926,0.025356576862123614,0.02377179080824089,0.0038469280490259,0.003936387970398363,645.0,467.0,1.3793103448275863,-0.0030703101013202,0.0005415662378288,-0.000239378334144
2020-11-09,627.0,645.0,627.0,632.0,2600.0,632.0,628.0,632.0,651.0,598.3066666666666,565.775,False,False,False,False,False,False,False,True,False,False,False,0.020569620253164556,0.01740506329113924,,,-0.0300632911392405,0.0533122362869199,0.03164556962025317,-0.007911392405063292,0.0036101887549305,0.005063291139240578,624.0,468.0,0.65,-0.0006144393241167,0.0024558707772035,-0.0002367392940953
2020-11-10,653.0,673.0,640.0,643.0,18300.0,643.0,633.6,631.7,650.2,600.84,564.445,False,False,False,False,False,False,False,True,False,True,False,0.038880248833592534,-0.003110419906687403,,,-0.0111975116640747,0.0655676516329704,-0.003110419906687403,-0.017107309486780714,0.0042163193750972,0.0030077568466043646,598.0,485.0,7.038461538461538,-0.0012303906490309,-0.0006159513249142,0.0006061306201666
2020-11-11,653.0,668.0,643.0,664.0,7500.0,664.0,641.0,632.6,650.32,603.64,563.38,False,False,False,False,True,False,True,True,False,False,False,-0.022590361445783132,-0.03313253012048193,,,0.0206024096385541,0.0909036144578313,-0.03463855421686747,-0.0783132530120482,0.004638526273938,-0.0034777110338287155,593.0,502.0,0.4098360655737705,0.000184524541764,0.001414915190795,0.0004222068988408
2020-11-12,670.0,673.0,650.0,670.0,8200.0,670.0,648.0,635.3,650.72,606.4933333333333,562.485,False,False,False,False,False,False,True,True,False,False,False,-0.041791044776119404,-0.04029850746268657,,,0.028776119402985,0.0947860696517412,-0.041791044776119404,-0.06119402985074627,0.0047046408864071,-0.010073980796474072,625.0,602.0,1.0933333333333333,0.0006147037128103,0.0004301791710463,6.611461246910488e-05
2020-11-13,660.0,670.0,640.0,641.0,12700.0,641.0,650.0,637.5,649.64,608.7333333333333,561.515,False,False,False,False,False,False,False,True,False,True,False,-0.0078003120124804995,0.0124804992199688,,,-0.0134789391575662,0.0503380135205408,0.0062402496099844,0.0483619344773791,0.0036797722045778,-0.006745098039215615,637.0,554.0,1.548780487804878,-0.0016624592081768,-0.0022771629209872,-0.0010248686818293
2020-11-16,645.0,652.0,638.0,645.0,4700.0,645.0,652.6,640.3,648.24,611.0,560.48,False,False,False,False,False,False,False,True,False,True,False,-0.0031007751937984496,-0.0031007751937984496,,,-0.0050232558139535,0.0527131782945736,-0.034108527131782945,0.08217054263565891,0.003709765411893,-0.0012494143370294466,623.0,548.0,0.3700787401574803,-0.0021596939405158,-0.0004972347323389,2.9993207315219973e-05
2020-11-17,671.0,671.0,650.0,668.0,11700.0,668.0,657.6,645.6,648.04,613.5333333333333,559.22,False,False,False,False,False,False,False,True,False,False,False,-0.040419161676646706,-0.0344311377245509,,,0.0298802395209581,0.0815369261477046,-0.05089820359281437,0.059880239520958084,0.0041290883407583,0.0037174721189590725,615.0,569.0,2.48936170212766,-0.0003086229245109,0.0018510710160049,0.0004193229288653
2020-11-18,668.0,675.0,649.0,649.0,6300.0,649.0,654.6,647.8,647.16,615.7333333333333,557.96,False,False,False,False,False,False,False,True,False,True,False,-0.01078582434514638,0.0030816640986132513,,,0.0028351309707242,0.0512583461736003,-0.040061633281972264,0.09244992295839753,0.0035729753139888,0.01358443964186488,612.0,636.0,0.5384615384615384,-0.0013597873787007,-0.0010511644541898,-0.0005561130267695
2020-11-19,647.0,649.0,634.0,642.0,11400.0,642.0,649.0,648.5,646.32,618.0,556.455,False,False,False,False,False,False,False,True,False,False,False,0.001557632398753894,0.020249221183800622,,,-0.0067289719626169,0.0373831775700934,-0.045171339563862926,0.08878504672897196,0.0036677454153182,0.022667694680030912,712.0,627.0,1.809523809523809,-0.0012996658002226,6.012157847810505e-05,9.477010132939288e-05
2020-11-20,642.0,642.0,622.0,636.0,2600.0,636.0,648.0,649.0,645.12,620.36,555.255,False,False,False,False,False,False,False,True,False,True,False,0.020440251572327043,0.036163522012578615,,,-0.0143396226415094,0.0245911949685534,-0.05345911949685535,0.09433962264150944,0.0038042426977884,0.02958397534668728,694.0,619.0,0.2280701754385964,-0.0018601190476191,-0.0005604532473964,0.0001364972824701
2020-11-24,645.0,649.0,636.0,643.0,3500.0,643.0,647.6,650.1,645.04,622.6666666666666,553.99,False,False,False,False,False,False,False,True,False,False,False,0.0,0.03265940902021773,,,-0.003172628304821,0.0316226023846553,-0.03110419906687403,0.05909797822706065,0.0037044967880084,0.03614828487924934,668.0,615.0,1.3461538461538465,-0.0001240233163835,0.0017360957312355,-9.974590977991984e-05
2020-11-25,645.0,652.0,640.0,641.0,3600.0,641.0,642.2,649.9,644.4,625.0533333333333,552.85,False,False,False,False,False,False,False,True,False,True,False,0.0062402496099844,0.0249609984399376,,,-0.0053042121684867,0.0248777951118045,-0.0530421216848674,0.0452418096723869,0.0038183408349154,0.042314202184951535,657.0,623.0,1.0285714285714285,-0.0009931719428925,-0.000869148626509,0.0001138440469069
2020-11-26,637.0,645.0,633.0,642.0,3800.0,642.0,640.8,647.7,643.4,627.3466666666667,552.2,False,False,False,False,False,False,False,True,False,True,False,0.014018691588785047,0.017133956386292833,,,-0.0021806853582554,0.0228245067497403,-0.037383177570093455,0.0514018691588785,0.0036556077447876,0.0555812876331635,689.0,620.0,1.0555555555555556,-0.0015542430836182,-0.0005610711407256,-0.0001627330901277
2020-11-27,649.0,649.0,642.0,643.0,2300.0,643.0,641.0,645.0,642.52,629.6666666666666,551.585,False,False,False,False,True,False,False,True,False,False,False,0.01866251944012442,-0.004665629860031105,,,0.000746500777605,0.0207361327112494,-0.038880248833592534,0.03576982892690513,0.003684489147697,0.0657364341085271,694.0,577.0,0.6052631578947368,-0.0013696071717611,0.000184635911857,2.888140290940389e-05
2020-11-30,644.0,667.0,644.0,649.0,8800.0,649.0,643.6,645.8,642.36,632.0933333333334,551.075,False,False,False,False,False,False,False,True,False,False,False,0.015408320493066256,-0.0030816640986132513,,,0.0102311248073959,0.0260503338469439,-0.046224961479198766,-0.007704160246533128,0.0038390954922269,0.06008052028491804,681.0,610.0,3.8260869565217392,-0.0002490815119247,0.0011205256598364,0.0001546063445298
2020-12-01,652.0,652.0,641.0,643.0,4200.0,643.0,643.6,645.6,641.56,634.4266666666666,550.45,False,False,False,False,False,False,False,True,False,True,False,0.03265940902021773,0.013996889580093312,,,0.002239502332815,0.0133333333333334,-0.03732503888024884,0.03421461897356143,0.0036778613761505,0.05529739776951662,642.0,612.0,0.4772727272727273,-0.0012469605336992,-0.0009978790217744,-0.0001612341160764
2020-12-02,643.0,654.0,643.0,645.0,6000.0,645.0,644.4,643.3,641.52,636.56,549.835,False,False,False,False,False,False,False,True,False,False,False,0.018604651162790697,-0.006201550387596899,,,0.0053953488372093,0.0130852713178295,-0.043410852713178294,0.03875968992248062,0.0033513468225042,0.05316337634074312,663.0,608.0,1.4285714285714286,-6.235191420370934e-05,0.0011846086194955,-0.0003265145536462
2020-12-03,648.0,658.0,642.0,651.0,3900.0,651.0,646.2,643.5,641.36,638.5466666666666,549.22,False,False,False,False,False,False,False,True,False,True,False,0.0030721966205837174,-0.015360983102918587,,,0.0148079877112134,0.0191295442908346,-0.06912442396313365,0.004608294930875576,0.0031112317554446,0.04428904428904429,661.0,601.0,0.65,-0.0002494698765123,-0.0001871179623086,-0.0002401150670596
2020-12-04,647.0,655.0,647.0,655.0,2500.0,655.0,648.6,644.8,641.84,639.2533333333333,548.685,False,False,False,False,False,False,True,True,False,False,True,-0.022900763358778626,-0.01984732824427481,,,0.020091603053435,0.0240407124681933,-0.0717557251908397,0.016793893129770993,0.0011054563657601,0.03706575682382148,660.0,571.0,0.6410256410256411,0.0007478499314471,0.0009973198079594,-0.0020057753896845
2020-12-07,655.0,664.0,651.0,659.0,4700.0,659.0,650.6,647.1,643.44,640.6533333333333,548.27,False,False,False,False,False,False,True,True,True,False,False,-0.018209408194233688,-0.021244309559939303,,,0.0236115326251896,0.0278401618614062,-0.08952959028831563,-0.004552352048558422,0.0021852692043538,0.027198269201050878,668.0,645.0,1.88,0.0024866343404202,0.0017387844089731,0.0010798128385937
2020-12-08,662.0,668.0,662.0,664.0,2500.0,664.0,654.8,649.2,645.32,642.2,547.865,False,False,False,False,False,False,True,True,False,False,False,-0.018072289156626505,-0.061746987951807226,,,0.0281325301204818,0.0328313253012047,-0.0783132530120482,-0.004518072289156626,0.0024083878334891,0.020794824399260628,680.0,624.0,0.5319148936170213,0.0029132833323002,0.0004266489918799,0.0002231186291353
2020-12-09,664.0,664.0,657.0,657.0,3200.0,657.0,657.2,650.8,647.0,643.3733333333333,547.545,False,False,False,False,False,False,True,True,False,True,False,-0.0243531202435312,-0.0350076103500761,,,0.015220700152207,0.0207407407407407,-0.0730593607305936,-0.0213089802130898,0.0018237208049239,0.014136447449293248,673.0,598.0,1.28,0.0025965996908809,-0.0003166836414193,-0.0005846670285651
2020-12-10,656.0,660.0,653.0,653.0,3300.0,653.0,657.6,651.9,648.04,643.6,547.31,False,False,False,False,False,False,True,True,False,True,False,-0.018376722817764167,-0.045941807044410414,,,0.0075957120980092,0.0143950995405818,-0.06891271056661562,-0.015313935681470138,0.0003521856225399,0.0075164902592421805,671.0,593.0,1.03125,0.0016048392074562,-0.0009917604834246,-0.001471535182384
2020-12-11,651.0,656.0,639.0,640.0,10100.0,640.0,654.6,651.6,648.24,643.7733333333333,547.12,False,False,False,False,False,False,True,True,False,True,False,0.003125,-0.0421875,,,-0.012875,-0.0058958333333333,-0.05,-0.0015625,0.0002692459043555,0.00383670963781461,663.0,625.0,3.060606060606061,0.000308527705788,-0.0012963115016682,-8.293971818441084e-05
2020-12-14,637.0,653.0,637.0,647.0,4100.0,647.0,652.2,651.4,648.88,644.1466666666666,547.03,False,False,False,False,False,False,True,True,False,False,False,-0.0030911901081916537,-0.0695517774343122,,,-0.0029057187017001,0.0044100978876867,-0.06800618238021638,0.0,0.0005795781499037,0.004605465151980351,666.0,637.0,0.4059405940594059,0.0009863148810257,0.0006777871752376,0.0003103322455482
2020-12-15,643.0,658.0,643.0,652.0,4400.0,652.0,649.8,652.3,649.68,644.64,546.89,False,False,False,False,False,False,True,True,False,False,False,-0.04447852760736196,-0.04447852760736196,,,0.003558282208589,0.0112883435582822,-0.07515337423312883,-0.03067484662576687,0.0007652850169603,-0.0018396443354283794,645.0,623.0,1.0731707317073171,0.0012313754463735,0.0002450605653477,0.0001857068670566
2020-12-16,651.0,654.0,641.0,641.0,7700.0,641.0,646.6,651.9,649.6,644.88,546.745,False,False,False,False,False,False,False,True,False,True,False,-0.0109204368174727,-0.0530421216848674,,,-0.0134165366614664,-0.0060530421216848,-0.056162246489859596,-0.0078003120124804995,0.0003721622627465,-0.006442705936493223,657.0,615.0,1.75,-0.0001231527093594,-0.001354528155733,-0.0003931227542138
2020-12-17,650.0,650.0,641.0,641.0,2700.0,641.0,644.2,650.9,648.68,645.16,546.645,False,False,False,False,False,False,False,True,False,True,False,-0.028081123244929798,-0.0358814352574103,,,-0.0119812792511699,-0.0064898595943837,-0.060842433697347896,-0.0124804992199688,0.0004340008680016,-0.008142571823628751,667.0,612.0,0.3506493506493506,-0.0014182647838688,-0.0012951120745093,6.18386052551221e-05
2020-12-18,641.0,648.0,640.0,642.0,1800.0,642.0,644.6,649.6,647.56,646.0266666666666,546.735,False,False,False,False,False,False,False,True,False,True,False,-0.045171339563862926,-0.037383177570093455,,,-0.0086604361370715,-0.0062720664589823,-0.06542056074766354,-0.029595015576323987,0.0013415338892099,-0.012777093596059217,665.0,712.0,0.6666666666666666,-0.0017295694607449,-0.000311304676876,0.0009075330212082
2020-12-21,637.0,659.0,635.0,645.0,7200.0,645.0,644.2,648.2,647.72,646.4933333333333,546.88,False,False,False,False,False,False,True,True,False,False,False,-0.06666666666666667,-0.040310077519379844,,,-0.0042170542635659,-0.0023152454780361,-0.05581395348837209,-0.020155038759689922,0.0007218429682183,-0.014347423634680759,653.0,694.0,4.0,0.0002470203174212,0.0019765897781661,-0.0006196909209916
2020-12-22,647.0,648.0,615.0,623.0,9400.0,623.0,638.4,644.1,646.84,646.64,547.05,False,False,False,False,False,False,False,True,False,True,False,0.0,-0.006420545746388443,,,-0.0382664526484751,-0.0379454253611556,0.0,0.011235955056179775,0.0002268134768443,-0.012886197795373495,663.0,668.0,1.3055555555555556,-0.0013604600828643,-0.0016074804002856,-0.0004950294913739
2020-12-24,633.0,636.0,631.0,634.0,1900.0,634.0,637.0,641.8,645.48,646.9866666666667,547.5,False,False,True,False,False,False,False,True,False,True,False,-0.04258675078864353,-0.026813880126182965,,,-0.0181072555205047,-0.0204837013669821,0.031545741324921134,-0.00946372239747634,0.000535817327508,-0.011685883452789031,646.0,657.0,0.202127659574468,-0.0021069591621739,-0.0007464990793095,0.0003090038506637
2020-12-25,634.0,634.0,623.0,623.0,3400.0,623.0,633.4,638.8,644.44,647.28,547.69,False,False,False,False,False,False,False,True,False,False,False,-0.008025682182985553,-0.027287319422150885,,,-0.0344141252006421,-0.0389727126805778,0.0449438202247191,0.0016051364365971107,0.0004531784287067,-0.010018785222291762,655.0,689.0,1.7894736842105263,-0.0016138042331325,0.0004931549290413,-8.263889880134434e-05
2020-12-28,641.0,641.0,613.0,613.0,5700.0,613.0,627.6,636.1,643.28,647.84,547.83,False,False,False,False,False,False,False,True,False,True,False,0.008156606851549755,-0.008156606851549755,,,-0.0493964110929852,-0.0568352365415987,0.06525285481239804,0.01794453507340946,0.0008644109656706,-0.008174815280616327,643.0,694.0,1.6764705882352942,-0.0018032583012064,-0.0001894540680738,0.0004112325369638
2020-12-30,612.0,612.0,600.0,602.0,4800.0,602.0,619.0,631.6,641.92,647.2666666666667,547.87,False,False,False,False,False,False,False,False,False,True,False,0.02823920265780731,-0.0033222591362126247,,,-0.0663122923588039,-0.0751937984496123,0.08139534883720931,0.023255813953488372,-0.0008857760840458,-0.0060164661177961815,619.0,681.0,0.8421052631578947,-0.0021186440677966,-0.0003153857665901,-0.0017501870497164
2021-01-04,622.0,623.0,607.0,623.0,4000.0,618.2369995117188,619.0,628.7,641.12,647.2533333333333,548.12,False,False,False,False,False,False,False,False,False,False,False,-0.006420545746388443,-0.01765650080256822,0.0,0.0064205457463884,-0.0290850722311396,-0.0389299090422685,0.03531300160513644,0.004815409309791332,-2.059986816082504e-05,-0.0023858756163512005,617.0,642.0,0.8333333333333334,-0.0012478163214374,0.0008708277463592,0.0008651762158849
2021-01-05,609.0,623.0,607.0,607.0,3200.0,602.3593139648438,613.6,625.3,639.76,647.3733333333333,548.46,False,False,False,False,False,False,False,True,False,True,False,0.016474464579901153,0.0032948929159802307,0.0774299835255354,0.0411861614497528,-0.0539703459637561,-0.0665129049972542,0.042833607907743,0.019769357495881382,0.000185364447099,0.0003198464736927003,615.0,663.0,0.8,-0.0021257971739402,-0.0008779808525028,0.0002059643152598
2021-01-06,607.0,618.0,607.0,618.0,4000.0,613.2752075195312,612.6,623.0,638.8,647.7066666666667,549.19,False,False,False,False,False,False,False,True,False,False,False,-0.019417475728155338,-0.016181229773462782,0.0533980582524271,-0.0097087378640776,-0.0336569579288025,-0.0480690399137001,0.024271844660194174,0.0016181229773462784,0.0005146362550949,0.0017656500802568584,627.0,661.0,1.25,-0.0015028177833438,0.0006229793905964,0.0003292718079959
2021-01-07,618.0,618.0,611.0,618.0,1600.0,613.2752075195312,613.6,620.6,637.8,647.6133333333333,549.92,False,False,False,False,False,False,False,False,False,True,False,-0.016181229773462782,-0.016181229773462782,0.0566343042071197,0.017799352750809,-0.0320388349514562,-0.0479180151024811,0.04692556634304207,0.01779935275080906,-0.0001441189186963,0.006606509829197587,635.0,660.0,0.4,-0.0015678896205707,-6.507183722688514e-05,-0.0006587551737913
2021-01-08,613.0,619.0,612.0,619.0,4300.0,614.267578125,617.0,618.0,636.6,647.3733333333333,550.715,False,False,False,False,False,False,False,False,False,True,False,-0.030694668820678513,-0.025848142164781908,0.0516962843295638,0.08562197092084,-0.0284329563812601,-0.0458373721055465,0.05815831987075929,0.025848142164781908,-0.0003707288941981,0.011326860841423949,631.0,668.0,2.6875,-0.0018850141376059,-0.0003171245170352,-0.0002266099755017
2021-01-12,614.0,625.0,614.0,619.0,5000.0,614.267578125,616.2,617.6,635.64,647.32,551.66,False,False,False,False,False,False,False,False,False,False,False,-0.011308562197092083,-0.025848142164781908,0.0420032310177706,0.1276252019386106,-0.0268820678513731,-0.045751211631664,0.051696284329563816,0.017770597738287562,-8.239098642601005e-05,0.011981865284974056,632.0,680.0,1.162790697674419,-0.0015102888427412,0.0003747252948646,0.000288337907772
2021-01-13,616.0,621.0,613.0,617.0,2100.0,612.2828979492188,618.2,615.9,634.52,647.3466666666667,552.835,False,False,False,False,False,False,False,True,False,True,False,-0.012965964343598054,-0.019448946515397084,0.0259319286871961,0.1474878444084278,-0.0283954619124797,-0.049184224743382,0.050243111831442464,0.012965964343598054,4.119379621425266e-05,0.014288033771716299,643.0,673.0,0.42,-0.0017651137867994,-0.0002548249440582,0.0001235847826402
2021-01-14,615.0,618.0,604.0,606.0,4400.0,601.3670043945312,615.8,614.2,632.72,647.2666666666667,554.015,False,False,False,False,False,False,False,False,False,True,False,0.0033003300330033004,-0.006600660066006601,0.0445544554455445,0.1699669966996699,-0.0440924092409241,-0.068096809680968,0.0627062706270627,0.0231023102310231,-0.0001235966628901,0.016444154998371718,664.0,671.0,2.095238095238096,-0.0028448602857503,-0.0010797464989508,-0.0001647904591044
2021-01-15,606.0,608.0,604.0,608.0,2900.0,603.3516845703125,613.8,613.7,630.84,645.88,555.1,False,False,False,False,False,False,False,False,False,True,False,0.0,-0.013157894736842105,0.0641447368421052,0.1496710526315789,-0.0375657894736842,-0.0623026315789473,0.05921052631578947,0.023026315789473683,-0.0021469416403459,0.01694639074466348,670.0,663.0,0.6590909090909091,-0.0029801534461987,-0.0001352931604483,-0.0020233449774558
2021-01-18,600.0,606.0,600.0,600.0,4600.0,595.412841796875,610.0,613.5,628.48,644.6266666666667,556.13,False,False,False,False,False,False,False,False,False,True,False,0.005,0.015,0.0916666666666666,0.16,-0.0474666666666667,-0.0743777777777777,0.04833333333333333,0.018333333333333333,-0.0019442778248908,0.01646291768541161,641.0,666.0,1.5862068965517242,-0.0037550916496945,-0.0007749382034958,0.000202663815455
2021-01-19,605.0,612.0,605.0,612.0,2600.0,607.3211059570312,608.6,612.4,626.4,643.88,557.385,False,False,False,False,False,False,False,False,False,False,False,-0.014705882352941176,0.017973856209150325,0.0637254901960784,0.1127450980392156,-0.0235294117647058,-0.0520915032679738,0.03758169934640523,0.0016339869281045752,-0.0011596363711664,0.016165904637491797,645.0,645.0,0.5652173913043478,-0.0033205619412516,0.0004345297084428,0.0007846414537244
2021-01-20,606.0,609.0,606.0,609.0,200.0,604.3440551757812,607.0,612.6,624.48,643.24,558.71,False,False,False,False,False,False,False,False,False,False,False,-0.006568144499178982,0.07389162561576355,0.064039408866995,0.1001642036124794,-0.0254187192118226,-0.0562233169129721,0.022988505747126436,-0.008210180623973728,-0.0009949629998134,0.013385569702905536,668.0,657.0,0.0769230769230769,-0.0030745580322827,0.0002460039089688,0.000164673371353
2021-01-21,612.0,614.0,606.0,608.0,1300.0,603.3516845703125,607.4,611.6,622.68,642.16,559.87,False,False,False,False,False,False,False,False,False,False,False,-0.009868421052631578,0.07072368421052631,0.0592105263157894,0.1101973684210526,-0.0241447368421051,-0.0561842105263157,0.024671052631578948,-0.09210526315789473,-0.0016818238445247,0.004087638979725311,649.0,667.0,6.5,-0.0028907303912122,0.0001838276410705,-0.0006868608447113
2021-01-22,610.0,614.0,608.0,608.0,1300.0,603.3516845703125,607.4,610.6,621.4,641.0133333333333,560.665,False,False,False,False,False,False,False,False,False,False,False,-0.013157894736842105,0.07401315789473684,0.0592105263157894,0.0953947368421052,-0.0220394736842104,-0.054298245614035,0.04111842105263158,-0.08552631578947369,-0.0017888343456194,-0.006223386832623761,642.0,665.0,1.0,-0.002059864821371,0.0008308655698412,-0.0001070105010946
2021-01-25,608.0,610.0,602.0,603.0,4800.0,598.389892578125,608.0,609.0,619.64,639.9733333333334,561.595,False,False,False,False,False,False,False,False,False,True,False,0.009950248756218905,0.07960199004975124,0.0431177446102819,0.0679933665008291,-0.0275953565505804,-0.0613156440022112,0.07131011608623548,-0.06301824212271974,-0.0016250677111545,-0.015106732348111733,636.0,653.0,3.692307692307693,-0.0028403589180814,-0.0007804940967103,0.0001637666344648
2021-01-26,608.0,608.0,603.0,603.0,1100.0,598.389892578125,606.2,607.4,617.68,639.4533333333334,562.575,False,False,False,False,False,False,False,False,False,True,False,0.03316749585406302,0.06965174129353234,0.0530679933665008,0.1028192371475953,-0.0243449419568821,-0.0604532891100055,0.03980099502487562,-0.06301824212271974,-0.0008131946037239,-0.02321369772802111,643.0,663.0,0.2291666666666666,-0.0031731640979148,-0.0003328051798333,0.0008118731074305
2021-01-27,603.0,610.0,600.0,605.0,2800.0,600.3746337890625,605.4,606.2,616.24,638.68,563.635,False,False,False,False,False,False,False,False,False,False,False,0.08099173553719008,0.04628099173553719,0.0297520661157024,0.1074380165289256,-0.0185785123966942,-0.0556694214876032,0.04462809917355372,-0.07272727272727272,-0.0012108306715936,-0.03183767733421324,641.0,646.0,2.5454545454545454,-0.0023367519148382,0.0008364121830765,-0.0003976360678696
2021-01-28,604.0,604.0,600.0,602.0,2200.0,597.3975830078125,604.2,605.8,614.68,637.8933333333333,564.735,False,False,False,False,False,False,False,False,False,True,False,0.08139534883720931,0.05149501661129568,0.0348837209302325,0.0863787375415282,-0.0210631229235879,-0.0596234772978958,0.016611295681063124,-0.059800664451827246,-0.0012332260357007,-0.040112248266754635,642.0,655.0,0.7857142857142857,-0.0025379059022581,-0.0002011539874199,-2.239536410715645e-05
2021-01-29,610.0,610.0,600.0,600.0,3300.0,595.412841796875,602.6,605.0,613.0,637.0933333333334,565.845,False,False,False,False,False,False,False,False,False,True,False,0.08833333333333333,0.07833333333333334,0.055,0.11,-0.0216666666666666,-0.0618222222222222,0.04833333333333333,-0.056666666666666664,-0.0012557029843873,-0.048099173553719045,643.0,643.0,1.5,-0.0027406199021206,-0.0002027139998624,-2.247694868655857e-05
2021-02-01,600.0,609.0,600.0,609.0,3200.0,604.3440551757812,603.8,605.9,611.56,636.3066666666666,567.0,False,False,False,False,False,False,False,False,False,False,False,0.06896551724137931,0.0755336617405583,0.0607553366174055,0.077175697865353,-0.0042036124794744,-0.0448385331143951,0.10344827586206896,-0.05582922824302135,-0.0012363011545796,-0.05545469549430603,649.0,619.0,0.9696969696969696,-0.0023546340506247,0.0003859858514959,1.940182980767575e-05
2021-02-02,619.0,625.0,615.0,623.0,3200.0,618.2369995117188,607.8,607.0,611.56,635.5466666666666,568.375,False,False,False,False,True,False,False,False,False,False,False,0.03531300160513644,0.0449438202247191,0.0064205457463884,0.0609951845906902,0.018362760834671,-0.020139111824505,0.12038523274478331,-0.10112359550561797,-0.0011958209205723,-0.06589785831960461,643.0,617.0,1.0,0.0,0.0023546340506247,4.048023400737757e-05
2021-02-03,626.0,664.0,626.0,654.0,26000.0,649.0,617.6,611.5,612.36,635.2933333333333,569.75,False,False,False,False,False,False,True,False,True,False,False,-0.03211009174311927,-0.009174311926605505,-0.0336391437308868,-0.0168195718654434,0.0636697247706421,0.0286034658511723,0.08256880733944955,-0.11773700305810397,-0.0003987659244023,-0.07718724448078502,645.0,615.0,8.125,0.0013064210595075,0.0013064210595075,0.0007970549961699
2021-02-04,650.0,655.0,646.0,651.0,4000.0,646.02294921875,627.4,615.8,613.48,635.0266666666666,571.015,False,False,False,False,False,False,True,False,False,False,False,-0.027649769585253458,-0.010752688172043012,-0.0599078341013824,-0.0122887864823348,0.0576344086021505,0.0245366103430619,0.0890937019969278,-0.13210445468509985,-0.0004199298717114,-0.08151997401753806,651.0,627.0,0.1538461538461538,0.0018256503879507,0.0005192293284431,-2.1163947309029275e-05
2021-02-05,655.0,655.0,636.0,653.0,9700.0,648.0076293945312,638.0,620.3,615.08,634.8933333333333,572.25,False,False,False,False,False,False,True,False,False,False,False,-0.009188361408882083,-0.013782542113323124,-0.0367534456355283,-0.0214395099540581,0.0580704441041347,0.0277284328739152,0.07044410413476264,-0.09494640122511486,-0.0002100090303882,-0.0825407061099467,655.0,635.0,2.425,0.0026012876373805,0.0007756372494298,0.0002099208413231
2021-02-08,653.0,659.0,651.0,651.0,4300.0,646.02294921875,646.4,625.1,617.04,634.6933333333334,573.455,False,False,False,False,False,False,True,False,False,False,False,0.006144393241167435,-0.03379416282642089,0.032258064516129,-0.0061443932411674,0.0521658986175115,0.0250486431131591,0.06912442396313365,-0.0706605222734255,-0.000315112810386,-0.08318669012957926,659.0,631.0,0.4432989690721649,0.0031764553351483,0.0005751676977677,-0.0001051037799977
2021-02-09,657.0,657.0,643.0,645.0,5100.0,640.0687866210938,650.8,629.3,617.92,634.6933333333334,574.635,False,False,False,False,False,False,True,False,False,True,False,0.009302325581395349,-0.015503875968992248,0.0821705426356589,-0.0201550387596899,0.041984496124031,0.0159793281653745,0.05581395348837209,-0.05736434108527132,0.0,-0.08247258859049734,664.0,632.0,1.186046511627907,0.0014241325737959,-0.0017523227613523,0.000315112810386
2021-02-10,635.0,660.0,633.0,633.0,8000.0,628.1605834960938,646.6,632.1,618.96,634.3733333333333,575.775,False,False,False,False,False,False,True,False,False,False,False,0.023696682464454975,-0.01579778830963665,0.1184834123222748,0.0047393364928909,0.0221800947867298,-0.0021695629278567,0.05845181674565561,-0.01263823064770932,-0.0005044348228173,-0.07641196013289048,657.0,643.0,1.568627450980392,0.0016802378182759,0.0002561052444799,-0.0005044348228173
2021-02-12,631.0,635.0,620.0,633.0,17900.0,628.1605834960938,643.0,635.2,619.56,633.92,576.865,False,False,False,False,False,False,True,False,False,True,False,0.017377567140600316,-0.01579778830963665,0.1200631911532385,0.0,0.0212322274881517,-0.0014533965244865,0.06635071090047394,-0.06635071090047394,-0.0007151270402154,-0.07698362720403036,653.0,664.0,2.2375,0.0009684292078247,-0.0007118086104511,-0.000210692217398
2021-02-15,635.0,655.0,631.0,647.0,9400.0,642.0535278320312,641.8,639.9,620.72,633.68,578.065,False,False,False,False,False,False,True,False,True,False,False,-0.00463678516228748,-0.021638330757341576,0.080370942812983,-0.0370942812982998,0.0406182380216382,0.0205873261205564,0.02936630602782071,-0.07418856259659969,-0.0003787400580734,-0.07860603219253001,640.0,670.0,0.5251396648044693,0.0018687975254544,0.0009003683176296,0.0003363869821419
2021-02-16,650.0,660.0,640.0,655.0,8200.0,649.9923706054688,642.6,644.5,622.16,633.7066666666667,579.29,False,False,False,False,False,False,True,True,False,False,False,-0.03969465648854962,-0.013740458015267175,0.0625954198473282,-0.0351145038167938,0.0501374045801527,0.0325089058524172,-0.016793893129770993,-0.08702290076335878,4.208045783552237e-05,-0.08161365399534526,647.0,641.0,0.8723404255319149,0.0023145171660022,0.0004457196405477,0.000420820515909
2021-02-17,664.0,664.0,645.0,651.0,4100.0,646.02294921875,643.8,647.3,623.44,633.5466666666666,580.43,False,False,False,False,False,False,True,False,False,True,False,-0.02457757296466974,-0.03686635944700461,0.0460829493087557,-0.032258064516129,0.0423348694316435,0.0268100358422939,0.021505376344086023,-0.09370199692780339,-0.0002525465106491,-0.08095164529584424,652.0,645.0,0.5,0.0020531245989992,-0.0002613925670029,-0.0002946269684846
2021-02-18,651.0,665.0,648.0,648.0,5500.0,643.0458984375,646.8,646.7,624.68,633.5733333333334,581.285,False,False,False,False,False,False,True,True,False,True,False,-0.038580246913580245,-0.024691358024691357,0.0339506172839506,-0.0308641975308641,0.0359876543209877,0.0222633744855966,0.033950617283950615,-0.07407407407407407,4.208931352343759e-05,-0.0765424462656564,641.0,668.0,1.3414634146341464,0.0019850163283599,-6.810827063928734e-05,0.0002946358241726
2021-02-19,649.0,649.0,624.0,644.0,3000.0,639.0764770507812,649.0,646.0,626.2,633.4266666666666,582.35,False,False,False,False,False,False,True,False,False,False,False,-0.03260869565217391,-0.049689440993788817,0.0481366459627329,-0.031055900621118,0.0276397515527949,0.0164182194616977,0.015527950310559006,-0.07919254658385093,-0.0002315448249733,-0.07120743034055728,641.0,649.0,0.5454545454545454,0.0024273395081445,0.0004423231797845,-0.0002736341384967
2021-02-22,644.0,644.0,638.0,644.0,1900.0,639.0764770507812,648.4,645.1,627.64,633.44,583.495,False,False,False,False,False,False,True,True,False,True,False,-0.017080745341614908,-0.023291925465838508,0.0341614906832298,-0.031055900621118,0.0254037267080745,0.0163975155279502,0.034161490683229816,-0.05745341614906832,2.1049086469807546e-05,-0.06743140598356843,642.0,642.0,0.6333333333333333,0.002294308839462,-0.0001330306686824,0.0002525939114431
2021-02-24,638.0,643.0,628.0,629.0,5000.0,624.191162109375,643.2,642.9,628.8,633.5733333333334,584.49,False,False,False,False,False,False,True,True,False,True,False,0.02702702702702703,0.06836248012718601,0.0238473767885532,-0.0206677265500794,0.0003179650238474,-0.0072708002119767,0.04292527821939587,0.0047694753577106515,0.0002104465676164,-0.06004044174832793,645.0,636.0,2.631578947368421,0.0018447837150126,-0.0004495251244493,0.0001893974811466
2021-02-25,648.0,648.0,633.0,635.0,4900.0,630.145263671875,640.0,641.9,629.72,633.8133333333334,585.585,False,False,False,False,False,False,True,True,False,True,False,-0.012598425196850394,0.09921259842519685,0.0472440944881889,-0.0141732283464566,0.0083149606299212,0.0018687664041993,0.04094488188976378,0.007874015748031496,0.0003786603837092,-0.05359090200965879,623.0,643.0,0.98,0.0014609667788859,-0.0003838169361267,0.0001682138160927
2021-02-26,632.0,632.0,621.0,623.0,5700.0,618.2369995117188,635.0,640.9,630.28,633.92,586.51,False,False,False,False,False,False,True,True,False,True,False,0.014446227929373997,0.13643659711075443,0.0754414125200642,-0.0064205457463884,-0.0116853932584269,-0.0175280898876403,0.03210272873194221,0.048154093097913325,0.0001682651859328,-0.047745358090185715,634.0,641.0,1.163265306122449,0.0008884940026653,-0.0005724727762205,-0.0002103951977763
2021-03-01,623.0,623.0,621.0,623.0,1200.0,618.2369995117188,630.8,639.9,630.88,633.8666666666667,587.345,False,False,False,False,False,False,True,False,False,False,False,-0.01765650080256822,0.13804173354735153,0.0497592295345104,-0.0064205457463884,-0.0126484751203852,-0.0174424826110219,0.03210272873194221,-0.025682182985553772,-8.413967185520324e-05,-0.04375683700578215,623.0,642.0,0.2105263157894736,0.0009510524980979,6.255849543253559e-05,-0.000252404857788
2021-03-02,632.0,635.0,630.0,633.0,1200.0,628.1605834960938,628.6,638.5,631.88,633.84,588.18,False,False,False,False,False,False,True,False,True,False,False,-0.00631911532385466,0.10426540284360189,0.0521327014218009,-0.0063191153238546,0.0017693522906793,-0.0013270142180095,0.009478672985781991,-0.05845181674565561,-4.207160587315792e-05,-0.0421299921691464,613.0,643.0,1.0,0.0015825789706906,0.0006315264725927,4.2068065982045326e-05
2021-03-03,626.0,646.0,626.0,646.0,5000.0,641.0611572265625,632.0,637.6,633.6,634.04,589.19,False,False,False,False,False,False,True,True,False,False,False,0.04024767801857585,0.07739938080495357,0.0154798761609907,-0.0170278637770897,0.0191950464396284,0.0185139318885449,0.0015479876160990713,-0.04024767801857585,0.0003154375118287,-0.03732747804266008,602.0,649.0,4.166666666666667,0.0027146464646465,0.0011320674939558,0.0003575091177019
2021-03-04,635.0,639.0,624.0,627.0,3700.0,622.2064208984375,630.4,635.2,634.56,633.9733333333334,590.15,False,True,False,False,False,False,True,False,False,True,False,0.11323763955342903,0.0861244019138756,0.0542264752791068,0.0047846889952153,-0.0120574162679424,-0.0111217437533227,0.007974481658692184,-0.03508771929824561,-0.0001051568940858,-0.031328715365239436,623.0,643.0,0.74,0.0015128593040845,-0.0012017871605619,-0.0004205944059146
2021-03-05,622.0,632.0,602.0,632.0,8400.0,627.168212890625,632.2,633.6,635.64,633.8266666666667,591.105,False,False,False,False,False,False,True,False,False,False,False,0.12025316455696203,0.060126582278481014,0.0174050632911392,-0.0110759493670886,-0.005759493670886,-0.0028902953586498,0.006329113924050633,-0.058544303797468354,-0.00023139869996,-0.02967171717171728,607.0,645.0,2.27027027027027,0.0016990749480838,0.0001862156439992,-0.0001262418058741
2021-03-08,617.0,630.0,612.0,612.0,4700.0,607.3211059570312,630.0,630.4,636.04,633.1333333333333,591.855,False,False,False,False,False,False,True,False,False,True,False,0.15849673202614378,0.10294117647058823,0.0506535947712418,0.0130718954248366,-0.0392810457516339,-0.0345315904139433,0.03431372549019608,-0.027777777777777776,-0.0010950826576814,-0.02442893401015225,618.0,651.0,0.5595238095238095,0.0006288912647002,-0.0010701836833835,-0.0008636839577214
2021-03-09,622.0,630.0,616.0,629.0,1800.0,624.191162109375,629.2,628.9,637.2,632.5866666666667,592.62,False,False,False,False,False,False,True,False,True,False,False,0.11128775834658187,0.058823529411764705,0.0158982511923688,-0.0111287758346581,-0.0130365659777425,-0.0057021727609963,-0.009538950715421303,-0.06041335453100159,-0.0008641767135991,-0.024646207664175544,618.0,655.0,0.3829787234042553,0.001820464532329,0.0011915732676287,0.0002309059440823
2021-03-10,636.0,675.0,635.0,672.0,9400.0,666.8623657226562,634.4,633.2,639.72,633.0,593.64,False,False,False,True,True,False,True,True,False,False,True,0.03571428571428571,-0.041666666666666664,-0.0372023809523809,-0.0907738095238095,0.0480357142857142,0.0580357142857142,-0.05952380952380952,-0.13392857142857142,0.0006529752501315,-0.03916614024005064,619.0,659.0,5.222222222222222,0.0039392234102419,0.0021187588779128,0.0015171519637307
2021-03-11,668.0,706.0,654.0,698.0,45300.0,692.6636352539062,648.6,639.5,642.72,633.7066666666667,594.825,False,False,False,False,False,False,True,True,False,False,False,-0.024355300859598854,-0.04727793696275072,-0.0945558739255014,-0.1217765042979942,0.0791977077363896,0.0921107927411651,-0.09742120343839542,-0.16189111747851004,0.0011151321326376,-0.05723221266614546,619.0,664.0,4.819148936170213,0.0046676624346527,0.0007284390244107,0.000462156882506
2021-03-12,718.0,718.0,696.0,708.0,19100.0,702.587158203125,663.8,648.0,644.88,634.24,595.925,False,False,False,False,False,False,True,True,False,True,False,-0.05367231638418079,-0.05367231638418079,-0.1016949152542373,-0.1468926553672316,0.0891525423728813,0.1041807909604519,-0.11299435028248588,-0.1694915254237288,0.0008409014463504,-0.07962962962962966,617.0,657.0,0.4216335540838852,0.0033494603647189,-0.0013182020699337,-0.0002742306862872
2021-03-15,717.0,717.0,687.0,709.0,14500.0,703.5795288085938,683.2,656.6,647.2,635.04,597.06,False,False,False,False,False,False,True,True,False,False,False,-0.047954866008462625,-0.07757404795486601,-0.1071932299012694,-0.2214386459802538,0.0871650211565584,0.1043159379407616,-0.11988716502115655,-0.17207334273624825,0.0012597631645249,-0.09473042948522699,606.0,653.0,0.7591623036649214,0.0035846724351051,0.0002352120703861,0.0004188617181745
2021-03-16,718.0,718.0,697.0,699.0,7900.0,693.6559448242188,697.2,663.2,649.04,635.8,598.195,False,False,False,False,False,False,True,True,False,True,False,-0.04721030042918455,-0.04721030042918455,-0.1087267525035765,-0.2045779685264663,0.0714735336194564,0.090414878397711,-0.1072961373390558,-0.15736766809728184,0.0011953444479395,-0.10479493365500603,608.0,640.0,0.5448275862068965,0.0028349562430665,-0.0007497161920385,-6.441871658540831e-05
2021-03-17,698.0,706.0,680.0,696.0,16900.0,690.6788940429688,702.0,668.2,650.84,636.6,599.255,False,False,False,False,False,False,True,True,False,True,False,-0.07471264367816093,-0.05747126436781609,-0.0919540229885057,-0.1882183908045977,0.0648850574712643,0.0853448275862068,-0.11494252873563218,-0.13793103448275862,0.0012566760917374,-0.11448668063454055,600.0,647.0,2.1392405063291138,0.0027656566898163,-6.929955325021527e-05,6.133164379787241e-05
2021-03-18,693.0,699.0,666.0,681.0,15700.0,675.7935791015625,698.6,673.6,652.28,637.1066666666667,599.84,False,False,False,False,False,False,True,True,False,True,False,-0.023494860499265784,-0.02936857562408223,-0.0748898678414096,-0.1703377386196769,0.0421732745961821,0.0644542339696524,-0.08076358296622614,-0.11894273127753303,0.0007952619132327,-0.1223277909738717,612.0,652.0,0.9289940828402368,0.002207640890415,-0.0005580157994012,-0.0004614141785047
2021-03-19,661.0,671.0,655.0,670.0,9100.0,664.877685546875,691.0,677.4,653.76,637.4933333333333,600.59,False,False,False,False,False,False,True,True,False,False,False,0.0,-0.04029850746268657,-0.0626865671641791,-0.1626865671641791,0.0242388059701492,0.0485174129353233,-0.07611940298507462,-0.12686567164179105,0.0006065422906383,-0.12872748745202234,609.0,641.0,0.5796178343949044,0.0022638277043563,5.618681394129778e-05,-0.0001887196225944
2021-03-22,674.0,683.0,670.0,675.0,7700.0,669.8394775390625,684.2,683.7,655.44,637.9333333333333,601.365,False,False,False,False,False,False,True,True,False,False,False,-0.03111111111111111,-0.047407407407407405,-0.0755555555555555,-0.1614814814814814,0.0289777777777776,0.0549135802469136,-0.08296296296296296,-0.16592592592592592,0.000689727244226,-0.14143630247184444,608.0,641.0,0.8461538461538461,0.0025631636763091,0.0002993359719527,8.318495358773745e-05
2021-03-23,675.0,675.0,665.0,666.0,7200.0,660.9082641601562,677.6,687.4,656.2,638.24,601.995,False,False,False,False,False,False,True,True,False,True,False,0.0,-0.04054054054054054,-0.063063063063063,-0.1501501501501501,0.0147147147147146,0.0416816816816816,-0.05555555555555555,-0.15615615615615616,0.0004804880086906,-0.15027640384055857,608.0,642.0,0.935064935064935,0.0011581834806461,-0.001404980195663,-0.0002092392355353
2021-03-24,658.0,663.0,640.0,644.0,8300.0,639.0764770507812,667.2,684.6,655.76,638.1733333333333,602.475,False,False,False,False,False,False,False,False,False,True,False,0.018633540372670808,0.004658385093167702,-0.0434782608695652,-0.1071428571428571,-0.0182608695652173,0.0090476190476191,-0.013975155279503106,-0.12888198757763975,-0.0001044648266929,-0.14986853637160388,603.0,645.0,1.1527777777777777,-0.0006709771867757,-0.0018291606674218,-0.0005849528353835
2021-03-25,664.0,665.0,662.0,665.0,1400.0,659.9158935546875,664.0,681.3,656.32,638.4666666666667,603.1,False,False,False,False,False,False,True,True,False,False,False,-0.006015037593984963,-0.04962406015037594,-0.0586466165413533,-0.1578947368421052,0.0130526315789472,0.0398997493734335,-0.05263157894736842,-0.14736842105263157,0.0004594340607707,-0.14839277851166874,603.0,623.0,0.1686746987951807,0.0008532423208192,0.0015242195075949,0.0005638988874636
2021-03-26,674.0,674.0,670.0,670.0,2000.0,664.877685546875,664.0,677.5,657.2,638.8,603.76,False,False,False,False,False,False,True,True,False,False,False,-0.04029850746268657,-0.050746268656716415,-0.0761194029850746,-0.1388059701492537,0.0191044776119402,0.0465671641791045,-0.06716417910447761,-0.1626865671641791,0.0005218117303275,-0.14760147601476015,605.0,634.0,1.4285714285714286,0.0013390139987827,0.0004857716779635,6.237766955686667e-05
2021-03-29,674.0,674.0,653.0,654.0,6300.0,649.0,659.8,672.0,657.6,638.84,604.305,False,False,False,False,False,False,True,True,False,True,False,-0.016819571865443424,-0.03211009174311927,-0.0535168195718654,-0.1360856269113149,-0.0055045871559633,0.0231804281345565,-0.05198776758409786,-0.12996941896024464,6.261348694520899e-05,-0.14330357142857136,602.0,623.0,3.15,0.0006082725060826,-0.0007307414927,-0.0004591982433823
2021-03-30,654.0,680.0,645.0,666.0,1600.0,666.0,659.8,668.7,658.48,638.9866666666667,604.775,False,False,False,False,False,False,True,True,True,False,False,-0.04054054054054054,-0.06456456456456457,-0.0555555555555555,-0.1126126126126126,0.0112912912912912,0.0405605605605605,-0.06606606606606606,-0.16066066066066065,0.000229530089308,-0.14356213548676536,600.0,613.0,0.2539682539682539,0.0013364111286599,0.0007281386225772,0.0001669166023628
2021-03-31,676.0,676.0,656.0,656.0,1000.0,656.0,662.2,664.7,659.56,638.9466666666667,605.26,False,False,False,False,False,False,True,False,False,False,False,-0.013719512195121951,-0.036585365853658534,-0.0320121951219512,-0.0777439024390243,-0.0054268292682926,0.0259959349593495,-0.06859756097560976,-0.1524390243902439,-6.260303416033203e-05,-0.14502783210470901,609.0,602.0,0.625,0.0016374552732123,0.0003010441445523,-0.0002921331234683
2021-04-01,676.0,676.0,661.0,661.0,1100.0,661.0,661.4,662.7,660.6,638.9066666666666,605.955,False,False,False,False,False,False,True,False,False,True,False,-0.04387291981845688,-0.046898638426626324,-0.0468986384266263,-0.0801815431164901,0.0006051437216338,0.0334241048915784,-0.07261724659606657,-0.17397881996974282,-6.260695354576146e-05,-0.1505960464765355,623.0,623.0,1.1,0.0015743263699668,-6.312890324552045e-05,-3.919385429434261e-09
2021-04-02,651.0,651.0,640.0,643.0,7900.0,643.0,656.0,660.0,661.4,638.72,606.41,False,False,False,False,False,False,True,False,False,True,False,-0.01088646967340591,-0.02332814930015552,-0.0279937791601866,-0.0279937791601866,-0.028615863141524,0.0066562986003109,-0.060653188180404355,-0.13841368584758942,-0.0002922511690045,-0.15181818181818188,654.0,607.0,7.181818181818182,0.0012095554883579,-0.0003647708816088,-0.0002296442154588
2021-04-05,640.0,648.0,640.0,643.0,1300.0,643.0,653.8,656.8,662.2,638.5866666666667,606.77,False,False,False,False,False,False,True,False,False,True,False,-0.015552099533437015,-0.029548989113530325,-0.0357698289269051,-0.0808709175738724,-0.0298600311041991,0.0068636599274234,-0.14152410575427682,-0.13996889580093314,-0.000208794421013,-0.14920828258221683,651.0,618.0,0.1645569620253164,0.0012080942313501,-1.4612570078114274e-06,8.345674799152956e-05
2021-04-06,647.0,647.0,635.0,639.0,2300.0,639.0,648.4,654.1,662.44,638.5733333333334,607.14,False,False,False,False,False,False,True,False,False,True,False,-0.025039123630672927,-0.023474178403755867,-0.0266040688575899,-0.0625978090766823,-0.0366823161189359,0.0006677099634845,-0.1298904538341158,-0.15336463223787167,-2.0879878061493128e-05,-0.148906894970188,653.0,618.0,1.7692307692307692,0.0003622969627438,-0.0008457972686063,0.0001879145429515
2021-04-07,630.0,647.0,630.0,647.0,1600.0,647.0,646.6,654.4,662.48,638.5733333333334,607.515,False,False,False,False,False,False,True,False,False,True,False,-0.023183925811437404,-0.04791344667697063,-0.0556414219474497,-0.0757341576506955,-0.0239258114374034,0.013024214322514,-0.1267387944358578,-0.160741885625966,0.0,-0.1520476772616137,651.0,619.0,0.6956521739130435,6.037918125824722e-05,-0.0003019177814855,2.0879878061493128e-05
2021-04-08,646.0,646.0,632.0,632.0,1500.0,632.0,640.8,651.1,662.68,638.3066666666666,608.01,False,False,False,False,False,False,True,False,False,False,False,-0.0031645569620253164,-0.00949367088607595,-0.0300632911392405,-0.0664556962025316,-0.0485443037974682,-0.0099789029535864,-0.1060126582278481,-0.16139240506329114,-0.0004177720218078,-0.15343265243434184,645.0,619.0,0.9375,0.00030180479266,0.0002414256114017,-0.0004177720218078
2021-04-09,635.0,636.0,635.0,636.0,500.0,636.0,639.4,647.7,662.84,638.24,608.615,False,False,False,False,False,False,True,False,False,True,False,-0.012578616352201259,-0.026729559748427674,-0.050314465408805,-0.0566037735849056,-0.0422012578616352,-0.0035220125786163,-0.1179245283018868,-0.1650943396226415,-0.0001044539149326,-0.153620503319438,633.0,617.0,0.3333333333333333,0.0002413855530747,-6.04192395852326e-05,0.0003133181068752
2021-04-12,636.0,638.0,631.0,633.0,1300.0,633.0,637.4,645.6,663.68,638.1333333333333,609.355,False,False,False,False,False,False,True,False,True,False,False,-0.014218009478672985,-0.022116903633491312,-0.1279620853080568,-0.0631911532385466,-0.0484676145339651,-0.0081095313322801,-0.10584518167456557,-0.17377567140600317,-0.0001671541997492,-0.15799256505576206,633.0,606.0,2.6,0.0012656702025071,0.0010242846494323,-6.270028481665815e-05
2021-04-13,630.0,635.0,619.0,623.0,9000.0,623.0,634.2,641.3,663.44,637.88,609.905,False,False,False,False,False,False,False,False,False,True,False,0.0016051364365971107,0.009630818619582664,-0.1075441412520064,-0.0256821829855537,-0.0649117174959872,-0.023884430176565,-0.09149277688603531,-0.14606741573033707,-0.0003971488890282,-0.1565569936067363,647.0,608.0,6.923076923076923,-0.0003617508742311,-0.0016274210767382,-0.0002299946892789
2021-04-14,623.0,634.0,621.0,632.0,2400.0,632.0,631.2,638.9,661.84,637.7066666666667,610.395,False,False,False,False,False,False,False,False,False,True,False,-0.02531645569620253,0.004746835443037975,-0.1060126582278481,0.0,-0.0472151898734177,-0.0090295358649789,-0.09018987341772151,-0.17405063291139242,-0.0002718073095257,-0.15871028329942086,655.0,600.0,0.2666666666666666,-0.0024175027196905,-0.0020557518454594,0.0001253415795025
2021-04-15,626.0,632.0,626.0,630.0,1800.0,630.0,630.8,635.8,659.12,637.8,610.965,False,False,False,False,False,False,False,True,False,True,False,-0.006349206349206349,0.0,-0.1031746031746031,0.0158730158730158,-0.0462222222222222,-0.0123809523809523,-0.1111111111111111,-0.17142857142857143,0.0001463363645864,-0.15838313935199738,651.0,612.0,0.75,-0.0041267144070882,-0.0017092116873976,0.0004181436741121
2021-04-16,634.0,634.0,628.0,628.0,3100.0,628.0,629.2,634.3,655.92,637.72,611.49,False,False,False,False,False,False,False,False,False,True,False,-0.014331210191082803,-0.004777070063694267,-0.1066878980891719,0.0398089171974522,-0.0444585987261145,-0.0154777070063694,-0.08121019108280254,,-0.0001254469045975,,648.0,609.0,1.7222222222222223,-0.0048786437370411,-0.0007519293299528,-0.0002717832691839
2021-04-19,628.0,632.0,622.0,624.0,2700.0,624.0,627.4,632.4,652.52,637.7333333333333,611.985,False,False,False,False,False,False,False,True,False,True,False,-0.008012820512820512,-0.00641025641025641,-0.0929487179487179,-0.0272435897435897,-0.0457051282051281,-0.022008547008547,-0.09455128205128205,,2.0907380305228737e-05,,644.0,608.0,0.8709677419354839,-0.0052105682584441,-0.0003319245214029,0.0001463542849027
2021-04-20,624.0,624.0,624.0,624.0,1300.0,624.0,627.6,630.9,649.52,637.88,612.52,False,False,False,False,False,False,False,True,False,False,False,0.008012820512820512,-0.003205128205128205,-0.0929487179487179,-0.0448717948717948,-0.0408974358974358,-0.0222435897435897,-0.052884615384615384,,0.0002299283041742,,644.0,608.0,0.4814814814814814,-0.0046187954181549,0.0005917728402892,0.0002090209238689
2021-04-21,615.0,616.0,612.0,616.0,1500.0,616.0,624.4,627.8,646.32,638.0666666666667,612.985,False,False,False,False,False,False,False,True,False,True,False,0.030844155844155844,-0.008116883116883116,-0.0665584415584415,0.0064935064935064,-0.0492207792207793,-0.0358225108225109,-0.017857142857142856,,0.0002925504127051,,629.0,603.0,1.1538461538461535,-0.0049511078103724,-0.0003323123922175,6.26221085309238e-05
2021-04-22,626.0,626.0,626.0,626.0,400.0,626.0,623.6,627.2,644.12,638.1066666666667,613.455,False,False,False,False,False,False,False,True,False,False,False,0.006389776357827476,-0.020766773162939296,-0.1054313099041533,-0.0335463258785942,-0.0289456869009584,-0.0193397231096911,-0.02875399361022364,,6.268544443974407e-05,,635.0,603.0,0.2666666666666666,-0.0034155126373968,0.0015355951729756,-0.0002298649682653
2021-04-23,625.0,630.0,616.0,619.0,1900.0,619.0,621.8,625.5,642.08,638.2666666666667,613.725,False,False,False,False,False,False,False,True,False,False,False,0.009693053311793215,-0.024232633279483037,-0.0678513731825525,-0.0387722132471728,-0.0372859450726979,-0.0311254711900915,0.009693053311793215,,0.0002506789220805,,623.0,605.0,4.75,-0.0031771741839022,0.0002383384534945,0.0001879934776408
2021-04-26,619.0,619.0,619.0,619.0,2500.0,619.0,620.8,624.1,639.84,638.28,614.09,False,False,False,False,False,False,False,True,False,True,False,0.0016155088852988692,-0.10823909531502424,-0.0872374798061389,-0.0387722132471728,-0.0336672051696284,-0.0311470113085621,-0.045234248788368334,,2.088947379413613e-05,,623.0,602.0,1.3157894736842106,-0.0035008752188047,-0.0003237010349024,-0.0002297894482864
2021-04-27,639.0,639.0,621.0,629.0,1300.0,629.0,621.8,624.7,638.36,638.4266666666666,614.525,False,False,True,False,False,False,False,True,False,False,False,-0.011128775834658187,-0.11605723370429252,-0.0604133545310015,-0.0604133545310015,-0.0148807631160572,-0.0149867514573396,-0.04769475357710652,,0.0002297314230817,,633.0,600.0,0.52,-0.0023184410050755,0.0011824342137291,0.0002088419492875
2021-04-28,637.0,637.0,635.0,635.0,300.0,635.0,625.6,625.0,638.0,638.64,615.035,False,False,False,False,False,False,False,True,False,False,False,-0.03779527559055118,-0.11023622047244094,-0.0472440944881889,-0.0834645669291338,-0.0047244094488188,-0.0057322834645669,-0.05826771653543307,,0.0003340431750804,,646.0,609.0,0.2307692307692307,-0.000564263322884,0.0017541776821915,0.0001043117519987
2021-04-30,635.0,635.0,625.0,630.0,600.0,630.0,626.4,625.0,636.6,638.7866666666666,615.635,False,False,False,False,False,False,False,True,False,True,False,-0.026984126984126985,-0.10317460317460317,-0.0349206349206349,-0.0714285714285714,-0.0104761904761905,-0.0139470899470898,-0.06349206349206349,,0.0002296019537038,,627.0,623.0,2.0,-0.0021991831605403,-0.0016349198376563,-0.0001044412213765
2021-05-06,629.0,629.0,625.0,625.0,2000.0,625.0,627.6,624.7,634.8,638.8933333333333,616.23,False,False,False,False,False,False,False,True,False,True,False,-0.0336,-0.1024,0.0,-0.0592,-0.0156799999999999,-0.0222293333333333,-0.04,,0.0001669553603105,,632.0,654.0,3.333333333333333,-0.002835538752363,-0.0006363555918227,-6.264659339330308e-05
2021-05-07,629.0,629.0,620.0,620.0,1600.0,620.0,627.8,624.3,633.44,639.08,616.82,False,False,False,False,False,False,False,True,False,False,False,-0.10967741935483871,-0.08709677419354839,-0.0467741935483871,-0.0532258064516129,-0.0216774193548387,-0.0307741935483871,-0.043548387096774194,,0.0002920865410695,,612.0,651.0,0.8,-0.0021470068199038,0.0006885319324591,0.0001251311807589
2021-05-10,611.0,622.0,611.0,622.0,600.0,622.0,626.4,624.1,631.68,639.2666666666667,617.435,False,False,False,False,False,False,False,True,False,True,False,-0.10610932475884244,-0.09003215434083602,-0.0369774919614147,-0.0530546623794212,-0.0155627009646301,-0.027759914255091,-0.024115755627009645,,0.0002920012514338,,629.0,653.0,0.375,-0.0027862208713274,-0.0006392140514235,-8.528963569713656e-08
2021-05-11,613.0,618.0,610.0,611.0,3000.0,611.0,621.6,623.6,629.88,639.4133333333333,618.065,False,False,False,False,False,False,False,True,False,True,False,-0.07528641571194762,-0.058919803600654665,-0.0212765957446808,-0.0180032733224222,-0.0309001636661211,-0.0465030005455536,0.03436988543371522,,0.0002293769288514,,672.0,651.0,5.0,-0.0028576871785101,-7.146630718269991e-05,-6.262432258243066e-05
2021-05-12,615.0,618.0,607.0,613.0,3900.0,613.0,618.2,622.3,627.96,639.4266666666666,618.805,False,False,False,False,False,False,False,True,False,True,False,-0.07830342577487764,-0.0864600326264274,-0.0375203915171288,-0.0212071778140293,-0.0244045676998369,-0.0431103860793909,0.04404567699836868,,2.085201326186147e-05,,698.0,645.0,1.3,-0.0030575195872347,-0.0001998324087246,-0.0002085249155895
2021-05-13,602.0,619.0,602.0,604.0,9000.0,604.0,614.0,620.8,626.4,639.36,619.595,False,False,False,False,False,False,False,False,False,False,False,-0.07119205298013245,-0.04470198675496689,-0.0066225165562913,-0.0314569536423841,-0.0370860927152317,-0.0585430463576159,0.08112582781456953,,-0.0001042709376041,,708.0,633.0,2.3076923076923075,-0.0024904214559387,0.0005670981312959,-0.000125122950866
2021-05-14,590.0,590.0,528.0,552.0,48900.0,552.0,600.4,614.1,622.76,638.6133333333333,620.105,False,False,False,False,False,False,False,False,False,True,False,0.025362318840579712,0.02355072463768116,0.0742753623188405,0.019927536231884,-0.1281884057971014,-0.1569082125603865,0.09963768115942029,,-0.0011691999331885,,709.0,633.0,5.433333333333334,-0.0058449482946881,-0.0033545268387493,-0.0010649289955844
2021-05-17,569.0,569.0,550.0,556.0,35700.0,556.0,587.2,606.8,619.44,637.92,620.62,False,False,False,False,False,False,False,False,False,False,False,0.017985611510791366,0.06294964028776978,0.0917266187050359,0.0107913669064748,-0.1141007194244605,-0.1473381294964028,0.07194244604316546,,-0.0010868656466851,,699.0,647.0,0.7300613496932515,-0.0053596797107063,0.0004852685839817,8.233428650343934e-05
2021-05-18,563.0,575.0,550.0,565.0,5400.0,565.0,578.0,599.8,616.16,637.4133333333333,621.15,False,False,False,False,False,False,False,False,False,False,False,0.017699115044247787,0.07079646017699115,0.1185840707964601,-0.0070796460176991,-0.0905486725663716,-0.1281651917404129,0.09734513274336283,,-0.000794879303853,,696.0,655.0,0.1512605042016806,-0.0053232926512595,3.6387059446787474e-05,0.000291986342832
2021-05-19,572.0,572.0,558.0,565.0,3400.0,565.0,568.4,593.3,613.48,636.9066666666666,621.625,False,False,False,False,False,False,False,False,False,False,False,-0.008849557522123894,0.07610619469026549,0.1327433628318584,,-0.0858053097345133,-0.127268436578171,0.07079646017699115,,-0.0007955116395913,,681.0,651.0,0.6296296296296297,-0.0043685205711676,0.0009547720800918,-6.323357382854566e-07
2021-05-20,560.0,563.0,560.0,561.0,500.0,561.0,559.8,586.9,610.48,636.32,622.165,False,False,False,False,False,False,False,False,False,True,False,0.0285204991087344,0.1140819964349376,0.1639928698752228,,-0.0881996434937611,-0.1342602495543673,0.06060606060606061,,-0.0009219679825662,,670.0,648.0,0.1470588235294117,-0.0049141659022408,-0.0005456453310731,-0.0001264563429749
2021-05-21,569.0,569.0,565.0,566.0,700.0,566.0,562.6,581.5,607.8,635.84,622.725,False,False,False,False,False,False,False,False,False,False,False,-0.0017667844522968198,0.044169611307420496,0.0724381625441696,,-0.0738515901060069,-0.1233922261484099,0.05123674911660778,,-0.0007549068948163,,675.0,644.0,1.4,-0.0044093451793354,0.0005048207229054,0.0001670610877499
2021-05-24,576.0,580.0,566.0,566.0,5800.0,566.0,564.6,575.9,605.52,635.3866666666667,623.275,False,False,False,False,False,False,False,False,False,False,False,0.044169611307420496,0.05830388692579505,0.0530035335689045,,-0.0698233215547702,-0.1225912838633686,0.044169611307420496,,-0.0007134763083897,,666.0,644.0,8.285714285714286,-0.0037653586999603,0.000643986479375,4.143058642662575e-05
2021-05-25,580.0,580.0,566.0,575.0,2500.0,575.0,566.6,572.3,603.24,634.9333333333333,623.785,False,False,False,False,False,False,False,False,False,True,False,0.05217391304347826,0.04,0.0782608695652174,,-0.0491130434782608,-0.1042318840579709,0.01217391304347826,,-0.0007139857202856,,644.0,629.0,0.4310344827586206,-0.0037795902128505,-1.4231512890241962e-05,-5.094118959523414e-07
2021-05-26,575.0,575.0,555.0,560.0,12600.0,560.0,565.6,567.0,600.44,634.0933333333334,624.21,False,False,False,False,False,False,False,False,False,True,False,0.08571428571428572,0.05357142857142857,0.0803571428571428,,-0.0722142857142858,-0.1323095238095238,0.044642857142857144,,-0.0013247261181317,,665.0,635.0,5.04,-0.0046632469522349,-0.0008836567393843,-0.0006107403978461
2021-05-27,570.0,583.0,564.0,577.0,21800.0,577.0,568.8,564.3,598.4,633.0666666666667,624.705,False,False,False,False,False,False,False,False,False,False,False,0.0831889081455806,0.03986135181975736,0.0311958405545927,,-0.0370883882149046,-0.0971692663200463,0.019064124783362217,,-0.0016217354675652,,670.0,623.0,1.7301587301587302,-0.003409090909091,0.0012541560431439,-0.0002970093494334
2021-05-28,579.0,579.0,560.0,565.0,14900.0,565.0,568.6,565.6,596.04,631.92,625.11,False,False,False,False,False,False,False,False,False,True,True,0.04601769911504425,0.049557522123893805,0.0530973451327433,,-0.054938053097345,-0.1184424778761061,0.03893805309734513,,-0.0018145756846859,,654.0,623.0,0.6834862385321101,-0.0039594658076639,-0.0005503748985728,-0.0001928402171207
2021-05-31,570.0,665.0,565.0,591.0,129900.0,591.0,573.6,569.1,594.72,631.0933333333334,625.705,False,False,False,False,False,False,False,False,False,False,False,0.01353637901861252,0.02707275803722504,0.0,,-0.0062944162436548,-0.0678398195149464,-0.00338409475465313,,-0.0013098960534098,,666.0,633.0,8.718120805369127,-0.0022195318805487,0.0017399339271152,0.0005046796312761
2021-06-01,596.0,615.0,594.0,605.0,19900.0,605.0,579.6,573.1,594.28,630.48,626.435,False,False,False,False,True,False,False,False,False,False,False,-0.011570247933884297,0.04462809917355372,-0.0380165289256198,,0.0177190082644628,-0.0421157024793388,-0.008264462809917356,,-0.0009728037897052,,656.0,646.0,0.153194765204003,-0.000740391734536,0.0014791401460127,0.0003370922637046
2021-06-02,603.0,608.0,594.0,608.0,7300.0,608.0,589.2,577.4,593.56,629.9866666666667,627.125,False,False,False,False,False,False,False,False,False,True,False,-0.029605263157894735,0.05263157894736842,-0.037828947368421,,0.02375,-0.0361622807017544,-0.013157894736842105,,-0.0007830853563038,,661.0,627.0,0.3668341708542713,-0.0012130197452658,-0.0004726280107298,0.0001897184334013
2021-06-03,614.0,640.0,614.0,625.0,28000.0,625.0,598.8,583.8,593.8,629.88,627.94,False,False,False,False,False,False,True,False,False,False,False,-0.04,0.0448,-0.0592,,0.04992,-0.0078079999999999,-0.064,,-0.0001693444253932,,643.0,632.0,3.835616438356164,0.0004041764904008,0.0016171962356667,0.0006137409309106
2021-06-04,625.0,625.0,591.0,591.0,22400.0,591.0,604.0,586.3,592.68,629.32,628.545,False,False,False,False,False,True,False,False,False,True,False,0.00338409475465313,0.02707275803722504,-0.0067681895093062,,-0.0028426395939085,-0.064839255499154,-0.047377326565143825,,-0.0008898493612151,,643.0,612.0,0.8,-0.0018897212661132,-0.002293897756514,-0.0007205049358219
2021-06-07,598.0,610.0,596.0,599.0,6700.0,599.0,605.6,589.6,591.48,628.68,629.195,False,False,False,False,False,False,False,False,False,True,False,0.01335559265442404,-0.005008347245409015,-0.01669449081803,,0.0125542570951585,-0.0495492487479131,-0.06176961602671119,,-0.0010180059807852,,639.0,629.0,0.2991071428571428,-0.0020288090890646,-0.0001390878229513,-0.0001281566195701
2021-06-08,603.0,603.0,586.0,598.0,9100.0,598.0,604.2,591.9,590.0,627.92,629.85,False,False,False,False,False,False,False,False,False,True,False,0.056856187290969896,0.03678929765886288,0.0033444816053511,,0.0133779264214046,-0.0500334448160534,-0.061872909698996656,,-0.0012103452669129,,647.0,672.0,1.3582089552238803,-0.0025084745762712,-0.0004796654872066,-0.0001923392861276
2021-06-09,593.0,594.0,587.0,590.0,2800.0,590.0,600.6,594.9,588.4,627.1066666666667,630.46,False,False,False,False,False,False,False,False,False,True,False,0.0847457627118644,0.025423728813559324,0.0169491525423728,,0.0027118644067796,-0.0628926553672316,-0.03898305084745763,,-0.001296961707737,,632.0,698.0,0.3076923076923077,-0.0027192386131883,-0.0002107640369171,-8.661644082406071e-05
2021-06-10,595.0,600.0,589.0,600.0,5800.0,600.0,595.6,597.2,587.4,626.4666666666667,631.035,False,False,False,False,False,False,False,False,False,False,False,0.08833333333333333,-0.008333333333333333,-0.025,,0.021,-0.0441111111111111,-0.065,,-0.0010216026391401,,636.0,708.0,2.071428571428572,-0.0017024174327545,0.0010168211804338,0.0002753590685968
2021-06-11,598.0,598.0,583.0,593.0,6300.0,593.0,596.0,600.0,586.32,625.7866666666666,631.49,False,False,False,False,False,False,False,False,False,True,False,0.023608768971332208,0.003372681281618887,-0.0505902192242833,,0.0112647554806069,-0.0552894884766722,-0.04047217537942664,,-0.001086632292155,,633.0,709.0,1.0862068965517242,-0.0018419975440031,-0.0001395801112486,-6.50296530149135e-05
2021-06-14,595.0,609.0,595.0,607.0,12400.0,607.0,597.6,601.6,585.72,625.2933333333333,631.515,False,False,False,False,False,False,False,False,False,False,False,-0.018121911037891267,-0.026359143327841845,-0.0741350906095551,,0.0350576606260296,-0.0301372872048324,-0.07907742998352553,,-0.0007889630466767,,623.0,699.0,1.968253968253968,-0.0010243802499488,0.0008176172940543,0.0002976692454782
2021-06-15,610.0,634.0,610.0,632.0,13600.0,632.0,604.4,604.3,586.56,625.3333333333334,631.905,False,False,False,False,False,False,True,True,True,False,False,-0.0189873417721519,-0.07911392405063292,-0.1123417721518987,,0.0718987341772152,0.0105485232067509,-0.12025316455696203,,6.396588486153086e-05,,632.0,696.0,1.096774193548387,0.0014320785597379,0.0024564588096868,0.0008529289315383
2021-06-16,630.0,647.0,630.0,640.0,6600.0,640.0,614.4,607.5,587.64,625.4,632.365,False,False,False,False,False,False,True,True,False,False,False,-0.0546875,-0.0859375,,,0.0818125,0.0228125,-0.146875,,0.0001065984436626,,630.0,681.0,0.4852941176470588,0.0018378599142332,0.0004057813544952,4.263255880109472e-05
2021-06-17,648.0,685.0,629.0,653.0,56500.0,653.0,625.0,610.3,589.6,625.8,632.785,False,False,False,False,False,False,True,True,False,False,False,-0.0888208269525268,-0.0995405819295559,,,0.0970903522205206,0.0416539050535988,-0.15160796324655437,,0.0006391818472355,,628.0,670.0,8.56060606060606,0.0033242876526459,0.0014864277384126,0.0005325834035728
2021-06-18,655.0,655.0,605.0,607.0,19100.0,607.0,627.8,611.9,591.8,625.5866666666667,632.64,False,False,False,False,False,False,True,False,False,False,False,-0.019769357495881382,-0.032948929159802305,,,0.0250411861614498,-0.030620538165843,-0.08896210873146623,,-0.000341013235576,,624.0,675.0,0.3380530973451327,0.0037174721189589,0.000393184466313,-0.0009801950828115
2021-06-21,586.0,599.0,581.0,596.0,7100.0,596.0,625.6,611.6,593.4,625.0933333333334,632.485,False,False,False,False,False,False,True,False,False,True,False,-0.008389261744966443,-0.01174496644295302,,,0.0043624161073825,-0.0488143176733781,-0.09228187919463088,,-0.0007892154771554,,624.0,666.0,0.3717277486910995,0.0026963262554769,-0.001021145863482,-0.0004482022415793
2021-06-22,603.0,676.0,603.0,620.0,65800.0,620.0,623.2,613.8,595.6,624.7466666666667,632.49,False,False,False,False,False,False,True,False,False,False,True,-0.06129032258064516,-0.03225806451612903,,,0.0393548387096773,-0.0076559139784946,-0.12419354838709677,,-0.0005548915827215,,616.0,644.0,9.267605633802816,0.003693754197448,0.000997427941971,0.0002343238944338
2021-06-23,616.0,619.0,598.0,605.0,15800.0,605.0,616.2,615.3,597.2,624.4533333333334,632.44,False,False,False,False,False,False,True,False,False,True,False,-0.03305785123966942,-0.008264462809917356,,,0.012892561983471,-0.0321542699724518,-0.12396694214876033,,-0.0004697442029294,,626.0,665.0,0.2401215805471124,0.0026791694574682,-0.0010145847399798,8.514737979213854e-05
2021-06-24,595.0,610.0,595.0,595.0,6400.0,595.0,604.6,614.8,598.56,623.96,632.3,False,False,False,False,False,False,True,False,False,True,False,-0.011764705882352941,-0.01680672268907563,,,-0.0059831932773108,-0.048672268907563,-0.10756302521008404,,-0.0007906489732247,,619.0,670.0,0.4050632911392405,0.0022721197540762,-0.0004070497033919,-0.0003209047702953
2021-06-25,605.0,605.0,589.0,595.0,12300.0,595.0,602.2,615.0,599.72,623.7333333333333,632.175,False,False,False,False,False,False,True,False,False,True,False,-0.013445378151260505,-0.05378151260504202,,,-0.0079327731092437,-0.0482913165266106,-0.12100840336134454,,-0.0003634031637452,,619.0,654.0,1.921875,0.0019342359767893,-0.0003378837772869,0.0004272458094795
2021-06-28,605.0,605.0,591.0,591.0,6000.0,591.0,601.2,613.4,600.72,623.2266666666667,632.245,False,False,False,False,False,False,True,False,False,True,False,-0.00338409475465313,-0.049069373942470386,,,-0.0164467005076142,-0.0545290468133108,-0.09983079526226735,,-0.0008129733430319,,629.0,666.0,0.4878048780487805,0.0016646690637901,-0.0002695669129991,-0.0004495701792867
2021-06-29,593.0,593.0,580.0,582.0,6900.0,582.0,593.6,608.4,601.0,622.0266666666666,632.105,False,False,False,False,False,False,True,False,False,True,False,0.030927835051546393,-0.03608247422680412,,,-0.0326460481099656,-0.0687743413516609,-0.10309278350515463,,-0.0019291777415759,,635.0,656.0,1.15,0.0004658901830282,-0.0011987788807618,-0.001116204398544
2021-06-30,586.0,591.0,585.0,585.0,2300.0,585.0,589.6,602.9,602.0,620.52,631.97,False,False,False,False,False,False,True,False,True,False,False,0.02564102564102564,-0.03076923076923077,,,-0.029059829059829,-0.0607179487179486,-0.1076923076923077,,-0.0024280710801693,,630.0,661.0,0.3333333333333333,0.0016611295681063,0.001195239385078,-0.0004988933385933
2021-07-01,585.0,588.0,580.0,588.0,3100.0,588.0,588.2,596.4,602.44,618.92,631.87,False,False,False,False,False,False,True,False,False,True,False,-0.00510204081632653,-0.04591836734693878,,,-0.0245578231292517,-0.0525850340136053,,,-0.002585148322885,,625.0,643.0,1.3478260869565215,0.0007303631896953,-0.0009307663784109,-0.0001570772427157
2021-07-02,585.0,589.0,583.0,587.0,3600.0,587.0,586.6,594.4,603.32,617.2933333333333,631.8,False,False,False,False,False,False,True,False,True,False,False,-0.04088586030664395,-0.030664395229982964,,,-0.0278023850085179,-0.0516070414537194,,,-0.0026351599455688,,620.0,643.0,1.1612903225806452,0.0014585957700722,0.0007282325803769,-5.001162268376304e-05
2021-07-05,589.0,590.0,588.0,589.0,900.0,589.0,586.2,593.7,603.24,615.8266666666667,631.89,False,False,False,False,False,False,False,False,False,True,False,-0.04584040747028863,-0.050933786078098474,,,-0.024176570458404,-0.0455461233729485,,,-0.0023816225344792,,622.0,639.0,0.25,-0.0001326172004509,-0.0015912129705232,0.0002535374110895
2021-07-06,591.0,600.0,591.0,600.0,3800.0,600.0,589.8,591.7,603.04,614.5466666666666,631.665,False,False,False,False,False,False,False,False,False,True,False,-0.065,-0.07333333333333333,,,-0.0050666666666666,-0.0242444444444443,,,-0.0020828361285284,,611.0,647.0,4.222222222222222,-0.0003316529583444,-0.0001990357578934,0.0002987864059507
2021-07-07,605.0,605.0,594.0,600.0,2100.0,600.0,592.8,591.2,602.72,613.4666666666667,631.545,False,False,False,False,False,False,False,False,False,True,False,-0.055,-0.09,,,-0.0045333333333333,-0.0224444444444444,,,-0.0017604868506845,,613.0,632.0,0.5526315789473685,-0.0005309264666842,-0.0001992735083397,0.0003223492778439
2021-07-08,590.0,597.0,575.0,585.0,10600.0,585.0,592.2,590.2,601.12,612.3333333333334,631.48,False,False,False,False,False,False,False,False,False,True,False,-0.041025641025641026,-0.05299145299145299,,,-0.0275555555555555,-0.0467236467236467,,,-0.0018508437670114,,604.0,636.0,5.047619047619048,-0.0026616981634283,-0.002130771696744,-9.03569163269041e-05
2021-07-09,577.0,577.0,553.0,563.0,14200.0,563.0,587.4,587.0,600.0,610.84,631.33,False,False,False,False,False,False,False,False,False,False,False,0.010657193605683837,-0.017761989342806393,,,-0.0657193605683836,-0.0849733570159858,,,-0.0024447209307401,,552.0,633.0,1.339622641509434,-0.0018666666666666,0.0007950314967616,-0.0005938771637287
2021-07-12,563.0,580.0,560.0,562.0,5900.0,562.0,582.0,584.1,598.52,609.4533333333334,631.015,False,False,False,False,False,False,False,False,False,True,False,-0.005338078291814947,-0.037366548042704624,,,-0.0649822064056939,-0.0844365361803085,,,-0.0022752630772932,,556.0,623.0,0.4154929577464789,-0.0024727661565194,-0.0006060994898527,0.0001694578534468
2021-07-13,562.0,562.0,561.0,561.0,500.0,561.0,574.2,582.0,597.04,608.3466666666667,630.635,False,False,False,False,False,False,False,False,False,True,False,-0.008912655971479501,-0.03208556149732621,,,-0.0642424242424241,-0.0843969102792632,,,-0.0018191382106693,,565.0,632.0,0.0847457627118644,-0.0024788958863728,-6.129729853357989e-06,0.0004561248666239
2021-07-14,555.0,569.0,554.0,567.0,3500.0,567.0,567.6,580.2,596.12,607.04,630.355,False,False,False,False,False,False,False,False,False,False,False,-0.037037037037037035,-0.06525573192239859,,,-0.051358024691358,-0.0706172839506172,,,-0.0021525215252153,,565.0,630.0,7.0,-0.0015433134268267,0.000935582459546,-0.0003333833145459
2021-07-15,564.0,564.0,561.0,561.0,1700.0,561.0,562.8,577.5,594.56,605.5866666666667,630.085,False,False,False,False,False,False,False,False,False,True,False,-0.012477718360071301,-0.053475935828877004,,,-0.0598217468805703,-0.0794771241830065,,,-0.002399876703582,,561.0,628.0,0.4857142857142857,-0.0026237890204521,-0.0010804755936254,-0.0002473551783667
2021-07-16,568.0,580.0,555.0,569.0,8500.0,569.0,564.0,575.7,593.6,604.4533333333334,629.87,False,False,False,False,False,False,False,False,False,False,False,-0.028119507908611598,-0.08084358523725835,,,-0.0432337434094903,-0.0623081429408319,,,-0.001874972426876,,566.0,624.0,5.0,-0.0016172506738543,0.0010065383465978,0.000524904276706
2021-07-19,559.0,569.0,555.0,559.0,3900.0,559.0,563.4,572.7,591.68,603.0266666666666,629.105,False,False,False,False,False,False,False,False,False,True,False,-0.03220035778175313,-0.04830053667262969,,,-0.0584615384615383,-0.0787596899224805,,,-0.0023658434121211,,566.0,624.0,0.4588235294117647,-0.0032449972958357,-0.0016277466219813,-0.0004908709852451
2021-07-20,565.0,565.0,553.0,556.0,1100.0,556.0,562.4,568.3,588.64,601.6933333333334,628.415,False,False,False,False,False,False,False,False,False,True,False,-0.023381294964028777,-0.06115107913669065,,,-0.058705035971223,-0.0821822541966427,,,-0.0022159682673342,,575.0,616.0,0.282051282051282,-0.0051644468605598,-0.0019194495647241,0.0001498751447869
2021-07-21,560.0,560.0,545.0,546.0,2700.0,546.0,558.2,562.9,584.88,600.16,627.805,False,False,False,False,False,False,False,False,False,True,False,-0.029304029304029304,-0.04395604395604396,,,-0.0712087912087912,-0.0991941391941391,,,-0.0025548742557541,,560.0,626.0,2.4545454545454546,-0.0064286691287101,-0.0012642222681502,-0.0003389059884198
2021-07-26,556.0,556.0,546.0,554.0,3600.0,554.0,556.8,559.8,580.92,598.9733333333334,627.29,False,False,False,False,False,False,False,False,False,True,False,-0.04151624548736462,,,,-0.0485920577617327,-0.081179302045728,,,-0.0019811677759721,,577.0,619.0,1.3333333333333333,-0.0068167733939269,-0.0003881042652167,0.000573706479782
2021-07-27,556.0,556.0,550.0,553.0,1000.0,553.0,553.6,558.8,578.76,597.7733333333333,626.61,False,False,False,False,False,False,False,False,False,False,False,-0.054249547920433995,,,,-0.0465822784810126,-0.0809644364074743,,,-0.0020074498695158,,565.0,619.0,0.2777777777777778,-0.003732116939664,0.0030846564542628,-2.6282093543709105e-05
2021-07-28,548.0,548.0,541.0,541.0,2300.0,541.0,550.0,556.7,576.56,596.4666666666667,625.845,False,False,False,False,False,False,False,False,False,True,False,-0.0166358595194085,,,,-0.0657301293900183,-0.1025261860751695,,,-0.0021906784397003,,591.0,629.0,2.3,-0.0038157347023727,-8.36177627087176e-05,-0.0001832285701845
2021-07-29,545.0,545.0,541.0,543.0,1100.0,543.0,547.4,554.9,573.48,595.08,625.155,False,False,False,False,False,False,False,False,False,True,False,-0.03867403314917127,,,,-0.0561325966850829,-0.0959116022099448,,,-0.0023302189061414,,605.0,635.0,0.4782608695652174,-0.0053707191183649,-0.0015549844159921,-0.000139540466441
2021-07-30,547.0,547.0,526.0,530.0,2900.0,530.0,544.2,551.2,570.48,593.72,624.595,False,False,False,False,False,False,False,False,False,False,False,-0.01509433962264151,,,,-0.076377358490566,-0.1202264150943396,,,-0.0022906420534932,,608.0,630.0,2.636363636363636,-0.0052587294909549,0.0001119896274099,3.957685264820111e-05
2021-08-02,530.0,544.0,524.0,531.0,2200.0,531.0,539.6,548.2,567.92,592.32,623.935,False,False,False,False,False,False,False,False,False,False,False,,,,,-0.0695291902071562,-0.1154802259887006,,,-0.002363587250135,,625.0,625.0,0.7586206896551724,-0.0045076771376251,0.0007510523533298,-7.294519664177148e-05
2021-08-03,536.0,536.0,507.0,523.0,4900.0,523.0,533.6,543.6,565.04,590.8533333333334,623.245,False,False,False,False,False,False,False,False,False,True,False,,,,,-0.0803824091778202,-0.1297386870618228,,,-0.0024822855079659,,591.0,620.0,2.227272727272727,-0.0050969842842984,-0.0005893071466733,-0.0001186982578309
2021-08-04,523.0,533.0,522.0,532.0,1200.0,532.0,531.8,540.9,562.68,589.64,622.605,False,False,False,False,False,False,False,False,True,True,True,,,,,-0.0576691729323307,-0.1083458646616541,,,-0.0020577527530923,,599.0,622.0,0.2448979591836734,-0.0041942134072652,0.0009027708770331,0.0004245327548735
2021-08-05,522.0,532.0,520.0,522.0,1000.0,522.0,527.6,537.5,560.28,588.1733333333333,621.875,False,False,False,False,False,False,False,False,True,True,True,,,,,-0.0733333333333332,-0.1267688378033205,,,-0.0024935959921112,,598.0,611.0,0.8333333333333334,-0.0042835724994645,-8.935909219925844e-05,-0.0004358432390188
2021-08-06,513.0,528.0,513.0,522.0,1800.0,522.0,526.0,535.1,557.76,586.7333333333333,621.085,False,False,False,False,False,False,False,False,True,True,True,,,,,-0.0685057471264367,-0.1240102171136654,,,-0.002454266560618,,590.0,613.0,1.8,-0.0045180722891565,-0.000234499789692,3.9329431493209926e-05
