日付,始値,高値,安値,終値,出来高,終値調整値,5日平均,10日平均,25日平均,75日平均,200日平均,ゴールデンクロス（25日）,ゴールデンクロス_A（25日）,デッドクロス（25日）,ゴールデンクロス（終値）,ゴールデンクロス_A（終値）,デッドクロス（終値）,25日平均上昇場,75日平均上昇場,25日平均急上昇ポイント,25日平均上昇陰りポイント,10日平均急上昇ポイント,5営業日後騰落率,10営業日後騰落率,20営業日後騰落率,40営業日後騰落率,乖離率（25日平均）,乖離率（75日平均）,25営業日後騰落率,75営業日後騰落率,75日平均変動率,75営業日後騰落率（10日平均）,40営業日前株価,60営業日前株価,出来高変化率,25日平均変動率,25日平均変動率差,75日平均変動率差
2000-12-14,850.0,875.0,700.0,765.0,3187.0,765.0,,,,,,False,False,False,False,False,False,False,False,False,False,False,-0.0588235294117647,-0.2026143790849673,,,,,-0.2352941176470588,-0.326797385620915,,,,,1.0,,,
2000-12-15,740.0,765.0,650.0,750.0,249.0,750.0,,,,,,False,False,False,False,False,False,False,False,False,False,False,-0.1,-0.1866666666666666,,,,,-0.0733333333333333,-0.3066666666666666,,,,,0.0781299027298399,,,
2000-12-18,750.0,755.0,715.0,755.0,59.0,755.0,,,,,,False,False,False,False,False,False,False,False,False,False,False,-0.086092715231788,-0.2052980132450331,,,,,-0.1390728476821192,-0.3311258278145695,,,,,0.2369477911646586,,,
2000-12-19,750.0,775.0,735.0,765.0,183.0,765.0,,,,,,False,False,False,False,False,False,False,False,False,False,False,-0.130718954248366,-0.2483660130718954,,,,,-0.1241830065359477,-0.3071895424836601,,,,,3.101694915254237,,,
2000-12-20,765.0,765.0,725.0,750.0,78.0,750.0,757.0,,,,,False,False,False,False,False,False,False,False,False,False,False,-0.1866666666666666,-0.3133333333333333,,,,,-0.1066666666666666,-0.3266666666666666,,,,,0.4262295081967213,,,
2000-12-21,745.0,750.0,720.0,720.0,44.0,720.0,748.0,,,,,False,False,False,False,False,False,False,False,False,False,False,-0.1527777777777778,-0.2916666666666667,,,,,0.0069444444444444,-0.3055555555555556,,,,,0.5641025641025641,,,
2000-12-22,725.0,725.0,675.0,675.0,34.0,675.0,733.0,,,,,False,False,False,False,False,False,False,False,False,False,False,-0.0962962962962963,-0.2518518518518518,,,,,0.1851851851851851,-0.2666666666666666,,,,,0.7727272727272727,,,
2000-12-25,700.0,715.0,690.0,690.0,48.0,690.0,720.0,,,,,False,False,False,False,False,False,False,False,False,False,False,-0.1304347826086956,-0.2971014492753623,,,,,0.0942028985507246,-0.3188405797101449,,,,,1.411764705882353,,,
2000-12-26,700.0,700.0,650.0,665.0,51.0,665.0,700.0,,,,,False,False,False,False,False,False,False,False,False,False,False,-0.1353383458646616,-0.3609022556390977,,,,,0.112781954887218,-0.2706766917293233,,,,,1.0625,,,
2000-12-27,650.0,660.0,595.0,610.0,96.0,610.0,672.0,714.5,,,,False,False,False,False,False,False,False,False,False,False,False,-0.1557377049180328,-0.2540983606557377,,,,,0.3032786885245901,-0.2131147540983606,,-0.2995101469559132,,,1.8823529411764703,,,
2000-12-28,615.0,625.0,600.0,610.0,28.0,610.0,650.0,699.0,,,,False,False,False,False,False,False,False,False,False,False,False,-0.1639344262295081,0.040983606557377,,,,,0.2868852459016393,-0.2540983606557377,,-0.2925608011444921,,,0.2916666666666667,,,
2000-12-29,605.0,615.0,600.0,610.0,34.0,610.0,637.0,685.0,,,,False,False,False,False,False,False,False,False,False,False,False,-0.1721311475409836,-0.0245901639344262,,,,,0.3114754098360656,-0.2704918032786885,,-0.2890510948905109,,,1.2142857142857142,,,
2001-01-04,600.0,615.0,595.0,600.0,26.0,600.0,619.0,669.5,,,,False,False,False,False,False,False,False,False,False,False,False,-0.1916666666666666,0.025,,,,,0.3416666666666667,-0.2416666666666666,,-0.2800597460791635,,,0.7647058823529411,,,
2001-01-05,600.0,600.0,575.0,575.0,23.0,575.0,601.0,650.5,,,,False,False,False,False,False,False,False,False,False,False,False,-0.2608695652173913,-0.008695652173913,,,,,0.3826086956521739,-0.2347826086956521,,-0.2728670253651037,,,0.8846153846153846,,,
2001-01-09,565.0,570.0,500.0,515.0,203.0,515.0,582.0,627.0,,,,False,False,False,False,False,False,False,False,False,False,False,-0.116504854368932,0.058252427184466,,,,,0.4757281553398058,-0.116504854368932,,-0.2535885167464115,,,8.826086956521738,,,
2001-01-10,510.0,520.0,510.0,510.0,49.0,510.0,562.0,606.0,,,,False,False,False,False,False,False,False,False,False,False,False,0.2450980392156862,0.1470588235294117,,,,,0.5490196078431373,-0.1372549019607843,,-0.2376237623762376,,,0.2413793103448276,,,
2001-01-11,510.0,520.0,500.0,505.0,90.0,505.0,541.0,589.0,,,,False,False,False,False,False,False,False,False,False,False,False,0.1782178217821782,0.3762376237623762,,,,,0.5445544554455446,-0.099009900990099,,-0.2224108658743633,,,1.836734693877551,,,
2001-01-12,505.0,505.0,485.0,485.0,18.0,485.0,518.0,568.5,,,,False,False,False,False,False,False,False,False,False,False,False,0.268041237113402,0.3402061855670103,,,,,0.5773195876288659,-0.0721649484536082,,-0.1978891820580474,,,0.2,,,
2001-01-15,480.0,485.0,375.0,425.0,99.0,425.0,488.0,544.5,,,,False,False,False,False,False,False,False,False,False,False,False,0.3411764705882353,0.5764705882352941,,,,,0.7764705882352941,0.0588235294117647,,-0.1689623507805326,,,5.5,,,
2001-01-16,440.0,455.0,435.0,455.0,36.0,455.0,476.0,529.0,,,,False,False,False,False,False,False,False,False,False,False,False,0.1978021978021978,0.4725274725274725,,,,,0.5274725274725275,0.2637362637362637,,-0.1266540642722117,,,0.3636363636363636,,,
2001-01-17,455.0,635.0,450.0,635.0,233.0,635.0,501.0,531.5,,,,False,False,False,False,False,False,False,False,False,False,True,-0.0787401574803149,0.1417322834645669,,,,,0.0236220472440944,-0.1102362204724409,,-0.1100658513640639,,,6.472222222222222,,,
2001-01-18,630.0,640.0,595.0,595.0,106.0,595.0,519.0,530.0,,,,False,False,False,False,False,False,False,False,False,False,False,0.1680672268907563,0.3445378151260504,,,,,0.1596638655462184,-0.1092436974789916,,-0.0915094339622641,,,0.4549356223175965,,,
2001-01-19,610.0,625.0,595.0,615.0,71.0,615.0,545.0,531.5,,,,False,False,False,False,False,False,False,False,False,False,True,0.056910569105691,0.2276422764227642,,,,,0.1300813008130081,-0.08130081300813,,-0.0733772342427093,,,0.6698113207547169,,,
2001-01-22,620.0,620.0,570.0,570.0,41.0,570.0,574.0,531.0,,,,False,False,False,False,False,False,False,False,False,False,False,0.175438596491228,0.2982456140350877,,,,,0.2017543859649122,-0.0614035087719298,,-0.0546139359698681,,,0.5774647887323944,,,
2001-01-23,565.0,570.0,540.0,545.0,22.0,545.0,592.0,534.0,615.8,,,False,False,False,False,False,False,False,False,False,False,True,0.2293577981651376,0.4587155963302752,,,-0.1299082568807338,,0.146788990825688,-0.0091743119266055,,-0.0440074906367041,,,0.5365853658536586,,,
2001-01-24,550.0,585.0,535.0,585.0,63.0,585.0,582.0,541.5,608.6,,,False,False,False,False,False,False,False,False,False,False,False,0.2393162393162393,0.3418803418803419,,,-0.0403418803418803,,0.0427350427350427,-0.1196581196581196,,-0.0433979686057248,,,2.863636363636364,-0.0118304304962207,,
2001-01-25,595.0,710.0,585.0,695.0,425.0,695.0,602.0,560.5,606.4,,,False,False,False,False,False,False,False,False,False,False,False,0.1510791366906475,0.1510791366906475,,,0.1274820143884892,,-0.1223021582733813,-0.2805755395683453,,-0.0677966101694915,,,6.746031746031746,-0.0036279683377309,0.0082024621584897,
2001-01-26,695.0,695.0,650.0,650.0,79.0,650.0,609.0,577.0,602.2,,,False,False,False,False,False,False,False,False,False,True,False,0.1615384615384615,0.2384615384615384,,,0.0735384615384614,,-0.0923076923076923,-0.3461538461538461,,-0.0987868284228769,,,0.1858823529411764,-0.0069744271006309,-0.0033464587628999,
2001-01-29,670.0,730.0,665.0,670.0,151.0,670.0,629.0,601.5,598.4,,,False,False,False,False,False,False,False,False,False,False,False,0.1044776119402985,0.1865671641791045,,,0.106865671641791,,-0.1119402985074626,-0.4253731343283582,,-0.1463009143807148,,,1.9113924050632911,-0.0063502673796792,0.0006241597209516,
2001-01-30,680.0,690.0,635.0,670.0,90.0,670.0,654.0,623.0,595.2,,,False,False,False,False,False,False,False,False,False,False,False,0.1865671641791045,0.1343283582089552,,,0.111641791044776,,-0.0373134328358208,-0.3880597014925373,,-0.2022471910112359,,,0.5960264900662252,-0.0053763440860213,0.0009739232936578,
2001-01-31,660.0,740.0,620.0,725.0,447.0,725.0,682.0,632.0,595.4,,,False,False,False,False,False,False,True,False,False,False,False,0.0827586206896551,0.0896551724137931,,,0.1787586206896552,,-0.1034482758620689,-0.4551724137931034,,-0.240506329113924,,,4.966666666666667,0.0003359086328517,0.0057122527188731,
2001-02-01,715.0,850.0,700.0,800.0,660.0,800.0,703.0,652.5,600.4,,,False,False,False,False,False,False,True,False,True,False,False,0.0,-0.025,,,0.2495,,-0.25,-0.5125,,-0.285823754789272,,,1.476510067114094,0.0083277814790139,0.0079918728461622,
2001-02-02,800.0,840.0,750.0,755.0,346.0,755.0,724.0,666.5,603.0,,,False,False,False,False,False,False,True,False,False,True,False,0.0662251655629139,0.0132450331125827,,,0.2013245033112582,,-0.2450331125827814,-0.4966887417218543,,-0.3285821455363841,,,0.5242424242424243,0.0043117744610282,-0.0040160070179857,
2001-02-05,735.0,775.0,725.0,740.0,164.0,740.0,738.0,683.5,606.0,,,False,False,False,False,False,False,True,False,False,False,False,0.0743243243243243,0.0202702702702702,,,0.1810810810810811,,-0.277027027027027,-0.4864864864864865,,-0.367959034381858,,,0.4739884393063583,0.0049504950495049,0.0006387205884767,
2001-02-06,745.0,810.0,740.0,795.0,380.0,795.0,763.0,708.5,613.4,,,False,False,False,False,False,False,True,False,False,False,False,-0.0440251572327044,-0.1257861635220125,,,0.2284276729559748,,-0.3333333333333333,-0.5345911949685535,,-0.4142554693013409,,,2.317073170731707,0.0120639060971633,0.0071134110476583,
2001-02-07,800.0,815.0,760.0,785.0,186.0,785.0,775.0,728.5,620.4,,,False,False,False,False,False,False,True,False,False,True,False,0.0063694267515923,-0.1719745222929936,,,0.2096815286624204,,-0.375796178343949,-0.5318471337579618,,-0.4505833905284832,,,0.4894736842105263,0.0112830431979368,-0.0007808628992264,
2001-02-08,785.0,810.0,765.0,800.0,372.0,800.0,775.0,739.0,628.0,,,False,False,False,False,False,False,True,False,False,False,False,-0.025,-0.1375,,,0.215,,-0.3125,-0.5375,,-0.4759810554803789,,,2.0,0.0121019108280255,0.0008188676300886,
2001-02-09,800.0,810.0,775.0,805.0,107.0,805.0,785.0,754.5,636.2,,,False,False,False,False,False,False,True,False,False,False,False,-0.0496894409937888,-0.1366459627329192,,,0.2096894409937887,,-0.3354037267080745,-0.5403726708074534,,-0.4940357852882703,,,0.2876344086021505,0.0128890286073562,0.0007871177793307,
2001-02-13,800.0,820.0,780.0,795.0,149.0,795.0,796.0,767.0,645.0,,,False,False,False,False,False,False,True,False,False,False,False,-0.050314465408805,-0.1383647798742138,,,0.1886792452830188,,-0.3081761006289308,-0.5377358490566038,,-0.5045632333767927,,,1.3925233644859814,0.0136434108527131,0.0007543822453568,
2001-02-14,780.0,780.0,755.0,760.0,90.0,760.0,789.0,776.0,654.8,,,False,False,False,False,False,False,True,False,False,False,False,-0.0855263157894736,-0.1776315789473684,,,0.138421052631579,,-0.2894736842105263,-0.5230263157894737,,-0.5164304123711341,,,0.6040268456375839,0.0149664019547952,0.0013229911020821,
2001-02-15,760.0,800.0,760.0,790.0,134.0,790.0,790.0,782.5,666.0,,,False,False,False,False,False,False,True,False,False,False,False,-0.1772151898734177,-0.2278481012658227,,,0.1569620253164557,,-0.2848101265822785,-0.5379746835443038,,-0.5242811501597444,765.0,,1.488888888888889,0.0168168168168168,0.0018504148620215,
2001-02-16,805.0,825.0,750.0,780.0,240.0,780.0,786.0,780.5,677.0,,,False,False,False,False,False,False,True,False,False,True,False,-0.1153846153846153,-0.2179487179487179,,,0.132051282051282,,-0.2435897435897435,-0.5352564102564102,,-0.5265855221012171,750.0,,1.791044776119403,0.0162481536189069,-0.0005686631979099,
2001-02-19,775.0,775.0,740.0,765.0,71.0,765.0,778.0,781.5,688.2,,,False,False,False,False,False,False,True,False,False,False,False,-0.0915032679738562,-0.2287581699346405,,,0.100392156862745,,-0.2810457516339869,-0.4836601307189542,,-0.5252719129878439,755.0,,0.2958333333333333,0.016274338854984,2.618523607714196e-05,
2001-02-20,765.0,770.0,750.0,755.0,93.0,755.0,770.0,783.0,701.4,,,False,False,False,False,False,False,True,False,False,False,False,-0.0927152317880794,-0.2119205298013245,,,0.0709933774834437,,-0.2847682119205298,-0.4933774834437086,,-0.5258620689655172,765.0,,1.3098591549295775,0.0188195038494438,0.0025451649944597,
2001-02-21,750.0,750.0,690.0,695.0,82.0,695.0,757.0,773.0,711.0,,,False,False,False,False,False,False,True,False,False,True,False,-0.1007194244604316,-0.0719424460431654,,,-0.0230215827338129,,-0.2517985611510791,-0.4784172661870504,,-0.5206985769728332,750.0,,0.8817204301075269,0.0135021097046413,-0.0053173941448024,
2001-02-22,690.0,695.0,640.0,650.0,81.0,650.0,729.0,759.5,711.6,,,False,False,False,False,False,False,True,False,False,True,False,-0.0615384615384615,0.0,,,-0.0947692307692308,,-0.2153846153846154,-0.4423076923076923,,-0.5128373930217248,720.0,,0.9878048780487804,0.0008431703204047,-0.0126589393842366,
2001-02-23,650.0,705.0,650.0,690.0,71.0,690.0,711.0,748.5,715.4,,,False,False,False,False,False,False,True,False,True,False,False,-0.1159420289855072,-0.1304347826086956,,,-0.0368115942028985,,-0.2753623188405797,-0.4673913043478261,,-0.5060120240480962,675.0,,0.8765432098765432,0.0053117137265864,0.0044685434061817,
2001-02-26,710.0,720.0,690.0,695.0,54.0,695.0,697.0,737.5,718.6,,,False,False,False,False,False,False,True,False,False,True,False,-0.1510791366906475,-0.1798561151079136,,,-0.0339568345323741,,-0.2733812949640288,-0.4820143884892086,,-0.5,690.0,,0.7605633802816901,0.0044531032563318,-0.0008586104702546,
2001-02-27,700.0,700.0,675.0,685.0,18.0,685.0,683.0,726.5,723.2,,,False,False,False,False,False,False,True,False,False,False,False,-0.1313868613138686,-0.218978102189781,,,-0.0557664233576643,,-0.2846715328467153,-0.4890510948905109,,-0.4948382656572608,665.0,,0.3333333333333333,0.0063606194690265,0.0019075162126947,
2001-02-28,675.0,675.0,605.0,625.0,104.0,625.0,669.0,713.0,726.4,,,False,False,False,False,False,False,True,False,False,True,False,0.032,-0.152,,,-0.1622399999999999,,-0.184,-0.464,,-0.4891304347826087,610.0,,5.777777777777778,0.0044052863436122,-0.0019553331254143,
2001-03-01,615.0,625.0,600.0,610.0,45.0,610.0,661.0,695.0,727.4,,,False,False,False,False,False,False,True,False,False,True,False,0.0655737704918032,-0.1967213114754098,,,-0.1924590163934426,,-0.1557377049180328,-0.4754098360655737,,-0.4823741007194244,610.0,,0.4326923076923077,0.001374759417102,-0.0030305269265102,
2001-03-02,590.0,615.0,590.0,610.0,31.0,610.0,645.0,678.0,724.0,,,False,False,False,False,False,False,False,False,False,True,False,-0.0163934426229508,-0.0983606557377049,,,-0.1868852459016393,,-0.1475409836065573,-0.4139344262295082,,-0.4701327433628318,610.0,,0.6888888888888889,-0.004696132596685,-0.006070892013787,
2001-03-05,595.0,600.0,570.0,590.0,30.0,590.0,624.0,660.5,721.6,,,False,False,False,False,False,False,False,False,False,False,False,-0.0338983050847457,-0.0932203389830508,,,-0.2230508474576271,,-0.1440677966101695,-0.3983050847457627,,-0.4621498864496594,600.0,,0.967741935483871,-0.0033259423503325,0.0013701902463524,
2001-03-06,590.0,600.0,590.0,595.0,39.0,595.0,606.0,644.5,718.6,,,False,False,False,False,False,False,False,False,False,True,False,-0.1008403361344537,-0.0756302521008403,,,-0.2077310924369748,,-0.1092436974789916,-0.4117647058823529,,-0.4538401861908456,575.0,,1.3,-0.004174784302811,-0.0008488419524784,
2001-03-07,600.0,665.0,600.0,645.0,77.0,645.0,610.0,639.5,717.6,,,False,False,False,False,False,False,False,False,False,False,False,-0.1782945736434108,-0.1627906976744186,,,-0.1125581395348837,,-0.2170542635658914,-0.4806201550387597,,-0.4538702111024237,515.0,,1.9743589743589745,-0.0013935340022296,0.0027812503005813,
2001-03-08,640.0,670.0,640.0,650.0,32.0,650.0,618.0,639.5,714.6,,,False,False,False,False,False,False,False,False,False,True,False,-0.2461538461538461,-0.1307692307692307,,,-0.0993846153846154,,-0.2307692307692307,-0.5,,-0.4597341673182173,510.0,,0.4155844155844156,-0.0041981528127623,-0.0028046188105327,
2001-03-09,625.0,635.0,600.0,600.0,41.0,600.0,616.0,630.5,706.6,,,False,False,False,False,False,False,False,False,False,True,False,-0.0833333333333333,-0.0166666666666666,,,-0.1776666666666667,,-0.175,-0.4666666666666667,,-0.4595559080095162,505.0,,1.28125,-0.0113218228134729,-0.0071236700007105,
2001-03-12,590.0,590.0,555.0,570.0,18.0,570.0,612.0,618.0,699.2,,,False,False,False,False,False,False,False,False,False,False,False,-0.0614035087719298,-0.0350877192982456,,,-0.2266666666666667,,-0.175438596491228,-0.4342105263157895,,-0.4546925566343042,485.0,,0.4390243902439024,-0.0105835240274599,0.000738298786013,
2001-03-13,565.0,565.0,515.0,535.0,32.0,535.0,600.0,603.0,691.0,,,False,False,False,False,False,False,False,False,False,True,False,0.02803738317757,0.0093457943925233,,,-0.2915887850467289,,-0.0934579439252336,-0.397196261682243,,-0.4456882255389718,425.0,,1.7777777777777777,-0.0118668596237337,-0.0012833355962738,
2001-03-14,535.0,550.0,520.0,530.0,36.0,530.0,577.0,593.5,680.4,,,False,False,False,False,False,False,False,False,False,True,False,0.0188679245283018,-0.0188679245283018,,,-0.2837735849056603,,-0.0943396226415094,-0.3962264150943396,,-0.4393428812131423,455.0,,1.125,-0.0155790711346267,-0.0037122115108929,
2001-03-15,505.0,525.0,405.0,490.0,68.0,490.0,545.0,581.5,668.6,,,False,False,False,False,False,False,False,False,False,True,False,0.1530612244897959,0.0408163265306122,,,-0.3644897959183674,,-0.0714285714285714,-0.3724489795918367,,-0.4299226139294927,635.0,765.0,1.8888888888888888,-0.0176488184265629,-0.0020697472919361,
2001-03-16,500.0,560.0,500.0,550.0,72.0,550.0,535.0,575.5,658.6,,,False,False,False,False,False,False,False,False,False,False,False,0.0727272727272727,-0.0909090909090909,,,-0.1974545454545455,,-0.1909090909090909,-0.4636363636363636,,-0.4348392701998262,595.0,750.0,1.0588235294117647,-0.0151837230488915,0.0024650953776713,
2001-03-19,540.0,560.0,510.0,535.0,50.0,535.0,528.0,570.0,647.8,,,False,False,False,False,False,False,False,False,False,True,False,0.02803738317757,-0.0560747663551401,,,-0.210841121495327,,-0.1495327102803738,-0.4813084112149532,,-0.4429824561403508,615.0,755.0,0.6944444444444444,-0.0166718122877432,-0.0014880892388516,
2001-03-21,530.0,550.0,520.0,550.0,26.0,550.0,531.0,565.5,638.0,,,False,False,False,False,False,False,False,False,False,False,False,-0.0181818181818181,-0.109090909090909,,,-0.16,,-0.2,-0.55,,-0.4566755083996463,570.0,765.0,0.52,-0.015360501567398,0.0013113107203451,
2001-03-22,550.0,550.0,535.0,540.0,13.0,540.0,533.0,555.0,629.2,,,False,False,False,False,False,False,False,False,False,False,False,-0.037037037037037,-0.0555555555555555,,,-0.1651851851851852,,-0.1574074074074074,-0.5416666666666666,,-0.4621621621621621,545.0,750.0,0.5,-0.0139860139860139,0.0013744875813841,
2001-03-23,540.0,565.0,535.0,565.0,23.0,565.0,548.0,546.5,620.2,,,False,False,False,False,False,False,False,False,False,True,False,-0.0973451327433628,-0.0884955752212389,,,-0.0976991150442478,,-0.2212389380530973,-0.5619469026548672,,-0.4679780420860018,585.0,720.0,1.7692307692307692,-0.0145114479200257,-0.0005254339340118,
2001-03-26,590.0,615.0,590.0,590.0,77.0,590.0,556.0,545.5,612.6,,,False,False,False,False,False,False,False,False,False,False,False,-0.1525423728813559,-0.1186440677966101,,,-0.0383050847457627,,-0.2288135593220339,-0.559322033898305,,-0.4780018331805682,695.0,675.0,3.347826086956522,-0.0124061377734247,0.002105310146601,
2001-03-27,590.0,590.0,550.0,550.0,22.0,550.0,559.0,543.5,604.0,,,False,False,False,False,False,False,False,False,False,True,False,-0.0818181818181818,-0.0818181818181818,,,-0.0981818181818181,,-0.1818181818181818,-0.5136363636363637,,-0.4862005519779209,650.0,690.0,0.2857142857142857,-0.0142384105960265,-0.0018322728226017,
2001-03-28,550.0,565.0,525.0,540.0,37.0,540.0,557.0,544.0,595.4,,,False,False,False,False,False,False,False,False,False,True,False,-0.0925925925925925,-0.0185185185185185,,,-0.1025925925925925,,-0.1666666666666666,-0.5138888888888888,,-0.4977022058823529,670.0,665.0,1.681818181818182,-0.0144440712126302,-0.0002056606166036,
2001-03-29,530.0,530.0,510.0,520.0,14.0,520.0,553.0,543.0,588.4,,,False,False,False,False,False,False,False,False,False,False,False,-0.0192307692307692,-0.0288461538461538,,,-0.1315384615384615,,0.1057692307692307,-0.5192307692307693,,-0.5096685082872928,670.0,610.0,0.3783783783783784,-0.0118966689326988,0.0025474022799313,
2001-03-30,515.0,520.0,510.0,510.0,6.0,510.0,542.0,545.0,582.8,,,False,False,False,False,False,False,False,False,False,False,True,0.0098039215686274,-0.0196078431372549,,,-0.1427450980392156,,0.1078431372549019,-0.5098039215686274,,-0.5220183486238532,725.0,610.0,0.4285714285714285,-0.0096087851750171,0.0022878837576816,
2001-04-02,520.0,525.0,495.0,500.0,61.0,500.0,524.0,540.0,575.2,,,False,False,False,False,False,False,False,False,False,True,False,0.04,-0.01,,,-0.1504000000000001,,0.06,-0.505,,-0.5263888888888889,800.0,610.0,10.166666666666666,-0.0132127955493739,-0.0036040103743567,
2001-04-03,500.0,510.0,500.0,505.0,19.0,505.0,515.0,537.0,567.6,,,False,False,False,False,False,False,False,False,False,True,False,0.0,-0.0693069306930693,,,-0.123960396039604,,0.1188118811881188,-0.5198019801980198,,-0.5302607076350093,755.0,600.0,0.3114754098360656,-0.0133897110641297,-0.0001769155147557,
2001-04-04,500.0,505.0,490.0,490.0,25.0,490.0,505.0,531.0,559.8,,,False,False,False,False,False,False,False,False,False,True,False,0.0816326530612244,-0.010204081632653,,,-0.1424489795918366,,0.0918367346938775,-0.5255102040816326,,-0.5277777777777778,740.0,575.0,1.3157894736842106,-0.0139335476956056,-0.0005438366314759,
2001-04-05,495.0,515.0,495.0,510.0,44.0,510.0,503.0,528.0,555.2,632.4666666666667,,False,False,False,False,False,False,False,False,False,False,False,-0.0098039215686274,-0.0588235294117647,,,-0.0886274509803922,-0.2401307189542484,0.0588235294117647,-0.5343137254901961,,-0.5269886363636364,795.0,515.0,1.76,-0.0082853025936597,0.0056482451019459,
2001-04-06,525.0,545.0,515.0,515.0,61.0,515.0,504.0,523.0,551.4,629.1333333333333,,False,False,False,False,False,False,False,False,False,False,False,-0.029126213592233,-0.116504854368932,,,-0.0706796116504853,-0.2216181229773462,0.0,-0.5533980582524272,,-0.5258126195028681,785.0,510.0,1.3863636363636365,-0.0068915487849112,0.0013937538087485,
2001-04-09,520.0,520.0,510.0,520.0,17.0,520.0,508.0,516.0,547.8,626.0666666666667,,False,False,False,False,False,False,False,False,False,False,False,-0.048076923076923,-0.1442307692307692,,,-0.0534615384615383,-0.2039743589743591,-0.0384615384615384,-0.5769230769230769,-0.004898306889575,-0.5271317829457365,800.0,505.0,0.2786885245901639,-0.0065717415115005,0.0003198072734106,0.0003999870597733
2001-04-10,515.0,515.0,505.0,505.0,14.0,505.0,508.0,511.5,544.4,622.7333333333333,,False,False,False,False,False,False,False,False,False,False,False,-0.0693069306930693,-0.099009900990099,,,-0.0780198019801979,-0.2331353135313531,-0.1584158415841584,-0.594059405940594,-0.0053527459586768,-0.5351906158357771,805.0,485.0,0.8235294117647058,-0.0062454077883908,0.0003263337231097,-0.0004544390691018
2001-04-11,515.0,530.0,510.0,530.0,39.0,530.0,516.0,510.5,541.8,619.6,,False,False,False,False,False,False,False,False,False,False,False,-0.0849056603773584,-0.1698113207547169,,,-0.0222641509433961,-0.1690566037735849,-0.2735849056603773,-0.6415094339622641,-0.0050570260383042,-0.5484818805093046,795.0,425.0,2.7857142857142856,-0.0047988187523071,0.0014465890360836,0.0002957199203725
2001-04-12,520.0,520.0,505.0,505.0,34.0,505.0,515.0,509.0,536.2,616.3333333333334,,False,False,False,False,False,False,False,False,False,True,False,-0.0495049504950495,-0.099009900990099,,,-0.0617821782178218,-0.2204620462046205,-0.1881188118811881,-0.6138613861386139,-0.0053001622498647,-0.5579567779960707,760.0,455.0,0.8717948717948718,-0.0104438642297648,-0.0056450454774576,-0.0002431362115604
2001-04-13,505.0,505.0,495.0,500.0,28.0,500.0,512.0,508.0,530.2,613.4,,False,False,False,False,False,False,False,False,False,True,False,-0.09,-0.12,,,-0.0604,-0.2267999999999999,-0.21,-0.605,-0.0047820889033801,-0.5674212598425197,790.0,635.0,0.8235294117647058,-0.0113164843455299,-0.0008726201157651,0.0005180733464846
2001-04-16,500.0,500.0,490.0,495.0,8.0,495.0,507.0,507.5,526.0,611.0,,False,False,False,False,False,False,False,False,False,False,False,-0.101010101010101,-0.0808080808080808,,,-0.0626262626262626,-0.2343434343434343,-0.2121212121212121,-0.5909090909090909,-0.0039279869067102,-0.5758620689655173,780.0,595.0,0.2857142857142857,-0.0079847908745248,0.0033316934710051,0.0008541019966698
2001-04-17,490.0,495.0,470.0,470.0,28.0,470.0,500.0,504.0,522.0,608.0666666666667,,False,False,False,False,False,False,False,False,False,False,False,-0.0319148936170212,-0.0425531914893617,,,-0.1106382978723404,-0.2937588652482271,-0.1914893617021276,-0.574468085106383,-0.0048240324525818,-0.5813492063492064,765.0,615.0,3.5,-0.0076628352490421,0.0003219556254826,-0.0008960455458715
2001-04-18,465.0,490.0,465.0,485.0,21.0,485.0,491.0,503.5,520.0,605.6666666666666,,False,False,False,False,False,False,False,False,False,False,False,-0.0927835051546391,-0.0721649484536082,,,-0.0721649484536082,-0.2487972508591064,-0.2164948453608247,-0.5927835051546392,-0.0039625756741883,-0.5878848063555114,755.0,570.0,0.75,-0.0038461538461538,0.0038166814028882,0.0008614567783934
2001-04-19,500.0,505.0,480.0,480.0,49.0,480.0,486.0,500.5,518.0,603.9333333333333,,False,False,False,False,False,False,False,False,False,True,False,-0.0520833333333333,0.1979166666666666,,,-0.0791666666666666,-0.2581944444444443,-0.2291666666666666,-0.6041666666666666,-0.0028700739595982,-0.5949050949050949,695.0,545.0,2.333333333333333,-0.0038610038610038,-1.4850014850014729e-05,0.0010925017145901
2001-04-20,475.0,485.0,455.0,455.0,33.0,455.0,477.0,494.5,516.6,601.8666666666667,,False,False,False,False,False,False,False,False,False,False,False,-0.0329670329670329,0.2417582417582417,,,-0.1353846153846154,-0.3227838827838828,-0.1923076923076923,-0.5934065934065934,-0.0034337616304828,-0.5990899898887766,650.0,585.0,0.673469387755102,-0.0027100271002709,0.0011509767607329,-0.0005636876708846
2001-04-23,450.0,460.0,440.0,445.0,39.0,445.0,467.0,487.0,512.4,599.6666666666666,,False,False,False,False,False,False,False,False,False,True,False,0.0224719101123595,0.1910112359550561,,,-0.1514606741573033,-0.3475655430711609,-0.1685393258426966,-0.6123595505617978,-0.00366870483602,-0.6026694045174538,690.0,695.0,1.181818181818182,-0.0081967213114754,-0.0054866942112045,-0.0002349432055372
2001-04-24,440.0,455.0,440.0,455.0,10.0,455.0,464.0,482.0,509.2,597.7333333333333,,False,False,False,False,False,False,False,False,False,False,False,-0.0109890109890109,0.2417582417582417,,,-0.1191208791208791,-0.3136996336996337,-0.1868131868131868,-0.6428571428571429,-0.0032344412223956,-0.6073651452282157,695.0,650.0,0.2564102564102564,-0.0062843676355066,0.0019123536759688,0.0004342636136244
2001-04-25,450.0,460.0,440.0,440.0,36.0,440.0,455.0,473.0,504.8,595.9333333333333,,False,False,False,False,False,False,False,False,False,True,False,0.0227272727272727,0.2159090909090909,,,-0.1472727272727273,-0.3543939393939392,-0.1647727272727272,-0.6136363636363636,-0.0030204720886006,-0.604122621564482,685.0,670.0,3.6,-0.0087163232963549,-0.0024319556608482,0.0002139691337949
2001-04-26,445.0,455.0,445.0,455.0,16.0,455.0,450.0,468.0,501.4,595.1333333333333,,False,False,False,False,False,False,False,False,False,False,False,0.2637362637362637,0.1868131868131868,,,-0.1019780219780219,-0.307985347985348,-0.2032967032967033,-0.6153846153846154,-0.0013442365856389,-0.6041666666666666,625.0,670.0,0.4444444444444444,-0.0067810131631432,0.0019353101332116,0.0016762355029616
2001-04-27,455.0,455.0,440.0,440.0,19.0,440.0,447.0,462.0,496.4,594.2,,False,False,False,False,False,False,False,False,False,True,False,0.2840909090909091,0.1704545454545454,,,-0.1281818181818181,-0.3504545454545456,-0.1704545454545454,-0.6136363636363636,-0.0015707393694602,-0.604978354978355,610.0,725.0,1.1875,-0.0100725221595487,-0.0032915089964054,-0.0002265027838212
2001-05-01,445.0,455.0,440.0,455.0,37.0,455.0,449.0,458.0,491.0,593.5333333333333,,False,False,False,False,False,False,False,False,False,True,False,0.1648351648351648,0.0989010989010989,,,-0.0791208791208791,-0.3044688644688644,-0.2032967032967033,-0.5494505494505495,-0.0011232168931822,-0.6009825327510917,610.0,800.0,1.947368421052632,-0.0109979633401221,-0.0009254411805734,0.000447522476278
2001-05-02,460.0,460.0,450.0,450.0,32.0,450.0,448.0,456.0,487.0,593.0666666666667,,False,False,False,False,False,False,False,False,False,False,False,0.2555555555555555,-0.0555555555555555,,,-0.0822222222222222,-0.317925925925926,-0.1222222222222222,-0.5888888888888889,-0.0007868705035969,-0.6025219298245614,590.0,755.0,0.8648648648648649,-0.0082135523613963,0.0027844109787258,0.0003363463895852
2001-05-07,455.0,460.0,445.0,450.0,63.0,450.0,450.0,452.5,483.4,593.4,,False,False,False,False,False,False,False,True,False,False,False,0.1888888888888888,-0.1444444444444444,,,-0.0742222222222221,-0.3186666666666666,-0.15,-0.6111111111111112,0.0005617346365575,-0.6044198895027625,595.0,740.0,1.96875,-0.0074472486553579,0.0007663037060383,0.0013486051401545
2001-05-08,455.0,580.0,455.0,575.0,224.0,575.0,474.0,462.0,485.6,595.0,,False,False,False,False,True,False,True,True,True,False,True,-0.0608695652173913,-0.2869565217391304,,,0.1554782608695651,-0.0347826086956521,-0.3695652173913043,-0.7,0.0026890756302521,-0.6163419913419913,645.0,795.0,3.555555555555556,0.0045304777594729,0.0119777264148308,0.0021273409936945
2001-05-09,590.0,650.0,530.0,565.0,263.0,565.0,499.0,473.0,487.8,594.0666666666667,,False,False,False,False,False,False,True,False,False,True,False,-0.0884955752212389,-0.3008849557522124,,,0.1366371681415929,-0.0514454277286136,-0.3584070796460177,-0.6902654867256637,-0.0015710919088765,-0.6273784355179705,650.0,785.0,1.1741071428571428,0.0045100451004509,-2.0432659021929825e-05,-0.0042601675391287
2001-05-10,550.0,550.0,520.0,530.0,43.0,530.0,514.0,481.5,489.0,593.2,,False,False,False,False,False,False,True,False,False,True,False,-0.0566037735849056,-0.2641509433962264,,,0.0773584905660377,-0.119245283018868,-0.3066037735849056,-0.6792452830188679,-0.0014610024724657,-0.6344755970924195,600.0,800.0,0.1634980988593156,0.0024539877300613,-0.0020560573703896,0.0001100894364108
2001-05-11,525.0,575.0,525.0,565.0,85.0,565.0,537.0,492.5,491.4,592.5333333333333,,False,False,False,False,False,False,True,False,False,False,False,-0.247787610619469,-0.3274336283185841,,,0.1302654867256637,-0.0487315634218288,-0.3628318584070796,-0.6371681415929203,-0.0011251125112512,-0.6340101522842639,570.0,805.0,1.976744186046512,0.0048840048840048,0.0024300171539435,0.0003358899612144
2001-05-14,565.0,565.0,535.0,535.0,32.0,535.0,554.0,502.0,493.2,592.0666666666667,,False,False,False,False,False,False,True,False,False,True,False,-0.2803738317757009,-0.2897196261682243,,,0.0781308411214953,-0.1066666666666667,-0.3457943925233644,-0.6355140186915887,-0.0007881995270801,-0.6359561752988048,535.0,795.0,0.3764705882352941,0.0036496350364963,-0.0012343698475084,0.0003369129841711
2001-05-15,535.0,540.0,525.0,540.0,15.0,540.0,547.0,510.5,494.4,592.0,,False,False,False,False,False,False,True,False,False,True,False,-0.2407407407407407,-0.3148148148148148,,,0.0844444444444444,-0.0962962962962963,-0.3796296296296296,-0.6574074074074074,-0.0001126126126127,-0.6400587659157688,530.0,760.0,0.46875,0.0024271844660193,-0.0012224505704769,0.0006755869144674
2001-05-16,535.0,535.0,510.0,515.0,45.0,515.0,537.0,518.0,494.4,591.0666666666667,,False,False,False,False,False,False,False,False,False,True,False,-0.233009708737864,-0.2864077669902912,,,0.04,-0.1477022653721683,-0.3786407766990291,-0.6456310679611651,-0.001579066095195,-0.6428571428571429,490.0,790.0,3.0,0.0,-0.0024271844660193,-0.0014664534825823
2001-05-17,515.0,520.0,490.0,500.0,32.0,500.0,531.0,522.5,493.6,588.4666666666667,,False,False,False,False,False,False,False,False,False,True,False,-0.22,-0.26,,,0.0127999999999999,-0.1769333333333334,-0.285,-0.65,-0.0044182621502209,-0.6516746411483254,550.0,780.0,0.7111111111111111,-0.0016207455429496,-0.0016207455429496,-0.0028391960550259
2001-05-18,400.0,430.0,350.0,425.0,437.0,425.0,503.0,520.0,490.4,585.4666666666667,,False,False,False,False,False,True,False,False,False,True,False,-0.1058823529411764,-0.1294117647058823,,,-0.1538823529411764,-0.3775686274509804,-0.1647058823529411,-0.5823529411764706,-0.0051241175130949,-0.6514423076923077,535.0,765.0,13.65625,-0.0065252854812398,-0.0049045399382902,-0.000705855362874
2001-05-21,425.0,430.0,380.0,385.0,211.0,385.0,473.0,513.5,484.6,581.6666666666666,,False,False,False,False,False,False,False,False,False,True,False,-0.0129870129870129,-0.0454545454545454,,,-0.2587012987012987,-0.5108225108225107,-0.0909090909090909,-0.551948051948052,-0.0065329512893983,-0.6475170399221032,550.0,755.0,0.482837528604119,-0.0119686339248864,-0.0054433484436465,-0.0014088337763034
2001-05-22,380.0,415.0,375.0,410.0,211.0,410.0,447.0,497.0,480.8,578.2,,False,False,False,False,False,False,False,False,False,False,False,-0.0975609756097561,-0.1158536585365853,,,-0.1726829268292683,-0.4102439024390245,-0.1829268292682926,-0.5670731707317073,-0.0059956185864174,-0.6348088531187123,540.0,695.0,1.0,-0.0079034941763727,0.0040651397485136,0.0005373327029809
2001-05-23,405.0,405.0,385.0,395.0,73.0,395.0,423.0,480.0,476.6,573.8,,False,False,False,False,False,False,False,False,False,True,False,-0.0696202531645569,-0.0759493670886076,,,-0.2065822784810127,-0.4526582278481011,-0.1772151898734177,-0.5506329113924051,-0.0076681770651796,-0.6213541666666667,565.0,650.0,0.3459715639810427,-0.0088124213176667,-0.000908927141294,-0.0016725584787621
2001-05-24,392.5,395.0,387.5,390.0,25.0,390.0,401.0,466.0,472.4,568.3333333333334,,False,False,False,False,False,False,False,False,False,True,False,-0.0512820512820512,-0.0705128205128205,,,-0.2112820512820512,-0.4572649572649573,-0.1794871794871795,-0.5512820512820513,-0.0096187683284456,-0.6089055793991416,590.0,690.0,0.3424657534246575,-0.0088907705334463,-7.83492157795454e-05,-0.0019505912632659
2001-05-25,385.0,385.0,377.5,380.0,50.0,380.0,392.0,447.5,468.8,563.3333333333334,,False,False,False,False,False,False,False,False,False,False,False,-0.0263157894736842,0.0394736842105263,,,-0.2336842105263158,-0.4824561403508773,-0.1513157894736842,-0.5526315789473685,-0.0088757396449704,-0.6005586592178771,550.0,695.0,2.0,-0.0076791808873719,0.0012115896460743,0.0007430286834751
2001-05-28,377.5,382.5,375.0,380.0,23.0,380.0,391.0,432.0,464.6,558.5333333333333,,False,False,False,False,False,False,False,False,False,True,False,-0.0328947368421052,0.006578947368421,,,-0.2226315789473684,-0.4698245614035087,-0.1513157894736842,-0.5460526315789473,-0.0085939365003582,-0.5914351851851852,540.0,685.0,0.46,-0.0090400344382264,-0.0013608535508544,0.0002818031446122
2001-05-29,377.5,380.0,370.0,370.0,37.0,370.0,383.0,415.0,460.2,552.8666666666667,,False,False,False,False,False,False,False,False,False,True,False,-0.0202702702702702,-0.0202702702702702,,,-0.2437837837837837,-0.4942342342342342,-0.1351351351351351,-0.581081081081081,-0.0102496081032195,-0.5819277108433735,520.0,625.0,1.608695652173913,-0.0095610604085181,-0.0005210259702917,-0.0016556716028613
2001-05-30,370.0,372.5,367.5,367.5,20.0,367.5,377.5,400.25,456.7,547.3,,False,False,False,False,False,False,False,False,False,False,False,-0.0068027210884353,-0.0136054421768707,,,-0.2427210884353741,-0.4892517006802719,-0.1632653061224489,-0.5714285714285714,-0.0101711431877703,-0.5727670206121174,510.0,610.0,0.5405405405405406,-0.0076636741843661,0.001897386224152,7.846491544915082e-05
2001-05-31,367.5,370.0,365.0,370.0,21.0,370.0,373.5,387.25,453.7,541.5666666666667,,False,False,False,False,False,False,False,False,False,False,False,-0.0202702702702702,-0.0067567567567567,,,-0.2262162162162161,-0.4636936936936938,-0.2027027027027027,-0.5743243243243243,-0.0105865698282758,-0.5629438347320852,500.0,610.0,1.05,-0.0066122988759091,0.0010513753084569,-0.0004154266405054
2001-06-01,370.0,375.0,367.5,370.0,26.0,370.0,371.5,381.75,450.3,535.7666666666667,,False,False,False,False,False,False,False,False,False,True,False,0.0675675675675675,-0.027027027027027,,,-0.217027027027027,-0.448018018018018,-0.25,-0.5945945945945946,-0.0108256081627575,-0.5638506876227898,505.0,590.0,1.238095238095238,-0.0075505218743059,-0.0009382229983967,-0.0002390383344817
2001-06-04,370.0,370.0,365.0,367.5,15.0,367.5,369.0,380.0,447.4,530.0666666666667,,False,False,False,False,False,False,False,False,False,False,False,0.0408163265306122,-0.0476190476190476,,,-0.2174149659863945,-0.4423582766439911,-0.3265306122448979,-0.5782312925170068,-0.0107533643566845,-0.5664473684210526,490.0,595.0,0.5769230769230769,-0.0064818953956192,0.0010686264786867,7.224380607298402e-05
2001-06-05,365.0,365.0,360.0,362.5,20.0,362.5,367.5,375.25,443.7,524.7666666666667,,False,False,False,False,False,False,False,False,False,True,False,0.0,-0.0758620689655172,,,-0.2239999999999999,-0.4476321839080459,-0.3172413793103448,-0.5241379310344828,-0.0100997268627327,-0.5622918054630246,510.0,645.0,1.3333333333333333,-0.0083389677710164,-0.0018570723753972,0.0006536374939517
2001-06-06,365.0,365.0,362.5,365.0,22.0,365.0,367.0,372.25,440.7,519.1,,False,False,False,False,False,False,False,False,False,False,False,-0.0068493150684931,-0.1232876712328767,,,-0.2073972602739725,-0.4221917808219179,-0.3219178082191781,-0.5273972602739726,-0.0109163295447247,-0.5601074546675622,515.0,650.0,1.1,-0.0068073519400953,0.0015316158309211,-0.0008166026819919
2001-06-07,360.0,365.0,360.0,362.5,15.0,362.5,365.5,369.5,437.0,513.5333333333333,,False,False,False,False,False,False,False,False,False,True,False,0.0137931034482758,-0.0137931034482758,,,-0.2055172413793103,-0.4166436781609194,-0.2827586206896552,-0.5310344827586206,-0.0108399324938336,-0.5581867388362652,520.0,600.0,0.6818181818181818,-0.0084668192219679,-0.0016594672818726,7.639705089109577e-05
2001-06-08,365.0,405.0,365.0,395.0,102.0,395.0,370.5,371.0,434.8,508.6,,False,False,False,False,False,False,False,False,False,False,True,-0.0886075949367088,-0.1012658227848101,,,-0.1007594936708861,-0.2875949367088608,-0.3227848101265823,-0.5632911392405063,-0.009699829597588,-0.5592991913746631,505.0,570.0,6.8,-0.0050597976080956,0.0034070216138722,0.0011401028962456
2001-06-11,399.5,399.5,382.5,382.5,27.0,382.5,373.5,371.25,432.1,503.6333333333333,,False,False,False,False,False,False,False,False,False,True,False,-0.0849673202614379,-0.0849673202614379,,,-0.1296732026143791,-0.3166884531590413,-0.3137254901960784,-0.5359477124183006,-0.0098616718512145,-0.5582491582491582,530.0,535.0,0.2647058823529412,-0.0062485535755611,-0.0011887559674655,-0.0001618422536265
2001-06-12,380.0,380.0,357.5,362.5,33.0,362.5,373.5,370.5,423.6,499.2,,False,False,False,False,False,False,False,False,False,True,False,-0.0758620689655172,-0.0758620689655172,,,-0.1685517241379311,-0.377103448275862,-0.3103448275862069,-0.4689655172413793,-0.008880876068376,-0.5472334682860999,505.0,530.0,1.2222222222222223,-0.0200661000944287,-0.0138175465188675,0.0009807957828384
2001-06-13,357.5,365.0,357.5,362.5,11.0,362.5,373.0,370.0,415.5,495.3666666666667,,False,False,False,False,False,False,False,False,False,False,False,-0.1172413793103448,-0.1034482758620689,,,-0.1462068965517241,-0.3665287356321839,-0.3103448275862069,-0.4689655172413793,-0.0077383756140232,-0.5371621621621622,500.0,490.0,0.3333333333333333,-0.0194945848375451,0.0005715152568835,0.0011425004543528
2001-06-14,362.5,367.5,362.5,367.5,15.0,367.5,374.0,369.75,409.0,491.06666666666666,,False,False,False,False,False,False,False,False,False,False,False,-0.0272108843537414,-0.1292517006802721,,,-0.1129251700680272,-0.3362358276643991,-0.3265306122448979,-0.4489795918367347,-0.0087564485473798,-0.5246788370520622,495.0,550.0,1.3636363636363635,-0.0158924205378973,0.0036021642996478,-0.0010180729333566
2001-06-15,365.0,365.0,355.0,360.0,26.0,360.0,367.0,368.75,400.8,486.6,,False,False,False,False,False,False,False,False,False,True,False,-0.0138888888888888,-0.1041666666666666,,,-0.1133333333333333,-0.3516666666666667,-0.3263888888888889,-0.4791666666666667,-0.0091793396355664,-0.5132203389830509,470.0,535.0,1.7333333333333334,-0.0204590818363273,-0.00456666129843,-0.0004228910881865
2001-06-18,355.0,360.0,347.5,350.0,20.0,350.0,360.5,367.0,393.4,482.1333333333333,,False,False,False,False,False,False,False,False,False,False,False,0.0,-0.0785714285714285,,,-0.1239999999999999,-0.3775238095238095,-0.3357142857142857,-0.4357142857142857,-0.0092643805309735,-0.4993188010899183,485.0,550.0,0.7692307692307693,-0.0188103711235384,0.0016487107127888,-8.504089540705383e-05
2001-06-19,342.5,350.0,335.0,335.0,9.0,335.0,355.0,364.25,385.2,478.26666666666665,,False,False,False,False,False,False,False,False,False,True,False,0.0,-0.044776119402985,,,-0.1498507462686567,-0.4276616915422885,-0.291044776119403,-0.3656716417910448,-0.0080847504878728,-0.4845573095401509,480.0,540.0,0.45,-0.0212876427829698,-0.0024772716594313,0.0011796300431006
2001-06-20,335.0,335.0,315.0,320.0,18.0,320.0,346.5,359.75,377.4,474.4,,False,False,False,False,False,False,False,False,False,False,False,0.015625,-0.0390625,,,-0.1793749999999999,-0.4824999999999999,-0.28125,-0.3125,-0.0081506464305789,-0.4649061848505907,455.0,565.0,2.0,-0.0206677265500795,0.0006199162328903,-6.5895942706104e-05
2001-06-21,325.0,365.0,325.0,357.5,55.0,357.5,344.5,359.25,371.7,471.03333333333336,,False,False,False,False,False,False,False,False,False,False,False,-0.1048951048951049,-0.1748251748251748,,,-0.0397202797202796,-0.3175757575757576,-0.3846153846153846,-0.4265734265734265,-0.0071474064114357,-0.4544189283228949,445.0,590.0,3.055555555555556,-0.0153349475383373,0.0053327790117421,0.0010032400191432
2001-06-22,360.0,360.0,350.0,355.0,34.0,355.0,343.5,355.25,368.9,467.9,,False,False,False,False,False,False,False,False,False,False,False,-0.0915492957746478,-0.2183098591549295,,,-0.0391549295774647,-0.3180281690140844,-0.4225352112676056,-0.4422535211267606,-0.0066965875899409,-0.4410978184377199,455.0,550.0,0.6181818181818182,-0.0075901328273245,0.0077448147110128,0.0004508188214947
2001-06-25,350.0,360.0,347.5,350.0,9.0,350.0,343.5,352.0,367.5,464.6333333333333,,False,False,False,False,False,False,False,False,False,False,False,-0.0785714285714285,-0.2928571428571428,,,-0.05,-0.3275238095238095,-0.4571428571428571,-0.4071428571428571,-0.0070306334744242,-0.4274147727272727,440.0,540.0,0.2647058823529412,-0.0038095238095237,0.0037806090178007,-0.0003340458844832
2001-06-26,345.0,347.5,335.0,335.0,17.0,335.0,343.5,349.25,364.5,460.5,,False,False,False,False,False,False,False,False,False,True,False,-0.044776119402985,-0.2611940298507462,,,-0.0880597014925373,-0.3746268656716418,-0.417910447761194,-0.3656716417910448,-0.0089757509952949,-0.4171796707229778,455.0,520.0,1.8888888888888888,-0.0082304526748971,-0.0044209288653733,-0.0019451175208707
2001-06-27,332.5,333.0,325.0,325.0,12.0,325.0,344.5,345.5,361.7,456.1666666666667,,False,False,False,False,False,False,False,False,False,False,False,-0.0538461538461538,-0.2384615384615384,,,-0.1129230769230768,-0.4035897435897436,-0.3923076923076923,-0.3461538461538461,-0.0094994519546948,-0.4050651230101302,440.0,510.0,0.7058823529411765,-0.0077412220071883,0.0004892306677088,-0.0005237009593999
2001-06-28,325.0,325.0,302.5,320.0,36.0,320.0,337.0,340.75,358.9,452.4333333333333,,False,False,False,False,False,False,False,False,False,True,False,-0.078125,-0.1875,,,-0.1215624999999999,-0.4138541666666665,-0.3671875,-0.2109375,-0.0082516761217123,-0.3820983125458547,455.0,500.0,3.0,-0.0078016160490387,-6.039404185045286e-05,0.0012477758329824
2001-06-29,325.0,335.0,322.5,322.5,17.0,322.5,330.5,337.0,356.6,449.1333333333333,,False,False,False,False,False,False,False,False,False,False,False,-0.1395348837209302,-0.1705426356589147,,,-0.1057364341085272,-0.3926614987080103,-0.3798449612403101,-0.1937984496124031,-0.0073474840433426,-0.3537091988130563,450.0,505.0,0.4722222222222222,-0.0064498037016263,0.0013518123474124,0.0009041920783697
2001-07-02,325.0,327.5,320.0,322.5,13.0,322.5,325.0,334.25,354.3,446.3,,False,False,False,False,False,False,False,False,False,True,False,-0.2325581395348837,-0.1860465116279069,,,-0.0986046511627907,-0.3838759689922481,-0.3875968992248062,-0.2635658914728682,-0.0063484950332361,-0.3364248317127898,450.0,490.0,0.7647058823529411,-0.0064916737228337,-4.187002120744406e-05,0.0009989890101064
2001-07-03,322.5,325.0,320.0,320.0,10.0,320.0,322.0,332.75,352.3,443.5,,False,False,False,False,False,False,False,False,False,False,False,-0.2265625,-0.21875,,,-0.1009375,-0.3859375,-0.40625,-0.234375,-0.0063134160090191,-0.3236664162283996,575.0,510.0,0.7692307692307693,-0.0056769798467215,0.0008146938761122,3.507902421700463e-05
2001-07-04,320.0,320.0,305.0,307.5,22.0,307.5,318.5,331.5,349.9,441.06666666666666,,False,False,False,False,False,False,False,False,False,True,False,-0.1951219512195122,-0.1869918699186991,,,-0.1378861788617885,-0.4343631436314363,-0.3983739837398374,-0.2520325203252032,-0.0055169286577992,-0.3180995475113122,565.0,515.0,2.2,-0.0068591026007431,-0.0011821227540216,0.0007964873512199
2001-07-05,305.0,307.5,290.0,295.0,35.0,295.0,313.5,325.25,346.9,437.6666666666667,,False,False,False,False,False,False,False,False,False,True,False,-0.1186440677966101,-0.1610169491525423,,,-0.1759322033898304,-0.4836158192090396,-0.4152542372881356,-0.2033898305084746,-0.0077684691546077,-0.295772482705611,530.0,520.0,1.5909090909090908,-0.008648025367541,-0.0017889227667979,-0.0022515404968084
2001-07-06,290.0,292.5,270.0,277.5,44.0,277.5,304.5,317.5,343.2,434.23333333333335,,False,False,False,False,False,False,False,False,False,True,False,-0.036036036036036,-0.1261261261261261,,,-0.2367567567567567,-0.5648048048048049,-0.4144144144144144,-0.1711711711711711,-0.0079066554079987,-0.268503937007874,565.0,505.0,1.2571428571428571,-0.0107808857808857,-0.0021328604133446,-0.000138186253391
2001-07-09,270.0,272.5,235.0,247.5,64.0,247.5,289.5,307.25,338.4,430.2,,False,False,False,False,False,False,False,False,False,True,False,0.0606060606060606,-0.0606060606060606,,,-0.3672727272727272,-0.7381818181818182,-0.3131313131313131,-0.0606060606060606,-0.0093754842708818,-0.2359641985353946,535.0,530.0,1.4545454545454546,-0.0141843971631206,-0.0034035113822348,-0.001468828862883
2001-07-10,240.0,247.5,232.5,247.5,34.0,247.5,275.0,298.5,333.8,426.3,,False,False,False,False,False,False,False,False,False,False,False,0.0101010101010101,-0.0404040404040404,,,-0.3486868686868687,-0.7224242424242425,-0.2929292929292929,-0.0505050505050505,-0.0091484869809992,-0.2060301507537688,540.0,505.0,0.53125,-0.0137807070101856,0.0004036901529349,0.0002269972898825
2001-07-11,245.0,247.5,242.5,247.5,13.0,247.5,263.0,290.75,329.1,422.06666666666666,,False,False,False,False,False,False,False,False,False,True,False,0.0101010101010101,-0.0707070707070707,,,-0.3296969696969697,-0.7053198653198653,-0.3131313131313131,-0.0404040404040404,-0.0100300110567051,-0.176268271711092,515.0,500.0,0.3823529411764705,-0.0142813734427225,-0.0005006664325369,-0.0008815240757058
2001-07-12,250.0,260.0,247.5,260.0,11.0,260.0,256.0,284.75,325.0,417.6666666666667,,False,False,False,False,False,False,False,False,False,False,False,-0.048076923076923,-0.1538461538461538,,,-0.25,-0.6064102564102565,-0.2115384615384615,-0.1346153846153846,-0.010534716679968,-0.1685689201053555,500.0,495.0,0.8461538461538461,-0.0126153846153846,0.0016659888273378,-0.0005047056232628
2001-07-13,262.5,277.5,262.5,267.5,21.0,267.5,254.0,279.25,319.9,413.9,,False,False,False,False,False,False,False,False,False,True,False,-0.0934579439252336,-0.2336448598130841,,,-0.1958878504672896,-0.5472897196261681,-0.308411214953271,-0.1588785046728972,-0.009100426834179,-0.1647269471799463,425.0,470.0,1.9090909090909087,-0.015942482025633,-0.0033270974102483,0.0014342898457889
2001-07-16,265.0,265.0,257.5,262.5,13.0,262.5,257.0,273.25,315.1,410.2,,False,False,False,False,False,False,False,False,False,False,False,-0.1142857142857142,-0.2761904761904762,,,-0.2003809523809524,-0.5626666666666666,-0.3333333333333333,0.0285714285714285,-0.0090199902486591,-0.1344922232387923,385.0,485.0,0.6190476190476191,-0.0152332592827672,0.0007092227428658,8.043658551988575e-05
2001-07-17,255.0,255.0,250.0,250.0,17.0,250.0,257.5,266.25,310.6,406.6,,False,False,False,False,False,False,False,False,False,False,False,-0.05,-0.22,,,-0.2424000000000001,-0.6264000000000001,-0.31,0.08,-0.0088539104771273,-0.1023474178403755,410.0,480.0,1.3076923076923077,-0.0144880875724404,0.0007451717103267,0.0001660797715318
2001-07-18,252.5,262.5,250.0,250.0,30.0,250.0,258.0,260.5,306.1,403.1333333333333,,False,False,False,False,False,False,False,False,False,True,False,-0.08,-0.21,,,-0.2244000000000001,-0.6125333333333333,-0.3,0.02,-0.0085993054407144,-0.072936660268714,395.0,455.0,1.7647058823529411,-0.0147010780790591,-0.0002129905066186,0.0002546050364128
2001-07-19,250.0,250.0,240.0,247.5,17.0,247.5,255.5,255.75,301.3,399.76666666666665,,False,False,False,False,False,False,False,False,False,True,False,-0.1111111111111111,-0.1818181818181818,,,-0.2173737373737374,-0.6152188552188551,-0.3131313131313131,0.1717171717171717,-0.0084215792545651,-0.0342130987292277,390.0,445.0,0.5666666666666667,-0.0159309658148025,-0.0012298877357434,0.0001777261861492
2001-07-23,245.0,245.0,240.0,242.5,6.0,242.5,250.5,252.25,296.6,396.26666666666665,,False,False,False,False,False,False,False,False,False,False,False,-0.1546391752577319,-0.1752577319587628,,,-0.2230927835051547,-0.6340893470790377,-0.1546391752577319,0.0824742268041237,-0.0088324360699865,-0.0079286422200198,380.0,455.0,0.3529411764705882,-0.0158462575859743,8.470822882822304e-05,-0.0004108568154213
2001-07-24,232.5,232.5,225.0,232.5,24.0,232.5,244.5,250.75,291.9,392.8333333333333,,False,False,False,False,False,False,False,False,False,True,False,-0.1827956989247312,-0.1505376344086021,,,-0.2554838709677418,-0.689605734767025,-0.1612903225806451,0.2258064516129032,-0.0087399236317352,0.0189431704885343,380.0,440.0,4.0,-0.0161014045906133,-0.000255147004639,9.2512438251275e-05
2001-07-25,235.0,240.0,232.5,237.5,16.0,237.5,242.0,249.75,288.0,389.2,,False,False,False,False,False,False,False,False,False,False,False,-0.1789473684210526,-0.2,,,-0.2126315789473684,-0.6387368421052632,-0.2210526315789473,0.1684210526315789,-0.0093353888317916,0.04004004004004,370.0,455.0,0.6666666666666666,-0.0135416666666665,0.0025597379239467,-0.0005954652000564
2001-07-26,240.0,240.0,230.0,230.0,10.0,230.0,238.0,248.0,284.4,385.4,,False,False,False,False,False,False,False,False,False,False,False,-0.1413043478260869,-0.1956521739130435,,,-0.2365217391304346,-0.6756521739130433,-0.2065217391304347,0.1847826086956521,-0.0098598858329009,0.0614919354838709,367.5,440.0,0.625,-0.0126582278481013,0.0008834388185652,-0.0005244970011092
2001-07-27,230.0,235.0,220.0,220.0,25.0,220.0,232.5,244.0,278.9,381.4,,False,False,False,False,False,False,False,False,False,True,False,-0.0795454545454545,-0.2159090909090909,,,-0.2677272727272726,-0.7336363636363635,-0.2045454545454545,0.2159090909090909,-0.010487676979549,0.096311475409836,370.0,455.0,2.5,-0.0197203298673359,-0.0070621020192346,-0.0006277911466481
2001-07-30,217.5,220.0,202.5,205.0,22.0,205.0,225.0,237.75,272.9,377.4,,False,False,False,False,False,False,False,False,False,True,False,-0.024390243902439,-0.2073170731707317,,,-0.3312195121951218,-0.8409756097560974,-0.1341463414634146,0.3414634146341463,-0.0105988341282458,0.1461619348054679,370.0,450.0,0.88,-0.0219860754855258,-0.0022657456181898,-0.0001111571486968
2001-07-31,200.0,200.0,185.0,190.0,31.0,190.0,216.5,230.5,266.5,372.8666666666667,,False,False,False,False,False,False,False,False,False,True,False,0.0394736842105263,-0.1052631578947368,,,-0.4026315789473684,-0.9624561403508772,-0.0921052631578947,0.5657894736842105,-0.0121580547112461,0.1941431670281995,367.5,450.0,1.4090909090909092,-0.0240150093808629,-0.0020289338953371,-0.0015592205830002
2001-08-01,200.0,200.0,187.5,195.0,38.0,195.0,208.0,225.0,260.9,368.73333333333335,,False,False,False,False,False,False,False,False,False,False,False,-0.0256410256410256,-0.1025641025641025,,,-0.3379487179487178,-0.890940170940171,-0.0897435897435897,0.4871794871794871,-0.0112095461941782,0.2322222222222222,362.5,575.0,1.2258064516129032,-0.0214641625143734,0.0025508468664895,0.0009485085170678
2001-08-02,195.0,205.0,195.0,197.5,71.0,197.5,201.5,219.75,255.8,364.7,,False,False,False,False,False,False,False,False,False,False,False,-0.0632911392405063,-0.1392405063291139,,,-0.2951898734177215,-0.8465822784810126,-0.1012658227848101,0.4683544303797468,-0.0110593181610456,0.2775881683731513,365.0,565.0,1.868421052631579,-0.019937451133698,0.0015267113806753,0.0001502280331325
2001-08-03,205.0,205.0,195.0,202.5,115.0,202.5,198.0,215.25,251.1,360.8,,False,False,False,False,False,False,False,False,False,False,False,-0.1481481481481481,0.0123456790123456,,,-0.2399999999999999,-0.7817283950617284,-0.1358024691358024,0.4074074074074074,-0.0108093126385808,0.3019744483159117,362.5,530.0,1.619718309859155,-0.0187176423735564,0.0012198087601416,0.0002500055224648
2001-08-06,200.0,205.0,192.5,200.0,109.0,200.0,197.0,211.0,246.2,357.2,,False,False,False,False,False,False,False,False,False,True,False,-0.1875,-0.075,,,-0.2309999999999999,-0.7859999999999999,-0.15,0.35,-0.0100783874580067,0.3317535545023696,395.0,565.0,0.9478260869565216,-0.0199025182778229,-0.0011848759042665,0.000730925180574
2001-08-07,197.5,197.5,195.0,197.5,6.0,197.5,198.5,207.5,241.2,353.3666666666667,,False,False,False,False,False,False,False,False,False,True,False,-0.1392405063291139,-0.1139240506329113,,,-0.22126582278481,-0.789198312236287,-0.1265822784810126,0.3417721518987341,-0.0108480332044146,0.344578313253012,382.5,535.0,0.055045871559633,-0.0207296849087893,-0.0008271666309664,-0.0007696457464078
2001-08-08,200.0,200.0,190.0,190.0,28.0,190.0,197.5,202.75,236.0,349.5,,False,False,False,False,False,False,False,False,False,True,False,-0.0789473684210526,-0.0921052631578947,,,-0.2421052631578947,-0.8394736842105263,-0.1842105263157894,0.3947368421052631,-0.0110634239389604,0.3699136868064118,362.5,540.0,4.666666666666667,-0.0220338983050846,-0.0013042133962953,-0.0002153907345458
2001-08-09,190.0,190.0,182.5,185.0,6.0,185.0,195.0,198.25,231.1,345.9,,False,False,False,False,False,False,False,False,False,False,False,-0.081081081081081,-0.054054054054054,,,-0.2491891891891891,-0.8697297297297296,-0.1486486486486486,0.4864864864864865,-0.01040763226366,0.4022698612862547,362.5,515.0,0.2142857142857142,-0.0212029424491562,0.0008309558559284,0.0006557916753003
2001-08-10,182.5,182.5,170.0,172.5,26.0,172.5,189.0,193.5,226.2,342.26666666666665,,False,False,False,False,False,False,False,False,False,True,False,0.1884057971014492,-0.0144927536231884,,,-0.3113043478260869,-0.9841545893719806,-0.0869565217391304,0.4782608695652174,-0.0106155044799376,0.4302325581395348,367.5,500.0,4.333333333333333,-0.0216622458001768,-0.0004593033510206,-0.0002078722162775
2001-08-13,170.0,170.0,162.5,162.5,11.0,162.5,181.5,189.25,221.6,338.3666666666667,,False,False,False,False,False,False,False,False,False,False,False,0.1384615384615384,0.2615384615384615,,,-0.3636923076923076,-1.0822564102564105,-0.0769230769230769,0.6307692307692307,-0.0115259580336911,0.4570673712021136,360.0,425.0,0.4230769230769231,-0.0207581227436822,0.0009041230564945,-0.0009104535537535
2001-08-14,162.5,170.0,162.5,170.0,5.0,170.0,176.0,187.25,218.5,334.76666666666665,,False,False,False,False,False,False,False,False,False,False,False,0.0294117647058823,0.1470588235294117,,,-0.2852941176470588,-0.9692156862745096,-0.088235294117647,0.5441176470588235,-0.0107537588370009,0.4539385847797063,350.0,385.0,0.4545454545454545,-0.0141876430205949,0.0065704797230873,0.0007721991966902
2001-08-15,170.0,177.5,170.0,175.0,10.0,175.0,173.0,185.25,215.6,331.03333333333336,,False,False,False,False,False,False,False,False,False,False,False,-0.0142857142857142,0.0571428571428571,,,-0.2319999999999999,-0.8916190476190478,-0.0142857142857142,0.4285714285714285,-0.0112778169368642,0.4480431848852901,335.0,410.0,2.0,-0.0134508348794063,0.0007368081411886,-0.0005240580998632
2001-08-16,172.5,175.0,167.5,170.0,9.0,170.0,170.0,182.5,212.5,327.43333333333334,,False,False,False,False,False,False,False,False,False,True,False,0.0294117647058823,0.0735294117647058,,,-0.25,-0.9260784313725492,0.0147058823529411,0.4264705882352941,-0.0109946044996437,0.4438356164383562,320.0,395.0,0.9,-0.0145882352941176,-0.0011374004147112,0.0002832124372204
2001-08-17,180.0,215.0,180.0,205.0,245.0,205.0,176.5,182.75,210.3,324.1,,False,False,False,False,False,False,False,False,False,False,False,-0.1707317073170731,-0.1463414634146341,,,-0.0258536585365854,-0.5809756097560976,-0.1707317073170731,0.1585365853658536,-0.0102848914943946,0.4158686730506156,357.5,390.0,27.22222222222222,-0.0104612458392771,0.0041269894548404,0.000709713005249
2001-08-20,200.0,205.0,185.0,185.0,49.0,185.0,181.0,181.25,207.0,320.56666666666666,,False,False,False,False,False,False,False,False,False,True,False,0.1081081081081081,-0.0405405405405405,,,-0.1189189189189189,-0.7327927927927927,-0.0675675675675675,0.2837837837837837,-0.0110221482790891,0.4096551724137931,355.0,380.0,0.2,-0.0159420289855073,-0.0054807831462301,-0.0007372567846945
2001-08-21,187.5,187.5,173.0,175.0,34.0,175.0,182.0,179.0,203.5,316.9,,False,False,False,False,False,False,False,False,False,True,False,0.1142857142857142,-0.0142857142857142,,,-0.1628571428571428,-0.8108571428571427,0.0142857142857142,0.2571428571428571,-0.0115704217944672,0.4022346368715084,350.0,380.0,0.6938775510204082,-0.0171990171990172,-0.0012569882135098,-0.000548273515378
2001-08-22,175.0,177.5,167.5,172.5,25.0,172.5,181.5,177.25,200.4,311.53333333333336,,False,False,False,False,False,False,False,False,False,False,False,0.072463768115942,0.0289855072463768,,,-0.1617391304347826,-0.8059903381642514,0.1159420289855072,0.3043478260869565,-0.0172266210143375,0.3935119887165021,335.0,370.0,0.7352941176470589,-0.0154690618762474,0.0017299553227697,-0.0056561992198702
2001-08-23,175.0,190.0,172.5,175.0,28.0,175.0,182.5,176.25,197.4,306.3333333333333,,False,False,False,False,False,False,False,False,False,False,False,0.0428571428571428,0.0142857142857142,,,-0.128,-0.7504761904761904,0.1,0.3,-0.0169749727965181,0.3744680851063829,325.0,367.5,1.12,-0.0151975683890577,0.0002714934871897,0.0002516482178194
2001-08-24,170.0,172.5,165.0,170.0,11.0,170.0,175.5,176.0,194.3,301.53333333333336,,False,False,False,False,False,False,False,False,False,True,False,0.0294117647058823,0.0294117647058823,,,-0.1429411764705883,-0.7737254901960786,0.1911764705882352,0.3235294117647059,-0.0159186380720759,0.359375,320.0,370.0,0.3928571428571428,-0.0159547092125578,-0.0007571408235001,0.0010563347244421
2001-08-27,175.0,207.5,172.5,205.0,69.0,205.0,179.5,180.25,192.8,296.7333333333333,,False,False,False,False,True,False,False,False,False,False,True,-0.1341463414634146,-0.1707317073170731,,,0.0595121951219511,-0.4474796747967478,-0.0853658536585365,0.1097560975609756,-0.0161761401932152,0.3065187239944521,322.5,370.0,6.2727272727272725,-0.0077800829875518,0.008174626225006,-0.0002575021211393
2001-08-28,205.0,205.0,185.0,195.0,24.0,195.0,183.5,182.75,191.3,292.2,,False,False,False,False,False,False,False,False,False,True,False,-0.1153846153846153,-0.1153846153846153,,,0.0189743589743589,-0.4984615384615384,0.0128205128205128,0.0641025641025641,-0.0155144877937484,0.2585499316005472,322.5,367.5,0.3478260869565217,-0.0078410872974385,-6.100430988671083e-05,0.0006616523994667
2001-08-29,190.0,190.0,177.5,185.0,37.0,185.0,186.0,183.75,189.2,287.46666666666664,,False,False,False,False,False,False,False,False,False,True,False,-0.0405405405405405,-0.1621621621621621,,,-0.0227027027027026,-0.5538738738738738,0.1486486486486486,0.0135135135135135,-0.0164656771799629,0.2176870748299319,320.0,362.5,1.5416666666666667,-0.0110993657505286,-0.00325827845309,-0.0009511893862144
2001-08-30,180.0,182.5,177.5,182.5,18.0,182.5,187.5,185.0,187.3,283.03333333333336,,False,False,False,False,False,False,False,False,False,False,False,-0.0273972602739726,-0.136986301369863,,,-0.0263013698630137,-0.550867579908676,0.2054794520547945,0.1095890410958904,-0.0156636438582026,0.1878378378378378,307.5,365.0,0.4864864864864865,-0.0101441537640148,0.0009552119865138,0.0008020333217603
2001-08-31,180.0,180.0,165.0,175.0,20.0,175.0,188.5,182.0,185.5,278.7,,False,False,False,False,False,False,False,False,False,False,False,0.0,-0.1,,,-0.06,-0.5925714285714285,0.1714285714285714,0.1285714285714285,-0.015548379380457,0.1854395604395604,295.0,362.5,1.1111111111111112,-0.0097035040431267,0.000440649720888,0.0001152644777455
2001-09-03,180.0,180.0,175.0,177.5,11.0,177.5,183.0,181.25,184.4,275.4,,False,False,False,False,False,False,False,False,False,False,False,-0.0422535211267605,-0.1549295774647887,,,-0.0388732394366197,-0.5515492957746477,0.1154929577464788,0.056338028169014,-0.0119825708061002,0.1627586206896551,277.5,395.0,0.55,-0.0059652928416485,0.0037382112014781,0.0035658085743567
2001-09-04,170.0,175.0,167.5,172.5,14.0,172.5,178.5,181.0,183.7,272.56666666666666,,False,False,False,False,False,False,False,False,False,False,False,0.0,-0.1014492753623188,,,-0.0649275362318839,-0.5800966183574879,0.2028985507246377,0.0869565217391304,-0.0103950103950103,0.1464088397790055,247.5,382.5,1.2727272727272727,-0.0038105606967883,0.0021547321448602,0.0015875604110899
2001-09-05,172.5,177.5,172.5,177.5,5.0,177.5,177.0,181.5,183.0,269.46666666666664,,False,False,False,False,False,False,False,False,False,True,True,-0.1267605633802817,-0.028169014084507,,,-0.0309859154929577,-0.5181220657276994,0.1971830985915492,0.0985915492957746,-0.0115042058386938,0.1267217630853994,247.5,362.5,0.3571428571428571,-0.0038251366120217,-1.4575915233461243e-05,-0.0011091954436834
2001-09-06,170.0,177.5,170.0,177.5,3.0,177.5,176.0,181.75,182.2,266.56666666666666,,False,False,False,False,False,False,False,False,False,True,False,-0.1126760563380281,-0.028169014084507,,,-0.0264788732394365,-0.5017840375586854,0.1971830985915492,0.1408450704225352,-0.0108790796548704,0.1114167812929848,247.5,362.5,0.6,-0.004390779363337,-0.0005656427513152,0.0006251261838233
2001-09-07,170.0,175.0,170.0,175.0,11.0,175.0,176.0,182.25,181.1,263.7,,False,False,False,False,False,False,False,False,False,True,False,-0.1,-0.0285714285714285,,,-0.0348571428571428,-0.5068571428571428,0.4428571428571428,0.2571428571428571,-0.0108709391985842,0.1056241426611797,260.0,367.5,3.6666666666666665,-0.0060739922694643,-0.0016832129061272,8.14045628621217e-06
2001-09-10,172.5,172.5,170.0,170.0,2.0,170.0,174.5,178.75,179.9,260.9,,False,False,False,False,False,False,False,False,False,True,False,-0.1176470588235294,0.0147058823529411,,,-0.058235294117647,-0.534705882352941,0.5294117647058824,0.3235294117647059,-0.0107320812571867,0.1258741258741259,267.5,360.0,0.1818181818181818,-0.0066703724291272,-0.0005963801596628,0.0001388579413975
2001-09-11,170.0,177.5,170.0,172.5,10.0,172.5,174.5,176.5,178.9,258.1333333333333,,False,False,False,False,False,False,False,False,False,False,False,-0.1014492753623188,0.0289855072463768,,,-0.0371014492753623,-0.4964251207729468,0.3768115942028985,0.2898550724637681,-0.0107179752066115,0.1487252124645892,262.5,350.0,5.0,-0.0055897149245388,0.0010806575045883,1.4106050575194914e-05
2001-09-12,170.0,170.0,150.0,155.0,28.0,155.0,170.0,173.5,177.5,255.26666666666668,,False,False,False,False,False,False,False,False,False,True,False,0.1129032258064516,0.2419354838709677,,,-0.1451612903225806,-0.6468817204301076,0.5806451612903226,0.3064516129032258,-0.0112300861843822,0.1772334293948126,250.0,335.0,2.8,-0.007887323943662,-0.0022976090191231,-0.0005121109777707
2001-09-13,152.5,157.5,152.5,157.5,16.0,157.5,166.0,171.0,176.4,252.46666666666667,,False,False,False,False,False,False,False,False,False,False,False,0.0952380952380952,0.2222222222222222,,,-0.12,-0.6029629629629629,0.4603174603174603,0.365079365079365,-0.011090573012939,0.2017543859649122,250.0,320.0,0.5714285714285714,-0.006235827664399,0.0016514962792629,0.0001395131714432
2001-09-14,157.5,157.5,152.5,157.5,20.0,157.5,162.5,169.25,175.8,249.63333333333333,,False,False,False,False,False,False,False,False,False,False,False,0.0793650793650793,0.2857142857142857,,,-0.1161904761904762,-0.5849735449735449,0.492063492063492,0.365079365079365,-0.0113499799706236,0.224519940915805,247.5,357.5,1.25,-0.0034129692832764,0.0028228583811226,-0.0002594069576845
2001-09-17,152.5,152.5,150.0,150.0,6.0,150.0,158.5,166.5,175.3,246.7,,False,False,False,False,False,False,False,False,False,False,False,0.15,0.25,,,-0.1686666666666667,-0.6446666666666666,0.5333333333333333,0.6833333333333333,-0.0118902850966085,0.2837837837837837,242.5,355.0,0.3,-0.0028522532800912,0.0005607160031851,-0.0005403051259849
2001-09-18,152.5,155.0,150.0,155.0,5.0,155.0,155.0,164.75,174.7,243.86666666666667,,False,False,False,False,False,False,False,False,False,True,False,0.1451612903225806,0.2741935483870967,,,-0.1270967741935483,-0.5733333333333334,0.5,0.8064516129032258,-0.0116183706943684,0.3535660091047041,232.5,350.0,0.8333333333333334,-0.0034344590726961,-0.0005822057926049,0.0002719144022401
2001-09-19,160.0,172.5,157.5,172.5,9.0,172.5,158.5,164.25,174.6,241.3333333333333,,False,False,False,False,False,False,False,False,False,False,False,0.1159420289855072,0.2318840579710145,,,-0.0121739130434782,-0.3990338164251206,0.3623188405797101,0.5072463768115942,-0.0104972375690608,0.3972602739726027,237.5,335.0,1.8,-0.0005727376861397,0.0028617213865564,0.0011211331253075
2001-09-20,170.0,175.0,167.5,172.5,8.0,172.5,161.5,163.75,174.7,238.76666666666668,,False,False,False,False,False,False,True,False,False,False,False,0.1159420289855072,0.2753623188405797,,,-0.0127536231884057,-0.3841545893719807,0.3768115942028985,0.7391304347826086,-0.0107496858858019,0.4610687022900763,230.0,325.0,0.8888888888888888,0.0005724098454493,0.001145147531589,-0.000252448316741
2001-09-21,162.5,170.0,162.5,170.0,2.0,170.0,164.0,163.25,173.3,236.2,,False,False,False,False,False,False,False,False,False,True,False,0.1911764705882352,0.2058823529411764,,,-0.0194117647058824,-0.3894117647058823,0.3235294117647059,0.7676470588235295,-0.0108664973186566,0.5148545176110261,220.0,320.0,0.25,-0.008078476630121,-0.0086508864755703,-0.0001168114328547
2001-09-25,175.0,175.0,172.5,172.5,4.0,172.5,168.5,163.5,172.8,233.2333333333333,,False,False,False,False,False,False,False,False,False,False,False,0.0869565217391304,0.1478260869565217,,,-0.0017391304347826,-0.3520772946859901,0.3043478260869565,0.6521739130434783,-0.0127197370301559,0.5492354740061163,205.0,322.5,2.0,-0.0028935185185185,0.0051849581116025,-0.0018532397114993
2001-09-26,175.0,177.5,175.0,177.5,11.0,177.5,173.0,164.0,172.9,230.5,,False,False,False,False,True,False,True,False,False,False,False,0.1126760563380281,0.1690140845070422,,,0.0259154929577464,-0.2985915492957746,0.5211267605633803,0.6197183098591549,-0.0118582791033982,0.5841463414634147,190.0,322.5,2.75,0.0005783689994215,0.0034718875179401,0.0008614579267576
2001-09-27,180.0,192.5,180.0,192.5,39.0,192.5,177.0,167.75,173.7,228.2333333333333,,False,False,False,False,False,False,True,False,True,False,False,0.1038961038961039,0.1038961038961039,,,0.0976623376623377,-0.1856277056277054,0.4025974025974026,0.3766233766233766,-0.0099313567985981,0.5859910581222058,195.0,320.0,3.5454545454545454,0.0046056419113412,0.0040272729119196,0.0019269223048001
2001-09-28,192.5,195.0,192.5,192.5,12.0,192.5,181.0,171.25,174.4,225.96666666666667,,False,False,False,False,False,False,True,False,False,True,False,0.1428571428571428,0.1038961038961039,,,0.094025974025974,-0.1738528138528138,0.3246753246753247,0.3896103896103896,-0.0100309780203567,0.5842335766423359,197.5,307.5,0.3076923076923077,0.00401376146789,-0.0005918804434512,-9.9621221758682e-05
2001-10-01,197.5,207.5,197.5,202.5,40.0,202.5,187.5,175.75,175.7,223.76666666666668,,False,False,False,False,False,False,True,False,False,False,False,0.0123456790123456,0.2469135802469135,,,0.1323456790123457,-0.1050205761316873,0.4320987654320987,0.2345679012345679,-0.009831669894235,0.5635846372688479,202.5,295.0,3.333333333333333,0.0073989755264654,0.0033852140585754,0.0001993081261217
2001-10-02,200.0,200.0,187.5,187.5,14.0,187.5,190.5,179.5,175.0,221.46666666666667,,False,False,False,False,False,False,False,False,False,True,False,0.056,0.3866666666666666,,,0.0666666666666666,-0.1811555555555555,0.4,0.3066666666666666,-0.0103853100541842,0.526740947075209,200.0,277.5,0.35,-0.0039999999999999,-0.0113989755264654,-0.0005536401599492
2001-10-03,190.0,197.5,190.0,197.5,13.0,197.5,194.5,183.75,175.1,219.4333333333333,,False,False,False,False,False,False,True,False,False,False,False,0.050632911392405,0.2025316455696202,,,0.1134177215189873,-0.1110548523206749,0.4430379746835443,0.2784810126582278,-0.0092662919641502,0.4764625850340137,197.5,247.5,0.9285714285714286,0.0005711022272986,0.0045711022272985,0.001119018090034
2001-10-04,205.0,220.0,205.0,212.5,50.0,212.5,198.5,187.75,176.2,217.8,428.8,False,False,False,False,False,False,True,False,True,False,False,0.0,0.1529411764705882,,,0.1708235294117647,-0.0249411764705882,0.3058823529411765,0.2352941176470588,-0.0074992347719618,0.4463382157123835,190.0,247.5,3.8461538461538463,0.0062429057888762,0.0056718035615775,0.0017670571921883
2001-10-05,220.0,220.0,215.0,220.0,51.0,220.0,204.0,192.5,177.7,216.46666666666667,426.075,False,False,False,False,False,False,True,False,False,False,False,-0.034090909090909,0.0454545454545454,,,0.1922727272727273,0.016060606060606,0.2386363636363636,0.1590909090909091,-0.0061595318755775,0.3872727272727273,185.0,247.5,1.02,0.0084411930219471,0.0021982872330708,0.0013397028963843
2001-10-09,220.0,220.0,205.0,205.0,41.0,205.0,204.5,196.0,178.9,214.4333333333333,423.35,False,False,False,False,False,False,True,False,False,True,False,0.2317073170731707,0.1463414634146341,,,0.1273170731707316,-0.0460162601626015,0.3048780487804878,0.2926829268292683,-0.0094823565987876,0.3443877551020408,172.5,260.0,0.803921568627451,0.0067076579094467,-0.0017335351125003,-0.0033228247232101
2001-10-10,205.0,205.0,198.0,198.0,30.0,198.0,206.6,198.55,179.72,212.34,420.565,False,False,False,False,False,False,True,False,False,True,False,0.3131313131313131,0.1616161616161616,,,0.0923232323232323,-0.0724242424242424,0.3888888888888889,0.2626262626262626,-0.0098584031898526,0.3094938302694535,162.5,267.5,0.7317073170731707,0.0045626530158023,-0.0021450048936443,-0.0003760465910649
2001-10-11,197.5,207.5,195.0,207.5,35.0,207.5,208.6,201.55,181.12,210.44,417.7775,False,False,False,False,False,False,True,False,False,False,False,0.144578313253012,0.1204819277108433,,,0.1271325301204819,-0.0141686746987951,0.4337349397590361,0.1927710843373494,-0.0090287017677247,0.2701562887620937,170.0,262.5,1.1666666666666667,0.0077296819787986,0.0031670289629962,0.0008297014221278
2001-10-12,202.5,217.5,202.5,212.5,67.0,212.5,208.6,203.55,182.52,208.80666666666667,415.09,False,False,False,False,False,False,True,False,False,True,False,0.1529411764705882,0.1058823529411764,,,0.1410823529411764,0.0173803921568627,0.3647058823529411,0.1176470588235294,-0.0078222278982152,0.2441660525669368,175.0,250.0,1.9142857142857144,0.0076703922857769,-5.928969302168661e-05,0.0012064738695095
2001-10-15,210.0,215.0,210.0,212.5,45.0,212.5,207.1,205.55,183.92,207.30666666666667,412.5525,False,False,False,False,False,False,True,False,False,True,False,0.0823529411764705,0.1176470588235294,,,0.1344941176470588,0.0244392156862744,0.3647058823529411,0.1176470588235294,-0.0072356573192693,0.2174653369009972,170.0,250.0,0.6716417910447762,0.0076120052196605,-5.838706611633292e-05,0.0005865705789458
2001-10-16,210.0,262.5,210.0,252.5,225.0,252.5,216.6,210.55,187.02,206.40666666666667,410.44,False,False,False,False,False,False,True,False,False,False,False,-0.0693069306930693,-0.1089108910891089,,,0.2593267326732673,0.1825478547854785,0.1287128712871287,-0.0693069306930693,-0.0043603242789315,0.1814295891712181,205.0,247.5,5.0,0.0165757672976153,0.0089637620779547,0.0028753330403377
2001-10-17,250.5,270.0,245.0,260.0,171.0,260.0,229.0,217.8,190.62,205.57333333333327,408.29,False,False,False,False,False,False,True,False,False,False,False,-0.1153846153846153,-0.1346153846153846,,,0.2668461538461538,0.2093333333333336,0.0384615384615384,-0.1057692307692307,-0.0040537034634845,0.1363636363636363,185.0,242.5,0.76,0.0188857412653446,0.0023099739677292,0.000306620815447
2001-10-18,257.5,260.0,225.0,237.5,113.0,237.5,235.0,221.8,193.22,204.44,406.1525,False,False,False,False,False,False,True,False,False,True,False,-0.0210526315789473,0.1368421052631579,,,0.1864421052631579,0.1392,0.1157894736842105,0.1052631578947368,-0.005543598773886,0.1203787195671775,175.0,232.5,0.6608187134502924,0.0134561639581823,-0.0054295773071622,-0.0014898953104015
2001-10-19,237.5,245.0,232.5,245.0,64.0,245.0,241.5,225.05,196.82,203.44,404.3275,False,False,False,False,False,False,True,False,False,False,False,-0.0408163265306122,0.1020408163265306,,,0.1966530612244898,0.1696326530612245,0.0816326530612244,0.0408163265306122,-0.0049154541879669,0.1008664741168628,172.5,237.5,0.5663716814159292,0.0182908241032415,0.0048346601450591,0.0006281445859191
2001-10-22,242.5,250.0,230.0,230.0,43.0,230.0,245.0,226.05,199.72,202.40666666666667,402.4275,False,False,False,False,False,False,True,False,False,True,False,0.0326086956521739,0.108695652173913,,,0.1316521739130434,0.1199710144927536,0.1956521739130435,0.0652173913043478,-0.0051052336879549,0.0915726609157265,175.0,230.0,0.671875,0.0145203284598438,-0.0037704956433977,-0.0001897794999879
2001-10-23,227.5,240.0,225.0,235.0,39.0,235.0,241.5,229.05,202.82,201.60666666666663,400.5525,False,True,False,False,False,False,True,False,False,False,False,-0.0425531914893617,0.2340425531914893,,,0.136936170212766,0.142099290780142,0.0851063829787234,0.0212765957446808,-0.0039681227472638,0.0663610565378737,170.0,220.0,0.9069767441860463,0.0152844887092002,0.0007641602493564,0.001137110940691
2001-10-24,230.0,240.0,230.0,230.0,15.0,230.0,235.5,232.25,206.02,200.97333333333333,398.7025,False,False,False,False,False,False,True,False,False,False,False,-0.0217391304347826,0.1413043478260869,,,0.1042608695652173,0.1262028985507246,0.1521739130434782,0.0,-0.0031513301930602,0.0430570505920344,205.0,205.0,0.3846153846153846,0.0155324725754781,0.0002479838662779,0.0008167925542035
2001-10-25,230.0,235.0,227.5,232.5,18.0,232.5,234.5,234.75,209.12,200.7733333333333,396.99,False,False,False,False,False,False,True,False,False,True,False,0.1612903225806451,0.2258064516129032,,,0.1005591397849462,0.1364587813620072,0.1290322580645161,-0.0021505376344086,-0.0009961482268562,0.0253461128860489,195.0,190.0,1.2,0.01482402448355,-0.0007084480919281,0.002155181966204
2001-10-26,227.5,240.0,227.5,235.0,22.0,235.0,232.5,237.0,211.62,200.60666666666663,395.59,False,False,False,False,False,False,True,False,False,True,False,0.1489361702127659,0.1808510638297872,,,0.0994893617021276,0.1463546099290781,0.0638297872340425,-0.0106382978723404,-0.0008308131999602,0.0135021097046413,185.0,195.0,1.2222222222222223,0.0118136282014932,-0.0030103962820568,0.000165335026896
2001-10-29,232.5,242.5,232.5,237.5,47.0,237.5,234.0,239.5,214.22,200.47333333333333,394.2275,False,False,False,False,False,False,True,False,False,False,False,0.0736842105263157,0.1473684210526315,,,0.0980210526315789,0.1559017543859649,0.0210526315789473,0.0,-0.0006650926141463,0.0029227557411273,182.5,197.5,2.136363636363636,0.0121370553636448,0.0003234271621515,0.0001657205858138
2001-10-30,235.0,235.0,225.0,225.0,28.0,225.0,232.0,236.75,216.42,200.00666666666663,392.8275,False,False,False,False,False,False,True,False,False,True,False,0.2888888888888888,0.1888888888888888,,,0.0381333333333333,0.1110814814814816,0.0555555555555555,0.0222222222222222,-0.0023332555581482,0.0124604012671594,175.0,202.5,0.5957446808510638,0.0101654190925052,-0.0019716362711395,-0.0016681629440018
2001-10-31,220.0,227.5,210.0,225.0,29.0,225.0,231.0,233.25,218.52,199.44,391.5275,False,False,False,False,False,False,True,False,False,True,False,0.1666666666666666,0.2222222222222222,,,0.0287999999999999,0.1136,0.0555555555555555,0.0111111111111111,-0.0028412889423718,0.0255091103965701,177.5,200.0,1.0357142857142858,0.0096101043382757,-0.0005553147542294,-0.0005080333842235
2001-11-01,225.0,280.0,225.0,270.0,462.0,270.0,238.5,236.5,222.22,199.54,390.7525,False,False,False,False,False,False,True,True,False,False,True,0.0555555555555555,0.1018518518518518,,,0.1769629629629629,0.260962962962963,-0.1851851851851851,-0.2111111111111111,0.0005011526510974,-0.0095137420718816,172.5,197.5,15.93103448275862,0.0166501665016649,0.0070400621633891,0.0033424415934693
2001-11-02,270.0,292.5,265.0,270.0,388.0,270.0,245.5,239.0,225.32,199.80666666666667,389.8275,False,False,False,False,False,False,True,True,False,True,False,0.0277777777777777,0.074074074074074,,,0.1654814814814815,0.2599753086419752,-0.1666666666666666,-0.1666666666666666,0.0013346234693537,-0.0324267782426778,177.5,190.0,0.8398268398268398,0.0137582105450026,-0.0028919559566623,0.0008334708182562
2001-11-05,262.5,272.5,247.5,255.0,85.0,255.0,249.0,241.5,227.82,199.8733333333333,387.9275,False,False,False,False,False,False,True,True,False,True,False,0.0686274509803921,0.1372549019607843,,,0.1065882352941176,0.2161830065359478,-0.1078431372549019,-0.0784313725490196,0.0003335445782327,-0.046583850931677,177.5,185.0,0.2190721649484536,0.0109735756298832,-0.0027846349151193,-0.001001078891121
2001-11-06,262.5,292.5,257.5,290.0,233.0,290.0,262.0,247.0,231.32,200.44,386.4025,False,False,False,False,False,False,True,True,False,False,False,-0.0775862068965517,-0.0172413793103448,,,0.2023448275862069,0.3088275862068965,-0.2241379310344827,-0.1724137931034483,0.0028271136832303,-0.0678137651821862,175.0,172.5,2.741176470588236,0.0151305550752204,0.0041569794453372,0.0024935691049976
2001-11-07,290.0,307.5,255.0,262.5,426.0,262.5,269.5,250.25,234.32,200.70666666666668,384.64,False,False,False,False,False,False,True,True,False,True,False,0.0476190476190476,0.0285714285714285,,,0.1073523809523809,0.2354031746031745,-0.1333333333333333,-0.0857142857142857,0.0013286388095396,-0.0759240759240759,170.0,162.5,1.8283261802575108,0.0128030044383748,-0.0023275506368456,-0.0014984748736906
2001-11-08,262.5,285.0,262.5,285.0,60.0,285.0,272.5,255.5,237.82,201.40666666666667,383.215,False,False,False,False,False,False,True,True,False,False,False,0.043859649122807,-0.0701754385964912,,,0.1655438596491228,0.2933099415204678,-0.2719298245614035,-0.1140350877192982,0.0034755552613285,-0.0868884540117416,172.5,170.0,0.1408450704225352,0.0147170128668741,0.0019140084284992,0.0021469164517889
2001-11-09,277.5,290.0,275.0,277.5,54.0,277.5,274.0,259.75,240.42,201.94,381.8775,False,False,False,False,False,False,True,True,False,True,False,0.045045045045045,-0.045045045045045,,,0.1336216216216216,0.2722882882882882,-0.3243243243243243,-0.09009009009009,0.002641048496253,-0.0941289701636188,155.0,175.0,0.9,0.0108144081191248,-0.0039026047477492,-0.0008345067650755
2001-11-12,272.5,275.0,267.5,272.5,18.0,272.5,277.5,263.25,242.52,202.50666666666663,380.315,False,False,False,False,False,False,True,True,False,True,False,0.0642201834862385,0.0091743119266055,,,0.1100183486238531,0.2568562691131499,-0.2568807339449541,-0.0458715596330275,0.00279826178562,-0.0976258309591642,157.5,170.0,0.3333333333333333,0.0086590796635329,-0.0021553284555918,0.000157213289367
2001-11-13,272.5,272.5,267.5,267.5,34.0,267.5,273.0,267.5,245.02,203.14,378.1775,False,False,False,False,False,False,True,True,False,False,False,0.0654205607476635,-0.0467289719626168,,,0.08403738317757,0.2405981308411215,-0.2616822429906542,-0.02803738317757,0.0031177184864298,-0.1007476635514018,157.5,205.0,1.8888888888888888,0.0102032487143906,0.0015441690508576,0.0003194567008097
2001-11-14,267.5,279.0,267.5,275.0,45.0,275.0,275.5,272.5,248.1,204.07333333333327,376.3025,False,False,False,False,False,False,True,True,False,False,False,-0.0181818181818181,-0.0363636363636363,,,0.0978181818181818,0.2579151515151517,-0.3181818181818182,-0.0636363636363636,0.0045735193231188,-0.1062385321100917,150.0,185.0,1.3235294117647058,0.0124143490528012,0.0022111003384105,0.001455800836689
2001-11-15,280.0,297.5,280.0,297.5,241.0,297.5,278.0,275.25,251.7,205.50666666666663,374.44,False,False,False,False,False,False,True,True,False,False,False,-0.1092436974789916,-0.1176470588235294,,,0.1539495798319328,0.3092212885154062,-0.3697478991596639,-0.1260504201680672,0.0069746318043211,-0.0980926430517711,155.0,175.0,5.355555555555555,0.0143027413587604,0.0018883923059591,0.0024011124812023
2001-11-16,297.5,310.0,282.5,290.0,200.0,290.0,280.5,277.25,254.8,206.7733333333333,372.54,False,False,False,False,False,False,True,True,False,True,False,-0.0862068965517241,-0.1379310344827586,,,0.1213793103448275,0.2869885057471265,-0.3275862068965517,-0.1293103448275862,0.0061258705184421,-0.0946798917944093,172.5,172.5,0.8298755186721992,0.0121664050235479,-0.0021363363352124,-0.000848761285879
2001-11-19,292.5,295.0,290.0,290.0,29.0,290.0,284.0,280.75,257.9,208.00666666666663,370.365,False,False,False,False,False,False,True,True,False,True,False,-0.0517241379310344,-0.1637931034482758,,,0.1106896551724138,0.2827356321839082,-0.3017241379310345,-0.146551724137931,0.0059292971379121,-0.101513802315227,172.5,175.0,0.145,0.0120201628538191,-0.0001462421697287,-0.0001965733805299
2001-11-20,288.0,302.5,285.0,285.0,108.0,285.0,287.5,280.25,259.2,209.10666666666663,367.79,False,False,False,False,False,False,True,True,False,True,False,-0.1052631578947368,-0.1666666666666666,,,0.0905263157894737,0.2662923976608188,-0.2280701754385964,-0.1578947368421052,0.0052604731237645,-0.0999107939339875,170.0,170.0,3.724137931034482,0.0050154320987654,-0.0070047307550537,-0.0006688240141476
2001-11-21,275.0,280.0,260.0,270.0,76.0,270.0,286.5,281.0,259.6,210.04,365.365,False,False,False,False,False,False,True,True,False,True,True,-0.0185185185185185,-0.1203703703703703,,,0.0385185185185184,0.2220740740740741,-0.1666666666666666,-0.0648148148148148,0.004443598044817,-0.097864768683274,172.5,205.0,0.7037037037037037,0.0015408320493067,-0.0034746000494587,-0.0008168750789475
2001-11-22,267.5,272.5,262.5,265.0,17.0,265.0,280.0,279.0,260.7,210.94,362.99,False,False,False,False,False,False,True,True,False,False,False,-0.0094339622641509,-0.1698113207547169,,,0.0162264150943396,0.204,-0.160377358490566,-0.0754716981132075,0.0042666160993647,-0.0940860215053763,177.5,195.0,0.2236842105263158,0.0042194092827002,0.0026785772333935,-0.0001769819454522
2001-11-26,265.0,267.5,262.5,265.0,12.0,265.0,275.0,277.75,261.5,211.94,360.34,False,False,False,False,False,False,True,True,False,True,False,-0.0566037735849056,-0.1509433962264151,,,0.0132075471698113,0.2002264150943396,-0.2358490566037736,-0.0754716981132075,0.0047183165046711,-0.0927092709270927,192.5,185.0,0.7058823529411765,0.0030592734225621,-0.0011601358601381,0.0004517004053063
2001-11-27,275.0,280.0,270.0,275.0,47.0,275.0,272.0,278.0,263.3,213.14,357.79,False,False,False,False,False,False,True,True,False,False,False,-0.1181818181818181,-0.1727272727272727,,,0.0425454545454545,0.2249454545454546,-0.2181818181818181,-0.1454545454545454,0.0056301022801913,-0.1025179856115107,192.5,182.5,3.9166666666666665,0.0068363083934675,0.0037770349709053,0.0009117857755202
2001-11-28,265.0,265.0,242.5,255.0,69.0,255.0,266.0,276.75,264.1,214.24,355.065,False,False,False,False,False,False,True,True,False,True,False,-0.0686274509803921,-0.1176470588235294,,,-0.035686274509804,0.1598431372549019,-0.1568627450980392,-0.0686274509803921,0.0051344286781181,-0.1065943992773261,202.5,175.0,1.4680851063829787,0.0030291556228701,-0.0038071527705974,-0.0004956736020732
2001-11-29,250.0,265.0,242.5,265.0,69.0,265.0,265.0,275.75,265.5,215.60666666666663,352.365,False,False,False,False,False,False,True,True,False,False,False,-0.1037735849056603,-0.1415094339622641,,,-0.0018867924528301,0.1863899371069184,-0.0471698113207547,-0.1509433962264151,0.0063387031940877,-0.1151405258386219,187.5,177.5,1.0,0.0052730696798492,0.002243914056979,0.0012042745159696
2001-11-30,265.0,267.5,260.0,262.5,40.0,262.5,264.5,272.25,266.7,216.84,349.7025,False,False,False,False,False,False,True,True,False,True,False,-0.1619047619047619,-0.2095238095238095,,,-0.0159999999999999,0.1739428571428571,0.0666666666666666,-0.1428571428571428,0.0056877574863188,-0.1166207529843893,197.5,172.5,0.5797101449275363,0.0044994375703036,-0.0007736321095455,-0.0006509457077689
2001-12-03,265.0,265.0,250.0,250.0,32.0,250.0,261.5,268.25,267.3,217.84,347.1525,False,False,False,False,False,False,True,True,False,True,False,-0.1,-0.25,,,-0.0692,0.1286399999999999,0.04,-0.12,0.0045905251560778,-0.1155638397017707,212.5,177.5,0.8,0.0022446689113356,-0.002254768658968,-0.0010972323302409
2001-12-04,250.0,250.0,240.0,242.5,20.0,242.5,255.0,263.5,267.5,218.80666666666667,344.415,False,False,False,False,False,False,True,True,False,True,False,-0.0618556701030927,-0.1649484536082474,,,-0.1030927835051546,0.0977044673539518,0.2371134020618556,-0.0618556701030927,0.0044179031717498,-0.1072106261859582,220.0,177.5,0.625,0.0007476635514018,-0.0014970053599338,-0.000172621984328
2001-12-05,240.0,242.5,232.5,237.5,48.0,237.5,251.5,258.75,268.0,219.24,341.7025,False,False,False,False,False,False,True,True,True,False,False,-0.0526315789473684,-0.1684210526315789,,,-0.1284210526315789,0.0768842105263157,0.2652631578947368,-0.0210526315789473,0.0019765249650307,-0.093719806763285,205.0,175.0,2.4,0.001865671641791,0.0011180080903892,-0.002441378206719
2001-12-06,240.0,245.0,237.5,237.5,26.0,237.5,246.0,255.5,268.5,219.94,339.065,False,False,False,False,False,False,True,True,False,True,False,-0.0421052631578947,-0.2105263157894736,,,-0.1305263157894736,0.0739368421052631,0.2,0.0105263157894736,0.0031826861871418,-0.0870841487279843,198.0,170.0,0.5416666666666666,0.0018621973929236,-3.474248867394846e-06,0.0012061612221111
2001-12-07,237.5,237.5,220.0,220.0,84.0,220.0,237.5,251.0,266.5,220.54,336.39,False,False,False,False,False,False,False,True,False,True,False,-0.0568181818181818,-0.1477272727272727,,,-0.2113636363636363,-0.0024545454545454,0.3068181818181818,0.0795454545454545,0.0027205949034188,-0.0737051792828685,207.5,172.5,3.230769230769231,-0.0075046904315197,-0.0093668878244433,-0.000462091283723
2001-12-10,225.0,230.0,220.0,225.0,20.0,225.0,232.5,247.0,264.7,221.24,334.04,False,False,False,False,False,False,False,True,False,False,False,-0.1666666666666666,-0.1333333333333333,,,-0.1764444444444444,0.016711111111111,0.1777777777777777,0.0333333333333333,0.0031639848128729,-0.0637651821862348,212.5,155.0,0.238095238095238,-0.0068001511144692,0.0007045393170504,0.0004433899094541
2001-12-11,222.5,230.0,217.5,227.5,19.0,227.5,229.5,242.25,263.6,221.94,331.9275,False,False,False,False,False,False,False,True,False,False,False,-0.1098901098901098,-0.1098901098901098,,,-0.1586813186813188,0.0244395604395604,0.1758241758241758,0.0329670329670329,0.0031540055870955,-0.045407636738906,212.5,157.5,0.95,-0.004172989377845,0.0026271617366241,-9.979225777414795e-06
2001-12-12,227.5,227.5,222.5,225.0,25.0,225.0,227.0,239.25,261.0,222.6733333333333,329.6025,False,False,False,False,False,False,False,True,False,True,False,-0.1222222222222222,-0.0222222222222222,,,-0.16,0.0103407407407408,0.1111111111111111,0.0444444444444444,0.0032933145714199,-0.0344827586206896,252.5,157.5,1.3157894736842106,-0.0099616858237548,-0.0057886964459097,0.0001393089843243
2001-12-13,222.5,227.5,222.5,227.5,13.0,227.5,225.0,235.5,259.6,222.97333333333333,327.265,False,False,False,False,False,False,False,True,False,False,False,-0.1758241758241758,-0.0109890109890109,,,-0.1410989010989012,0.0198974358974359,0.0769230769230769,0.2197802197802197,0.0013454523709861,0.0031847133757961,260.0,150.0,0.52,-0.0053929121725731,0.0045687736511817,-0.0019478622004338
2001-12-14,222.5,227.5,207.5,207.5,15.0,207.5,222.5,230.0,256.5,223.14,324.8775,False,False,False,False,False,False,False,True,False,True,False,-0.0963855421686747,0.072289156626506,,,-0.236144578313253,-0.0753734939759035,0.216867469879518,0.2891566265060241,0.0007469152400585,0.0456521739130434,237.5,155.0,1.1538461538461535,-0.0120857699805069,-0.0066928578079338,-0.0005985371309276
2001-12-17,207.5,207.5,185.5,187.5,36.0,187.5,215.0,223.75,252.9,223.1733333333333,322.69,False,False,False,False,False,False,False,True,False,True,False,0.04,0.08,,,-0.3488,-0.1902577777777777,0.4,0.3733333333333333,0.0001493607360496,0.0916201117318435,245.0,172.5,2.4,-0.0142348754448398,-0.0021491054643329,-0.0005975545040088
2001-12-18,202.5,207.5,197.5,202.5,25.0,202.5,210.0,219.75,250.1,223.44,320.6525,False,False,False,False,False,False,False,True,False,False,False,0.0,0.0617283950617283,,,-0.2350617283950617,-0.1034074074074073,0.2592592592592592,0.2716049382716049,0.0011934598400764,0.1251422070534698,230.0,172.5,0.6944444444444444,-0.0111955217912835,0.0030393536535563,0.0010440991040267
2001-12-19,205.0,205.0,195.5,197.5,11.0,197.5,204.5,215.75,247.3,223.74,318.59,False,False,False,False,False,False,False,True,False,True,False,0.1139240506329113,0.0886075949367088,,,-0.2521518987341772,-0.1328607594936709,0.3417721518987341,0.2911392405063291,0.0013408420488067,0.1564310544611819,235.0,170.0,0.44,-0.0113222806308127,-0.0001267588395291,0.0001473822087302
2001-12-20,197.5,197.5,187.5,187.5,13.0,187.5,196.5,210.75,243.8,223.8733333333333,316.5775,False,False,False,False,False,False,False,True,False,True,False,0.2,0.3466666666666667,,,-0.3002666666666667,-0.1939911111111109,0.3333333333333333,0.3066666666666666,0.0005955748786514,0.1862396204033214,230.0,172.5,1.181818181818182,-0.0143560295324036,-0.0030337489015909,-0.0007452671701552
2001-12-21,187.5,187.5,185.0,187.5,13.0,187.5,192.5,207.5,239.4,224.07333333333327,314.54,False,False,False,False,False,False,False,True,False,True,False,0.1866666666666666,0.4933333333333333,,,-0.2768,-0.1950577777777774,0.32,0.2666666666666666,0.0008925649340987,0.2048192771084337,232.5,177.5,1.0,-0.0183792815371762,-0.0040232520047726,0.0002969900554473
2001-12-25,187.5,195.0,187.5,195.0,5.0,195.0,194.0,204.5,235.6,224.30666666666667,312.29,False,False,False,False,False,False,False,True,False,False,False,0.0384615384615384,0.3333333333333333,,,-0.2082051282051281,-0.1502905982905983,0.2179487179487179,0.2564102564102564,0.0010402425251147,0.2286063569682151,235.0,192.5,0.3846153846153846,-0.0161290322580645,0.0022502492791117,0.0001476775910159
2001-12-26,200.0,202.5,192.5,202.5,22.0,202.5,194.0,202.0,232.1,224.64,310.0525,False,False,False,False,False,False,False,True,False,False,False,0.0617283950617283,0.4814814814814814,,,-0.1461728395061728,-0.1093333333333332,0.1728395061728395,0.2222222222222222,0.0014838556505222,0.25,237.5,192.5,4.4,-0.0150797070228349,0.0010493252352295,0.0004436131254074
2001-12-27,205.0,225.0,205.0,220.0,63.0,220.0,198.5,201.5,229.5,225.24,308.1525,False,False,False,False,False,False,False,True,False,False,False,-0.0227272727272727,0.3659090909090909,,,-0.0431818181818181,-0.0238181818181818,0.0681818181818181,0.125,0.0026638252530634,0.2593052109181141,225.0,202.5,2.863636363636364,-0.0113289760348583,0.0037507309879766,0.0011799696025412
2001-12-28,225.0,225.0,220.0,225.0,46.0,225.0,206.0,201.25,227.7,225.97333333333333,306.4275,False,False,False,False,False,False,False,True,False,False,False,0.1222222222222222,0.2666666666666666,,,-0.0119999999999999,-0.0043259259259259,0.0333333333333333,0.1222222222222222,0.0032452206750058,0.2484472049689441,225.0,187.5,0.7301587301587301,-0.0079051383399209,0.0034238376949373,0.0005813954219423
2002-01-04,225.0,225.0,222.5,222.5,19.0,222.5,213.0,202.75,226.0,226.64,304.865,False,False,True,False,False,False,False,True,False,False,True,0.2584269662921348,0.2921348314606741,,,-0.0157303370786516,-0.0186067415730336,0.1797752808988764,0.1235955056179775,0.0029415225320625,0.2305795314426633,270.0,197.5,0.4130434782608695,-0.0075221238938052,0.0003830144461157,-0.0003036981429432
2002-01-07,220.0,225.0,200.0,202.5,137.0,202.5,214.5,204.25,223.5,227.2733333333333,303.2275,False,False,False,False,False,False,False,True,False,True,False,0.2839506172839506,0.3086419753086419,,,-0.1037037037037037,-0.1223374485596706,0.2592592592592592,0.2098765432098765,0.0027866592355753,0.215422276621787,270.0,212.5,7.2105263157894735,-0.0111856823266219,-0.0036635584328166,-0.0001548632964872
2002-01-08,200.0,217.5,200.0,215.0,49.0,215.0,217.0,205.5,221.1,228.04,301.8525,False,False,False,False,False,False,False,True,False,False,False,0.3953488372093023,0.2441860465116279,,,-0.0283720930232557,-0.0606511627906976,0.1395348837209302,0.1046511627906976,0.0033619832777875,0.1982968369829683,255.0,220.0,0.3576642335766423,-0.0108548168249661,0.0003308655016558,0.0005753240422122
2002-01-09,217.5,222.5,212.5,215.0,102.0,215.0,216.0,207.25,219.5,228.80666666666667,300.1775,False,False,False,False,False,False,False,True,False,False,False,0.3976744186046511,0.1627906976744186,,,-0.0209302325581395,-0.0642170542635659,0.1162790697674418,0.0813953488372093,0.0033507182191661,0.1773220747889023,290.0,205.0,2.0816326530612246,-0.0072892938496582,0.0035655229753078,-1.12650586214149e-05
2002-01-10,215.0,260.0,215.0,252.5,838.0,252.5,221.5,213.75,219.0,230.1733333333333,298.765,False,False,False,False,True,False,False,True,False,False,False,0.1287128712871287,-0.0297029702970297,,,0.1326732673267326,0.0884224422442244,-0.0891089108910891,-0.0891089108910891,0.005937554306899,0.1345029239766081,262.5,198.0,8.215686274509803,-0.002283105022831,0.0050061888268272,0.0025868360877328
2002-01-11,255.0,282.5,255.0,280.0,624.0,280.0,233.0,223.0,219.7,231.84,297.415,False,False,False,False,False,False,True,True,True,False,False,0.0267857142857142,-0.0982142857142857,,,0.2153571428571428,0.172,-0.1714285714285714,-0.1785714285714285,0.0071888658845181,0.0840807174887892,285.0,207.5,0.7446300715990454,0.0031861629494765,0.0054692679723075,0.001251311577619
2002-01-15,277.5,287.5,257.5,260.0,178.0,260.0,244.5,229.5,220.1,233.00666666666663,296.015,False,False,False,False,False,False,True,True,False,True,False,0.0192307692307692,0.0096153846153846,,,0.1534615384615384,0.1038205128205129,-0.1057692307692307,-0.0961538461538461,0.005007009813739,0.0490196078431372,277.5,212.5,0.2852564102564102,0.0018173557473875,-0.0013688072020889,-0.002181856070779
2002-01-16,260.0,301.5,257.5,300.0,731.0,300.0,261.5,239.25,222.4,234.70666666666668,294.69,False,False,False,False,False,False,True,True,False,False,False,-0.1083333333333333,-0.15,,,0.2586666666666666,0.2176444444444444,-0.2083333333333333,-0.1866666666666666,0.0072430835653015,0.0048066875653082,272.5,212.5,4.106741573033708,0.010341726618705,0.0085243708713175,0.0022360737515624
2002-01-17,295.0,305.0,287.5,300.5,582.0,300.5,278.6,247.3,224.92,236.44666666666663,293.2425,False,False,False,False,False,False,True,True,False,False,False,-0.168053244592346,-0.1181364392678868,,,0.251514143094842,0.2131558513588465,-0.2346089850249584,-0.2013311148086522,0.0073589533932949,-0.030934088152042,267.5,252.5,0.7961696306429549,0.0112039836386269,0.0008622570199219,0.0001158698279934
2002-01-18,300.0,310.0,280.0,285.0,307.0,285.0,285.1,253.3,226.82,237.94666666666663,291.9175,False,False,False,False,False,False,True,True,False,True,False,-0.1403508771929824,-0.1228070175438596,,,0.204140350877193,0.1650994152046785,-0.2017543859649122,-0.175438596491228,0.0063039336546004,-0.0607974733517568,275.0,260.0,0.5274914089347079,0.0083766863592276,-0.0028272972793993,-0.0010550197386945
2002-01-21,282.5,290.0,280.0,287.5,82.0,287.5,286.6,259.8,229.52,239.41333333333333,290.655,False,False,False,False,False,False,True,True,False,False,False,-0.1217391304347826,-0.1391304347826087,,,0.2016695652173912,0.1672579710144927,-0.2591304347826087,-0.1947826086956521,0.0061260859879707,-0.0914164742109314,297.5,237.5,0.2671009771986971,0.0117636807249913,0.0033869943657637,-0.0001778476666297
2002-01-22,287.5,290.0,262.5,265.0,119.0,265.0,287.6,266.05,231.12,240.38,289.38,False,False,False,False,False,False,True,True,False,True,False,-0.0094339622641509,-0.1037735849056603,,,0.1278490566037735,0.0929056603773585,-0.1509433962264151,-0.1132075471698113,0.0040214105444157,-0.1165194512309716,290.0,245.0,1.451219512195122,0.0069228106611283,-0.0048408700638629,-0.0021046754435549
2002-01-23,255.0,268.0,235.0,267.5,83.0,267.5,281.1,271.3,232.72,241.38,288.1675,False,False,False,False,False,False,True,True,False,True,False,-0.0467289719626168,-0.1121495327102803,,,0.130018691588785,0.0976448598130841,-0.1214953271028037,-0.1214953271028037,0.0041428453061562,-0.1345374124585329,290.0,230.0,0.6974789915966386,0.006875214850464,-4.7595810664340446e-05,0.0001214347617404
2002-01-24,270.0,270.0,247.5,250.0,48.0,250.0,271.0,274.8,233.72,242.0133333333333,286.9175,False,False,False,False,False,False,True,True,False,True,False,0.06,-0.06,,,0.06512,0.0319466666666668,-0.04,-0.066,0.0026169357060215,-0.1451965065502183,285.0,235.0,0.5783132530120482,0.0042786239945233,-0.0025965908559406,-0.0015259096001347
2002-01-25,247.5,255.0,242.5,245.0,40.0,245.0,263.0,274.05,234.42,242.78,285.6175,False,False,False,False,False,False,True,True,False,True,False,0.0204081632653061,-0.0510204081632653,,,0.0431836734693878,0.0090612244897959,-0.0204081632653061,-0.0306122448979591,0.0031578658318918,-0.1401204159824849,270.0,230.0,0.8333333333333334,0.0029860933367459,-0.0012925306577773,0.0005409301258703
2002-01-28,242.5,255.0,242.5,252.5,42.0,252.5,256.0,271.3,236.22,243.5133333333333,284.43,False,False,False,False,False,False,True,True,False,False,False,-0.0198019801980198,0.0396039603960396,,,0.0644752475247524,0.0355907590759077,0.0,-0.0594059405940594,0.003011470966682,-0.1286398820493918,265.0,232.5,1.05,0.0076200152400305,0.0046339219032845,-0.0001463948652098
2002-01-29,245.0,267.5,245.0,262.5,84.0,262.5,255.5,271.55,239.22,244.18,283.1925,False,False,False,False,False,False,True,True,False,False,False,-0.0952380952380952,-0.0285714285714285,,,0.0886857142857142,0.0697904761904761,-0.0380952380952381,-0.1238095238095238,0.0027302263357634,-0.1312833732277665,265.0,235.0,2.0,0.0125407574617506,0.0049207422217201,-0.0002812446309185
2002-01-30,260.0,265.0,245.0,255.0,48.0,255.0,253.0,267.05,241.32,244.64666666666668,281.8925,False,False,False,False,False,False,True,True,False,True,False,-0.0686274509803921,-0.0392156862745098,,,0.0536470588235294,0.0406013071895424,0.0196078431372549,-0.092156862745098,0.0019075128757119,-0.1213255944579666,275.0,237.5,0.5714285714285714,0.0087021382396817,-0.0038386192220689,-0.0008227134600515
2002-01-31,255.0,280.0,255.0,265.0,93.0,265.0,256.0,263.5,244.02,245.44666666666663,280.6175,False,False,False,False,False,False,True,True,False,False,False,-0.1132075471698113,-0.0943396226415094,,,0.0791698113207546,0.0737861635220127,-0.0188679245283018,-0.1037735849056603,0.0032593638808157,-0.1104364326375711,255.0,225.0,1.9375,0.0110646668305877,0.0023625285909059,0.0013518510051038
2002-02-01,262.5,267.5,250.0,250.0,58.0,250.0,257.0,260.0,246.52,246.14,279.3425,True,True,False,False,False,False,True,True,False,True,False,-0.07,-0.08,,,0.0139199999999999,0.01544,0.03,-0.07,0.0028168251130793,-0.0994230769230769,265.0,225.0,0.6236559139784946,0.0101411650170371,-0.0009235018135505,-0.0004425387677363
2002-02-04,247.5,250.0,245.0,247.5,26.0,247.5,256.0,256.0,248.92,246.6733333333333,277.93,False,False,False,False,False,False,True,True,False,True,False,0.0606060606060606,-0.0626262626262626,,,-0.0057373737373736,0.0033400673400674,0.0505050505050505,-0.0666666666666666,0.0021621037269262,-0.085546875,262.5,270.0,0.4482758620689655,0.009641651936365,-0.0004995130806721,-0.000654721386153
2002-02-05,242.5,242.5,237.5,237.5,31.0,237.5,251.0,253.25,250.62,247.00666666666663,276.5925,False,False,False,False,False,False,True,True,False,True,False,0.0736842105263157,-0.0210526315789473,,,-0.0552421052631579,-0.0400280701754384,0.0631578947368421,-0.0421052631578947,0.0013494912418017,-0.0785784797630799,250.0,270.0,1.1923076923076923,0.0067831777192563,-0.0028584742171086,-0.0008126124851245
2002-02-06,242.5,250.0,237.5,237.5,27.0,237.5,247.5,250.25,252.02,247.34,275.28,False,False,False,False,False,False,True,True,False,True,False,0.031578947368421,0.0,,,-0.0611368421052632,-0.0414315789473684,0.0421052631578947,-0.031578947368421,0.0013476725694726,-0.0695304695304695,242.5,255.0,0.8709677419354839,0.0055551146734386,-0.0012280630458176,-1.8186723290899728e-06
2002-02-07,235.0,240.0,230.0,235.0,41.0,235.0,241.5,248.75,252.62,247.10666666666663,273.98,False,False,False,False,False,False,True,False,False,True,False,0.0212765957446808,-0.0212765957446808,,,-0.0749787234042553,-0.0515177304964537,0.0212765957446808,0.0106382978723404,-0.0009442615874387,-0.0623115577889447,237.5,290.0,1.5185185185185186,0.002375108859156,-0.0031800058142826,-0.0022919341569114
2002-02-08,232.5,237.5,227.5,232.5,37.0,232.5,238.0,247.5,252.92,246.74,272.7925,False,False,False,False,False,False,True,False,False,True,False,-0.010752688172043,-0.021505376344086,,,-0.0878279569892472,-0.061247311827957,0.086021505376344,-0.032258064516129,-0.0014860446894164,-0.0626262626262626,237.5,262.5,0.902439024390244,0.001186145816859,-0.001188963042297,-0.0005417831019776
2002-02-12,245.0,275.0,245.0,262.5,107.0,262.5,241.0,248.5,254.52,247.07333333333327,271.68,False,False,False,True,True,False,True,True,False,False,True,-0.1161904761904761,-0.1885714285714285,,,0.0303999999999999,0.0587682539682542,-0.0666666666666666,-0.0857142857142857,0.0013491271147564,-0.0653923541247484,220.0,285.0,2.891891891891892,0.0062863429200063,0.0051001971031473,0.0028351718041729
2002-02-13,260.0,260.0,245.0,255.0,31.0,255.0,244.5,247.75,256.62,247.20666666666668,270.555,False,False,False,False,False,False,True,True,False,False,False,-0.088235294117647,-0.1176470588235294,,,-0.0063529411764706,0.0305620915032679,-0.0392156862745098,-0.0686274509803921,0.0005393597799415,-0.0595358224016145,225.0,277.5,0.2897196261682243,0.0081833060556464,0.00189696313564,-0.0008097673348149
2002-02-14,255.0,255.0,245.0,245.0,29.0,245.0,246.0,246.75,257.82,247.40666666666667,269.505,False,False,False,False,False,False,True,True,False,True,False,-0.0306122448979591,-0.0408163265306122,,,-0.0523265306122448,-0.0098231292517006,-0.0408163265306122,-0.0510204081632653,0.0008083856538492,-0.0553191489361702,227.5,272.5,0.935483870967742,0.0046544100535256,-0.0035288960021207,0.0002690258739076
2002-02-15,247.5,247.5,232.5,240.0,42.0,240.0,247.0,244.25,258.82,247.47333333333333,268.48,False,False,False,False,False,False,True,True,False,True,False,-0.0416666666666666,0.0,,,-0.0784166666666666,-0.0311388888888888,-0.0104166666666666,-0.0416666666666666,0.0002693892944694,-0.0487205731832139,225.0,267.5,1.4482758620689655,0.0038636890503052,-0.0007907210032204,-0.0005389963593797
2002-02-18,237.5,240.0,225.0,230.0,31.0,230.0,246.5,242.25,257.92,247.47333333333333,267.355,False,False,False,False,False,False,False,False,False,True,False,-0.0108695652173913,0.0434782608695652,,,-0.1213913043478261,-0.0759710144927536,-0.0217391304347826,0.0,0.0,-0.0418988648090815,227.5,275.0,0.7380952380952381,-0.0034894540942927,-0.0073531431445979,-0.0002693892944694
2002-02-19,237.5,237.5,227.5,232.0,19.0,232.0,240.4,240.7,256.0,247.46666666666667,266.315,False,False,False,False,False,False,False,False,False,True,False,-0.0818965517241379,0.0883620689655172,,,-0.1034482758620689,-0.0666666666666666,-0.0301724137931034,-0.0086206896551724,-2.693965517238929e-05,-0.0361445783132529,207.5,297.5,0.6129032258064516,-0.0075,-0.0040105459057073,-2.693965517238929e-05
2002-02-20,230.0,235.0,222.5,232.5,33.0,232.5,235.9,240.2,254.9,247.4333333333333,265.2025,False,False,False,False,False,False,False,False,False,False,False,-0.032258064516129,0.086021505376344,,,-0.0963440860215054,-0.0642293906810034,-0.053763440860215,0.021505376344086,-0.0001347164219319,-0.0299750208159866,187.5,290.0,1.736842105263158,-0.0043154178109062,0.0031845821890938,-0.0001077767667595
2002-02-21,227.5,240.0,227.5,237.5,35.0,237.5,234.4,240.2,252.4,247.4333333333333,264.19,False,False,False,False,False,False,False,False,False,True,False,-0.0105263157894736,0.0947368421052631,,,-0.0627368421052631,-0.0418245614035086,-0.0421052631578947,0.0526315789473684,0.0,-0.0216486261448792,202.5,290.0,1.0606060606060606,-0.009904912836767,-0.0055894950258608,0.0001347164219319
2002-02-22,235.0,237.5,225.0,230.0,30.0,230.0,232.4,239.7,249.58,247.5,263.065,False,False,False,False,False,False,False,True,False,True,False,0.0434782608695652,0.1304347826086956,,,-0.0851304347826087,-0.0760869565217391,0.0108695652173913,0.0543478260869565,0.0002693602693603,-0.0175219023779724,197.5,285.0,0.8571428571428571,-0.0112989822902475,-0.0013940694534805,0.0002693602693603
2002-02-25,230.0,237.5,225.0,227.5,25.0,227.5,231.9,239.2,247.28,247.53333333333333,261.9525,False,False,True,False,False,False,False,True,False,False,False,0.0549450549450549,0.1318681318681318,,,-0.0869450549450549,-0.088058608058608,0.0549450549450549,0.0549450549450549,0.000134661998384,-0.0091973244147156,187.5,270.0,0.8333333333333334,-0.0093011970236169,0.0019977852666305,-0.0001346982709763
2002-02-26,225.0,225.0,212.5,213.0,41.0,213.0,228.1,234.25,244.3,246.7733333333333,260.7675,False,False,False,False,False,False,False,False,False,True,False,0.1854460093896713,0.2206572769953051,,,-0.1469483568075117,-0.1585602503912362,0.1150234741784037,0.1267605633802817,-0.0030797492976011,0.0117395944503735,187.5,265.0,1.64,-0.0121981170691771,-0.0028969200455602,-0.0032144112959851
2002-02-27,212.5,232.5,212.5,225.0,67.0,225.0,226.6,231.25,242.7,246.1733333333333,259.0175,False,False,False,False,False,False,False,False,False,False,False,0.1222222222222222,0.1222222222222222,,,-0.0786666666666666,-0.0941037037037036,0.0333333333333333,0.0777777777777777,-0.0024373070465254,0.027027027027027,195.0,265.0,1.6341463414634143,-0.0065925010300783,0.0056056160390988,0.0006424422510756
2002-02-28,225.0,237.5,225.0,235.0,40.0,235.0,226.1,230.25,241.4,245.90666666666667,257.3675,False,False,False,False,False,False,False,False,False,False,False,0.1063829787234042,0.0531914893617021,,,-0.0272340425531915,-0.0464113475177304,0.0,-0.0106382978723404,-0.0010844222740334,0.0314875135722041,202.5,275.0,0.5970149253731343,-0.0053852526926262,0.0012072483374521,0.001352884772492
2002-03-01,235.0,242.5,230.0,240.0,63.0,240.0,228.1,230.25,241.0,245.24,255.9175,False,False,False,False,False,False,False,False,False,False,False,0.0833333333333333,0.0,,,-0.0041666666666666,-0.0218333333333333,-0.0208333333333333,-0.0520833333333333,-0.0027184254879573,0.0304017372421281,220.0,255.0,1.575,-0.0016597510373444,0.0037255016552818,-0.0016340032139238
2002-03-04,242.5,252.5,240.0,240.0,82.0,240.0,230.6,231.25,240.8,244.94,254.2925,False,False,False,False,False,False,False,False,False,False,True,0.0729166666666666,0.0520833333333333,,,-0.0033333333333333,-0.0205833333333333,0.15625,-0.0520833333333333,-0.0012247897444272,0.0248648648648648,225.0,265.0,1.3015873015873016,-0.0008305647840531,0.0008291862532913,0.00149363574353
2002-03-05,245.0,255.0,240.0,252.5,129.0,252.5,238.5,233.3,240.8,244.50666666666663,252.88,False,False,False,False,True,False,False,False,False,False,False,0.0297029702970297,-0.0297029702970297,,,0.0463366336633662,0.0316567656765677,0.0594059405940594,-0.099009900990099,-0.0017722761478897,0.0147878268324045,222.5,262.5,1.5731707317073171,0.0,0.0008305647840531,-0.0005474864034625
2002-03-06,252.5,257.5,245.0,252.5,89.0,252.5,244.0,235.3,240.4,244.1733333333333,251.4425,False,False,False,False,False,False,False,False,False,True,False,0.0,-0.0297029702970297,,,0.0479207920792079,0.032976897689769,0.0198019801980198,-0.1188118811881188,-0.0013651504395783,-0.0002124946876328,202.5,250.0,0.689922480620155,-0.0016638935108153,-0.0016638935108153,0.0004071257083113
2002-03-07,257.5,265.0,255.0,260.0,108.0,260.0,249.0,237.55,240.6,244.00666666666663,250.1675,False,False,False,False,False,False,True,False,False,False,False,-0.048076923076923,-0.0961538461538461,,,0.0746153846153846,0.0615128205128206,-0.0096153846153846,-0.1442307692307692,-0.000683041446955,-0.0212586823826563,215.0,242.5,1.2134831460674158,0.0008312551953449,0.0024951487061602,0.0006821089926232
2002-03-08,265.0,267.5,257.5,260.0,120.0,260.0,253.0,240.55,240.4,243.90666666666667,248.9675,False,False,False,False,False,False,False,False,False,True,False,-0.0769230769230769,-0.0865384615384615,,,0.0753846153846153,0.0618974358974359,-0.0192307692307692,-0.2307692307692307,-0.0004099928934563,-0.0511328206194138,215.0,237.5,1.1111111111111112,-0.0008319467554076,-0.0016632019507525,0.0002730485534987
2002-03-11,260.0,272.5,252.5,257.5,122.0,257.5,256.5,243.55,240.7,243.6733333333333,248.13,False,False,False,False,False,False,True,False,True,False,False,-0.0194174757281553,-0.1262135922330097,,,0.0652427184466019,0.0536957928802589,-0.0485436893203883,-0.2097087378640776,-0.0009575661404613,-0.0778074317388627,252.5,237.5,1.0166666666666666,0.0012463647694224,0.00207831152483,-0.0005475732470049
2002-03-12,265.0,265.0,257.5,260.0,48.0,260.0,258.0,248.25,241.2,243.1733333333333,247.505,False,False,False,False,False,False,True,False,False,False,False,-0.0576923076923076,-0.1346153846153846,,,0.0723076923076923,0.0647179487179487,-0.0865384615384615,-0.2115384615384615,-0.0020561465072924,-0.1093655589123867,280.0,220.0,0.3934426229508196,0.0020729684908789,0.0008266037214564,-0.0010985803668311
2002-03-13,260.0,265.0,252.5,252.5,69.0,252.5,258.0,251.0,241.8,242.6733333333333,246.7175,False,False,False,False,False,False,True,False,False,False,False,-0.0297029702970297,-0.1287128712871287,,,0.0423762376237623,0.0389174917491749,-0.0297029702970297,-0.2277227722772277,-0.0020603829565121,-0.1380478087649402,260.0,225.0,1.4375,0.0024813895781638,0.0004084210872849,-4.236449219717758e-06
2002-03-14,252.5,255.0,247.5,247.5,14.0,247.5,255.5,252.25,242.2,242.10666666666663,245.98,False,True,False,False,False,False,True,False,False,True,False,-0.0505050505050505,-0.0808080808080808,,,0.0214141414141414,0.0217912457912459,0.0,-0.2121212121212121,-0.0023405661416456,-0.157185332011893,300.0,227.5,0.2028985507246377,0.0016515276630882,-0.0008298619150756,-0.0002801831851334
2002-03-15,242.5,245.0,240.0,240.0,16.0,240.0,251.5,252.25,242.4,241.50666666666663,245.23,False,False,False,False,False,False,True,False,False,True,False,-0.0104166666666666,-0.03125,,,-0.01,-0.0062777777777776,0.03125,-0.1875,-0.002484403467123,-0.1700693756194252,300.5,225.0,1.1428571428571428,0.0008250825082508,-0.0008264451548373,-0.0001438373254773
2002-03-18,240.0,255.0,240.0,252.5,32.0,252.5,250.5,253.5,243.2,241.2733333333333,244.5925,False,False,False,False,False,False,True,False,True,False,True,-0.1089108910891089,-0.0495049504950495,,,0.0368316831683168,0.0444620462046205,0.0,-0.2277227722772277,-0.0009670912657842,-0.18698224852071,285.0,227.5,2.0,0.0032894736842104,0.0024643911759595,0.0015173122013387
2002-03-19,255.0,255.0,240.0,245.0,41.0,245.0,247.5,252.75,242.5,241.00666666666663,243.9175,False,False,False,False,False,False,False,False,False,True,False,-0.0816326530612244,-0.0306122448979591,,,0.010204081632653,0.0162993197278913,0.0204081632653061,-0.173469387755102,-0.0011064700838151,-0.1944609297725024,287.5,207.5,1.28125,-0.0028865979381442,-0.0061760716223547,-0.0001393788180309
2002-03-20,247.5,250.0,240.0,245.0,28.0,245.0,246.0,252.0,242.1,240.74,243.2925,False,False,False,False,False,False,False,False,False,False,False,-0.1020408163265306,-0.0510204081632653,,,0.0118367346938775,0.0173877551020407,0.0,-0.1653061224489796,-0.0011076957159866,-0.1992063492063491,265.0,187.5,0.6829268292682927,-0.0016522098306485,0.0012343881074957,-1.225632171473253e-06
2002-03-22,250.0,250.0,235.0,235.0,33.0,235.0,243.5,249.5,241.7,240.20666666666668,242.63,False,False,False,False,False,True,False,False,False,True,False,-0.0319148936170212,0.0,,,-0.0285106382978722,-0.0221560283687943,0.0106382978723404,-0.1595744680851064,-0.0022203102883627,-0.2012024048096192,267.5,202.5,1.1785714285714286,-0.0016549441456351,-2.7343149865924777e-06,-0.0011126145723761
2002-03-25,240.0,240.0,235.0,237.5,13.0,237.5,243.0,247.25,241.6,239.97333333333333,241.9675,False,False,False,False,False,False,False,False,False,False,False,-0.0210526315789473,-0.0105263157894736,,,-0.0172631578947368,-0.0104140350877192,-0.0210526315789473,-0.1831578947368421,-0.0009723302589177,-0.1963599595551062,250.0,197.5,0.3939393939393939,-0.0004139072847681,0.0012410368608669,0.001247980029445
2002-03-26,237.5,237.5,225.0,225.0,51.0,225.0,237.5,244.0,241.4,239.44,241.2425,False,False,False,False,False,False,False,False,False,True,False,0.0666666666666666,0.2333333333333333,,,-0.0728888888888889,-0.0641777777777777,0.0222222222222222,-0.1377777777777777,-0.0022274195344693,-0.1895491803278688,245.0,187.5,3.923076923076923,-0.0008285004142501,-0.0004145931294819,-0.0012550892755515
2002-03-27,227.5,227.5,225.0,225.0,55.0,225.0,233.5,240.5,241.12,238.94,240.53,False,False,False,False,False,False,False,False,False,True,False,0.0555555555555555,0.1888888888888888,,,-0.0716444444444444,-0.0619555555555555,0.0222222222222222,-0.1644444444444444,-0.002092575541977,-0.1848232848232847,252.5,187.5,1.0784313725490196,-0.0011612475116124,-0.0003327470973623,0.0001348439924922
2002-03-28,225.0,227.5,217.5,220.0,87.0,220.0,228.5,237.25,240.62,238.54,239.8175,False,False,False,False,False,False,False,False,False,True,False,0.0568181818181818,0.1704545454545454,,,-0.0937272727272727,-0.0842727272727272,0.0681818181818181,-0.1363636363636363,-0.0016768676113021,-0.1757639620653318,262.5,195.0,1.5818181818181818,-0.0020779652564209,-0.0009167177448084,0.0004157079306749
2002-03-29,222.0,227.5,222.0,227.5,29.0,227.5,227.0,235.25,240.22,238.34,239.13,False,False,False,False,False,False,False,False,False,False,False,0.0329670329670329,0.1318681318681318,,,-0.0559120879120879,-0.0476483516483516,0.0725274725274725,-0.1824175824175824,-0.0008391373667868,-0.1725823591923485,255.0,202.5,0.3333333333333333,-0.0016651402880692,0.0004128249683516,0.0008377302445152
2002-04-01,232.5,235.0,227.5,232.5,24.0,232.5,226.0,234.5,240.32,238.2733333333333,238.48,False,False,False,False,False,False,True,False,False,False,False,0.010752688172043,0.0967741935483871,,,-0.0336344086021505,-0.0248315412186379,0.032258064516129,-0.2258064516129032,-0.0002797907165441,-0.1763326226012793,265.0,220.0,0.8275862068965517,0.0004161118508654,0.0020812521389347,0.0005593466502427
2002-04-02,245.0,260.0,240.0,240.0,34.0,240.0,229.0,233.25,240.82,238.30666666666667,237.705,False,False,False,False,False,False,True,True,True,False,False,0.15625,0.0208333333333333,,,-0.0034166666666666,0.0070555555555555,-0.0208333333333333,-0.2645833333333333,0.0001398757902983,-0.1798499464094319,250.0,225.0,1.4166666666666667,0.0020762395149904,0.0016601276641249,0.0004196665068424
2002-04-03,240.0,240.0,232.5,237.5,28.0,237.5,231.5,232.5,241.8,238.54,236.98,False,False,False,False,False,False,True,True,False,False,False,0.1263157894736842,0.0,,,-0.0181052631578947,-0.004378947368421,-0.0252631578947368,-0.3052631578947368,0.0009781727732594,-0.1933333333333332,247.5,222.5,0.8235294117647058,0.0040529363110009,0.0019766967960104,0.0008382969829611
2002-04-04,237.0,240.0,230.0,232.5,43.0,232.5,234.0,231.25,242.1,238.64,236.33,False,False,False,False,False,False,True,True,False,True,False,0.1075268817204301,0.053763440860215,,,-0.0412903225806451,-0.0264086021505375,0.010752688172043,-0.3118279569892473,0.0004190412336573,-0.2082162162162162,237.5,202.5,1.5357142857142858,0.0012391573729862,-0.0028137789380146,-0.0005591315396021
2002-04-05,230.0,235.0,227.5,235.0,21.0,235.0,235.5,231.25,242.1,238.74,235.6925,False,False,False,False,False,False,False,True,False,True,False,0.0957446808510638,0.0531914893617021,,,-0.0302127659574467,-0.0159148936170213,0.0,-0.3297872340425531,0.0004188657116529,-0.2255135135135135,237.5,215.0,0.4883720930232558,0.0,-0.0012391573729862,-1.7552200442876817e-07
2002-04-08,235.0,240.0,230.0,235.0,25.0,235.0,236.0,231.0,241.9,238.8733333333333,235.03,False,False,False,False,False,False,False,True,False,True,False,0.0851063829787234,0.0531914893617021,,,-0.0293617021276595,-0.0164822695035459,-0.0063829787234042,-0.3297872340425531,0.00055817588122,-0.2404761904761905,235.0,215.0,1.1904761904761905,-0.0008267879288961,-0.0008267879288961,0.000139310169567
2002-04-09,247.5,277.5,247.5,277.5,460.0,277.5,243.5,236.25,243.4,239.54,234.6175,False,False,False,True,True,False,True,True,True,False,True,-0.1171171171171171,-0.09009009009009,,,0.1228828828828828,0.1367927927927928,-0.1441441441441441,-0.4594594594594595,0.0027831120759233,-0.2759788359788359,232.5,252.5,18.4,0.0061626951520131,0.0069894830809093,0.0022249361947033
2002-04-10,283.0,290.0,267.5,267.5,246.0,267.5,249.5,240.5,244.0,240.34,234.205,False,False,False,False,False,False,True,True,False,True,False,-0.1121495327102803,-0.0654205607476635,,,0.0878504672897196,0.1015327102803738,-0.1121495327102803,-0.4579439252336448,0.0033286177914621,-0.3066528066528066,262.5,280.0,0.5347826086956522,0.0024590163934425,-0.0037036787585705,0.0005455057155387
2002-04-11,267.5,267.5,250.0,257.5,99.0,257.5,254.5,244.25,244.2,241.2733333333333,233.8175,False,False,False,False,False,False,True,True,False,True,False,-0.0485436893203883,-0.0485436893203883,,,0.0516504854368932,0.0630161812297735,-0.1067961165048543,-0.4174757281553398,0.0038683650631371,-0.3336745138178096,255.0,260.0,0.4024390243902439,0.0008190008190007,-0.0016400155744418,0.0005397472716749
2002-04-12,250.0,260.0,250.0,257.5,65.0,257.5,259.0,247.25,244.1,242.00666666666663,233.505,False,False,False,False,False,False,False,True,False,True,False,-0.0388349514563106,-0.0776699029126213,,,0.0520388349514563,0.0601682847896441,-0.1009708737864077,-0.4368932038834951,0.0030302195531802,-0.3583417593528816,245.0,300.0,0.6565656565656566,-0.0004096681687832,-0.001228668987784,-0.0008381455099568
2002-04-15,257.5,257.5,252.5,255.0,15.0,255.0,263.0,249.5,243.9,242.7733333333333,232.9925,False,False,False,False,False,False,False,True,False,True,False,-0.0294117647058823,-0.088235294117647,,,0.0435294117647058,0.0479477124183007,-0.0686274509803921,-0.4313725490196078,0.0031579525483304,-0.3781563126252504,240.0,300.5,0.2307692307692307,-0.0008200082000819,-0.0004103400312986,0.0001277329951501
2002-04-16,255.0,255.0,240.0,245.0,54.0,245.0,256.5,250.0,243.4,243.54,232.4425,False,False,True,False,False,False,False,True,False,True,False,0.0306122448979591,-0.0612244897959183,,,0.0065306122448979,0.0059591836734694,-0.0510204081632653,-0.4081632653061224,0.0031480112780926,-0.392,230.0,285.0,3.6,-0.0020542317173377,-0.0012342235172557,-9.941270237825464e-06
2002-04-17,247.5,247.5,235.0,237.5,51.0,237.5,250.5,250.0,242.5,244.20666666666668,231.88,False,False,False,False,False,True,False,True,False,True,False,0.0526315789473684,-0.031578947368421,,,-0.0210526315789473,-0.0282385964912281,-0.0273684210526315,-0.4105263157894737,0.0027299282028883,-0.402,232.0,287.5,0.9444444444444444,-0.0037113402061855,-0.0016571084888478,-0.0004180830752042
2002-04-18,237.5,245.0,237.5,245.0,6.0,245.0,248.0,251.25,242.2,244.8733333333333,231.43,False,False,False,False,False,False,False,True,False,False,True,0.0,-0.0408163265306122,,,0.0114285714285714,0.0005170068027211,-0.0714285714285714,-0.4489795918367347,0.0027224959843182,-0.4149253731343283,232.5,265.0,0.1176470588235294,-0.0012386457473163,0.0024726944588692,-7.43221857007299e-06
2002-04-19,247.5,250.0,242.5,247.5,56.0,247.5,246.0,252.5,242.2,245.47333333333333,231.0425,False,False,False,False,False,False,False,True,False,False,False,-0.0404040404040404,-0.0141414141414141,,,0.0214141414141414,0.0081885521885522,-0.0707070707070707,-0.4545454545454545,0.0024442573531409,-0.4267326732673267,237.5,267.5,9.333333333333334,0.0,0.0012386457473163,-0.0002782386311773
2002-04-22,247.5,252.5,247.5,247.5,7.0,247.5,244.5,253.75,242.5,245.84,230.68,False,False,False,False,False,False,True,True,True,False,False,-0.0606060606060606,-0.0303030303030303,,,0.0202020202020202,0.0067070707070706,-0.0404040404040404,-0.4545454545454545,0.0014914849766786,-0.438423645320197,230.0,250.0,0.125,0.0012371134020619,0.0012371134020619,-0.0009527723764623
2002-04-23,245.0,252.5,240.0,252.5,53.0,252.5,246.0,251.25,242.5,246.20666666666668,230.33,False,False,False,False,False,False,False,True,False,True,False,-0.0891089108910891,-0.0693069306930693,,,0.0396039603960396,0.0249240924092408,-0.1089108910891089,-0.4851485148514851,0.001489263762151,-0.4407960199004975,227.5,245.0,7.571428571428571,0.0,-0.0012371134020619,-2.22121452756038e-06
2002-04-24,252.5,252.5,250.0,250.0,21.0,250.0,248.5,249.5,242.7,246.57333333333327,229.9675,False,False,False,False,False,False,True,True,False,False,False,-0.08,-0.074,,,0.0292,0.0137066666666669,-0.04,-0.47,0.0014870491537335,-0.4418837675350701,213.0,252.5,0.3962264150943396,0.0008240626287597,0.0008240626287597,-2.214608417538521e-06
2002-04-25,247.5,252.5,242.5,245.0,29.0,245.0,248.5,248.25,242.7,247.14,229.5925,False,False,False,False,False,False,False,True,False,True,False,-0.0408163265306122,-0.0408163265306122,,,0.0093877551020408,-0.0087346938775509,-0.0306122448979591,-0.4693877551020408,0.0022928974130724,-0.4471299093655589,225.0,262.5,1.380952380952381,0.0,-0.0008240626287597,0.0008058482593388
2002-04-26,245.0,245.0,237.5,237.5,23.0,237.5,246.5,246.25,242.8,247.44,229.2425,False,False,False,False,False,False,True,True,False,False,False,0.0273684210526315,-0.0105263157894736,,,-0.0223157894736842,-0.0418526315789473,-0.0210526315789473,-0.4526315789473684,0.0012124151309408,-0.448730964467005,235.0,255.0,0.7931034482758621,0.0004118616144976,0.0004118616144976,-0.0010804822821315
2002-04-30,237.5,237.5,232.5,232.5,17.0,232.5,243.5,244.0,242.6,247.6733333333333,228.93,False,False,False,False,False,False,False,True,False,True,False,0.032258064516129,0.0043010752688172,,,-0.0434408602150537,-0.0652616487455196,-0.010752688172043,-0.4408602150537634,0.0009421011547467,-0.4497950819672131,240.0,265.0,0.7391304347826086,-0.0008244023083265,-0.0012362639228241,-0.000270313976194
2002-05-01,230.0,230.0,230.0,230.0,1.0,230.0,239.0,242.5,242.8,247.3733333333333,228.6925,False,False,False,False,False,False,True,False,False,False,False,0.0217391304347826,0.0326086956521739,,,-0.0556521739130435,-0.0755362318840578,0.0,-0.4347826086956521,-0.0012127418746294,-0.4525773195876288,240.0,250.0,0.0588235294117647,0.0008237232289951,0.0016481255373216,-0.0021548430293762
2002-05-02,227.5,230.0,227.5,230.0,12.0,230.0,235.0,241.75,243.0,246.70666666666668,228.605,False,False,False,False,False,False,True,False,False,True,False,0.0065217391304347,0.0326086956521739,,,-0.0565217391304347,-0.0726376811594203,0.0,-0.4434782608695652,-0.0027022644976488,-0.4558428128231643,252.5,247.5,12.0,0.0008230452674896,-6.779615054626313e-07,-0.0014895226230193
2002-05-07,225.0,235.0,225.0,235.0,23.0,235.0,233.0,240.75,243.6,246.3733333333333,228.5425,False,False,False,False,False,False,True,False,True,False,False,0.0,-0.0212765957446808,,,-0.036595744680851,-0.0483971631205672,0.0106382978723404,-0.4553191489361702,-0.0013529602770864,-0.4564901349948079,252.5,237.5,1.9166666666666667,0.002463054187192,0.0016400089197024,0.0013493042205624
2002-05-08,237.5,244.0,235.0,244.0,51.0,244.0,234.3,240.4,244.26,245.6266666666667,228.525,False,False,False,False,False,False,True,False,False,False,False,-0.0368852459016393,-0.0512295081967213,,,-0.0010655737704917,-0.0066666666666667,0.0245901639344262,-0.4979508196721312,-0.0030398436651827,-0.4608985024958403,260.0,237.5,2.217391304347826,0.0027020388111029,0.0002389846239108,-0.0016868833880962
2002-05-09,244.0,257.5,240.0,240.0,61.0,240.0,235.8,239.65,244.56,244.82,228.425,False,False,False,False,False,False,True,False,False,True,False,-0.0270833333333333,-0.0104166666666666,,,-0.019,-0.0200833333333333,0.0104166666666666,-0.4895833333333333,-0.0032949377774148,-0.4644272897976215,260.0,235.0,1.196078431372549,0.0012266928361138,-0.001475345974989,-0.0002550941122321
2002-05-10,235.0,237.5,228.0,235.0,55.0,235.0,236.8,237.9,244.36,244.1533333333333,228.2625,False,True,False,False,False,False,False,False,False,True,False,0.0106382978723404,-0.0106382978723404,,,-0.0398297872340426,-0.0389503546099289,0.0212765957446808,-0.4787234042553192,-0.002730524533763,-0.4636401849516604,257.5,232.5,0.9016393442622952,-0.0008184645604844,-0.0020451573965983,0.0005644132436518
2002-05-13,234.0,234.0,228.5,231.5,35.0,231.5,237.1,236.05,244.12,243.40666666666667,228.1075,False,False,False,False,False,False,False,False,False,True,False,0.0259179265658747,-0.0021598272138228,,,-0.0545140388768898,-0.0514326853851691,0.0367170626349892,-0.4362850971922246,-0.0030675686779325,-0.4602838381698793,260.0,262.5,0.6363636363636364,-0.0009831230542356,-0.0001646584937511,-0.0003370441441695
2002-05-14,230.0,237.5,230.0,235.0,12.0,235.0,237.1,235.05,244.22,243.00666666666663,228.0325,False,False,False,False,False,False,True,False,False,False,False,-0.0212765957446808,-0.0319148936170212,,,-0.0392340425531914,-0.0340709219858154,0.0319148936170212,-0.4042553191489361,-0.0016460453759843,-0.4537332482450542,252.5,255.0,0.3428571428571428,0.0004094668741298,0.0013925899283655,0.0014215233019482
2002-05-15,232.5,237.5,232.5,235.0,27.0,235.0,235.3,234.8,244.22,242.57333333333327,227.9575,False,False,False,False,False,False,False,False,False,True,False,-0.0148936170212765,-0.0212765957446808,,,-0.0392340425531914,-0.0322269503546096,-0.0106382978723404,-0.3936170212765957,-0.0017864013631617,-0.4478279386712095,247.5,245.0,2.25,0.0,-0.0004094668741298,-0.0001403559871774
2002-05-16,232.5,235.0,230.0,233.5,24.0,233.5,234.0,234.9,244.16,242.35333333333327,227.8875,False,False,False,False,False,False,False,False,False,True,False,0.0171306209850107,0.0171306209850107,,,-0.0456531049250535,-0.0379157744468234,-0.025695931477516,-0.4753747323340471,-0.000907765521415,-0.4512558535547041,240.0,240.0,0.8888888888888888,-0.000245740498034,-0.000245740498034,0.0008786358417467
2002-05-17,235.0,237.5,235.0,237.5,13.0,237.5,234.5,235.65,242.56,242.25333333333333,227.8625,False,False,False,False,False,False,False,False,False,True,True,-0.0210526315789473,-0.0526315789473684,,,-0.0213052631578947,-0.0200140350877192,-0.0421052631578947,-0.5031578947368421,-0.0004127910176671,-0.4580946318692976,252.5,230.0,0.5416666666666666,-0.0065963060686015,-0.0063505655705674,0.0004949745037478
2002-05-20,242.5,242.5,237.5,237.5,22.0,237.5,235.7,236.4,241.36,242.0533333333333,227.8875,False,False,True,False,False,False,False,False,False,False,False,-0.0273684210526315,0.0105263157894736,,,-0.0162526315789474,-0.0191719298245613,-0.0421052631578947,-0.4947368421052631,-0.0008262641842018,-0.4631979695431472,245.0,232.0,1.6923076923076923,-0.0049718263175339,0.0016244797510676,-0.0004134731665347
2002-05-21,237.5,237.5,230.0,230.0,24.0,230.0,234.7,235.9,240.26,241.62,227.85,False,False,False,False,False,False,False,False,False,False,False,-0.0108695652173913,0.0326086956521739,,,-0.0446086956521738,-0.0505217391304348,-0.0326086956521739,-0.5217391304347826,-0.0017934497696105,-0.4696905468418822,245.0,232.5,1.0909090909090908,-0.0045783734287855,0.0003934528887483,-0.0009671855854086
2002-05-22,230.0,232.5,230.0,231.5,13.0,231.5,234.0,234.65,239.22,241.30666666666667,227.8575,False,False,False,False,False,False,False,False,False,False,False,-0.0064794816414686,0.0043196544276457,,,-0.0333477321814254,-0.042361411087113,-0.038876889848812,-0.5788336933045356,-0.0012984860205547,-0.4775197102066909,235.0,237.5,0.5416666666666666,-0.0043474625867402,0.0002309108420453,0.0004949637490558
2002-05-23,231.5,240.0,231.5,237.5,25.0,237.5,234.8,234.4,238.52,240.94,227.945,False,False,False,False,False,False,False,False,False,False,False,0.0,-0.031578947368421,,,-0.0042947368421053,-0.0144842105263157,-0.1578947368421052,-0.5578947368421052,-0.001521817326582,-0.4844283276450512,237.5,230.0,1.9230769230769231,-0.0029347643803454,0.0014126982063947,-0.0002233313060272
2002-05-24,237.5,237.5,230.0,232.5,55.0,232.5,233.8,234.15,238.02,240.70666666666668,228.0825,False,False,False,False,False,False,False,False,False,False,False,-0.032258064516129,-0.010752688172043,,,-0.023741935483871,-0.0352974910394265,-0.1247311827956989,-0.5483870967741935,-0.0009693679720821,-0.4913516976297246,225.0,227.5,2.2,-0.0021006638097638,0.0008341005705815,0.0005524493544998
2002-05-27,232.5,235.0,230.5,231.0,22.0,231.0,232.5,234.1,237.76,240.48666666666668,228.2875,False,False,False,False,False,False,False,False,False,False,False,0.0389610389610389,-0.0043290043290043,,,-0.0292640692640692,-0.0410678210678211,-0.1125541125541125,-0.5454545454545454,-0.0009148116319685,-0.5021358393848783,225.0,213.0,0.4,-0.0010935397039031,0.0010071241058607,5.455634011364372e-05
2002-05-28,230.0,230.5,222.5,227.5,25.0,227.5,232.0,233.35,237.06,240.35333333333327,228.45,False,False,False,False,False,False,False,False,False,True,False,0.0439560439560439,0.0439560439560439,,,-0.042021978021978,-0.0564981684981682,-0.1428571428571428,-0.4945054945054945,-0.0005547388566835,-0.5112491964859653,220.0,225.0,1.1363636363636365,-0.0029528389437272,-0.0018592992398241,0.0003600727752849
2002-05-29,227.5,230.0,227.5,230.0,15.0,230.0,231.7,232.85,236.36,240.25333333333333,228.6125,False,False,False,False,False,False,False,False,False,True,False,0.0108695652173913,0.0869565217391304,,,-0.0276521739130435,-0.0445797101449275,-0.1521739130434782,-0.5108695652173914,-0.000416227315611,-0.5230835301696372,227.5,235.0,0.6,-0.0029615840243695,-8.745080642278986e-06,0.0001385115410725
2002-05-30,232.5,237.5,232.5,237.5,16.0,237.5,231.7,233.25,235.96,240.28666666666663,228.7875,False,False,False,False,True,False,False,True,False,False,False,-0.031578947368421,0.0210526315789473,,,0.0064842105263157,-0.0117333333333331,-0.1789473684210526,-0.5157894736842106,0.000138723191743,-0.5271168274383708,232.5,240.0,1.0666666666666669,-0.0016952025767079,0.0012663814476616,0.0005549505073541
2002-05-31,237.5,237.5,225.0,225.0,15.0,225.0,230.2,232.0,234.86,240.18666666666667,228.9125,False,False,False,False,False,False,False,False,False,True,False,0.0222222222222222,0.0666666666666666,,,-0.0438222222222222,-0.0674962962962963,-0.1333333333333333,-0.5111111111111111,-0.0004163428444541,-0.5280172413793104,240.0,240.0,0.9375,-0.0046836413182321,-0.0029884387415241,-0.0005550660361972
2002-06-03,230.0,240.0,227.5,240.0,57.0,240.0,232.0,232.25,234.46,239.88666666666663,229.125,False,False,False,False,False,False,False,False,False,False,False,-0.0416666666666666,0.0,,,0.0230833333333333,0.0004722222222223,-0.15625,-0.5625,-0.0012505905566519,-0.534983853606028,237.5,252.5,3.8,-0.0017060479399471,0.0029775933782849,-0.0008342477121977
2002-06-04,235.0,240.0,235.0,237.5,33.0,237.5,234.0,233.0,234.16,239.6533333333333,229.3625,False,False,False,False,False,False,False,False,False,False,False,0.0,0.0210526315789473,,,0.0140631578947368,-0.0090666666666665,-0.1389473684210526,-0.5894736842105263,-0.0009736285746077,-0.5418454935622318,232.5,252.5,0.5789473684210527,-0.0012811752647762,0.0004248726751708,0.0002769619820442
2002-06-05,237.5,240.0,230.0,232.5,14.0,232.5,234.5,233.1,233.96,239.48666666666668,229.6,False,False,False,False,False,False,False,False,False,False,False,0.075268817204301,0.0,,,-0.0062795698924731,-0.0300501792114695,-0.1505376344086021,-0.5698924731182796,-0.0006959329677363,-0.540969540969541,235.0,260.0,0.4242424242424242,-0.0008548469823901,0.0004263282823861,0.0002776956068713
2002-06-06,232.5,235.0,230.0,230.0,25.0,230.0,233.0,232.35,233.86,239.35333333333327,229.8875,False,False,False,False,False,False,False,False,False,False,False,0.0543478260869565,-0.0108695652173913,,,-0.0167826086956522,-0.0406666666666663,-0.1565217391304348,-0.5543478260869565,-0.0005570565133836,-0.5405638046051215,235.0,260.0,1.7857142857142858,-0.0004276062601556,0.0004272407222344,0.0001388764543527
2002-06-07,230.5,232.5,227.5,230.0,20.0,230.0,234.0,232.1,233.86,239.35333333333327,230.225,False,False,False,False,False,False,False,False,False,False,False,0.0434782608695652,-0.0108695652173913,,,-0.0167826086956522,-0.0406666666666663,-0.1565217391304348,-0.5652173913043478,0.0,-0.542223179663938,277.5,257.5,0.8,0.0,0.0004276062601556,0.0005570565133836
2002-06-10,230.0,232.5,230.0,230.0,14.0,230.0,232.0,232.0,233.86,239.32666666666665,230.525,False,False,False,False,False,False,False,False,False,False,False,0.0434782608695652,-0.0108695652173913,,,-0.0167826086956522,-0.0405507246376811,-0.1826086956521739,-0.5760869565217391,-0.0001114237165378,-0.5452586206896551,267.5,260.0,0.7,0.0,0.0,-0.0001114237165378
2002-06-11,235.0,242.5,235.0,237.5,36.0,237.5,232.0,233.0,233.96,239.3933333333333,230.8375,False,False,False,True,True,False,True,True,False,False,True,0.0210526315789473,-0.0631578947368421,,,0.0149052631578947,-0.0079719298245613,-0.2,-0.5789473684210527,0.0002784817176752,-0.5536480686695279,257.5,252.5,2.571428571428572,0.000427423491195,0.000427423491195,0.000389905434213
2002-06-12,242.5,250.0,237.5,250.0,72.0,250.0,235.5,235.0,234.2,239.56,231.2375,False,False,False,False,False,False,True,True,True,False,False,-0.07,-0.11,,,0.0632,0.0417599999999999,-0.256,-0.6,0.0006957199309846,-0.5627659574468085,257.5,247.5,2.0,0.0010247651579845,0.0005973416667894,0.0004172382133094
2002-06-13,255.0,262.5,242.5,242.5,85.0,242.5,238.0,235.5,234.3,239.72666666666663,231.425,False,False,False,False,False,False,True,True,False,True,False,-0.0618556701030927,-0.1752577319587628,,,0.0338144329896906,0.0114364261168386,-0.2577319587628865,-0.5958762886597938,0.0006952362412746,-0.5709129511677282,255.0,240.0,1.1805555555555556,0.0004268032437047,-0.0005979619142797,-4.836897100346516e-07
2002-06-14,242.5,244.0,237.5,240.0,14.0,240.0,240.0,237.0,234.5,239.8933333333333,231.7,False,False,False,False,False,False,True,True,False,False,False,-0.0520833333333333,-0.1520833333333333,,,0.0229166666666666,0.0004444444444445,-0.2645833333333333,-0.6083333333333333,0.000694753223655,-0.5803797468354431,245.0,252.5,0.1647058823529411,0.0008528784648187,0.0004260752211139,-4.83017619590481e-07
2002-06-17,241.5,241.5,240.0,240.0,11.0,240.0,242.0,237.0,234.84,240.25333333333333,232.025,False,False,False,False,False,False,True,True,True,False,False,-0.0520833333333333,-0.1458333333333333,,,0.0214999999999999,-0.0010555555555555,-0.3125,-0.6041666666666666,0.0014984183362007,-0.5845991561181435,237.5,245.0,0.7857142857142857,0.0014477942428887,0.00059491577807,0.0008036651125456
2002-06-18,242.5,247.5,242.5,242.5,5.0,242.5,243.0,237.5,235.14,240.48666666666668,232.375,False,False,False,False,False,False,True,True,False,True,True,-0.0824742268041237,-0.1958762886597938,,,0.0303505154639175,0.0083024054982817,-0.3402061855670103,-0.6309278350515464,0.0009702547611787,-0.5888421052631578,245.0,245.0,0.4545454545454545,0.0012758356723653,-0.0001719585705234,-0.0005281635750219
2002-06-19,242.5,242.5,230.0,232.5,10.0,232.5,239.5,237.5,235.04,240.4533333333333,232.6625,False,False,False,False,False,False,False,False,False,True,False,-0.043010752688172,-0.1612903225806451,,,-0.0109247311827956,-0.0342078853046594,-0.3225806451612903,-0.6451612903225806,-0.0001386270378175,-0.5962105263157894,247.5,235.0,2.0,-0.0004254594962559,-0.0017012951686212,-0.0011088817989963
2002-06-20,230.0,235.5,227.5,227.5,15.0,227.5,236.5,237.25,234.8,240.28666666666663,232.95,False,False,False,False,False,False,False,False,False,True,False,-0.1208791208791208,-0.1428571428571428,,,-0.0320879120879121,-0.056205128205128,-0.3076923076923077,-0.6483516483516484,-0.000693615958716,-0.6052687038988409,247.5,237.5,1.5,-0.001022146507666,-0.00059668701141,-0.0005549889208984
2002-06-21,232.5,232.5,227.5,227.5,12.0,227.5,234.0,237.0,234.4,240.12,233.0625,False,False,False,False,False,False,False,False,False,True,False,-0.1054945054945055,-0.1428571428571428,,,-0.0303296703296703,-0.0554725274725274,-0.3406593406593406,-0.6593406593406593,-0.0006940973957464,-0.6143459915611814,252.5,225.0,0.8,-0.0017064846416382,-0.0006843381339722,-4.81437030356224e-07
2002-06-24,227.5,235.0,227.5,227.5,14.0,227.5,231.5,236.75,234.0,239.78666666666663,233.225,False,False,False,False,False,False,False,False,False,True,False,-0.0989010989010989,-0.1098901098901098,,,-0.0285714285714285,-0.0540073260073258,-0.3626373626373626,-0.6593406593406593,-0.0013901245551603,-0.6223864836325237,250.0,225.0,1.1666666666666667,-0.0017094017094017,-2.9170677634841272e-06,-0.0006960271594138
2002-06-25,232.5,232.5,222.5,222.5,15.0,222.5,227.5,235.25,233.7,239.38666666666663,233.4125,False,False,False,False,False,False,False,False,False,False,False,-0.1235955056179775,-0.0808988764044943,,,-0.0503370786516853,-0.0758951310861421,-0.3258426966292135,-0.6629213483146067,-0.0016709368385875,-0.630605738575983,245.0,220.0,1.0714285714285714,-0.0012836970474968,0.0004257046619048,-0.0002808122834272
2002-06-26,217.5,222.5,215.0,222.5,57.0,222.5,225.5,232.5,233.34,238.88666666666663,233.6125,False,False,False,False,False,False,False,False,False,True,False,-0.1235955056179775,-0.1123595505617977,,,-0.0487191011235955,-0.0736479400749061,-0.348314606741573,-0.651685393258427,-0.0020930427259788,-0.6359139784946236,237.5,227.5,3.8,-0.0015428130624838,-0.000259116014987,-0.0004221058873913
2002-06-27,220.0,220.0,200.0,200.0,42.0,200.0,220.0,228.25,231.84,238.08666666666667,233.7375,False,False,False,False,False,False,False,False,False,True,False,-0.025,-0.03,,,-0.1592,-0.1904333333333333,-0.275,-0.55,-0.0033601209643545,-0.6326396495071194,232.5,232.5,0.7368421052631579,-0.0064699792960662,-0.0049271662335823,-0.0012670782383756
2002-06-28,200.0,205.0,200.0,203.5,42.0,203.5,215.2,224.6,230.68,237.36666666666667,233.8675,False,False,False,False,False,False,False,False,False,False,False,-0.0417690417690417,-0.0466830466830466,,,-0.1335626535626536,-0.1664209664209664,-0.2874692874692874,-0.5675675675675675,-0.0030332818424378,-0.6293410507569012,230.0,240.0,1.0,-0.0050286110629443,0.0014413682331219,0.0003268391219166
2002-07-01,207.5,207.5,205.0,205.0,2.0,205.0,210.7,221.1,229.64,236.63333333333333,234.03,False,False,False,False,False,False,False,False,False,False,False,-0.0121951219512195,-0.0829268292682926,,,-0.1201951219512194,-0.1543089430894308,-0.3170731707317073,-0.5853658536585366,-0.0030990280321172,-0.627996381727725,230.0,237.5,0.0476190476190476,-0.0045288277303606,0.0004997833325836,-6.57461896794091e-05
2002-07-02,205.0,207.5,185.0,195.0,39.0,195.0,205.2,216.35,228.34,235.86666666666667,234.1175,False,False,False,False,False,False,False,False,False,True,False,0.0487179487179487,-0.0256410256410256,,,-0.170974358974359,-0.2095726495726496,-0.3076923076923077,-0.5256410256410257,-0.0032504239683436,-0.6184423388028658,235.0,232.5,19.5,-0.0056932644302355,-0.0011644366998748,-0.0001513959362263
2002-07-03,195.0,195.0,187.5,195.0,26.0,195.0,199.7,212.6,226.94,235.16666666666663,234.205,False,False,False,False,False,False,False,False,False,True,False,0.0128205128205128,-0.0461538461538461,,,-0.1637948717948718,-0.2059829059829057,-0.3076923076923077,-0.4871794871794871,-0.0029766123316798,-0.6034807149576671,244.0,235.0,0.6666666666666666,-0.0061690314620604,-0.0004757670318249,0.0002738116366637
2002-07-04,197.0,197.0,195.0,195.0,18.0,195.0,198.7,209.35,225.24,234.56666666666663,234.305,False,False,False,False,False,False,False,False,False,True,False,-0.0051282051282051,-0.0769230769230769,,,-0.1550769230769231,-0.2029059829059827,-0.3076923076923077,-0.5128205128205128,-0.0025579081995168,-0.590160019106759,240.0,235.0,0.6923076923076923,-0.0075475048836795,-0.001378473421619,0.000418704132163
2002-07-05,195.0,195.0,192.5,195.0,6.0,195.0,197.0,206.1,224.04,233.8,234.43,False,False,False,False,False,False,False,False,False,False,False,-0.0051282051282051,-0.0948717948717948,,,-0.1489230769230768,-0.198974358974359,-0.3333333333333333,-0.5,-0.0032791559737665,-0.5739932071809801,235.0,277.5,0.3333333333333333,-0.0053561863952866,0.0021913184883929,-0.0007212477742497
2002-07-08,200.0,205.0,197.5,202.5,25.0,202.5,196.5,203.6,222.54,233.2333333333333,234.58,False,False,False,False,False,False,False,False,False,True,False,-0.0716049382716049,-0.1851851851851851,,,-0.0989629629629629,-0.1517695473251026,-0.345679012345679,-0.5308641975308642,-0.0024296126911535,-0.5601669941060904,231.5,267.5,4.166666666666667,-0.0067403612833647,-0.0013841748880781,0.0008495432826129
2002-07-09,200.0,205.0,200.0,204.5,16.0,204.5,198.4,201.8,221.22,232.69333333333333,234.8275,False,False,False,False,False,False,False,False,False,False,False,-0.0709046454767726,-0.2176039119804401,,,-0.081760391198044,-0.1378647106764466,-0.3643031784841076,-0.5721271393643031,-0.0023206509282602,-0.5500495540138751,235.0,257.5,0.64,-0.0059669107675616,0.0007734505158031,0.0001089617628933
2002-07-10,202.5,204.5,197.5,197.5,23.0,197.5,198.9,199.3,219.82,232.19333333333333,235.0275,False,False,False,False,False,False,False,False,False,True,False,-0.0582278481012658,-0.2025316455696202,,,-0.113012658227848,-0.1756624472573839,-0.3417721518987341,-0.5443037974683544,-0.0021533779321829,-0.5381334671349725,235.0,257.5,1.4375,-0.0063688472386498,-0.0004019364710881,0.0001672729960772
2002-07-11,195.0,195.0,194.0,194.0,8.0,194.0,198.7,198.7,218.38,231.6133333333333,235.21,False,False,False,False,False,False,False,False,False,True,False,-0.0721649484536082,-0.1881443298969072,,,-0.1256701030927834,-0.1938831615120274,-0.3298969072164948,-0.5231958762886598,-0.0025041736227045,-0.5354806240563663,233.5,255.0,0.3478260869565217,-0.0065940104405165,-0.0002251632018666,-0.0003507956905216
2002-07-12,194.0,195.0,192.5,194.0,19.0,194.0,198.5,197.75,216.94,231.2,235.43,False,False,False,False,False,False,False,False,False,True,False,-0.0902061855670103,-0.2268041237113402,,,-0.1182474226804123,-0.1917525773195875,-0.3298969072164948,-0.5489690721649485,-0.0017877739331026,-0.5335018963337548,237.5,245.0,2.375,-0.006637780031345,-4.37695908285414e-05,0.0007163996896019
2002-07-15,195.0,195.0,188.0,188.0,24.0,188.0,195.6,196.05,215.26,230.70666666666668,235.595,False,False,False,False,False,False,False,False,False,True,False,-0.1223404255319148,-0.2287234042553191,,,-0.1449999999999999,-0.2271631205673759,-0.3191489361702128,-0.5212765957446809,-0.0021383575102582,-0.5269064014282071,237.5,237.5,1.263157894736842,-0.0078045154696646,-0.0011667354383195,-0.0003505835771556
2002-07-16,187.5,190.0,187.5,190.0,10.0,190.0,192.7,195.55,213.36,230.30666666666667,235.6825,False,False,False,False,False,False,False,False,False,True,False,-0.1578947368421052,-0.2105263157894736,,,-0.1229473684210527,-0.212140350877193,-0.3263157894736842,-0.5394736842105263,-0.0017368146818734,-0.5282536435694196,230.0,245.0,0.4166666666666667,-0.0089051368578926,-0.001100621388228,0.0004015428283847
2002-07-17,190.0,190.0,185.0,186.0,6.0,186.0,190.4,194.65,210.8,229.75333333333333,235.75,False,False,False,False,False,False,False,False,False,True,False,-0.1532258064516129,-0.2204301075268817,,,-0.1333333333333334,-0.2352329749103942,-0.3413978494623655,-0.4758064516129032,-0.002408380001741,-0.5273567942460827,231.5,247.5,0.6,-0.0121442125237191,-0.0032390756658265,-0.0006715653198675
2002-07-18,185.0,185.0,175.0,180.0,35.0,180.0,187.6,193.15,208.3,229.0533333333333,235.8,False,False,False,False,False,False,False,False,False,False,False,-0.125,-0.1944444444444444,,,-0.1572222222222223,-0.2725185185185184,-0.3194444444444444,-0.4583333333333333,-0.0030560568135515,-0.5223919233756148,237.5,247.5,5.833333333333333,-0.0120019203072491,0.00014229221647,-0.0006476768118104
2002-07-19,177.5,177.5,176.5,176.5,12.0,176.5,184.1,191.3,205.76,228.20666666666668,235.82,False,False,False,False,False,False,False,False,False,True,False,-0.1501416430594901,-0.178470254957507,,,-0.1657790368271954,-0.2929556185080265,-0.3059490084985836,-0.461756373937677,-0.0037100873477256,-0.5190799790904339,232.5,252.5,0.3428571428571428,-0.0123444790046657,-0.0003425586974165,-0.0006540305341741
2002-07-22,172.5,172.5,157.5,165.0,25.0,165.0,179.5,187.55,202.76,227.24,235.7575,False,False,False,False,False,False,False,False,False,True,False,-0.1212121212121212,-0.1515151515151515,,,-0.2288484848484848,-0.3772121212121213,-0.209090909090909,-0.4393939393939394,-0.0042539459015431,-0.5107971207677953,231.0,250.0,2.083333333333333,-0.0147958177155257,-0.00245133871086,-0.0005438585538175
2002-07-23,162.5,165.0,160.0,160.0,44.0,160.0,173.5,183.1,199.46,226.2733333333333,235.595,False,False,False,False,False,False,False,False,False,True,False,-0.0625,-0.15625,,,-0.246625,-0.4142083333333332,-0.125,-0.453125,-0.0042721192657848,-0.4989077007099945,227.5,245.0,1.76,-0.0165446706106486,-0.0017488528951229,-1.8173364241715582e-05
2002-07-24,160.0,162.5,155.0,157.5,26.0,157.5,167.8,179.1,196.46,225.24,235.42,False,False,False,False,False,False,False,False,False,False,False,-0.0793650793650793,-0.1428571428571428,,,-0.2473650793650794,-0.4300952380952381,-0.0952380952380952,-0.4444444444444444,-0.0045876990469423,-0.4891122278056951,230.0,237.5,0.5909090909090909,-0.0152702840272829,0.0012743865833657,-0.0003155797811575
2002-07-25,156.0,160.0,155.0,157.5,30.0,157.5,163.3,175.45,193.66,224.20666666666668,235.195,False,False,False,False,False,False,False,False,False,False,False,-0.0793650793650793,-0.1428571428571428,,,-0.2295873015873015,-0.4235343915343916,-0.2222222222222222,-0.4603174603174603,-0.0046088430317266,-0.4827586206896551,237.5,232.5,1.1538461538461535,-0.0144583290302592,0.0008119549970236,-2.114398478428661e-05
2002-07-26,157.5,157.5,148.0,150.0,46.0,150.0,158.0,171.05,190.56,222.50666666666663,235.0075,False,False,False,False,False,False,False,False,False,True,False,-0.0333333333333333,-0.1333333333333333,,,-0.2704,-0.4833777777777776,-0.2133333333333333,-0.4,-0.0076402205177375,-0.4679918152586963,225.0,230.0,1.5333333333333334,-0.0162678421494542,-0.0018095131191949,-0.0030313774860108
2002-07-29,152.5,152.5,145.0,145.0,35.0,145.0,154.0,166.75,187.26,220.8733333333333,234.745,False,False,False,False,False,False,False,False,False,True,False,-0.0344827586206896,-0.0862068965517241,,,-0.2914482758620689,-0.5232643678160918,-0.1724137931034483,-0.4655172413793103,-0.0073948869638706,-0.4617691154422789,240.0,230.0,0.7608695652173914,-0.0176225568727972,-0.001354714723343,0.0002453335538668
2002-07-30,147.5,152.5,145.0,150.0,28.0,150.0,152.0,162.75,184.36,219.44,234.4325,False,False,False,False,False,False,False,False,False,False,False,-0.1,-0.1333333333333333,,,-0.2290666666666667,-0.4629333333333333,-0.2666666666666666,-0.5233333333333333,-0.0065317778587919,-0.4583717357910906,237.5,235.0,0.8,-0.0157300932957256,0.0018924635770716,0.0008631091050786
2002-07-31,145.0,147.5,140.0,145.0,19.0,145.0,149.5,158.65,181.26,217.94,234.0575,False,False,False,False,False,False,False,False,False,True,False,-0.0689655172413793,-0.1034482758620689,,,-0.2500689655172413,-0.5030344827586207,-0.3275862068965517,-0.4827586206896552,-0.0068826282463063,-0.4585565710683895,232.5,244.0,0.6785714285714286,-0.0171025046893965,-0.0013724113936709,-0.0003508503875143
2002-08-01,147.5,147.5,142.5,145.0,12.0,145.0,147.0,155.15,179.06,216.47333333333333,233.7575,False,False,False,False,False,False,False,False,False,False,False,-0.0689655172413793,-0.1034482758620689,,,-0.2348965517241379,-0.492919540229885,-0.2758620689655172,-0.4482758620689655,-0.0067752764004804,-0.4576216564614889,230.0,240.0,0.631578947368421,-0.0122863844521388,0.0048161202372576,0.0001073518458258
2002-08-02,145.0,147.5,145.0,145.0,10.0,145.0,146.0,152.0,176.72,215.14,233.4925,False,False,False,False,False,False,False,False,False,True,False,-0.1034482758620689,-0.1034482758620689,,,-0.2187586206896551,-0.4837241379310344,-0.2758620689655172,-0.4482758620689655,-0.0061975147965666,-0.45625,230.0,235.0,0.8333333333333334,-0.0132412856496152,-0.0009549011974763,0.0005777616039138
2002-08-05,145.0,145.0,140.0,140.0,10.0,140.0,145.0,149.5,174.12,213.84,233.155,False,False,False,False,False,False,False,False,False,True,False,-0.0535714285714285,-0.0857142857142857,,,-0.2437142857142857,-0.5274285714285715,-0.25,-0.4357142857142857,-0.0060793116348671,-0.4561872909698997,230.0,231.5,1.0,-0.0149322306455317,-0.0016909449959165,0.0001182031616995
2002-08-06,137.5,137.5,132.5,135.0,14.0,135.0,142.0,147.0,171.72,212.3733333333333,232.7675,False,False,False,False,False,False,False,False,False,False,False,-0.037037037037037,-0.0518518518518518,,,-0.2719999999999999,-0.5731358024691356,-0.1481481481481481,-0.4259259259259259,-0.0069060773480664,-0.4537414965986395,237.5,235.0,1.4,-0.0139762403913347,0.000955990254197,-0.0008267657131993
2002-08-07,135.0,135.0,135.0,135.0,11.0,135.0,140.0,144.75,169.32,210.8733333333333,232.38,False,False,False,False,False,False,False,False,False,True,False,-0.037037037037037,-0.0925925925925925,,,-0.2542222222222222,-0.5620246913580245,-0.1666666666666666,-0.4074074074074074,-0.0071132749517878,-0.4504317789291883,250.0,235.0,0.7857142857142857,-0.0141743444365698,-0.000198104045235,-0.0002071976037213
2002-08-08,135.0,135.0,135.0,135.0,16.0,135.0,138.0,142.5,166.92,209.3733333333333,231.7925,False,False,False,False,False,False,False,False,False,True,False,-0.037037037037037,-0.0925925925925925,,,-0.2364444444444443,-0.5509135802469134,-0.1481481481481481,-0.4259259259259259,-0.0071642361332229,-0.4470175438596491,242.5,233.5,1.4545454545454546,-0.0143781452192667,-0.0002038007826969,-5.09611814351477e-05
2002-08-09,132.5,132.5,130.0,130.0,13.0,130.0,135.0,140.5,164.32,207.74,231.1425,False,False,False,False,False,False,False,False,False,True,False,0.0,-0.0576923076923076,,,-0.2639999999999999,-0.5980000000000001,-0.1538461538461538,-0.3846153846153846,-0.0078623920926797,-0.4462633451957296,240.0,237.5,0.8125,-0.0158227848101265,-0.0014446395908597,-0.0006981559594568
2002-08-12,132.5,132.5,132.5,132.5,5.0,132.5,133.5,139.25,161.52,206.1733333333333,230.6175,False,False,False,False,False,False,False,False,False,True,False,-0.0339622641509433,-0.0150943396226415,,,-0.2190188679245283,-0.5560251572327043,-0.2075471698113207,-0.3962264150943396,-0.0075987841945289,-0.4394973070017953,240.0,237.5,0.3846153846153846,-0.0173353145121346,-0.001512529702008,0.0002636078981507
2002-08-13,132.5,132.5,130.0,130.0,8.0,130.0,132.5,137.25,158.54,204.64,230.0425,False,False,False,False,False,False,False,False,False,True,False,-0.0153846153846153,0.0769230769230769,,,-0.2195384615384615,-0.574153846153846,-0.25,-0.3269230769230769,-0.0074928329424029,-0.4196721311475409,242.5,230.0,1.6,-0.0187965182288382,-0.0014612037167036,0.000105951252126
2002-08-14,130.0,130.0,130.0,130.0,3.0,130.0,131.5,135.75,155.84,203.20666666666668,229.5425,False,False,False,False,False,False,False,False,False,False,False,-0.0576923076923076,0.0961538461538461,,,-0.1987692307692308,-0.5631282051282052,-0.2307692307692307,-0.3461538461538461,-0.0070535743577965,-0.4058931860036832,232.5,231.5,0.375,-0.0173254620123202,0.001471056216518,0.0004392585846063
2002-08-15,132.5,132.5,130.0,130.0,127.0,130.0,130.5,134.25,153.28,201.84,229.0175,False,False,False,False,False,False,False,False,False,False,False,-0.0576923076923076,-0.0576923076923076,,,-0.179076923076923,-0.5526153846153846,-0.2115384615384615,-0.4038461538461538,-0.0067710397674726,-0.4011173184357541,227.5,237.5,42.333333333333336,-0.0167014613778705,0.0006240006344496,0.0002825345903239
2002-08-16,130.0,130.5,128.0,130.0,65.0,130.0,130.5,132.75,150.72,200.50666666666663,228.5175,False,False,False,False,False,False,False,False,False,True,False,-0.0576923076923076,-0.0923076923076923,,,-0.1593846153846153,-0.5423589743589741,-0.2307692307692307,-0.4038461538461538,-0.0066498204548479,-0.3962335216572504,227.5,232.5,0.5118110236220472,-0.0169851380042462,-0.0002836766263757,0.0001212193126247
2002-08-19,130.0,130.0,127.5,128.0,26.0,128.0,129.6,131.55,148.32,199.14666666666668,227.995,False,False,False,False,False,False,False,False,False,False,False,0.01953125,-0.0625,,,-0.1587499999999999,-0.5558333333333334,-0.23828125,-0.3984375,-0.0068291376539901,-0.3922462941847207,227.5,231.0,0.4,-0.0161812297734628,0.0008039082307834,-0.0001793171991422
2002-08-20,130.0,130.0,127.0,128.0,29.0,128.0,129.2,130.85,145.84,197.72,227.46,False,False,False,False,False,False,False,False,False,True,False,0.09375,-0.140625,,,-0.139375,-0.5446875,-0.21875,-0.3359375,-0.007215591071549,-0.3832632785632403,222.5,227.5,1.1153846153846154,-0.0170049369171694,-0.0008237071437066,-0.0003864534175588
2002-08-21,127.0,128.0,122.5,122.5,29.0,122.5,127.7,129.6,143.3,196.1,226.885,False,False,False,False,False,False,False,False,False,True,False,0.1632653061224489,-0.2040816326530612,,,-0.169795918367347,-0.6008163265306122,-0.1836734693877551,-0.3183673469387755,-0.0082610912799592,-0.3746141975308641,222.5,230.0,1.0,-0.0177250523377529,-0.0007201154205834,-0.0010455002084101
2002-08-22,120.0,122.5,120.0,122.5,10.0,122.5,126.2,128.35,141.0,194.53333333333333,226.3725,False,False,False,False,False,False,False,False,False,False,False,0.0,-0.1428571428571428,,,-0.1510204081632653,-0.5880272108843537,-0.2,-0.3183673469387755,-0.0080534612748457,-0.3638488507985975,200.0,237.5,0.3448275862068966,-0.0163120567375887,0.0014129956001641,0.0002076300051134
2002-08-23,120.0,122.5,120.0,122.5,18.0,122.5,124.7,127.6,138.84,193.03333333333333,225.86,False,False,False,False,False,False,False,False,False,False,False,-0.036734693877551,-0.1428571428571428,,,-0.1333877551020408,-0.57578231292517,-0.2326530612244897,-0.3346938775510204,-0.0077706786392678,-0.3589341692789968,203.5,225.0,1.8,-0.0155574762316335,0.0007545805059552,0.0002827826355779
2002-08-26,125.0,130.5,125.0,130.5,25.0,130.5,125.2,127.4,137.46,191.68666666666667,225.1625,False,False,False,False,False,False,False,False,False,False,False,-0.0804597701149425,-0.1954022988505747,,,-0.0533333333333333,-0.4688633461047254,-0.2720306513409962,-0.421455938697318,-0.0070253538761172,-0.3614599686028258,205.0,240.0,1.3888888888888888,-0.0100392841553906,0.0055181920762428,0.0007453247631505
2002-08-27,140.0,142.5,137.5,140.0,57.0,140.0,127.6,128.4,136.66,190.42,224.5125,False,False,False,False,True,False,False,False,False,False,True,-0.2142857142857142,-0.1785714285714285,,,0.0238571428571428,-0.360142857142857,-0.3607142857142857,-0.4464285714285714,-0.006651962328887,-0.3742211838006231,195.0,237.5,2.28,-0.0058539440948339,0.0041853400605566,0.0003733915472301
2002-08-28,141.5,142.5,138.5,142.5,41.0,142.5,131.6,129.65,136.06,189.18666666666667,223.95,False,False,False,False,False,False,False,False,False,False,False,-0.3157894736842105,-0.2105263157894736,,,0.0451929824561403,-0.327625730994152,-0.4210526315789473,-0.4666666666666667,-0.0065191345408414,-0.3871962977246432,195.0,232.5,0.7192982456140351,-0.0044098191974128,0.0014441248974211,0.0001328277880456
2002-08-29,141.5,142.5,115.0,122.5,139.0,122.5,131.6,128.9,134.66,187.70666666666668,223.1125,False,False,False,False,False,False,False,False,False,True,False,-0.1428571428571428,-0.0612244897959183,,,-0.0992653061224489,-0.5322993197278912,-0.3469387755102041,-0.3877551020408163,-0.0078846427049296,-0.3855702094647013,195.0,230.0,3.3902439024390243,-0.0103965542848656,-0.0059867350874527,-0.0013655081640881
2002-08-30,117.5,122.0,112.5,118.0,64.0,118.0,130.7,127.7,133.38,186.1133333333333,222.39,False,False,False,False,False,False,False,False,False,False,False,-0.1101694915254237,-0.0677966101694915,,,-0.1303389830508474,-0.5772316384180789,-0.3432203389830508,-0.3644067796610169,-0.0085610918078591,-0.3817541111981206,195.0,230.0,0.460431654676259,-0.0095966411755885,0.000799913109277,-0.0006764491029295
2002-09-02,118.0,120.0,117.5,120.0,7.0,120.0,128.6,126.9,132.38,184.54666666666665,221.565,False,False,False,False,False,False,False,False,False,False,False,-0.125,-0.125,,,-0.1031666666666666,-0.5378888888888887,-0.3541666666666667,-0.375,-0.0084892710064301,-0.3794326241134752,202.5,230.0,0.109375,-0.0075540111799365,0.002042629995652,7.182080142901538e-05
2002-09-03,118.0,118.0,110.0,110.0,11.0,110.0,122.6,125.1,130.78,182.94666666666663,220.7275,False,False,False,False,False,False,False,False,False,True,False,0.0454545454545454,-0.1136363636363636,,,-0.1889090909090909,-0.6631515151515148,-0.3181818181818182,-0.3409090909090909,-0.0087457182421107,-0.3804956035171862,204.5,237.5,1.5714285714285714,-0.0122342865881632,-0.0046802754082267,-0.0002564472356806
2002-09-04,110.0,110.0,95.0,97.5,28.0,97.5,113.6,122.6,128.88,181.16,219.8525,False,False,False,False,False,False,False,False,False,True,False,0.1538461538461538,0.0256410256410256,,,-0.3218461538461538,-0.858051282051282,-0.2051282051282051,-0.2564102564102564,-0.0098623684404208,-0.3768352365415986,197.5,250.0,2.5454545454545454,-0.0147423960273122,-0.0025081094391489,-0.00111665019831
2002-09-05,95.0,110.0,92.5,105.0,22.0,105.0,110.1,120.85,127.28,179.39333333333337,219.04,False,False,False,False,False,False,False,False,False,False,False,0.0952380952380952,-0.0238095238095238,,,-0.2121904761904762,-0.7085079365079369,-0.1428571428571428,-0.2952380952380952,-0.009848006243264,-0.3756723210591642,194.0,242.5,0.7857142857142857,-0.0125707102451288,0.0021716857821834,1.4362197156716702e-05
2002-09-06,105.0,105.0,102.5,105.0,17.0,105.0,107.5,119.1,125.68,177.69333333333333,218.19,False,False,False,False,False,False,False,False,False,True,False,0.0476190476190476,-0.0476190476190476,,,-0.196952380952381,-0.6923174603174602,-0.1619047619047619,-0.2904761904761905,-0.0095670443460646,-0.3723761544920235,194.0,240.0,0.7727272727272727,-0.0127307447485677,-0.0001600345034389,0.0002809618971994
2002-09-09,102.5,105.0,102.5,105.0,10.0,105.0,104.5,116.55,124.28,176.01333333333332,217.2275,False,False,False,False,False,False,False,False,False,False,False,0.0,-0.0714285714285714,,,-0.1836190476190476,-0.6763174603174602,-0.1904761904761904,-0.2952380952380952,-0.0095447314597379,-0.3599313599313599,188.0,240.0,0.5882352941176471,-0.0112648857418732,0.0014658590066945,2.231288632669956e-05
2002-09-10,107.5,122.5,105.0,115.0,46.0,115.0,105.5,114.05,123.48,174.51333333333332,216.3525,False,False,False,False,False,False,False,False,False,False,False,-0.1521739130434782,-0.1304347826086956,,,-0.0737391304347826,-0.5175072463768114,-0.1956521739130435,-0.3565217391304348,-0.0085953317798067,-0.348969750109601,190.0,242.5,4.6,-0.006478781988986,0.0047861037528871,0.0009493996799312
2002-09-11,115.0,115.0,112.5,112.5,14.0,112.5,108.5,111.05,122.58,172.94666666666666,215.465,False,False,False,False,False,False,False,False,False,True,False,-0.1111111111111111,-0.1111111111111111,,,-0.0895999999999999,-0.5373037037037036,-0.1111111111111111,-0.3333333333333333,-0.0090586693392953,-0.3322827555155335,186.0,232.5,0.3043478260869565,-0.0073421439060206,-0.0008633619170345,-0.0004633375594886
2002-09-12,112.5,115.0,112.5,115.0,6.0,115.0,110.5,110.3,121.78,171.31333333333333,214.615,False,False,False,False,False,False,False,False,False,False,False,-0.108695652173913,-0.1478260869565217,,,-0.0589565217391304,-0.4896811594202898,-0.1739130434782608,-0.3695652173913043,-0.0095341868700626,-0.3300090661831368,180.0,227.5,0.4285714285714285,-0.0065692231893578,0.0007729207166627,-0.0004755175307672
2002-09-13,113.0,113.0,110.0,110.0,16.0,110.0,111.5,109.5,120.98,169.78,213.815,False,False,False,False,False,False,False,False,False,True,False,-0.0909090909090909,-0.1454545454545454,,,-0.0998181818181818,-0.5434545454545454,-0.1136363636363636,-0.3409090909090909,-0.0090312954018926,-0.3273972602739725,176.5,227.5,2.6666666666666665,-0.0066126632501239,-4.344006076612873e-05,0.0005028914681699
2002-09-17,112.5,112.5,102.5,105.0,17.0,105.0,111.5,108.0,119.88,167.98,213.015,False,False,False,False,False,False,False,False,False,True,False,-0.0714285714285714,-0.0952380952380952,,,-0.1417142857142856,-0.5998095238095237,-0.0952380952380952,-0.3285714285714285,-0.0107155613763543,-0.3222222222222222,165.0,227.5,1.0625,-0.0091758425091759,-0.0025631792590519,-0.0016842659744617
2002-09-18,102.5,102.5,97.5,97.5,13.0,97.5,108.0,106.75,118.58,166.11333333333334,212.1775,False,False,False,False,False,False,False,False,False,True,False,0.0256410256410256,-0.082051282051282,,,-0.2162051282051282,-0.7037264957264958,-0.1025641025641025,-0.2666666666666666,-0.011237307862102,-0.3152224824355972,160.0,222.5,0.7647058823529411,-0.0109630629111148,-0.0017872204019389,-0.0005217464857476
2002-09-19,100.0,102.5,95.0,100.0,16.0,100.0,105.5,107.0,117.38,164.34666666666666,211.3025,False,False,False,False,False,False,False,False,False,False,True,0.0,-0.175,,,-0.1737999999999999,-0.6434666666666666,-0.1,-0.3,-0.0107496349180594,-0.3191588785046729,157.5,222.5,1.2307692307692308,-0.0102232066791617,0.0007398562319531,0.0004876729440425
2002-09-20,102.5,105.0,102.5,102.5,4.0,102.5,103.0,106.75,116.28,162.64666666666668,210.54,False,False,False,False,False,False,False,False,False,False,False,-0.0439024390243902,-0.2195121951219512,,,-0.1344390243902439,-0.5867967479674797,-0.0975609756097561,-0.3268292682926829,-0.0104521047669794,-0.322248243559719,157.5,200.0,0.25,-0.0094599243206053,0.0007632823585563,0.0002975301510799
2002-09-24,100.0,100.0,100.0,100.0,5.0,100.0,101.0,106.25,115.08,160.91333333333333,209.715,False,False,False,False,False,False,False,False,False,True,False,-0.06,-0.225,,,-0.1508,-0.6091333333333333,-0.125,-0.305,-0.0107718440568422,-0.323764705882353,150.0,203.5,1.25,-0.0104275286757038,-0.0009676043550984,-0.0003197392898628
2002-09-25,100.0,100.0,97.5,97.5,9.0,97.5,99.5,105.5,113.86,159.14666666666668,208.89,False,False,False,False,False,False,False,False,False,True,False,-0.0256410256410256,-0.2051282051282051,,,-0.1677948717948718,-0.6322735042735044,-0.0769230769230769,-0.2307692307692307,-0.0111008713136728,-0.3180094786729857,145.0,205.0,1.8,-0.0107149130511153,-0.0002873843754115,-0.0003290272568305
2002-09-26,97.5,100.0,97.5,100.0,10.0,100.0,100.0,104.0,112.74,157.31333333333333,208.14,False,False,False,False,False,False,False,False,False,False,False,-0.105,-0.25,,,-0.1273999999999999,-0.5731333333333333,-0.125,-0.2,-0.0116540238165869,-0.3024038461538462,150.0,195.0,1.1111111111111112,-0.0099343622494234,0.0007805508016919,-0.000553152502914
2002-09-27,100.0,100.0,100.0,100.0,3.0,100.0,100.0,102.75,111.84,155.31333333333333,207.4275,False,False,False,False,False,False,False,False,False,False,False,-0.175,-0.225,,,-0.1184,-0.5531333333333334,-0.025,-0.15,-0.0128771944885607,-0.2841849148418491,145.0,195.0,0.3,-0.0080472103004291,0.0018871519489943,-0.0012231706719738
2002-09-30,100.0,100.0,98.0,98.0,5.0,98.0,99.1,101.05,110.86,153.38666666666666,206.73,False,False,False,False,False,False,False,False,False,True,False,-0.1836734693877551,-0.0816326530612244,,,-0.1312244897959183,-0.5651700680272108,-0.0051020408163265,-0.1275510204081632,-0.0125608484005563,-0.2592775853537853,145.0,195.0,1.6666666666666667,-0.0088399783510734,-0.0007927680506443,0.0003163460880043
2002-10-01,98.0,98.0,94.0,94.0,12.0,94.0,97.9,99.45,109.72,151.44,206.0125,False,False,False,False,False,False,False,False,False,True,False,-0.175531914893617,-0.0638297872340425,,,-0.1672340425531914,-0.6110638297872341,0.0106382978723404,-0.0957446808510638,-0.012854375770382,-0.2347913524384113,145.0,195.0,2.4,-0.0103900838497994,-0.001550105498726,-0.0002935273698256
2002-10-02,97.5,97.5,94.0,95.0,17.0,95.0,97.4,98.45,108.3,149.50666666666666,205.3875,False,False,False,False,False,False,False,False,False,True,False,-0.1842105263157894,-0.1052631578947368,,,-0.1399999999999999,-0.5737543859649122,-0.0263157894736842,-0.131578947368421,-0.0129314188887898,-0.2148298628745556,140.0,202.5,1.4166666666666667,-0.0131117266851339,-0.0027216428353344,-7.704311840776856e-05
2002-10-03,92.5,92.5,89.5,89.5,7.0,89.5,95.3,97.65,106.28,147.46666666666667,204.71,False,False,False,False,False,False,False,False,False,True,False,-0.1620111731843575,0.0335195530726257,,,-0.1874860335195531,-0.6476722532588455,-0.0223463687150838,-0.0782122905027933,-0.0138336347197106,-0.1971326164874552,135.0,204.5,0.4117647058823529,-0.0190063981934512,-0.0058946715083173,-0.0009022158309207
2002-10-04,89.5,89.5,80.0,82.5,29.0,82.5,91.8,95.9,103.88,145.46666666666667,203.985,False,False,False,False,False,False,False,False,False,True,False,-0.0606060606060606,0.2121212121212121,,,-0.2591515151515151,-0.7632323232323233,0.0606060606060606,-0.0606060606060606,-0.0137488542621448,-0.1746611053180396,135.0,197.5,4.142857142857143,-0.0231035810550635,-0.0040971828616123,8.478045756579386e-05
2002-10-07,82.5,82.5,77.5,80.0,28.0,80.0,88.2,93.65,102.18,143.5,203.26,False,False,False,False,False,False,False,False,False,False,False,0.125,0.1875,,,-0.2772500000000001,-0.79375,0.0625,-0.025,-0.013704994192799,-0.1452215696743193,135.0,194.0,0.9655172413793104,-0.0166373067136424,0.0064662743414211,4.386006934573722e-05
2002-10-08,75.0,77.5,75.0,77.5,5.0,77.5,84.9,91.4,100.56,141.5,202.51,False,False,False,False,False,False,False,False,False,False,False,0.1354838709677419,0.2580645161290322,,,-0.2975483870967742,-0.8258064516129032,0.1612903225806451,0.0258064516129032,-0.0141342756183745,-0.113238512035011,130.0,194.0,0.1785714285714285,-0.016109785202864,0.0005275215107784,-0.0004292814255754
2002-10-09,75.0,77.5,75.0,77.5,4.0,77.5,81.4,89.4,98.86,139.5,201.86,False,False,False,False,False,False,False,False,False,True,False,0.0967741935483871,0.2258064516129032,,,-0.2756129032258064,-0.8,0.0,0.032258064516129,-0.014336917562724,-0.0878076062639822,132.5,188.0,0.8,-0.0171960347966822,-0.0010862495938181,-0.0002026419443494
2002-10-10,80.0,80.0,75.0,75.0,17.0,75.0,78.5,86.9,97.46,137.53333333333333,201.2975,False,False,False,False,False,False,False,False,False,False,False,0.2333333333333333,0.1666666666666666,,,-0.2994666666666666,-0.8337777777777777,-0.0466666666666666,0.0666666666666666,-0.0142995637421231,-0.0615650172612198,130.0,190.0,4.25,-0.0143648676380053,0.0028311671586768,3.73538206008793e-05
2002-10-11,77.5,80.0,77.5,77.5,24.0,77.5,77.5,84.65,96.66,135.6,200.6725,False,False,False,False,False,False,False,False,False,False,False,0.2903225806451613,0.1612903225806451,,,-0.2472258064516128,-0.7496774193548387,-0.032258064516129,0.1483870967741935,-0.0142576204523107,-0.0318960425280567,130.0,186.0,1.411764705882353,-0.0082764328574384,0.0060884347805669,4.194328981238851e-05
2002-10-15,77.5,90.0,77.5,90.0,26.0,90.0,79.5,83.85,96.06,134.13333333333333,200.135,False,False,False,False,False,False,False,False,False,False,False,0.0555555555555555,0.0277777777777777,,,-0.0673333333333333,-0.4903703703703703,-0.1111111111111111,-0.0111111111111111,-0.0109343936381709,-0.0184853905784138,130.0,180.0,1.0833333333333333,-0.0062460961898812,0.0020303366675571,0.0033232268141397
2002-10-16,90.0,90.0,88.0,88.0,6.0,88.0,81.6,83.25,95.38,132.59333333333333,199.6375,False,False,False,False,False,False,False,False,False,True,False,0.1079545454545454,-0.0056818181818181,,,-0.0838636363636363,-0.5067424242424242,-0.0909090909090909,-0.1193181818181818,-0.0116144602544119,-0.0204204204204204,130.0,176.5,0.2307692307692307,-0.0071293772279304,-0.0008832810380491,-0.0006800666162409
2002-10-17,87.5,90.0,85.0,85.0,23.0,85.0,83.1,82.25,94.58,130.99333333333334,199.125,False,False,False,False,False,False,False,False,False,True,False,0.1176470588235294,0.0588235294117647,,,-0.1127058823529411,-0.5410980392156863,-0.0705882352941176,-0.1176470588235294,-0.0122143620540485,-0.017629179331307,128.0,165.0,3.8333333333333335,-0.0084584478748149,-0.0013290706468844,-0.0005999017996365
2002-10-18,85.0,92.5,82.5,92.5,25.0,92.5,86.6,82.55,93.68,129.6266666666667,198.6125,False,False,False,False,False,False,False,False,False,True,True,-0.054054054054054,-0.054054054054054,,,-0.0127567567567568,-0.4013693693693697,-0.1621621621621621,-0.1567567567567567,-0.010543098127957,-0.0266505148394912,128.0,160.0,1.0869565217391304,-0.0096071733561058,-0.0011487254812908,0.0016712639260914
2002-10-21,92.5,107.5,90.0,100.0,40.0,100.0,91.1,84.3,93.18,128.36,198.1,False,False,False,False,True,False,False,False,False,False,False,-0.1,-0.025,,,0.0681999999999999,-0.2836000000000001,-0.2,-0.225,-0.009868079360133,-0.0468564650059312,122.5,157.5,1.6,-0.0053659583601631,0.0042412149959426,0.0006750187678239
2002-10-22,105.0,105.0,95.0,95.0,22.0,95.0,92.1,85.8,92.38,127.02666666666669,197.475,False,False,False,False,False,False,False,False,False,True,False,-0.0263157894736842,0.0263157894736842,,,0.0275789473684211,-0.337122807017544,-0.1842105263157894,-0.2105263157894736,-0.0104964836779678,-0.067016317016317,122.5,157.5,0.55,-0.0086598830915783,-0.0032939247314152,-0.0006284043178347
2002-10-23,97.5,97.5,97.5,97.5,2.0,97.5,94.0,87.8,91.88,125.72666666666667,196.8375,False,False,False,False,False,False,False,False,False,False,False,-0.1025641025641025,-0.0256410256410256,,,0.0576410256410256,-0.2895042735042736,-0.1794871794871795,-0.2307692307692307,-0.0103398907683335,-0.0933940774487471,122.5,150.0,0.0909090909090909,-0.0054418807139747,0.0032180023776036,0.0001565929096343
2002-10-24,95.0,99.0,92.5,95.0,9.0,95.0,96.0,89.55,91.48,124.29333333333334,196.2,False,False,False,False,False,False,False,False,False,False,False,-0.0526315789473684,-0.0263157894736842,,,0.0370526315789473,-0.3083508771929825,-0.1578947368421052,-0.2105263157894736,-0.0115318601158549,-0.1166945840312674,130.5,145.0,4.5,-0.004372540445999,0.0010693402679757,-0.0011919693475214
2002-10-25,92.5,92.5,87.5,87.5,20.0,87.5,95.0,90.8,91.08,122.73333333333332,195.625,False,False,False,False,False,True,False,False,False,True,False,0.0,0.0,,,-0.0409142857142856,-0.4026666666666665,0.0,-0.1428571428571428,-0.012710483432917,-0.1343612334801762,140.0,150.0,2.2222222222222223,-0.0043917435221783,-1.9203076179335164e-05,-0.001178623317062
2002-10-28,90.0,90.0,87.5,90.0,7.0,90.0,93.0,92.05,90.68,121.3,195.0,False,False,False,False,False,False,False,False,False,True,False,0.0833333333333333,-0.0277777777777777,,,-0.0075555555555556,-0.3477777777777777,-0.0555555555555555,-0.0833333333333333,-0.0118164330860125,-0.1531776208582291,142.5,145.0,0.35,-0.004411116012351,-1.937249017266301e-05,0.0008940503469044
2002-10-29,92.5,92.5,92.5,92.5,8.0,92.5,92.5,92.3,90.28,119.94666666666669,194.3875,False,False,False,False,False,False,False,False,False,True,False,0.054054054054054,-0.081081081081081,,,0.0239999999999999,-0.2967207207207209,-0.1621621621621621,-0.1459459459459459,-0.0112827923521563,-0.166305525460455,122.5,145.0,1.1428571428571428,-0.0044306601683651,-1.954415601411897e-05,0.0005336407338562
2002-10-30,90.0,90.0,87.5,87.5,9.0,87.5,90.5,92.25,89.78,118.52666666666669,193.5625,False,False,False,False,False,False,False,False,False,True,False,0.0857142857142857,0.0285714285714285,,,-0.0260571428571428,-0.3545904761904764,-0.1142857142857142,-0.0285714285714285,-0.0119804263456887,-0.1577235772357723,118.0,145.0,1.125,-0.0055691690799732,-0.0011385089116081,-0.0006976339935324
2002-10-31,87.5,90.0,87.5,90.0,3.0,90.0,89.5,92.75,89.48,117.22,192.6125,False,False,False,False,False,False,False,False,False,False,True,0.0277777777777777,-0.1388888888888889,,,0.0057777777777777,-0.3024444444444444,-0.1444444444444444,-0.0388888888888888,-0.011147130751294,-0.1498652291105122,120.0,140.0,0.3333333333333333,-0.0033527045149753,0.0022164645649978,0.0008332955943947
2002-11-01,87.5,87.5,87.5,87.5,2.0,87.5,89.5,92.25,88.98,115.85333333333334,191.75,False,False,False,False,False,False,False,False,False,True,False,0.0,-0.1828571428571428,,,-0.0169142857142857,-0.3240380952380953,-0.0285714285714285,-0.04,-0.0117965243411209,-0.1387533875338753,110.0,135.0,0.6666666666666666,-0.0056192402787143,-0.0022665357637389,-0.0006493935898268
2002-11-05,90.0,97.5,90.0,97.5,28.0,97.5,91.0,92.0,88.88,114.67333333333332,190.7375,False,False,False,False,False,False,False,False,False,False,False,-0.1025641025641025,-0.2307692307692307,,,0.0884102564102564,-0.1761367521367519,-0.1435897435897435,-0.1128205128205128,-0.010290099412825,-0.1266304347826087,97.5,135.0,14.0,-0.0011251125112512,0.004494127767463,0.0015064249282958
2002-11-06,97.5,97.5,95.0,97.5,4.0,97.5,92.0,92.25,88.86,113.57333333333334,189.7225,False,False,False,False,False,False,False,False,False,False,True,-0.1282051282051282,-0.1794871794871795,,,0.0886153846153846,-0.1648547008547009,-0.1435897435897435,-0.1794871794871795,-0.0096853721530874,-0.1235772357723577,105.0,135.0,0.1428571428571428,-0.0002250731487733,0.0009000393624779,0.0006047272597376
2002-11-07,97.5,98.0,95.0,95.0,3.0,95.0,93.5,92.0,88.9,112.48666666666666,188.7725,False,False,False,False,False,False,True,False,False,False,False,-0.0526315789473684,-0.1578947368421052,,,0.0642105263157894,-0.1840701754385964,-0.1421052631578947,-0.1684210526315789,-0.0096604041960529,-0.1168478260869565,105.0,130.0,0.75,0.0004499437570304,0.0006750169058037,2.496795703448018e-05
2002-11-08,95.0,95.0,90.0,92.5,12.0,92.5,94.0,91.75,88.8,111.52,187.7975,False,False,False,False,False,False,False,False,False,True,False,-0.1621621621621621,-0.1459459459459459,,,0.04,-0.2056216216216216,-0.1837837837837838,-0.1891891891891892,-0.0086681013868962,-0.1144414168937329,105.0,132.5,4.0,-0.0011261261261262,-0.0015760698831566,0.0009923028091566
2002-11-11,90.0,90.0,87.5,87.5,4.0,87.5,94.0,91.75,88.72,110.55333333333331,186.91,False,False,False,False,False,True,False,False,False,False,False,-0.1828571428571428,-0.1142857142857142,,,-0.0139428571428571,-0.2634666666666664,-0.1142857142857142,-0.1142857142857142,-0.0087438943496353,-0.1117166212534059,115.0,130.0,0.3333333333333333,-0.0009017132551848,0.0002244128709413,-7.579296273907583e-05
2002-11-12,85.0,87.5,85.0,87.5,6.0,87.5,92.0,91.5,88.92,109.62,186.01,False,False,False,False,False,False,True,False,True,False,False,-0.1428571428571428,-0.0857142857142857,,,-0.0162285714285714,-0.2528,-0.1314285714285714,-0.1142857142857142,-0.0085142613878243,-0.1147540983606557,112.5,130.0,1.5,0.0022492127755285,0.0031509260307134,0.0002296329618109
2002-11-13,85.0,85.0,85.0,85.0,1.0,85.0,89.5,90.75,89.12,108.65333333333334,185.185,False,False,False,False,False,False,True,False,False,True,False,-0.0588235294117647,-0.088235294117647,,,-0.0484705882352941,-0.2782745098039216,-0.1176470588235294,-0.1176470588235294,-0.0088967971530249,-0.1118457300275482,115.0,130.0,0.1666666666666666,0.0022441651705565,-5.047604972012367e-06,-0.0003825357652005
2002-11-14,87.5,92.5,87.5,90.0,21.0,90.0,88.5,91.0,89.62,107.85333333333334,184.41,False,False,False,True,True,False,True,False,False,False,True,-0.1111111111111111,-0.1111111111111111,,,0.0042222222222221,-0.1983703703703704,-0.1666666666666666,-0.1666666666666666,-0.0074174805291135,-0.1252747252747253,110.0,130.0,21.0,0.0055791118054005,0.0033349466348439,0.0014793166239113
2002-11-15,90.0,90.0,75.0,77.5,35.0,77.5,85.5,89.75,89.62,106.95333333333332,183.535,False,False,False,False,False,False,False,False,False,True,False,0.0193548387096774,0.032258064516129,,,-0.1563870967741936,-0.380043010752688,-0.032258064516129,-0.032258064516129,-0.0084148849965719,-0.1259052924791086,105.0,128.0,1.6666666666666667,0.0,-0.0055791118054005,-0.0009974044674583
2002-11-18,77.5,77.5,71.5,71.5,33.0,71.5,82.3,88.15,89.48,105.90666666666668,182.58,False,False,False,False,False,False,False,False,False,True,False,0.0839160839160839,0.2237762237762237,,,-0.2514685314685315,-0.4812121212121214,0.0139860139860139,0.0559440559440559,-0.0098829157748958,-0.1196823596142939,97.5,128.0,0.9428571428571428,-0.0015645954403218,-0.0015645954403218,-0.0014680307783239
2002-11-19,70.5,75.0,70.5,75.0,19.0,75.0,79.8,85.9,89.38,104.97333333333331,181.68,False,False,False,False,False,False,False,False,False,False,False,0.0666666666666666,0.1333333333333333,,,-0.1917333333333332,-0.3996444444444442,-0.0333333333333333,0.0,-0.0088911469579578,-0.110011641443539,100.0,122.5,0.5757575757575758,-0.0011188185276349,0.0004457769126869,0.0009917688169379
2002-11-20,77.5,80.0,77.5,80.0,24.0,80.0,78.8,84.15,88.98,104.10666666666668,180.755,False,False,False,False,False,False,False,False,False,True,False,-0.03125,-0.03125,,,-0.11225,-0.3013333333333335,-0.075,-0.0625,-0.0083247950819668,-0.0974450386215092,102.5,122.5,1.263157894736842,-0.0044953922229713,-0.0033765736953364,0.000566351875991
2002-11-21,80.0,82.5,80.0,80.0,17.0,80.0,76.8,82.65,88.66,103.24,179.905,False,False,False,False,False,False,False,False,False,False,False,0.0,-0.03125,,,-0.1082499999999999,-0.2904999999999999,-0.06875,-0.0625,-0.0083946790649621,-0.0859044162129462,100.0,122.5,0.7083333333333334,-0.0036092939318746,0.0008860982910966,-6.988398299523704e-05
2002-11-22,82.0,82.0,77.5,79.0,18.0,79.0,77.1,81.3,88.42,102.42666666666666,179.0625,False,False,False,False,False,False,False,False,False,False,False,0.0126582278481012,-0.0253164556962025,,,-0.1192405063291139,-0.2965400843881856,-0.0632911392405063,-0.050632911392405,-0.007940640458214,-0.0707257072570725,97.5,130.5,1.0588235294117647,-0.0027143180275955,0.0008949759042791,0.0004540386067481
2002-11-25,77.5,79.0,75.0,77.5,17.0,77.5,78.3,80.3,87.82,101.66,178.2625,False,False,False,False,False,False,False,False,False,True,False,0.1290322580645161,0.0967741935483871,,,-0.1331612903225805,-0.3117419354838709,-0.0451612903225806,-0.032258064516129,-0.0075414781297134,-0.062266500622665,100.0,140.0,0.9444444444444444,-0.0068321566841267,-0.0041178386565312,0.0003991623285005
2002-11-26,76.0,80.0,76.0,80.0,7.0,80.0,79.3,79.55,87.02,100.92666666666666,177.475,False,False,False,False,False,False,False,False,False,True,False,0.0625,0.04375,,,-0.0877499999999999,-0.2615833333333333,-0.0625,-0.09375,-0.0072660017174185,-0.059710873664362,100.0,142.5,0.4117647058823529,-0.0091932888991036,-0.0023611322149769,0.0002754764122948
2002-11-27,77.5,77.5,77.5,77.5,1.0,77.5,78.8,78.8,86.32,100.16,176.6875,False,False,False,False,False,False,False,False,False,False,False,0.0,0.0774193548387096,,,-0.1138064516129031,-0.2923870967741935,-0.064516129032258,-0.0967741935483871,-0.0076544195953141,-0.0571065989847715,98.0,122.5,0.1428571428571428,-0.0081093605189991,0.0010839283801045,-0.0003884178778955
2002-11-28,80.0,80.0,80.0,80.0,4.0,80.0,78.8,77.8,85.62,99.49333333333334,175.925,False,False,False,False,False,False,False,False,False,True,False,-0.03125,0.01875,,,-0.07025,-0.2436666666666667,-0.09375,-0.125,-0.0067006164567139,-0.0514138817480719,94.0,118.0,4.0,-0.0081756598925483,-6.629937354923031e-05,0.0009538031386002
2002-11-29,80.0,82.5,80.0,80.0,12.0,80.0,79.0,78.05,85.02,98.79333333333334,175.0125,False,False,False,False,False,False,False,False,False,False,True,-0.0375,-0.05625,,,-0.0627499999999999,-0.2349166666666667,-0.11875,-0.09375,-0.007085498346717,-0.0576553491351697,95.0,120.0,3.0,-0.0070571630204658,0.0011184968720824,-0.0003848818900031
2002-12-02,85.0,90.0,82.5,87.5,13.0,87.5,81.0,79.65,85.02,98.22666666666667,174.175,False,False,False,False,True,False,False,False,False,False,False,-0.0285714285714285,-0.1142857142857142,,,0.0283428571428571,-0.1225904761904762,-0.1828571428571428,-0.1714285714285714,-0.0057689697298764,-0.0803515379786566,89.5,110.0,1.0833333333333333,0.0,0.0070571630204658,0.0013165286168406
2002-12-03,85.0,87.5,85.0,85.0,17.0,85.0,82.0,80.65,84.82,97.62666666666668,173.375,False,False,False,False,False,False,False,False,False,True,False,-0.0176470588235294,-0.1058823529411764,,,0.0021176470588236,-0.1485490196078432,-0.1764705882352941,-0.1470588235294117,-0.0061458617863971,-0.0948543087414755,82.5,97.5,1.3076923076923077,-0.0023579344494223,-0.0023579344494223,-0.0003768920565206
2002-12-04,80.0,80.0,76.5,77.5,14.0,77.5,82.0,80.4,84.22,96.92666666666666,172.5625,False,False,False,False,False,False,False,False,False,True,False,0.0774193548387096,-0.032258064516129,,,-0.0867096774193548,-0.2506666666666666,-0.1096774193548387,-0.0967741935483871,-0.0072219547424171,-0.0982587064676617,80.0,105.0,0.8235294117647058,-0.0071241985276655,-0.0047662640782432,-0.00107609295602
2002-12-05,77.5,77.5,77.5,77.5,2.0,77.5,81.5,80.15,83.82,96.22666666666667,171.8,False,False,False,False,False,False,False,False,False,False,False,0.0516129032258064,-0.032258064516129,,,-0.0815483870967741,-0.2416344086021506,-0.1032258064516129,-0.0967741935483871,-0.0072744907856448,-0.1016843418590144,77.5,105.0,0.1428571428571428,-0.0047721307563827,0.0023520677712827,-5.253604322776311e-05
2002-12-09,77.0,77.5,75.0,77.0,16.0,77.0,80.9,79.95,83.3,95.54666666666668,171.025,False,False,False,False,False,False,False,False,False,True,False,-0.0194805194805194,-0.0259740259740259,,,-0.0818181818181817,-0.240865800865801,-0.0259740259740259,-0.0909090909090909,-0.0071169411108009,-0.1056910569105691,77.5,105.0,8.0,-0.0062424969987994,-0.0014703662424166,0.0001575496748439
2002-12-10,75.0,97.5,75.0,85.0,51.0,85.0,80.4,80.7,83.2,94.97333333333331,170.2875,False,False,False,False,True,False,False,False,False,False,True,-0.088235294117647,-0.1470588235294117,,,0.0211764705882352,-0.1173333333333331,-0.0588235294117647,-0.2,-0.0060367822546683,-0.1226765799256506,75.0,115.0,3.1875,-0.001201923076923,0.0050405739218764,0.0010801588561326
2002-12-11,84.0,85.0,82.5,83.5,37.0,83.5,80.1,81.05,82.64,94.45333333333332,169.5175,False,False,False,False,False,False,False,False,False,True,False,-0.0898203592814371,-0.1317365269461078,,,0.0102994011976047,-0.1311776447105786,0.0179640718562874,-0.1616766467065868,-0.0055053642010163,-0.1295496607032696,77.5,112.5,0.7254901960784313,-0.0067763794772507,-0.0055744564003277,0.0005314180536519
2002-12-12,83.5,83.5,83.5,83.5,10.0,83.5,81.3,81.65,82.08,93.93333333333334,168.785,False,False,False,False,False,False,False,False,False,True,False,-0.1017964071856287,-0.1137724550898203,,,0.0170059880239521,-0.1249500998003992,0.0239520958083832,-0.18562874251497,-0.0055358410220012,-0.138395590936926,90.0,115.0,0.2702702702702703,-0.00682261208577,-4.623260851925517e-05,-3.0476820984891816e-05
2002-12-13,82.5,82.5,80.0,81.5,15.0,81.5,82.1,81.8,81.54,93.38666666666668,168.055,False,False,False,False,False,True,False,False,False,False,False,-0.0797546012269938,-0.0858895705521472,,,-0.0004907975460123,-0.1458486707566464,0.0429447852760736,-0.1595092024539877,-0.0058537978298113,-0.1418092909535451,88.0,110.0,1.5,-0.0066225165562912,0.0002000955294787,-0.0003179568078101
2002-12-16,77.5,77.5,75.0,75.5,31.0,75.5,81.8,81.35,80.86,92.65333333333334,167.3675,False,False,False,False,False,False,False,False,False,True,False,-0.0066225165562913,-0.0198675496688741,,,-0.0709933774834437,-0.22719646799117,0.0927152317880794,-0.0728476821192053,-0.0079148078860269,-0.1401352181929931,85.0,105.0,2.066666666666667,-0.0084095968340342,-0.0017870802777429,-0.0020610100562155
2002-12-17,77.5,77.5,77.5,77.5,4.0,77.5,80.3,80.35,80.46,91.82,166.63,False,False,False,False,False,False,False,False,False,False,False,-0.064516129032258,-0.0451612903225806,,,-0.0381935483870966,-0.184774193548387,0.064516129032258,-0.1032258064516129,-0.0090757278733755,-0.1331673926571249,92.5,97.5,0.1290322580645161,-0.0049714143673875,0.0034381824666466,-0.0011609199873486
2002-12-18,75.0,77.5,75.0,76.0,11.0,76.0,78.8,79.45,80.0,90.93333333333334,165.835,False,False,False,False,False,False,False,False,False,True,False,-0.0460526315789473,-0.0131578947368421,,,-0.0526315789473684,-0.1964912280701755,0.0197368421052631,0.1907894736842105,-0.0097507331378297,-0.1006922592825676,100.0,100.0,2.75,-0.0057499999999999,-0.0007785856326123,-0.0006750052644542
2002-12-19,76.0,76.0,75.0,75.0,6.0,75.0,77.1,79.2,79.6,90.3,165.01,False,False,False,False,False,False,False,False,False,False,False,-0.0133333333333333,-0.0333333333333333,,,-0.0613333333333332,-0.2039999999999999,0.04,0.2133333333333333,-0.0070136581764489,-0.0713383838383839,95.0,102.5,0.5454545454545454,-0.0050251256281407,0.0007248743718591,0.0027370749613808
2002-12-20,75.0,76.5,75.0,75.0,5.0,75.0,75.8,78.95,79.0,89.72666666666667,164.185,False,False,False,False,False,False,False,False,False,True,False,-0.0066666666666666,-0.0333333333333333,,,-0.0533333333333333,-0.1963555555555556,0.06,0.1333333333333333,-0.0063897763578273,-0.0493983533882204,97.5,100.0,0.8333333333333334,-0.0075949367088606,-0.0025698110807199,0.0006238818186215
2002-12-24,72.5,75.0,72.5,75.0,9.0,75.0,75.7,78.75,78.9,89.12666666666667,163.2975,False,False,False,False,False,False,False,False,False,False,False,-0.0133333333333333,-0.06,,,-0.052,-0.1883555555555555,0.0666666666666666,0.1,-0.0067319919216097,-0.0311111111111111,95.0,97.5,1.8,-0.0012674271229403,0.0063275095859203,-0.0003422155637824
2002-12-25,72.5,72.5,72.5,72.5,2.0,72.5,74.7,77.5,78.94,88.62666666666667,162.3975,False,False,False,False,False,False,True,False,False,False,False,0.0206896551724137,-0.0137931034482758,,,-0.0888275862068965,-0.2224367816091954,0.1034482758620689,0.1172413793103448,-0.0056416428463968,0.001290322580645,87.5,100.0,0.2222222222222222,0.0005067139599694,0.0017741410829098,0.0010903490752129
2002-12-26,70.0,72.5,70.0,72.5,12.0,72.5,74.0,76.4,78.84,88.29333333333334,161.46,False,False,False,False,False,False,False,False,False,True,False,0.0344827586206896,-0.0344827586206896,,,-0.087448275862069,-0.2178390804597701,0.2275862068965517,0.1379310344827586,-0.0037752944729688,0.0320680628272249,90.0,100.0,6.0,-0.0012683916793505,-0.00177510563932,0.001866348373428
2002-12-27,70.0,74.0,70.0,74.0,3.0,74.0,73.8,75.45,78.6,87.88,160.53,False,False,False,False,False,False,False,False,False,True,False,-0.0202702702702702,-0.0675675675675675,,,-0.062162162162162,-0.1875675675675675,0.2027027027027027,0.0135135135135135,-0.0047033834016083,0.054340622929092,92.5,98.0,0.25,-0.0030534351145039,-0.0017850434351534,-0.0009280889286395
2002-12-30,76.5,76.5,74.0,74.5,31.0,74.5,73.7,74.75,78.38,87.47333333333333,159.615,False,False,False,False,False,False,False,False,False,False,False,-0.0268456375838926,-0.0671140939597315,,,-0.0520805369127516,-0.17413870246085,0.0402684563758389,0.0402684563758389,-0.0046490358966542,0.0762541806020067,87.5,94.0,10.333333333333334,-0.0028068384792038,0.0002465966353,5.434750495412772e-05
2003-01-06,74.5,74.5,74.0,74.0,8.0,74.0,73.5,74.6,78.18,87.06,158.685,False,False,False,False,False,False,False,False,False,False,False,-0.0472972972972973,0.0135135135135135,,,-0.0564864864864865,-0.1764864864864865,0.0135135135135135,0.0472972972972973,-0.0047476835898613,0.0884718498659518,90.0,95.0,0.2580645161290322,-0.0025581990278842,0.0002486394513196,-9.864769320710922e-05
2003-01-07,75.0,75.0,73.5,74.0,24.0,74.0,73.8,74.25,78.04,86.51333333333334,157.7925,False,False,False,False,False,False,False,False,False,False,False,-0.0337837837837837,0.081081081081081,,,-0.0545945945945946,-0.1690990990990991,0.054054054054054,0.0337837837837837,-0.0063188718501965,0.1030303030303031,87.5,89.5,3.0,-0.0017939518195797,0.0007642472083045,-0.0015711882603351
2003-01-08,75.0,75.0,73.5,75.0,10.0,75.0,74.3,74.15,77.84,86.01333333333334,156.93,False,False,False,False,False,False,False,False,False,True,False,-0.0666666666666666,0.1333333333333333,,,-0.0378666666666667,-0.1468444444444444,0.0333333333333333,0.0333333333333333,-0.0058130522399627,0.0869858395144974,97.5,82.5,0.4166666666666667,-0.0025693730729702,-0.0007754212533905,0.0005058196102337
2003-01-09,74.0,74.5,70.5,72.5,16.0,72.5,74.0,73.9,77.64,85.44666666666667,156.0925,False,False,False,False,False,False,False,False,False,True,False,-0.0482758620689655,0.1793103448275862,,,-0.0708965517241379,-0.1785747126436782,0.0344827586206896,0.0689655172413793,-0.0066318171178902,0.0723951285520973,97.5,80.0,1.6,-0.0025759917568264,-6.618683856182955e-06,-0.0008187648779274
2003-01-10,70.0,72.5,70.0,72.5,2.0,72.5,73.6,73.65,77.34,84.94666666666667,155.1925,False,False,False,False,False,False,False,False,False,True,False,-0.0413793103448275,0.1724137931034483,,,-0.0667586206896552,-0.1716781609195403,0.0344827586206896,0.1379310344827586,-0.0058860461466017,0.0726408689748811,95.0,77.5,0.125,-0.003878975950349,-0.0013029841935226,0.0007457709712884
2003-01-14,70.0,70.5,70.0,70.5,2.0,70.5,72.9,73.2,76.96,84.48666666666666,154.32,False,False,False,False,False,False,False,False,False,True,False,0.0638297872340425,0.1702127659574468,,,-0.0916312056737587,-0.1983924349881796,0.0638297872340425,0.1985815602836879,-0.0054446460980037,0.081967213114754,92.5,77.5,1.0,-0.00493762993763,-0.0010586539872809,0.000441400048598
2003-01-15,70.0,73.0,70.0,71.5,23.0,71.5,72.4,73.1,76.32,84.14,153.4525,False,False,False,False,False,False,False,False,False,True,False,0.1188811188811188,0.1538461538461538,,,-0.0674125874125873,-0.1767832167832168,0.0489510489510489,0.1678321678321678,-0.0041201172648759,0.0868673050615596,87.5,75.0,11.5,-0.0083857442348008,-0.0034481142971707,0.0013245288331277
2003-01-16,71.5,71.5,70.0,70.0,24.0,70.0,71.4,72.85,75.72,83.74,152.6275,False,False,False,False,False,False,False,False,False,False,False,0.2142857142857142,0.1071428571428571,,,-0.0817142857142857,-0.1962857142857142,0.1785714285714285,0.1928571428571428,-0.0047766897540005,0.0919698009608785,87.5,77.5,1.0434782608695652,-0.0079239302694135,0.0004618139653872,-0.0006565724891245
2003-01-17,70.0,70.0,69.0,69.0,10.0,69.0,70.7,72.35,75.38,83.29333333333334,151.785,False,False,False,False,False,False,False,False,False,False,False,0.2391304347826087,0.1304347826086956,,,-0.0924637681159419,-0.2071497584541063,0.144927536231884,0.2101449275362318,-0.0053625740355369,0.1112646855563236,85.0,90.0,0.4166666666666667,-0.0045104802334837,0.0034134500359298,-0.0005858842815364
2003-01-20,69.0,69.5,69.0,69.5,4.0,69.5,70.1,71.85,75.06,82.88666666666667,151.0075,False,False,False,False,False,False,False,False,False,False,False,0.2230215827338129,0.1438848920863309,,,-0.08,-0.1926139088729017,0.2230215827338129,0.2014388489208633,-0.004906297755972,0.1273486430062631,90.0,88.0,0.4,-0.0042632560618171,0.0002472241716666,0.0004562762795649
2003-01-21,70.0,75.5,70.0,75.0,26.0,75.0,71.0,71.95,74.98,82.58666666666667,150.2575,False,False,False,False,True,False,False,False,False,False,False,0.1,0.0666666666666666,,,0.0002666666666666,-0.1011555555555556,0.1533333333333333,0.1333333333333333,-0.0036325476267355,0.1362056984016677,77.5,85.0,6.5,-0.0010669511869831,0.0031963048748339,0.0012737501292364
2003-01-22,76.5,83.5,75.0,80.0,35.0,80.0,72.7,72.55,74.78,82.32,149.5575,False,False,False,False,False,False,False,False,False,True,False,0.03125,0.0,,,0.0652499999999999,-0.0289999999999999,0.05,0.03125,-0.0032393909944931,0.1350792556857339,71.5,92.5,1.3461538461538465,-0.002674511901578,-0.0016075607145948,0.0003931566322423
2003-01-23,82.5,85.0,82.5,85.0,29.0,85.0,75.7,73.55,74.84,82.12,148.845,False,False,False,False,False,False,True,False,False,False,False,-0.088235294117647,0.0470588235294117,,,0.1195294117647058,0.0338823529411764,0.0176470588235294,-0.0294117647058823,-0.0024354603019969,0.1264445955132562,75.0,100.0,0.8285714285714286,0.0008017103153394,0.0034762222169174,0.0008039306924962
2003-01-24,85.0,87.5,85.0,85.5,41.0,85.5,79.0,74.85,74.92,81.95333333333333,148.11,False,False,False,False,False,False,True,False,False,False,False,-0.087719298245614,0.0409356725146198,,,0.1237426900584795,0.0414814814814814,-0.0643274853801169,-0.0350877192982456,-0.0020336777027577,0.1135604542418169,80.0,95.0,1.4137931034482758,0.0010678056593699,0.0002660953440305,0.0004017825992392
2003-01-27,85.0,85.0,82.5,85.0,19.0,85.0,82.1,76.1,75.06,81.83333333333333,147.335,False,False,False,False,False,False,True,False,False,False,False,-0.0647058823529411,-0.088235294117647,,,0.1169411764705882,0.0372549019607843,-0.0705882352941176,-0.0294117647058823,-0.0014663951120163,0.09526938239159,80.0,97.5,0.4634146341463415,0.001865174527045,0.000797368867675,0.0005672825907413
2003-01-28,82.5,82.5,80.0,82.5,11.0,82.5,83.6,77.3,75.34,81.66666666666667,146.56,False,False,False,False,False,False,True,False,False,False,False,-0.0303030303030303,-0.0909090909090909,,,0.0867878787878787,0.01010101010101,-0.0909090909090909,-0.0303030303030303,-0.0020408163265304,0.072445019404916,79.0,95.0,0.5789473684210527,0.0037164852667905,0.0018513107397455,-0.0005744212145141
2003-01-29,80.0,82.5,80.0,82.5,15.0,82.5,84.1,78.4,75.54,81.57333333333334,145.81,False,False,False,False,False,False,True,False,False,True,False,-0.0303030303030303,-0.0545454545454545,,,0.0843636363636363,0.0112323232323231,-0.0606060606060606,-0.0606060606060606,-0.0011441647597254,0.0497448979591835,77.5,87.5,1.3636363636363635,0.0026476039184538,-0.0010688813483367,0.000896651566805
2003-01-31,75.0,77.5,75.0,77.5,11.0,77.5,82.6,79.15,75.6,81.50666666666666,145.0225,False,False,False,False,False,False,True,False,False,True,False,0.1483870967741935,0.0,,,0.0245161290322581,-0.0516989247311827,0.0,0.0,-0.0008179290037626,0.0322173089071383,80.0,90.0,0.7333333333333333,0.0007936507936506,-0.0018539531248032,0.0003262357559628
2003-02-03,77.5,78.0,77.5,78.0,5.0,78.0,81.1,80.05,75.72,81.48,144.2375,False,False,False,False,False,False,True,False,True,False,False,0.141025641025641,-0.0384615384615384,,,0.0292307692307692,-0.0446153846153846,-0.0384615384615384,0.0128205128205128,-0.000327278677794,0.0149906308557152,77.5,92.5,0.4545454545454545,0.0015847860538827,0.0007911352602321,0.0004906503259685
2003-02-04,79.5,79.5,78.0,79.5,6.0,79.5,80.0,81.05,75.9,81.50666666666666,143.2475,False,False,False,False,False,False,True,True,False,False,False,-0.0251572327044025,-0.0566037735849056,,,0.0452830188679244,-0.0252410901467504,-0.0566037735849056,-0.0062893081761006,0.0003271716015048,-0.0030845157310302,80.0,87.5,1.2,0.0023715415019763,0.0007867554480935,0.0006544502792988
2003-02-05,80.0,80.0,78.5,80.0,15.0,80.0,79.5,81.55,76.1,81.54,142.31,False,False,False,False,False,False,True,True,False,False,False,-0.0625,-0.0625,,,0.04875,-0.01925,-0.0625,0.0,0.0004087973182897,-0.0153280196198651,80.0,90.0,2.5,0.0026281208935609,0.0002565793915845,8.162571678487689e-05
2003-02-06,80.0,80.0,80.0,80.0,14.0,80.0,79.0,81.55,76.4,81.60666666666667,141.4225,False,False,False,False,False,False,True,True,False,False,False,-0.025,-0.0625,,,0.0449999999999999,-0.0200833333333333,-0.05625,-0.06875,0.000816926721673,-0.0251379521765787,87.5,87.5,0.9333333333333332,0.0039267015706807,0.0012985806771198,0.0004081294033832
2003-02-07,81.5,89.0,80.0,89.0,45.0,89.0,81.3,81.95,77.06,81.76,140.58,False,False,False,False,False,False,True,True,False,False,True,-0.1292134831460674,-0.0730337078651685,,,0.1341573033707865,0.0813483146067415,-0.1573033707865168,-0.2247191011235955,0.0018754076973255,-0.0463697376449053,85.0,97.5,3.2142857142857144,0.0085647547365688,0.004638053165888,0.0010584809756525
2003-02-10,88.5,89.5,87.5,89.0,27.0,89.0,83.5,82.3,77.66,81.74666666666667,139.75,False,False,False,False,False,False,True,False,False,True,False,-0.1573033707865168,-0.1123595505617977,,,0.1274157303370787,0.0814981273408239,-0.1573033707865168,-0.1853932584269663,-0.0001631055292774,-0.0625759416767921,77.5,97.5,0.6,0.0077259850630954,-0.0008387696734733,-0.002038513226603
2003-02-12,87.5,89.0,77.5,77.5,24.0,77.5,83.1,81.55,77.78,81.60666666666667,138.9125,False,False,False,False,False,False,True,False,False,True,False,-0.032258064516129,0.0967741935483871,,,-0.0036129032258064,-0.0529892473118279,-0.032258064516129,-0.064516129032258,-0.0017155461155134,-0.0662170447578171,77.5,95.0,0.8888888888888888,0.0015428130624839,-0.0061831720006114,-0.0015524405862359
2003-02-13,75.0,75.0,75.0,75.0,5.0,75.0,82.1,80.8,77.82,81.47333333333333,138.1,False,False,False,False,False,False,True,False,False,True,False,0.0,0.1533333333333333,,,-0.0375999999999999,-0.086311111111111,0.0,-0.02,-0.0016365272890926,-0.0655940594059405,77.0,92.5,0.2083333333333333,0.0005140066820867,-0.0010288063803972,7.901882642081842e-05
2003-02-14,77.5,78.0,77.5,78.0,8.0,78.0,81.7,80.35,77.98,81.28,137.265,False,False,False,False,False,False,True,False,True,False,False,-0.0384615384615384,0.0769230769230769,,,0.0002564102564102,-0.042051282051282,-0.0384615384615384,-0.0641025641025641,-0.0023786089238844,-0.0659614187927815,85.0,87.5,1.6,0.0020518081559375,0.0015378014738507,-0.0007420816347918
2003-02-17,77.5,80.0,75.0,77.5,15.0,77.5,79.4,80.35,78.08,80.98,136.415,False,False,False,False,False,False,True,False,False,True,False,0.064516129032258,0.1161290322580645,,,-0.0074838709677419,-0.0449032258064516,-0.064516129032258,-0.0451612903225806,-0.0037046184243022,-0.0703173615432481,83.5,87.5,1.875,0.0012807377049179,-0.0007710704510195,-0.0013260095004178
2003-02-18,77.5,80.0,75.0,75.0,8.0,75.0,76.6,80.05,78.18,80.71333333333334,135.5525,False,False,False,False,False,False,True,False,False,True,False,0.0533333333333333,0.0666666666666666,,,-0.0424,-0.0761777777777778,-0.0666666666666666,0.02,-0.0033038737920211,-0.0699562773266707,83.5,85.0,0.5333333333333333,0.0012790995139422,-1.638190975666474e-06,0.0004007446322811
2003-02-19,76.5,76.5,75.0,75.0,14.0,75.0,76.1,79.6,78.28,80.41333333333333,134.665,False,False,False,False,False,False,True,False,False,True,False,0.1333333333333333,0.0533333333333333,,,-0.0437333333333333,-0.0721777777777776,-0.0666666666666666,0.0333333333333333,-0.0037307245896204,-0.0665829145728642,81.5,90.0,1.75,0.0012774655084311,-1.634005511093892e-06,-0.0004268507975993
2003-02-20,75.0,75.0,75.0,75.0,26.0,75.0,76.1,79.1,78.46,80.14666666666666,133.79,False,False,False,False,False,False,True,False,False,False,False,0.1533333333333333,0.0,,,-0.0461333333333332,-0.0686222222222221,-0.0333333333333333,0.1,-0.0033272334054233,-0.0575221238938052,75.5,77.5,1.8571428571428568,0.0022941626306397,0.0010166971222085,0.000403491184197
2003-02-21,75.0,75.0,74.5,75.0,35.0,75.0,75.5,78.6,78.6,79.98,132.94,False,False,False,False,False,False,True,False,False,True,False,0.12,0.0333333333333333,,,-0.0479999999999999,-0.0664,-0.0333333333333333,0.16,-0.0020838542969074,-0.0356234096692111,77.5,71.5,1.3461538461538465,0.0017811704834605,-0.0005129921471791,0.0012433791085159
2003-02-24,75.0,82.5,72.5,82.5,35.0,82.5,76.5,77.95,79.1,79.88,132.165,False,False,False,True,True,False,True,False,False,False,False,0.0484848484848484,-0.0606060606060606,,,0.0412121212121212,0.0317575757575758,-0.1212121212121212,0.0909090909090909,-0.0012518778167251,-0.0006414368184733,76.0,75.0,1.0,0.0063211125158027,0.0045399420323422,0.0008319764801822
2003-02-25,79.0,79.0,79.0,79.0,2.0,79.0,77.3,76.95,79.5,79.7,131.3975,False,False,False,False,False,False,True,False,False,True,False,0.0126582278481012,-0.050632911392405,,,-0.0063291139240506,-0.0088607594936709,-0.1139240506329113,0.1329113924050632,-0.0022584692597238,0.0344379467186483,75.0,80.0,0.0571428571428571,0.0050314465408805,-0.0012896659749222,-0.0010065914429986
2003-02-26,81.5,85.0,81.5,85.0,33.0,85.0,79.3,77.7,80.12,79.66666666666667,130.6725,False,True,False,False,False,False,True,False,False,False,True,-0.0705882352941176,-0.1176470588235294,,,0.0574117647058823,0.0627450980392156,-0.1764705882352941,0.0529411764705882,-0.0004184100418409,0.0463320463320462,75.0,80.0,16.5,0.0077383924113829,0.0027069458705024,0.0018400592178828
2003-02-27,85.0,86.5,84.5,86.5,38.0,86.5,81.6,78.85,80.58,79.62,129.955,False,False,False,False,False,False,True,False,False,True,False,-0.1329479768786127,-0.1329479768786127,,,0.0684393063583815,0.0795375722543352,-0.1907514450867052,0.0346820809248554,-0.0005861173909403,0.0513633481293596,75.0,79.0,1.1515151515151516,0.0057086125589475,-0.0020297798524354,-0.0001677073490993
2003-02-28,84.0,84.0,84.0,84.0,2.0,84.0,83.4,79.45,80.74,79.57333333333334,129.2,False,False,False,False,False,False,True,False,False,True,False,-0.0773809523809523,-0.1011904761904761,,,0.0388095238095238,0.0526984126984126,-0.1904761904761904,0.1130952380952381,-0.0005864611260053,0.0692259282567652,72.5,77.5,0.0526315789473684,0.0019816695566013,-0.0037269430023461,-3.437350650621835e-07
2003-03-03,86.5,86.5,84.0,86.5,12.0,86.5,84.2,80.35,80.8,79.42666666666666,128.4125,False,False,False,False,False,False,True,False,False,True,False,-0.1040462427745664,-0.1329479768786127,,,0.0658959537572254,0.0817726396917148,-0.1907514450867052,0.1040462427745664,-0.0018465670639584,0.0840074673304293,72.5,80.0,6.0,0.0007425742574257,-0.0012390952991756,-0.0012601059379531
2003-03-04,82.5,82.5,80.0,80.0,9.0,80.0,84.4,80.85,80.58,79.19333333333333,127.6125,False,False,False,False,False,True,False,False,False,True,False,-0.0625,-0.0625,,,-0.0072499999999999,0.0100833333333333,-0.15,0.1875,-0.0029463759575721,0.1001855287569574,74.0,77.5,0.75,-0.0027302060064532,-0.0034727802638789,-0.0010998088936137
2003-03-05,79.0,79.0,79.0,79.0,3.0,79.0,83.2,81.25,80.34,78.98,126.8325,False,False,False,False,False,False,False,False,False,True,False,-0.050632911392405,-0.050632911392405,,,-0.0169620253164557,0.0002531645569619,-0.1329113924050632,0.2025316455696202,-0.0027011057651724,0.1163076923076923,74.5,80.0,0.3333333333333333,-0.0029873039581776,-0.0002570979517244,0.0002452701923996
2003-03-06,79.0,79.0,75.0,75.0,8.0,75.0,80.9,81.25,80.04,78.74666666666667,126.05,False,False,False,False,False,False,False,False,False,True,False,0.0,0.0,,,-0.0672,-0.0499555555555555,-0.0666666666666666,0.3066666666666666,-0.0029630883846935,0.1353846153846153,74.0,80.0,2.6666666666666665,-0.0037481259370314,-0.0007608219788537,-0.000261982619521
2003-03-07,77.5,77.5,75.0,77.5,29.0,77.5,79.6,81.5,79.84,78.61333333333333,125.2625,False,False,False,False,False,False,False,False,False,False,True,-0.0258064516129032,-0.032258064516129,,,-0.0301935483870968,-0.0143655913978494,-0.1032258064516129,0.4838709677419355,-0.001696065128901,0.1662576687116564,74.0,87.5,3.625,-0.0025050100200401,0.0012431159169913,0.0012670232557925
2003-03-10,74.0,77.5,72.5,77.5,20.0,77.5,77.8,81.0,79.84,78.48,124.475,False,False,False,False,False,False,False,False,False,False,False,-0.032258064516129,-0.064516129032258,,,-0.0301935483870968,-0.0126451612903226,0.1677419354838709,0.632258064516129,-0.0016989466530749,0.2185185185185185,75.0,85.0,0.6896551724137931,0.0,0.0025050100200401,-2.8815241739626324e-06
2003-03-11,75.0,75.0,75.0,75.0,16.0,75.0,76.8,80.6,79.72,78.34666666666666,123.6825,False,False,False,False,False,False,False,False,False,True,False,0.0,-0.0666666666666666,,,-0.0629333333333333,-0.0446222222222221,0.2133333333333333,1.0,-0.0017018379850239,0.2996277915632755,72.5,77.5,0.8,-0.0015052684395384,-0.0015052684395384,-2.891331948913544e-06
2003-03-12,75.0,75.0,75.0,75.0,5.0,75.0,76.0,79.6,79.54,78.14666666666666,122.87,False,False,False,False,False,False,False,False,False,True,False,0.0,-0.0666666666666666,,,-0.0605333333333334,-0.0419555555555554,0.1333333333333333,0.8866666666666667,-0.0025592902235113,0.381281407035176,72.5,77.5,0.3125,-0.0022630123208447,-0.0007577438813063,-0.0008574522384874
2003-03-13,75.0,75.0,75.0,75.0,12.0,75.0,76.0,78.45,79.34,78.11333333333333,122.0575,False,False,False,False,False,False,False,False,False,True,False,0.0,-0.0333333333333333,,,-0.0578666666666667,-0.041511111111111,0.1,0.8,-0.0004267303917384,0.4595283620140216,70.5,77.0,2.4,-0.0025207965717166,-0.0002577842508719,0.0021325598317729
2003-03-14,75.0,75.5,75.0,75.5,3.0,75.5,75.6,77.6,79.16,78.16666666666667,121.285,False,False,False,False,False,False,False,True,False,False,False,-0.0066225165562913,-0.0397350993377483,,,-0.0484768211920529,-0.0353200883002208,0.0728476821192053,0.7417218543046358,0.0006823027718551,0.5244845360824743,71.5,85.0,0.25,-0.0022738756947954,0.0002469208769212,0.0011090331635935
2003-03-17,75.0,75.0,75.0,75.0,4.0,75.0,75.1,76.45,78.6,78.16666666666667,120.5025,False,False,False,False,False,False,False,False,False,True,False,-0.0333333333333333,-0.0333333333333333,,,-0.0479999999999999,-0.0422222222222222,0.1,0.7333333333333333,0.0,0.592544146500981,70.0,83.5,1.3333333333333333,-0.0071246819338422,-0.0048508062390468,-0.0006823027718551
2003-03-18,75.0,75.0,75.0,75.0,2.0,75.0,75.1,75.95,78.04,78.1,119.69,False,False,True,False,False,False,False,False,False,True,False,-0.0666666666666666,-0.0666666666666666,,,-0.0405333333333334,-0.0413333333333332,0.0,0.9,-0.0008536064874094,0.6655694535878867,69.0,83.5,0.5,-0.0071758072783186,-5.112534447638834e-05,-0.0008536064874094
2003-03-19,75.0,75.0,75.0,75.0,7.0,75.0,75.1,75.55,77.94,78.03333333333333,118.9025,False,False,False,False,False,False,False,False,False,False,False,-0.0666666666666666,-0.0666666666666666,,,-0.0391999999999999,-0.0404444444444444,0.0333333333333333,0.8866666666666667,-0.0008543357539512,0.7359364659166117,69.5,81.5,3.5,-0.0012830382345394,0.0058927690437791,-7.292665418164902e-07
2003-03-20,75.0,75.0,75.0,75.0,4.0,75.0,75.1,75.55,77.94,77.98,118.1225,False,False,False,False,False,False,False,False,False,False,False,-0.0333333333333333,-0.0666666666666666,,,-0.0391999999999999,-0.0397333333333333,0.0333333333333333,0.8,-0.000683936051979,0.784910655195235,75.0,75.5,0.5714285714285714,0.0,0.0012830382345394,0.0001703997019721
2003-03-24,72.5,75.0,72.5,75.0,36.0,75.0,75.0,75.3,77.82,77.94666666666667,117.36,False,False,False,False,False,False,False,False,False,True,False,-0.0333333333333333,-0.0933333333333333,,,-0.0375999999999999,-0.0392888888888889,0.02,0.9066666666666666,-0.000427642832706,0.8280212483399736,80.0,77.5,9.0,-0.0015420200462606,-0.0015420200462606,0.0002562932192729
2003-03-25,75.0,75.0,72.5,72.5,30.0,72.5,74.5,74.8,77.62,77.84666666666666,116.5725,False,False,False,False,False,False,False,False,False,True,False,0.0,-0.0344827586206896,,,-0.0706206896551724,-0.0737471264367815,0.0689655172413793,1.3793103448275863,-0.0012845765179413,0.9017379679144386,85.0,76.0,0.8333333333333334,-0.0025766555011593,-0.0010346354548986,-0.0008569336852352
2003-03-26,72.5,72.5,70.0,70.0,9.0,70.0,73.5,74.3,77.42,77.74666666666667,115.735,False,False,False,False,False,False,False,False,False,True,False,0.0,-0.0285714285714285,,,-0.106,-0.1106666666666667,0.1071428571428571,1.7142857142857142,-0.0012862287772251,0.968371467025572,85.5,75.0,0.3,-0.0025833118057349,-6.656304575640166e-06,-1.6522592837409525e-06
2003-03-27,70.0,70.0,70.0,70.0,2.0,70.0,72.5,73.8,77.22,77.61333333333333,114.96,False,False,False,False,False,False,False,False,False,True,False,0.0,-0.0214285714285714,,,-0.1031428571428571,-0.1087619047619047,0.1785714285714285,1.5857142857142856,-0.0017179178835252,1.035230352303523,85.0,75.0,0.2222222222222222,-0.0025900025900026,-6.69078426763798e-06,-0.0004316891063001
2003-03-28,72.0,72.5,72.0,72.5,6.0,72.5,72.0,73.55,77.12,77.51333333333334,114.1225,False,False,False,False,False,False,False,False,False,False,False,-0.0344827586206896,-0.0344827586206896,,,-0.0637241379310345,-0.0691494252873563,0.1655172413793103,1.3793103448275863,-0.0012901006278488,1.0931339225016994,82.5,75.0,3.0,-0.0012966804979252,0.0012933220920773,0.0004278172556763
2003-03-31,72.5,72.5,72.5,72.5,2.0,72.5,71.5,73.25,77.02,77.31333333333333,113.2975,False,False,False,False,False,False,False,False,False,True,False,-0.0620689655172413,-0.0413793103448275,,,-0.0623448275862068,-0.0663908045977011,0.1517241379310344,1.3379310344827586,-0.0025868759161852,1.1535836177474403,82.5,72.5,0.3333333333333333,-0.0012983640612828,-1.6835633576571182e-06,-0.0012967752883363
2003-04-01,72.5,72.5,70.0,72.5,21.0,72.5,71.5,73.0,76.62,77.14666666666666,112.4975,False,False,False,False,False,False,False,False,False,True,False,-0.0344827586206896,0.2482758620689655,,,-0.0568275862068966,-0.0640919540229884,0.1517241379310344,1.4137931034482758,-0.0021603871413757,1.2226027397260273,77.5,72.5,10.5,-0.0052205690420254,-0.0039222049807425,0.0004264887748094
2003-04-03,70.0,70.0,70.0,70.0,2.0,70.0,71.5,72.5,76.26,77.04666666666667,111.6975,False,False,False,False,False,False,False,False,False,False,False,-0.0285714285714285,0.3,,,-0.0894285714285715,-0.1006666666666666,0.1928571428571428,1.3714285714285714,-0.0012979146837413,1.2703448275862068,78.0,74.0,0.0952380952380952,-0.0047206923682139,0.0004998766738114,0.0008624724576344
2003-04-07,70.0,70.5,70.0,70.0,8.0,70.0,71.5,72.0,75.66,76.94666666666667,110.8975,False,False,False,False,False,False,False,False,False,True,False,-0.0214285714285714,0.2142857142857142,,,-0.0808571428571428,-0.0992380952380953,0.1928571428571428,1.3285714285714283,-0.0012996014555535,1.3159722222222223,79.5,74.5,4.0,-0.0079302141157812,-0.0032095217475672,-1.686771812174593e-06
2003-04-08,70.0,70.0,70.0,70.0,14.0,70.0,71.0,71.5,75.0,76.85333333333334,110.0975,False,False,False,False,False,False,False,False,False,True,False,0.0,0.1785714285714285,,,-0.0714285714285714,-0.0979047619047619,0.2142857142857142,1.2857142857142858,-0.0012144344205412,1.367132867132867,80.0,74.0,1.75,-0.0087999999999999,-0.0008697858842187,8.51670350122606e-05
2003-04-09,70.0,70.0,68.0,68.0,8.0,68.0,70.1,70.8,74.36,76.62666666666667,109.25,False,False,False,False,False,False,False,False,False,False,False,0.0220588235294117,0.1911764705882352,,,-0.0935294117647058,-0.1268627450980392,0.213235294117647,1.3161764705882353,-0.0029580650774317,1.4110169491525424,80.0,74.0,0.5714285714285714,-0.008606777837547,0.0001932221624528,-0.0017436306568904
2003-04-10,67.5,70.0,67.5,70.0,10.0,70.0,69.6,70.55,73.7,76.44666666666667,108.35,False,False,False,False,False,False,False,False,False,True,False,0.2928571428571428,0.1785714285714285,,,-0.0528571428571429,-0.0920952380952381,0.1785714285714285,1.0785714285714283,-0.0023545827156186,1.381289865343728,89.0,75.0,1.25,-0.0089552238805969,-0.0003484460430498,0.0006034823618131
2003-04-11,68.0,68.0,68.0,68.0,6.0,68.0,69.2,70.35,73.22,76.24,107.4775,False,False,False,False,False,False,False,False,False,False,False,0.3382352941176471,0.1029411764705882,,,-0.0767647058823529,-0.1211764705882352,0.213235294117647,1.0588235294117647,-0.0027107380202869,1.3169864960909738,89.0,72.5,0.6,-0.0065555859054903,0.0023996379751066,-0.0003561553046683
2003-04-14,68.5,68.5,68.5,68.5,6.0,68.5,68.9,70.2,72.8,76.06666666666666,106.62,False,False,False,False,False,False,False,False,False,False,False,0.2408759124087591,0.1313868613138686,,,-0.0627737226277371,-0.1104622871046228,0.2043795620437956,0.9343065693430656,-0.0022787028921998,1.252849002849003,77.5,72.5,1.0,-0.0057692307692307,0.0007863551362595,0.0004320351280871
2003-04-15,70.0,70.0,69.0,70.0,15.0,70.0,68.9,69.95,72.6,75.99333333333334,105.77,False,False,False,False,False,False,False,False,False,False,False,0.1785714285714285,0.1071428571428571,,,-0.037142857142857,-0.0856190476190477,0.1428571428571428,1.4857142857142858,-0.000964996929555,1.2630450321658329,75.0,70.5,2.5,-0.0027548209366391,0.0030144098325916,0.0013137059626447
2003-04-16,70.0,71.0,69.0,69.5,18.0,69.5,69.2,69.65,72.28,75.88666666666667,104.905,False,False,False,False,False,False,False,False,False,True,False,0.1654676258992805,0.1007194244604316,,,-0.04,-0.09189448441247,0.1151079136690647,1.3021582733812949,-0.0014056048493367,1.2591529073941132,78.0,71.5,1.2,-0.00442722744881,-0.0016724065121709,-0.0004406079197816
2003-04-17,70.0,92.5,69.0,90.5,225.0,90.5,73.3,71.45,72.8,76.08,104.195,False,False,False,True,True,False,True,True,True,False,True,-0.0883977900552486,-0.143646408839779,,,0.1955801104972376,0.1593370165745856,-0.143646408839779,0.9392265193370166,0.0025411847178407,1.2029391182645206,77.5,70.0,12.5,0.007142857142857,0.0115700845916671,0.0039467895671775
2003-04-18,92.5,96.0,89.5,91.0,180.0,91.0,77.9,73.55,73.44,76.29333333333334,103.5125,False,False,False,False,False,False,True,True,False,False,False,-0.1758241758241758,-0.1483516483516483,,,0.192967032967033,0.1616117216117215,-0.1318681318681318,0.7857142857142857,0.0027962250961203,1.1352821210061186,75.0,69.0,0.8,0.008714596949891,0.0015717398070339,0.0002550403782795
2003-04-21,90.0,91.0,82.5,85.0,20.0,85.0,81.2,75.05,73.84,76.42666666666666,102.8,False,False,False,False,False,False,True,True,False,True,False,-0.088235294117647,-0.0294117647058823,,,0.1312941176470587,0.1008627450980392,-0.0705882352941176,0.9411764705882352,0.0017445917655267,1.09526982011992,75.0,69.5,0.1111111111111111,0.0054171180931745,-0.0032974788567165,-0.0010516333305935
2003-04-22,82.5,82.5,80.0,82.5,7.0,82.5,83.7,76.3,74.14,76.52666666666667,102.075,False,False,False,False,False,False,True,True,False,True,False,-0.0606060606060606,0.0242424242424242,,,0.1013333333333333,0.0724040404040403,-0.0303030303030303,0.9393939393939394,0.0013067340360659,1.0609436435124509,75.0,75.0,0.35,0.0040463987051523,-0.0013707193880221,-0.0004378577294607
2003-04-23,82.5,82.5,78.0,81.0,26.0,81.0,86.0,77.6,74.36,76.64,101.3675,False,False,False,False,False,False,True,True,False,True,False,-0.0555555555555555,0.0308641975308641,,,0.0819753086419753,0.0538271604938271,-0.0802469135802469,0.9629629629629628,0.0014787752261655,1.0283505154639176,75.0,80.0,3.7142857142857135,0.0029585798816567,-0.0010878188234955,0.0001720411900996
2003-04-24,80.0,84.0,80.0,82.5,59.0,82.5,84.4,78.85,74.66,76.77333333333333,100.6675,False,False,False,False,False,False,True,True,False,False,False,-0.0606060606060606,0.0121212121212121,,,0.095030303030303,0.0694141414141415,-0.1636363636363636,0.8181818181818182,0.0017367141368529,1.0019023462270134,82.5,85.0,2.269230769230769,0.0040182159121349,0.0010596360304781,0.0002579389106873
2003-04-25,80.0,80.0,75.0,75.0,24.0,75.0,81.2,79.55,74.66,76.78666666666666,100.0425,False,False,False,False,False,False,False,True,False,True,False,0.0333333333333333,0.1133333333333333,,,0.0045333333333333,-0.0238222222222221,-0.0333333333333333,1.0333333333333334,0.0001736412571627,1.0,79.0,85.5,0.4067796610169492,0.0,-0.0040182159121349,-0.0015630728796902
2003-04-28,75.0,77.5,75.0,77.5,8.0,77.5,79.7,80.45,74.76,76.82666666666667,99.4125,False,False,False,False,False,False,True,True,True,False,False,0.064516129032258,0.0774193548387096,,,0.0353548387096773,0.0086881720430107,-0.064516129032258,1.0,0.0005206525511975,1.0055935363579862,85.0,85.0,0.3333333333333333,0.0013376136971643,0.0013376136971643,0.0003470112940348
2003-04-30,77.5,77.5,77.5,77.5,2.0,77.5,78.7,81.2,74.86,76.87333333333333,98.775,False,False,False,False,False,False,True,True,False,True,False,0.0903225806451612,0.0967741935483871,,,0.0340645161290322,0.0080860215053763,-0.0516129032258064,1.0,0.0006070592316364,0.963669950738916,86.5,82.5,0.25,0.0013358268768366,-1.786820327687004e-06,8.640668043887845e-05
2003-05-01,77.5,77.5,76.5,76.5,16.0,76.5,77.8,81.9,74.92,76.90666666666667,98.1825,False,False,False,False,False,False,True,True,False,True,False,0.0915032679738562,0.0784313725490196,,,0.0206535947712418,-0.0053159041394335,-0.0457516339869281,1.091503267973856,0.0004334257975034,0.9468864468864466,84.0,82.5,8.0,0.0008008542445275,-0.0005349726323091,-0.000173633434133
2003-05-02,76.5,77.5,76.5,77.5,4.0,77.5,76.8,80.6,75.12,76.94,97.595,False,False,False,False,False,False,True,True,True,False,False,0.0774193548387096,0.064516129032258,,,0.0307096774193547,0.0072258064516129,-0.0451612903225806,1.1290322580645162,0.0004332380209686,0.9652605459057074,86.5,77.5,0.25,0.0026624068157614,0.0018615525712339,-1.87776534747166e-07
2003-05-06,77.5,77.5,76.5,77.5,7.0,77.5,77.3,79.25,75.42,77.00666666666666,97.0075,False,False,False,False,False,False,True,True,False,False,False,0.0774193548387096,0.064516129032258,,,0.0268387096774193,0.0063655913978495,-0.0129032258064516,1.167741935483871,0.0008657259111764,1.0056782334384855,80.0,78.0,1.75,0.0039777247414478,0.0013153179256863,0.0004324878902077
2003-05-07,81.5,82.5,77.5,82.5,13.0,82.5,78.3,79.0,75.92,77.14,96.445,False,False,False,False,False,False,True,True,False,False,False,0.0121212121212121,0.0,,,0.0797575757575757,0.0649696969696969,-0.0606060606060606,1.0363636363636364,0.0017284590787313,1.0158227848101269,79.0,79.5,1.8571428571428568,0.0065858798735511,0.0026081551321032,0.0008627331675549
2003-05-08,81.5,84.5,80.0,84.5,19.0,84.5,79.7,79.2,76.4,77.32666666666667,95.855,False,False,False,False,False,False,True,True,False,True,True,0.0059171597633136,-0.0532544378698224,,,0.0958579881656804,0.0848915187376725,-0.0236686390532544,0.893491124260355,0.0024140012070006,1.010732323232323,75.0,80.0,1.4615384615384617,0.006282722513089,-0.000303157360462,0.0006855421282692
2003-05-09,83.5,84.0,83.5,83.5,5.0,83.5,81.1,79.45,76.84,77.48666666666666,95.25,False,False,False,False,False,False,True,True,False,True,False,-0.0119760479041916,-0.0718562874251497,,,0.0797604790419161,0.0720159680638722,0.0419161676646706,0.9161676646706588,0.0020648713757205,1.0056639395846445,77.5,80.0,0.2631578947368421,0.0057261842790213,-0.0005565382340677,-0.0003491298312801
2003-05-12,81.5,83.5,80.0,83.5,42.0,83.5,82.3,79.55,77.28,77.66666666666667,94.68,False,False,False,False,False,False,True,True,False,True,False,-0.0119760479041916,-0.0718562874251497,,,0.0744910179640718,0.0698602794411177,0.0778443113772455,0.9161676646706588,0.0023175965665236,1.015713387806411,77.5,89.0,8.4,0.0056935817805382,-3.2602498483040934e-05,0.0002527251908031
2003-05-13,83.5,85.0,83.0,83.5,22.0,83.5,83.5,80.4,77.82,77.86,94.1275,False,False,False,False,False,False,True,True,False,False,False,-0.0119760479041916,-0.0538922155688622,,,0.0680239520958084,0.0675449101796407,0.0718562874251497,1.2754491017964071,0.0024830893055911,1.0410447761194028,75.0,89.0,0.5238095238095238,0.0069390902081726,0.0012455084276343,0.0001654927390674
2003-05-14,83.5,83.5,82.5,83.5,12.0,83.5,83.7,81.0,78.36,78.04666666666667,93.575,True,True,False,False,False,False,True,True,False,True,False,-0.0119760479041916,-0.0538922155688622,,,0.0615568862275449,0.0653093812375249,0.0718562874251497,1.4550898203592817,0.0023917314427265,1.0876543209876544,75.0,77.5,0.5454545454545454,0.0068912710566616,-4.781915151096279e-05,-9.135786286458038e-05
2003-05-15,81.5,85.0,81.5,85.0,2.0,85.0,83.8,81.75,78.96,78.18,93.06,False,False,False,False,False,False,True,True,False,False,False,-0.0588235294117647,-0.0588235294117647,,,0.0710588235294118,0.0802352941176469,0.0529411764705882,1.0588235294117647,0.0017054660185896,1.092966360856269,75.0,75.0,0.1666666666666666,0.0075987841945288,0.0007075131378671,-0.0006862654241369
2003-05-16,82.5,82.5,81.0,82.5,3.0,82.5,83.6,82.35,79.54,78.21333333333334,92.5225,False,False,False,False,False,False,True,True,False,True,False,-0.0606060606060606,-0.0969696969696969,,,0.0358787878787878,0.0519595959595959,0.1333333333333333,1.2121212121212122,0.0004261847937265,1.1050394656952034,75.5,78.0,1.5,0.0072919285893891,-0.0003068556051396,-0.0012792812248631
2003-05-19,81.5,82.5,80.5,82.5,14.0,82.5,83.4,82.85,80.04,78.18,92.005,False,False,False,False,False,False,True,False,False,True,False,-0.0606060606060606,-0.1636363636363636,,,0.0298181818181817,0.0523636363636362,0.1575757575757575,1.3151515151515152,-0.0004263665046473,1.123717561858781,75.0,77.5,4.666666666666667,0.0062468765617191,-0.00104505202767,-0.0008525512983739
2003-05-20,80.0,82.5,79.0,82.5,39.0,82.5,83.2,83.35,80.62,78.14,91.5175,False,False,False,False,False,False,True,False,False,False,False,-0.0424242424242424,-0.1212121212121212,,,0.0227878787878787,0.0528484848484848,0.1515151515151515,1.4242424242424243,-0.0005119017148708,1.1493701259748053,75.0,75.0,2.7857142857142856,0.0071942446043165,0.0009473680425973,-8.553521022345418e-05
2003-05-21,82.5,85.0,82.5,82.5,15.0,82.5,83.0,83.35,81.18,78.10666666666667,91.0475,False,False,False,False,False,False,True,False,False,True,False,-0.0424242424242424,-0.1212121212121212,,,0.0159999999999999,0.0532525252525252,0.1515151515151515,2.1818181818181817,-0.0004267668146124,1.262747450509898,75.0,75.0,0.3846153846153846,0.0068982508006898,-0.0002959938036266,8.513490025835333e-05
2003-05-22,82.5,82.5,80.0,80.0,35.0,80.0,82.0,82.9,81.58,78.07333333333334,90.6225,False,False,False,False,False,False,True,False,False,True,False,0.0,-0.08125,,,-0.0197499999999999,0.0240833333333332,0.225,2.475,-0.0004269490222867,1.4173703256936063,75.0,75.0,2.333333333333333,0.004903162539838,-0.0019950882608517,-1.8220767424319186e-07
2003-05-23,79.5,80.0,77.0,77.5,17.0,77.5,81.0,82.3,81.9,78.00666666666666,90.21,False,False,False,False,False,False,True,False,False,True,False,-0.0387096774193548,-0.0580645161290322,,,-0.0567741935483871,-0.006537634408602,0.4838709677419355,2.3870967741935485,-0.000854627809589,1.5595382746051036,75.0,75.0,0.4857142857142857,0.0039072039072039,-0.000995958632634,-0.0004276787873023
2003-05-26,77.5,79.5,77.5,77.5,6.0,77.5,80.0,81.7,81.38,78.00666666666666,89.81,False,False,False,False,False,False,False,False,False,True,False,-0.1096774193548387,-0.0451612903225806,,,-0.0500645161290322,-0.006537634408602,0.632258064516129,2.5161290322580645,0.0,1.716034271725826,72.5,82.5,0.3529411764705882,-0.0063897763578276,-0.0102969802650316,0.000854627809589
2003-05-27,81.5,81.5,79.0,79.0,4.0,79.0,79.3,81.25,80.9,78.02,89.4175,False,False,False,False,False,False,False,True,False,False,False,-0.0822784810126582,-0.0316455696202531,,,-0.0240506329113924,0.0124050632911392,0.8987341772151899,3.018987341772152,0.0001708963513629,1.888,70.0,79.0,0.6666666666666666,-0.0059332509270703,0.0004565254307572,0.0001708963513629
2003-05-28,79.0,79.0,79.0,79.0,2.0,79.0,78.6,80.8,80.66,78.01333333333334,89.0625,False,False,False,False,False,False,False,False,False,False,False,-0.0822784810126582,-0.0189873417721519,,,-0.021012658227848,0.0124894514767932,0.7911392405063291,3.5063291139240507,-8.54554776960426e-05,2.0909653465346536,70.0,85.0,0.5,-0.002975452516737,0.0029577984103332,-0.0002563518290589
2003-05-29,77.5,80.0,77.5,80.0,6.0,80.0,78.6,80.3,80.56,78.01333333333334,88.7375,False,False,False,False,False,False,False,False,False,False,False,-0.08125,0.03125,,,-0.007,0.0248333333333333,0.6875,3.4375,0.0,2.334371108343711,72.5,86.5,3.0,-0.0012413108242303,0.0017341416925067,8.54554776960426e-05
2003-05-30,77.5,77.5,68.0,74.5,96.0,74.5,78.0,79.5,80.3,77.94,88.36,False,False,False,False,False,False,False,False,False,True,False,-0.0201342281879194,0.1677852348993288,,,-0.0778523489932885,-0.0461744966442952,0.7651006711409396,3.771812080536913,-0.0009408947053289,2.5855345911949685,72.5,84.0,16.0,-0.0032378580323786,-0.0019965472081483,-0.0009408947053289
2003-06-02,70.0,70.0,69.0,69.0,32.0,69.0,76.3,78.15,79.76,77.67333333333333,87.98,False,False,False,False,False,False,False,False,False,True,False,0.072463768115942,0.3043478260869565,,,-0.1559420289855073,-0.1257004830917874,0.8840579710144928,3.927536231884058,-0.0034331817011415,2.838131797824696,72.5,86.5,0.3333333333333333,-0.0067703109327982,-0.0035324529004196,-0.0024922869958125
2003-06-03,69.0,73.0,69.0,72.5,40.0,72.5,75.0,77.15,79.66,77.45333333333333,87.6175,False,False,False,False,False,False,False,False,False,False,False,0.0551724137931034,0.2344827586206896,,,-0.0987586206896551,-0.0683218390804597,0.9655172413793104,4.0344827586206895,-0.0028404200378722,3.1017498379779647,70.0,80.0,1.25,-0.0012553351744916,0.0055149757583065,0.0005927616632692
2003-06-04,74.0,74.0,72.5,72.5,8.0,72.5,73.7,76.15,79.46,77.38666666666667,87.255,False,False,False,False,False,False,False,False,False,True,False,0.0689655172413793,0.2344827586206896,,,-0.0959999999999999,-0.0674022988505747,0.9517241379310344,4.689655172413793,-0.0008614748449344,3.352593565331582,70.0,79.0,0.2,-0.0025169896803423,-0.0012616545058506,0.0019789451929377
2003-06-05,72.5,74.0,72.5,73.5,8.0,73.5,72.4,75.5,79.3,77.36666666666666,86.9225,False,False,False,False,False,False,False,False,False,False,False,0.1224489795918367,0.2176870748299319,,,-0.0789115646258503,-0.0526077097505668,0.8367346938775511,4.782312925170068,-0.0002585092632487,3.584768211920529,70.0,75.0,1.0,-0.0020176544766708,0.0004993352036715,0.0006029655816857
2003-06-06,72.5,73.5,71.0,73.0,15.0,73.0,72.1,75.05,79.16,77.3,86.6125,False,False,False,False,False,False,False,False,False,False,False,0.1917808219178082,0.2808219178082192,,,-0.0843835616438355,-0.058904109589041,0.958904109589041,4.47945205479452,-0.0008624407072013,3.795469686875416,68.0,77.5,1.875,-0.0017685699848408,0.0002490844918299,-0.0006039314439525
2003-06-09,72.0,74.0,71.5,74.0,57.0,74.0,73.1,74.7,79.02,77.25333333333333,86.3075,False,False,False,False,False,False,False,False,False,True,False,0.2162162162162162,0.2905405405405405,,,-0.0678378378378377,-0.0439639639639639,1.3310810810810811,4.168918918918919,-0.0006040731791508,3.965194109772423,70.0,77.5,3.8,-0.0017717033662364,-3.1333813955670368e-06,0.0002583675280504
2003-06-10,74.0,76.5,73.5,76.5,29.0,76.5,73.9,74.45,78.98,77.27333333333333,86.015,False,False,False,False,False,False,False,True,False,False,False,0.1699346405228758,0.2418300653594771,,,-0.0324183006535948,-0.0101089324618735,1.4836601307189543,4.248366013071895,0.0002588214994391,4.09469442578912,68.0,75.0,0.5087719298245614,-0.0005064573309697,0.0012652460352666,0.00086289467859
2003-06-11,77.0,77.5,77.0,77.5,13.0,77.5,74.9,74.3,78.78,77.30666666666667,85.7525,False,False,False,False,False,False,False,True,False,True,False,0.1548387096774193,0.2258064516129032,,,-0.016516129032258,0.0024946236559139,1.335483870967742,5.129032258064516,0.0004311831666093,4.265141318977119,68.5,75.0,0.4482758620689655,-0.0025387154100025,-0.0020322580790328,0.0001723616671701
2003-06-12,78.0,82.5,78.0,82.5,62.0,82.5,76.7,74.55,78.7,77.40666666666667,85.5025,False,False,False,False,True,False,False,True,False,False,True,0.0848484848484848,0.1878787878787878,,,0.046060606060606,0.0617373737373737,1.0909090909090908,4.751515151515152,0.0012918783911807,4.407780013413816,70.0,75.0,4.769230769230769,-0.0010165184243964,0.0015221969856061,0.0008606952245713
2003-06-13,82.5,87.5,82.5,87.0,25.0,87.0,79.5,75.8,78.84,77.56666666666666,85.2875,False,False,False,False,False,False,True,True,True,False,False,0.0747126436781609,0.3218390804597701,,,0.0937931034482758,0.1084291187739464,0.9482758620689656,5.494252873563219,0.0020627417275461,4.594986807387863,69.5,75.5,0.4032258064516129,0.0017757483510908,0.0027922667754872,0.0007708633363654
2003-06-16,87.5,90.0,87.0,90.0,29.0,90.0,82.7,77.9,79.1,77.66666666666667,85.0875,False,False,False,False,False,False,True,True,False,False,False,0.0611111111111111,0.4055555555555555,,,0.1211111111111111,0.1370370370370369,0.9444444444444444,5.666666666666667,0.0012875536480687,4.777920410783056,90.5,75.0,1.16,0.0032869785082173,0.0015112301571265,-0.0007751880794773
2003-06-17,90.0,91.5,89.0,89.5,52.0,89.5,85.3,79.6,79.34,77.80666666666667,84.885,False,False,False,False,False,False,True,True,False,True,False,0.0614525139664804,0.6759776536312849,,,0.1135195530726256,0.1306517690875232,0.8547486033519553,7.268156424581005,0.0017993316768057,5.125628140703518,91.0,75.0,1.793103448275862,0.0030249558860601,-0.0002620226221572,0.0005117780287369
2003-06-18,90.0,90.0,89.0,89.5,10.0,89.5,87.7,81.3,79.58,77.86666666666666,84.6825,False,False,False,False,False,False,True,True,False,True,False,0.0614525139664804,0.5810055865921788,,,0.1108379888268156,0.1299813780260708,0.8212290502793296,9.837988826815645,0.0007705479452053,5.683271832718328,85.0,75.0,0.1923076923076923,0.0030158331239004,-9.122762159696329e-06,-0.0010287837316004
2003-06-19,88.0,90.0,87.5,89.5,90.0,89.5,89.1,82.9,79.76,77.90666666666667,84.49,False,False,False,False,False,False,True,True,False,True,False,0.0949720670391061,0.5083798882681564,,,0.108826815642458,0.129534450651769,0.7877094972067039,8.608938547486034,0.0005134348793428,6.079010856453559,82.5,75.0,9.0,0.0022567703109328,-0.0007590628129675,-0.0002571130658624
2003-06-20,91.0,94.5,91.0,93.5,49.0,93.5,90.4,84.95,80.2,78.03333333333333,84.3175,False,False,False,False,False,False,True,True,False,False,False,0.2299465240641711,0.4064171122994652,,,0.1422459893048128,0.1654188948306595,0.6844919786096256,9.213903743315509,0.0016232379325074,6.561506768687463,81.0,75.0,0.5444444444444444,0.0054862842892767,0.0032295139783438,0.0011098030531645
2003-06-23,91.5,95.5,90.5,95.5,83.0,95.5,91.5,87.1,80.72,78.15333333333334,84.1825,False,False,False,False,False,False,True,True,False,False,False,0.3246073298429319,0.3612565445026178,,,0.1547643979057592,0.1816404886561954,0.5235602094240838,8.947643979057592,0.0015354431459524,7.026406429391504,82.5,72.5,1.6938775510204085,0.006442021803766,0.0009557375144892,-8.779478655499668e-05
2003-06-24,94.0,95.0,94.0,95.0,2.0,95.0,92.6,88.95,81.22,78.35333333333334,84.045,False,False,False,False,False,False,True,True,False,True,False,0.5789473684210527,0.5,,,0.1450526315789473,0.1752280701754385,0.4736842105263157,8.421052631578947,0.0025525397770782,7.414277684092187,75.0,70.0,0.0240963855421686,0.0061561191824673,-0.0002859026212986,0.0010170966311257
2003-06-25,95.5,95.5,95.0,95.0,13.0,95.0,93.7,90.7,81.72,78.56666666666666,83.9075,False,False,False,False,False,False,True,True,False,True,False,0.4894736842105263,0.4894736842105263,,,0.1397894736842105,0.1729824561403509,0.3947368421052631,8.842105263157896,0.0027153160797622,7.75909592061742,77.5,70.0,6.5,0.0061184532550171,-3.766592745024083e-05,0.000162776302684
2003-06-26,95.0,98.5,95.0,98.0,92.0,98.0,95.4,92.25,82.44,78.87333333333333,83.745,False,False,False,False,False,False,True,True,False,False,False,0.3775510204081632,0.3775510204081632,,,0.1587755102040816,0.1951700680272108,0.7755102040816326,8.23469387755102,0.003888090609416,8.07859078590786,77.5,72.5,7.076923076923077,0.0087336244541484,0.0026151711991313,0.0011727745296537
2003-06-27,97.5,117.5,97.0,115.0,78.0,115.0,99.7,95.05,83.94,79.37333333333333,83.62,False,False,False,False,False,False,True,True,False,False,False,0.1434782608695652,0.2434782608695652,,,0.2700869565217391,0.3097971014492753,0.391304347826087,6.478260869565218,0.0062993448681337,8.121514992109416,76.5,72.5,0.8478260869565217,0.0178699070764832,0.0091362826223347,0.0024112542587177
2003-06-30,116.0,145.0,115.0,126.5,186.0,126.5,105.9,98.7,85.9,80.02666666666667,83.54,False,False,False,False,False,False,True,True,False,False,False,0.0276679841897233,0.3636363636363636,,,0.3209486166007905,0.3673781291172595,0.3873517786561264,5.324110671936759,0.0081639453515495,7.986828774062816,77.5,72.5,2.3846153846153846,0.0228172293364378,0.0049473222599546,0.0018646004834158
2003-07-01,135.5,161.0,135.0,150.0,311.0,150.0,116.9,104.75,88.74,81.02666666666667,83.6775,False,False,False,False,False,False,True,True,False,False,False,-0.05,0.2666666666666666,,,0.4084,0.4598222222222222,0.0833333333333333,4.033333333333333,0.0123416159289122,7.4821002386634845,77.5,70.0,1.6720430107526882,0.032003606040117,0.0091863767036792,0.0041776705773627
2003-07-02,151.5,155.0,140.0,141.5,95.0,141.5,126.2,109.95,91.24,81.91333333333333,83.795,False,False,False,False,False,False,True,True,False,True,False,0.0,0.2791519434628975,,,0.3551943462897526,0.4211071849234394,0.166077738515901,4.19434628975265,0.0108244486042157,6.867212369258754,82.5,70.0,0.3054662379421222,0.0274002630425252,-0.0046033429975918,-0.0015171673246965
2003-07-03,140.5,145.5,132.5,135.0,104.0,135.0,133.6,114.5,93.44,82.71333333333334,83.87,False,False,False,False,False,False,True,True,False,True,False,0.0,0.2777777777777778,,,0.3078518518518519,0.3873086419753086,0.1851851851851851,3.888888888888889,0.0096719593777707,6.379912663755459,84.5,70.0,1.0947368421052632,0.0235445205479452,-0.0038557424945799,-0.0011524892264449
2003-07-04,132.5,135.0,127.5,131.5,20.0,131.5,136.9,118.3,95.72,83.46,83.9775,False,False,False,False,False,False,True,True,False,False,False,0.0874524714828897,0.2889733840304182,,,0.2720912547528517,0.3653231939163499,0.2091254752851711,2.840304182509506,0.0089464014697658,5.76246830092984,83.5,68.0,0.1923076923076923,0.0238194734642708,0.0002749529163255,-0.0007255579080049
2003-07-07,130.0,130.0,127.5,130.0,15.0,130.0,137.6,121.75,98.16,84.19333333333333,84.14,False,False,False,False,False,False,True,True,False,False,False,0.3269230769230769,0.3461538461538461,,,0.2449230769230769,0.3523589743589744,0.1538461538461538,3.5,0.0087101116477947,5.271047227926078,83.5,70.0,0.75,0.0248573757131214,0.0010379022488506,-0.000236289821971
2003-07-08,130.5,142.5,127.5,142.5,46.0,142.5,136.1,126.5,100.96,85.09333333333333,84.3275,False,False,False,False,False,False,True,True,False,False,False,0.3333333333333333,0.1649122807017544,,,0.2915087719298246,0.4028538011695906,0.0701754385964912,3.421052631578948,0.0105766217486681,4.826086956521739,83.5,68.0,3.066666666666667,0.0277337559429476,0.0028763802298262,0.0018665101008734
2003-07-09,143.0,145.0,140.0,141.5,59.0,141.5,136.1,131.15,103.72,85.98,84.51,False,False,False,False,False,False,True,True,False,True,False,0.2791519434628975,0.1519434628975265,,,0.2669964664310954,0.3923674911660777,0.0954063604240282,3.7703180212014136,0.0103124757695588,4.4212733511246665,83.5,68.5,1.2826086956521738,0.0266101041264944,-0.0011236518164532,-0.0002641459791093
2003-07-10,140.0,140.0,135.0,135.0,19.0,135.0,136.1,134.85,106.18,86.78,84.66,False,False,False,False,False,False,True,True,False,True,False,0.2777777777777778,0.1851851851851851,,,0.2134814814814814,0.3571851851851851,0.1481481481481481,4.37037037037037,0.0092187139893984,4.139043381535039,85.0,70.0,0.3220338983050847,0.023168204935016,-0.0034418991914783,-0.0010937617801604
2003-07-11,135.0,144.0,135.0,143.0,103.0,143.0,138.4,137.65,108.98,87.68666666666667,84.8,False,False,False,False,False,False,True,True,False,False,False,0.1853146853146853,0.1013986013986013,,,0.2379020979020978,0.3868065268065268,0.1188811188811188,3.93006993006993,0.0103398464228693,3.9219033781329458,82.5,69.5,5.421052631578948,0.0256927876674618,0.0025245827324458,0.0011211324334708
2003-07-14,147.5,184.0,147.5,172.5,331.0,172.5,146.9,142.25,112.92,89.02,85.1,False,False,False,False,False,False,True,True,False,False,False,0.0144927536231884,-0.1565217391304348,,,0.345391304347826,0.4839420289855072,-0.0434782608695652,3.231884057971014,0.0149779075863101,3.7135325131810193,82.5,90.5,3.2135922330097086,0.034891958908962,0.0091991712415001,0.0046380611634408
2003-07-15,175.5,202.0,175.5,190.0,232.0,190.0,156.4,146.25,117.46,90.62,85.475,False,False,False,False,False,False,True,True,False,False,False,-0.1263157894736842,-0.2631578947368421,,,0.3817894736842105,0.5230526315789473,-0.1157894736842105,3.3684210526315788,0.0176561465460164,3.635897435897436,82.5,91.0,0.7009063444108762,0.0386514558147453,0.0037594969057833,0.0026782389597062
2003-07-16,186.0,191.0,175.0,181.0,39.0,181.0,164.3,150.2,121.6,92.1,85.83,False,False,False,False,False,False,True,True,False,True,False,-0.0994475138121546,-0.2679558011049723,,,0.3281767955801105,0.4911602209944751,-0.0718232044198895,3.779005524861879,0.0160694896851247,3.600532623169108,82.5,85.0,0.168103448275862,0.0340460526315789,-0.0046054031831664,-0.0015866568608916
2003-07-17,175.0,180.0,172.5,172.5,42.0,172.5,171.8,153.95,125.2,93.43333333333334,86.1675,False,False,False,False,False,False,True,True,False,True,False,-0.072463768115942,0.008695652173913,,,0.2742028985507246,0.4583574879227053,-0.072463768115942,4.391304347826087,0.0142704245451303,3.663851899967522,80.0,82.5,1.0769230769230769,0.0287539936102237,-0.0052920590213552,-0.0017990651399944
2003-07-18,172.5,177.5,169.5,169.5,35.0,169.5,177.1,157.75,128.5,94.72666666666667,86.5275,False,False,False,False,False,False,True,True,False,True,False,-0.0707964601769911,-0.0560471976401179,,,0.2418879056047197,0.4411406096361848,-0.0560471976401179,4.427728613569322,0.013653318319375,3.814580031695721,77.5,81.0,0.8333333333333334,0.02568093385214,-0.0030730597580836,-0.0006171062257552
2003-07-22,169.5,175.0,160.5,175.0,68.0,175.0,177.6,162.25,131.9,96.09333333333332,86.9025,False,False,False,False,False,False,True,True,False,False,False,-0.1685714285714285,0.0028571428571428,,,0.2462857142857142,0.4508952380952382,-0.0857142857142857,3.657142857142857,0.0142222838906616,3.822804314329738,77.5,82.5,1.9428571428571428,0.0257771038665656,9.61700144255645e-05,0.0005689655712865
2003-07-23,175.0,175.5,166.0,166.0,31.0,166.0,172.8,164.6,134.96,97.37333333333332,87.22,False,False,False,False,False,False,True,True,False,True,False,-0.1566265060240964,-0.0210843373493975,,,0.1869879518072288,0.4134136546184739,0.144578313253012,3.3072289156626504,0.0131452827605093,3.805589307411908,79.0,75.0,0.4558823529411764,0.0226733847065797,-0.0031037191599858,-0.0010770011301522
2003-07-24,170.0,170.0,163.0,163.0,19.0,163.0,169.2,166.75,137.9,98.61333333333332,87.535,False,False,False,False,False,False,True,True,False,True,False,-0.1871165644171779,0.0122699386503067,,,0.1539877300613496,0.3950102249488754,0.2576687116564417,3.570552147239264,0.0125743645213628,3.785607196401799,79.0,77.5,0.6129032258064516,0.0213197969543147,-0.001353587752265,-0.0005709182391465
2003-07-25,162.5,165.0,155.0,160.0,51.0,160.0,166.7,169.25,140.72,99.81333333333332,87.8475,False,False,False,False,False,False,True,True,False,True,False,0.0875,0.0,,,0.1205,0.3761666666666667,0.09375,3.75,0.0120224418915308,3.735598227474151,80.0,77.5,2.6842105263157894,0.0200397953382603,-0.0012800016160543,-0.0005519226298319
2003-07-28,161.0,161.0,155.0,157.5,11.0,157.5,164.3,170.7,143.28,101.00666666666666,88.135,False,False,False,False,False,False,True,True,False,True,False,0.0158730158730158,0.0095238095238095,,,0.0902857142857142,0.3586878306878307,0.1587301587301587,3.507936507936508,0.0118144016896575,3.698301113063855,74.5,76.5,0.2156862745098039,0.0178671133445002,-0.00217268199376,-0.0002080402018733
2003-07-29,155.0,155.0,145.0,145.5,79.0,145.5,158.4,168.0,145.28,102.01333333333334,88.3625,False,False,False,False,False,False,True,True,False,True,False,0.2061855670103092,0.0309278350515463,,,0.0015120274914089,0.2988774341351661,0.3127147766323024,3.1924398625429555,0.0098679911122729,3.702380952380953,69.0,77.5,7.181818181818182,0.0137665198237885,-0.0041005935207117,-0.0019464105773845
2003-07-30,145.0,145.0,140.0,140.0,58.0,140.0,153.2,163.0,147.08,102.97333333333331,88.5725,False,False,False,False,False,False,True,True,False,True,False,0.1607142857142857,0.0892857142857142,,,-0.0505714285714286,0.2644761904761906,0.4285714285714285,3.9642857142857135,0.0093228020199402,3.763803680981595,72.5,77.5,0.7341772151898734,0.0122382376937721,-0.0015282821300163,-0.0005451890923327
2003-07-31,140.0,140.0,131.5,132.5,37.0,132.5,147.1,158.15,148.58,103.82666666666668,88.765,False,False,False,False,False,False,True,True,False,True,False,0.2452830188679245,0.1698113207547169,,,-0.1213584905660378,0.2164025157232703,0.981132075471698,3.9056603773584895,0.0082188262488766,3.773948782801138,72.5,82.5,0.6379310344827587,0.0100955714093417,-0.0021426662844304,-0.0011039757710635
2003-08-01,135.0,180.0,135.0,174.0,188.0,174.0,149.9,158.3,151.62,105.21333333333334,89.16,False,False,False,False,False,False,True,True,False,False,False,-0.0804597701149425,-0.1091954022988505,,,0.1286206896551724,0.3953256704980842,0.5977011494252874,2.8793103448275863,0.0131795716639208,3.608338597599495,73.5,84.5,5.081081081081081,0.0200501253132831,0.0099545539039413,0.0049607454150441
2003-08-04,175.0,177.5,152.5,160.0,199.0,160.0,150.4,157.35,153.42,106.42,89.5125,False,False,False,False,False,False,True,True,False,True,False,-0.00625,0.0,,,0.041125,0.334875,0.640625,3.09375,0.011338720791831,3.4677470606927234,73.0,83.5,1.0585106382978724,0.0117324990222916,-0.0083176262909915,-0.0018408508720897
2003-08-05,167.5,182.5,167.5,175.5,119.0,175.5,156.4,157.4,155.38,107.55333333333331,89.9775,False,False,False,False,False,False,True,True,False,False,False,-0.1452991452991453,-0.0598290598290598,,,0.1146438746438746,0.3871604938271606,0.5527065527065527,2.447293447293448,0.0105374077976815,3.3329097839898347,74.0,83.5,0.5979899497487438,0.0126142360664178,0.0008817370441262,-0.0008013129941495
2003-08-06,177.5,178.0,162.5,162.5,25.0,162.5,160.9,157.05,155.88,108.50666666666666,90.39,False,False,False,False,False,False,True,True,False,True,False,-0.0615384615384615,0.0338461538461538,,,0.0407384615384615,0.3322666666666667,0.953846153846154,3.0923076923076924,0.0087859424920129,3.3107290671760587,76.5,83.5,0.2100840336134453,0.0032075955863484,-0.0094066404800693,-0.0017514653056686
2003-08-07,160.5,165.0,160.0,165.0,5.0,165.0,167.4,157.25,156.82,109.57333333333334,90.8275,False,False,False,False,False,False,True,True,False,False,False,-0.0606060606060606,0.0181818181818181,,,0.0495757575757576,0.3359191919191919,1.1575757575757577,3.1515151515151514,0.0097347286444391,3.2670906200317966,77.5,83.5,0.2,0.0059941334013518,0.0027865378150033,0.0009487861524262
2003-08-08,160.0,165.0,158.0,160.0,7.0,160.0,164.6,157.25,157.82,110.60666666666668,91.24,False,False,False,False,False,False,True,True,False,False,False,-0.03125,0.0,,,0.013625,0.3087083333333332,1.21875,3.09375,0.009342414562112,3.200317965023848,82.5,85.0,1.4,0.0063363325307312,0.0003421991293793,-0.000392314082327
2003-08-11,165.0,167.5,157.5,159.0,36.0,159.0,164.4,157.4,158.92,111.64666666666666,91.66,False,False,False,False,False,False,True,True,False,False,False,0.0062893081761006,0.0062893081761006,,,0.0005031446540881,0.2978197064989518,1.2358490566037736,3.150943396226415,0.0093151012121572,3.164548919949174,87.0,82.5,5.142857142857143,0.0069217216209413,0.0005853890902101,-2.7313349954895955e-05
2003-08-12,155.0,155.0,147.5,150.0,29.0,150.0,159.3,157.85,159.72,112.54666666666668,92.0225,False,False,False,False,False,False,True,True,False,True,True,0.1,0.0666666666666666,,,-0.0648,0.2496888888888888,1.2666666666666666,3.333333333333333,0.0079966828574815,3.178017104846373,90.0,82.5,0.8055555555555556,0.0050087653393439,-0.0019129562815973,-0.0013184183546756
2003-08-13,150.0,155.0,147.5,152.5,19.0,152.5,157.3,159.1,160.12,113.58,92.335,False,False,False,False,False,False,True,True,False,True,False,0.101639344262295,0.2459016393442623,,,-0.0499672131147541,0.2552131147540983,1.3934426229508197,3.19672131147541,0.0090978458648821,3.110622250157134,89.5,82.5,0.6551724137931034,0.0024981264051961,-0.0025106389341477,0.0011011630074006
2003-08-14,155.0,157.5,155.0,155.0,5.0,155.0,155.3,161.35,160.66,114.61333333333332,92.67,False,False,False,False,False,False,True,True,False,False,False,0.0838709677419354,0.3225806451612903,,,-0.036516129032258,0.2605591397849463,1.6612903225806452,3.161290322580645,0.0090158213122381,3.050201425472576,89.5,82.5,0.2631578947368421,0.003361135316818,0.0008630089116219,-8.202455264406244e-05
2003-08-15,157.5,157.5,155.0,155.0,17.0,155.0,154.3,159.45,161.46,115.64666666666666,93.02,False,False,False,False,False,False,True,True,False,False,False,0.032258064516129,0.1290322580645161,,,-0.0416774193548387,0.2538924731182796,1.7419354838709675,3.129032258064516,0.0089352625814262,3.076513013483851,89.5,80.0,3.4,0.0049547875634832,0.0015936522466652,-8.055873081182045e-05
2003-08-18,156.5,161.0,156.5,160.0,22.0,160.0,154.5,159.45,162.14,116.76,93.3575,False,False,False,False,False,False,True,True,False,True,False,0.0,0.140625,,,-0.0133749999999999,0.27025,1.5,2.90625,0.0095352289596894,3.057698338037002,93.5,77.5,1.2941176470588236,0.0041939065005549,-0.0007608810629283,0.0005999663782631
2003-08-19,162.5,169.5,160.0,165.0,16.0,165.0,157.5,158.4,161.84,117.92666666666666,93.6825,False,False,False,False,True,False,False,True,False,True,False,-0.0303030303030303,0.1575757575757575,,,0.0191515151515151,0.2852929292929293,1.318181818181818,2.727272727272727,0.0098931539374751,3.090909090909091,95.5,77.5,0.7272727272727273,-0.0018536826495302,-0.0060475891500852,0.0003579249777857
2003-08-20,167.5,169.0,162.5,168.0,15.0,168.0,160.6,158.95,160.96,119.13333333333334,94.0475,False,False,False,False,False,False,False,True,False,True,True,0.1309523809523809,0.1904761904761904,,,0.0419047619047618,0.2908730158730158,1.3898809523809523,2.511904761904762,0.0101287073307219,3.029569046870085,95.0,79.0,0.9375,-0.0054671968190854,-0.0036135141695551,0.0002355533932467
2003-08-21,170.0,170.0,168.0,168.0,2.0,168.0,163.2,159.25,160.44,120.27333333333333,94.4,False,False,False,False,False,False,False,True,False,False,False,0.2202380952380952,0.5625,,,0.045,0.2840873015873016,1.8273809523809523,2.3035714285714284,0.0094784102876779,2.9403453689167973,95.0,79.0,0.1333333333333333,-0.0032410870107205,0.0022261098083648,-0.000650297043044
2003-08-22,167.5,168.0,160.0,160.0,21.0,160.0,164.2,159.25,159.94,121.28,94.725,False,False,False,False,False,False,False,True,False,False,False,0.09375,0.7375,,,0.000375,0.242,1.965625,2.1875,0.0083003518029903,2.8492935635792778,98.0,80.0,10.5,-0.0031261723146179,0.0001149146961026,-0.0011780584846875
2003-08-25,165.0,165.0,160.0,160.0,3.0,160.0,164.2,159.35,159.56,122.3,95.0875,False,False,False,False,False,False,False,True,False,False,False,0.140625,0.640625,,,0.0027499999999999,0.235625,2.53125,2.53125,0.0083401471790678,2.7872607467838093,115.0,74.5,0.1428571428571428,-0.0023815492604662,0.0007446230541517,3.979537607744221e-05
2003-08-26,160.5,160.5,159.5,160.0,17.0,160.0,163.2,160.35,158.96,123.32,95.4375,False,False,False,False,False,False,False,True,False,True,True,0.19375,0.703125,,,0.0064999999999999,0.22925,2.75,2.46875,0.0082711644502108,2.7043966323666977,126.5,69.0,5.666666666666667,-0.0037745344740814,-0.0013929852136152,-6.898272885703244e-05
2003-08-27,165.0,195.0,165.0,190.0,321.0,190.0,167.6,164.1,159.92,124.74,95.925,False,False,False,False,False,False,True,True,True,False,False,0.0526315789473684,0.6710526315789473,,,0.1583157894736842,0.3434736842105263,2.894736842105264,2.3421052631578947,0.0113836780503447,2.6166971358927484,150.0,72.5,18.88235294117647,0.0060030015007502,0.0097775359748317,0.0031125136001339
2003-08-28,191.5,209.0,182.5,205.0,470.0,205.0,175.0,169.1,161.6,126.36,96.5125,False,False,False,False,False,False,True,True,False,False,False,0.2804878048780488,0.7365853658536585,,,0.2117073170731707,0.383609756097561,3.731707317073171,2.341463414634146,0.0128205128205128,2.533412182140745,141.5,72.5,1.4641744548286604,0.0103960396039604,0.0043930381032101,0.0014368347701681
2003-08-29,190.0,190.5,150.0,175.0,254.0,175.0,178.0,171.1,162.2,127.56,96.9375,False,False,False,False,False,False,True,True,False,True,False,0.5885714285714285,1.0285714285714285,,,0.0731428571428572,0.2710857142857142,3.914285714285714,2.685714285714285,0.0094073377234242,2.495032144944477,135.0,73.5,0.5404255319148936,0.003699136868064,-0.0066969027358963,-0.0034131750970885
2003-09-01,174.5,192.5,174.5,182.5,57.0,182.5,182.5,173.35,163.2,128.89333333333337,97.4125,False,False,False,False,False,False,True,True,False,False,False,0.4383561643835616,0.947945205479452,,,0.1057534246575343,0.2937351598173514,4.232876712328767,2.671232876712329,0.0103444708803147,2.475627343524661,131.5,73.0,0.2244094488188976,0.0061274509803921,0.002428314112328,0.0009371331568904
2003-09-02,180.5,194.5,176.5,191.0,133.0,191.0,188.7,175.95,165.02,130.34,97.88,False,False,False,False,False,False,True,True,False,False,False,0.4267015706806282,0.7801047120418848,,,0.1360209424083769,0.3175916230366492,3.973821989528796,2.586387434554974,0.01109917651271,2.4640522875816995,130.0,74.0,2.333333333333333,0.0110289661859169,0.0049015152055248,0.0007547056323953
2003-09-03,198.0,207.5,198.0,200.0,200.0,200.0,190.7,179.15,167.42,131.90666666666667,98.3925,False,False,False,False,False,False,True,True,False,False,False,0.5875,0.825,,,0.1629,0.3404666666666667,3.475,2.675,0.0118770848074395,2.4831147083449623,142.5,76.5,1.5037593984962403,0.0143352048739695,0.0033062386880525,0.0007779082947295
2003-09-04,209.0,262.5,209.0,262.5,996.0,262.5,202.2,188.6,172.62,134.30666666666667,99.23,False,False,False,False,False,False,True,True,False,False,False,0.3561904761904761,0.5714285714285714,,,0.3424,0.4883555555555555,2.5619047619047617,1.9904761904761905,0.0178695522684404,2.430540827147402,141.5,77.5,4.98,0.0301239717298112,0.0157887668558417,0.0059924674610008
2003-09-05,264.5,292.5,260.0,278.0,939.0,278.0,222.8,200.4,176.78,136.94666666666666,100.1575,False,False,False,False,False,False,True,True,False,True,False,0.276978417266187,0.5287769784172662,,,0.3641007194244604,0.5073860911270983,2.2553956834532376,2.012589928057554,0.0192775776457987,2.391966067864272,135.0,82.5,0.9427710843373494,0.0235320737640004,-0.0065918979658108,0.0014080253773583
2003-09-08,279.5,283.5,257.5,262.5,233.0,262.5,238.8,210.65,180.88,139.41333333333333,101.0325,False,False,False,False,False,False,True,True,False,True,False,0.3542857142857142,0.5238095238095238,,,0.3109333333333333,0.4689015873015873,2.276190476190476,2.123809523809524,0.0176931905126243,2.3479705672917164,143.0,87.0,0.2481363152289669,0.0226669615214506,-0.0008651122425497,-0.0015843871331744
2003-09-09,264.0,272.5,257.0,272.5,116.0,272.5,255.1,221.9,184.76,142.01333333333332,101.9575,False,False,False,False,False,False,True,True,False,True,False,0.2477064220183486,0.4036697247706422,,,0.3219816513761468,0.4788501529051988,1.9357798165137607,1.8073394495412844,0.0183081400807435,2.272870662460568,172.5,90.0,0.4978540772532189,0.0210002164970772,-0.0016667450243733,0.0006149495681192
2003-09-10,274.5,320.0,274.5,317.5,1001.0,317.5,278.6,234.65,190.96,145.19333333333333,103.12,False,False,False,False,False,False,True,True,False,False,False,0.1496062992125984,0.2645669291338582,,,0.3985511811023622,0.5426981627296588,1.3779527559055118,1.330708661417323,0.0219018320400386,2.139782655018112,190.0,89.5,8.629310344827585,0.0324675324675325,0.0114673159704552,0.003593691959295
2003-09-11,316.5,356.0,305.0,356.0,1236.0,356.0,297.3,249.75,198.6,148.88666666666666,104.45,False,False,False,False,False,False,True,True,False,False,False,0.1587078651685393,0.3342696629213483,,,0.4421348314606741,0.5817790262172285,1.0646067415730338,1.2191011235955056,0.0248063403931401,1.991991991991992,181.0,89.5,1.2347652347652347,0.0384692849949646,0.0060017525274321,0.0029045083531015
2003-09-12,351.0,390.0,330.0,355.0,1153.0,355.0,312.7,267.75,206.4,152.55333333333334,105.8375,False,False,False,False,False,False,True,True,False,True,False,0.1971830985915492,0.3366197183098591,,,0.4185915492957746,0.5702723004694835,0.8591549295774648,1.3450704225352113,0.0240353100554998,1.860877684407096,172.5,89.5,0.9328478964401294,0.0377906976744186,-0.000678587320546,-0.0007710303376403
2003-09-16,355.0,365.0,335.5,355.5,341.0,355.5,331.3,285.05,214.26,156.3,107.2575,False,False,False,False,False,False,True,True,False,True,False,0.1251758087201125,0.5893108298171589,,,0.3972995780590717,0.560337552742616,0.420534458509142,1.39803094233474,0.0239709959479633,1.7512717067181196,169.5,93.5,0.2957502168256721,0.0366844021282553,-0.0011062955461633,-6.431410753650335e-05
2003-09-17,357.5,363.0,337.5,340.0,259.0,340.0,344.8,299.95,221.86,159.91333333333333,108.5825,False,False,False,False,False,False,True,True,False,True,False,0.125,0.7647058823529411,,,0.3474705882352941,0.5296666666666667,0.7205882352941176,1.4264705882352942,0.0225955726018258,1.661276879479913,175.0,95.5,0.7595307917888563,0.0342558370143334,-0.0024285651139218,-0.0013754233461374
2003-09-18,342.5,365.0,342.5,365.0,270.0,365.0,354.3,316.45,230.36,163.81333333333333,110.0075,False,False,False,False,False,False,True,True,False,False,False,0.1,1.0273972602739727,,,0.368876712328767,0.5511963470319635,0.726027397260274,1.3082191780821917,0.023807585870096,1.5564860167483017,166.0,95.0,1.0424710424710424,0.0368987671470741,0.0026429301327406,0.0012120132682701
2003-09-19,365.5,425.0,365.5,412.5,926.0,412.5,365.6,331.45,240.66,168.34666666666666,111.67,False,False,False,False,False,False,True,True,False,False,False,0.1515151515151515,1.3515151515151516,,,0.4165818181818181,0.5918868686868687,0.6363636363636364,0.987878787878788,0.0269285601140503,1.4513501282244683,163.0,95.0,3.4296296296296296,0.0427989695005401,0.0059002023534659,0.0031209742439542
2003-09-22,433.0,447.0,412.5,425.0,790.0,425.0,379.6,346.15,251.46,173.03333333333333,113.4,False,False,False,False,False,False,True,True,False,False,False,0.1164705882352941,1.0235294117647058,,,0.4083294117647059,0.5928627450980393,0.7058823529411765,0.923529411764706,0.0270853400115584,1.3414704607828978,160.0,98.0,0.8531317494600432,0.0429491768074445,0.0001502073069044,0.0001567798975081
2003-09-24,425.0,430.0,370.0,400.0,377.0,400.0,388.5,359.9,261.06,177.39333333333337,115.0125,False,False,False,False,False,False,True,True,False,True,False,0.4125,1.3875,,,0.34735,0.5565166666666665,0.7625,1.0875,0.0245781502499156,1.2561822728535703,157.5,115.0,0.4772151898734177,0.0367731555964145,-0.0061760212110299,-0.0025071897616427
2003-09-25,380.0,400.0,357.5,382.5,202.0,382.5,397.0,370.9,269.76,181.50666666666663,116.525,False,False,False,False,False,False,True,True,False,True,False,0.5686274509803921,1.4836601307189543,,,0.2947450980392157,0.5254727668845317,0.9084967320261438,1.2026143790849673,0.0226621611694699,1.2101644648153145,145.5,126.5,0.5358090185676393,0.0322508896797152,-0.0045222659166993,-0.0019159890804457
2003-09-26,382.5,405.0,375.0,401.5,311.0,401.5,404.3,379.3,279.1,185.84,118.145,False,False,False,False,False,False,True,True,False,False,False,0.8430884184308842,1.2291407222914073,,,0.3048567870485678,0.5371357409713574,1.0672478206724785,1.0236612702366128,0.0233175491462191,1.180332190877933,140.0,150.0,1.5396039603960396,0.0334647079899678,0.0012138183102526,0.0006553879767492
2003-09-29,409.0,475.0,409.0,475.0,1068.0,475.0,416.8,391.2,291.38,191.14,120.12,False,False,False,False,False,False,True,True,False,False,False,1.0421052631578946,0.968421052631579,,,0.3865684210526315,0.5976,0.8210526315789474,0.7157894736842105,0.0277283666422516,1.120398773006135,132.5,141.5,3.434083601286173,0.0421442789484521,0.0086795709584842,0.0044108174960324
2003-09-30,479.5,500.0,450.0,474.5,1611.0,474.5,426.7,403.15,303.96,196.36666666666667,122.0925,False,False,False,False,False,False,True,True,False,True,False,0.8124341412012644,0.9072708113804004,,,0.3594099051633299,0.5861608710923779,0.9599578503688092,0.6754478398314014,0.0266168731964013,1.0482450700731738,174.0,135.0,1.5084269662921348,0.041387024608501,-0.000757254339951,-0.0011114934458502
2003-10-01,484.5,575.0,484.5,565.0,2134.0,565.0,459.7,424.1,320.16,202.74,124.48,False,False,False,False,False,False,True,True,False,False,False,0.6902654867256637,0.5221238938053098,,,0.4333451327433628,0.6411681415929203,0.6283185840707964,0.3805309734513274,0.0314359935549636,0.9299693468521574,160.0,131.5,1.324643078833023,0.0505997001499251,0.0092126755414241,0.0048191203585622
2003-10-02,595.0,625.0,550.0,600.0,1378.0,600.0,503.2,450.1,337.76,209.54,127.055,False,False,False,False,False,False,True,True,False,False,False,0.5833333333333334,0.3333333333333333,,,0.4370666666666666,0.6507666666666667,0.3583333333333333,0.3416666666666667,0.0324520377970792,0.8140413241501887,175.5,130.0,0.6457357075913777,0.0521080056845096,0.0015083055345844,0.0010160442421155
2003-10-03,605.0,740.0,605.0,740.0,1606.0,740.0,570.9,487.6,359.76,218.2133333333333,130.3675,False,False,False,False,False,False,True,True,False,False,False,0.2094594594594594,0.0202702702702702,,,0.5138378378378379,0.7051171171171171,-0.0337837837837837,0.0641891891891891,0.0397470365391664,0.6632485643970467,162.5,142.5,1.165457184325109,0.0611518790304647,0.0090438733459551,0.0072949987420872
2003-10-06,795.0,970.0,795.0,970.0,2110.0,970.0,669.9,543.35,390.36,229.9533333333333,134.83,False,False,False,False,False,False,True,True,False,False,False,-0.0360824742268041,-0.2422680412371134,,,0.5975670103092784,0.76293470790378,-0.2319587628865979,-0.2087628865979381,0.0510538370104079,0.4829299714732676,165.0,141.5,1.3138231631382316,0.0783891792191823,0.0172373001887175,0.0113068004712414
2003-10-07,980.0,1000.0,835.0,860.0,1586.0,860.0,747.0,586.85,417.76,240.22666666666663,138.745,False,False,False,False,False,False,True,True,False,True,False,0.0523255813953488,-0.2325581395348837,,,0.514232558139535,0.7206666666666667,-0.1162790697674418,-0.1133720930232558,0.042765166231892,0.3636363636363636,160.0,135.0,0.7516587677725118,0.0655878973573343,-0.012801281861848,-0.0082886707785159
2003-10-08,865.0,960.0,770.0,955.0,2879.0,955.0,825.0,642.35,448.66,251.7133333333333,143.095,False,False,False,False,False,False,True,True,False,False,False,-0.0994764397905759,-0.4712041884816754,,,0.5301989528795811,0.7364258289703316,-0.256544502617801,-0.2146596858638743,0.0456339221866144,0.232583482525103,159.0,143.0,1.815258511979824,0.0688717514376143,0.0032838540802799,0.0028687559547224
2003-10-09,1020.0,1100.0,950.0,950.0,2438.0,950.0,895.0,699.1,479.02,263.1066666666667,147.4275,False,False,False,False,False,False,True,True,False,True,False,-0.1578947368421052,-0.3842105263157894,,,0.4957684210526316,0.7230456140350877,-0.3578947368421052,-0.2342105263157894,0.0433030963360869,0.1160778143327134,150.0,172.5,0.8468218131295588,0.0633793996075319,-0.0054923518300823,-0.0023308258505275
2003-10-10,930.0,975.0,825.0,895.0,1651.0,895.0,926.0,748.45,506.82,273.7733333333333,151.485,False,False,False,False,False,False,True,True,False,True,False,-0.1564245810055866,-0.2960893854748603,,,0.4337206703910614,0.6941080074487896,-0.2234636871508379,-0.2234636871508379,0.0389616714557053,0.026788696639722,152.5,190.0,0.677194421657096,0.054851821159386,-0.0085275784481459,-0.0043414248803815
2003-10-14,895.0,960.0,875.0,935.0,1074.0,935.0,919.0,794.45,533.72,284.97333333333336,155.7525,False,False,False,False,False,False,True,True,False,True,False,-0.213903743315508,-0.2780748663101604,,,0.4291764705882352,0.6952156862745098,-0.3048128342245989,-0.2754010695187165,0.0393019229869463,-0.0499716785197306,155.0,181.0,0.6505148394912175,0.0504009593045043,-0.0044508618548817,0.0003402515312409
2003-10-15,950.0,955.0,890.0,905.0,857.0,905.0,928.0,837.5,558.8,295.7333333333333,159.9,False,False,False,False,False,False,True,True,False,True,False,-0.2707182320441988,-0.1988950276243093,,,0.3825414364640884,0.6732228360957643,-0.2541436464088398,-0.1961325966850828,0.0363841298467085,-0.106865671641791,155.0,172.5,0.797951582867784,0.0448818897637794,-0.0055190695407248,-0.0029177931402377
2003-10-16,900.0,905.0,855.0,860.0,629.0,860.0,909.0,867.0,582.7,305.6666666666667,163.8125,False,False,False,False,False,False,True,True,False,True,False,-0.4127906976744186,-0.1802325581395348,,,0.3224418604651162,0.6445736434108527,-0.2383720930232558,-0.0959302325581395,0.0324972737186479,-0.1375432525951557,160.0,169.5,0.733955659276546,0.0410159601853442,-0.0038659295784351,-0.0038868561280605
2003-10-17,840.0,845.0,790.0,800.0,773.0,800.0,879.0,887.0,603.8,314.64666666666665,167.4325,False,False,False,False,False,False,True,True,False,True,False,-0.26875,-0.0875,,,0.24525,0.6066916666666667,-0.24375,-0.065625,0.0285399495730659,-0.1634723788049605,165.0,175.0,1.228934817170111,0.0349453461411061,-0.006070614044238,-0.0039573241455819
2003-10-20,765.0,890.0,740.0,755.0,940.0,755.0,851.0,888.5,621.3,322.7133333333333,170.8325,False,False,False,False,False,False,True,True,False,True,False,-0.1655629139072847,0.0993377483443708,,,0.1770860927152318,0.5725651214128036,-0.119205298013245,-0.0165562913907284,0.0249963848203772,-0.1699493528418683,168.0,166.0,1.2160413971539457,0.028166747143087,-0.0067785989980191,-0.0035435647526887
2003-10-21,775.0,820.0,705.0,735.0,540.0,735.0,811.0,865.0,636.46,330.62666666666667,174.1325,False,False,False,False,False,False,True,True,False,True,False,-0.0816326530612244,0.1768707482993197,,,0.1340680272108843,0.5501678004535148,-0.0680272108843537,0.0034013605442176,0.0239343468968021,-0.1508670520231214,168.0,163.0,0.574468085106383,0.0238192502278227,-0.0043474969152643,-0.0010620379235751
2003-10-22,735.0,765.0,650.0,660.0,515.0,660.0,762.0,845.0,648.66,337.62666666666667,177.0575,False,False,False,False,False,False,True,True,False,True,False,0.0984848484848484,0.4090909090909091,,,0.0171818181818182,0.4884444444444444,-0.0075757575757575,0.0984848484848484,0.0207329594818734,-0.1352071005917159,160.0,160.0,0.9537037037037036,0.0188080041932598,-0.0050112460345629,-0.0032013874149286
2003-10-23,610.0,615.0,490.0,505.0,1081.0,505.0,691.0,800.0,654.64,342.6066666666667,179.22,False,False,False,False,False,False,True,True,False,True,False,0.396039603960396,0.8217821782178217,,,-0.2963168316831683,0.3215709570957095,0.3069306930693069,0.396039603960396,0.0145356190772703,-0.0921875,160.0,157.5,2.0990291262135923,0.0091347916412074,-0.0096732125520524,-0.006197340404603
2003-10-24,515.0,625.0,515.0,585.0,964.0,585.0,648.0,763.5,664.44,348.67333333333335,181.7825,False,False,False,False,False,False,True,True,False,False,False,0.2478632478632478,0.3931623931623931,,,-0.1357948717948719,0.4039772079772079,0.1111111111111111,0.1752136752136752,0.0173992849085103,-0.0540275049115913,160.0,145.5,0.8917668825161887,0.0147492625368732,0.0056144708956658,0.0028636658312399
2003-10-27,630.0,645.0,590.0,630.0,751.0,630.0,623.0,737.0,675.04,355.17333333333335,184.5625,False,False,False,False,False,False,True,True,False,False,False,0.3174603174603174,0.1349206349206349,,,-0.0714920634920634,0.4362328042328042,0.0158730158730158,0.0555555555555555,0.0183009234927547,-0.0240841248303934,190.0,140.0,0.779045643153527,0.0157027731689972,0.000953510632124,0.0009016385842443
2003-10-28,670.0,685.0,655.0,675.0,625.0,675.0,611.0,711.0,685.54,362.2866666666667,187.565,False,False,False,False,False,False,True,True,False,True,False,0.2814814814814815,0.1037037037037037,,,-0.0156148148148147,0.463279012345679,-0.0444444444444444,-0.0148148148148148,0.019634543547467,0.0098452883263009,205.0,132.5,0.8322237017310253,0.0153163929165329,-0.0003863802524643,0.0013336200547123
2003-10-29,705.0,730.0,700.0,725.0,482.0,725.0,624.0,693.0,697.54,370.1533333333333,190.82,False,False,False,True,True,False,True,True,False,False,False,0.2827586206896552,0.0482758620689655,,,0.0378758620689655,0.4894436781609195,-0.1172413793103448,-0.0724137931034482,0.0212524539380075,0.0281385281385281,175.0,174.0,0.7712,0.0172033145052613,0.0018869215887283,0.0016179103905404
2003-10-30,735.0,745.0,690.0,705.0,380.0,705.0,664.0,677.5,709.74,377.64666666666665,193.975,False,False,False,False,False,False,True,True,False,True,False,0.3049645390070922,0.0070921985815602,,,-0.0067234042553191,0.4643309692671395,-0.1134751773049645,-0.0886524822695035,0.0198421805214751,0.0317343173431734,182.5,160.0,0.7883817427385892,0.0171893932989546,-1.3921206306735656e-05,-0.0014102734165324
2003-10-31,690.0,735.0,650.0,730.0,367.0,730.0,693.0,670.5,723.64,385.08,197.25,False,False,False,False,False,False,True,True,False,False,False,0.1164383561643835,-0.1643835616438356,,,0.0087123287671233,0.4724931506849315,-0.1575342465753424,-0.1095890410958904,0.0193033482220144,0.0279642058165548,191.0,175.5,0.9657894736842104,0.0192084461887125,0.0020190528897579,-0.0005388322994606
2003-11-04,800.0,835.0,775.0,830.0,881.0,830.0,733.0,678.0,740.78,393.6133333333333,201.0375,False,False,False,False,False,False,True,True,False,False,True,-0.1385542168674698,-0.1626506024096385,,,0.1074939759036145,0.5257670682730924,-0.2891566265060241,-0.2349397590361445,0.0216794824023575,0.0007374631268436,200.0,162.5,2.400544959128065,0.0231377736979939,0.0039293275092814,0.002376134180343
2003-11-05,825.0,875.0,790.0,865.0,882.0,865.0,771.0,691.0,756.38,402.73333333333335,205.0,False,False,False,False,False,False,True,True,False,True,False,-0.1387283236994219,-0.2485549132947976,,,0.1255722543352601,0.5344123314065511,-0.3583815028901734,-0.2369942196531791,0.0226452574077141,-0.0293053545586107,262.5,165.0,1.0011350737797955,0.0206245537957111,-0.0025132199022828,0.0009657750053565
2003-11-06,1040.0,1075.0,910.0,930.0,2756.0,930.0,812.0,718.0,774.6,412.8333333333333,209.2975,False,False,False,False,False,False,True,True,False,False,False,-0.1827956989247312,-0.2741935483870967,,,0.1670967741935483,0.5560931899641578,-0.4516129032258064,-0.2876344086021505,0.0244650787242631,-0.0745125348189415,278.0,160.0,3.124716553287982,0.0235218177123677,0.0028972639166565,0.001819821316549
2003-11-07,930.0,940.0,880.0,920.0,603.0,920.0,855.0,759.5,788.8,422.84,213.54,False,False,False,False,False,False,True,True,False,True,False,-0.2282608695652173,-0.2880434782608695,,,0.1426086956521739,0.5403913043478261,-0.3858695652173913,-0.266304347826087,0.0236653738214612,-0.1290322580645161,262.5,159.0,0.2187953555878084,0.0180020283975658,-0.0055197893148018,-0.0007997049028019
2003-11-10,885.0,890.0,800.0,815.0,469.0,815.0,872.0,782.5,797.4,431.3733333333333,217.265,False,False,False,False,False,False,True,True,False,True,False,-0.2515337423312883,-0.2576687116564417,,,0.0215950920245399,0.4707075664621677,-0.3190184049079754,-0.1687116564417178,0.0197817822149413,-0.1559105431309904,272.5,150.0,0.7777777777777778,0.0107850514171056,-0.0072169769804602,-0.0038835916065198
2003-11-11,735.0,745.0,715.0,715.0,253.0,715.0,849.0,791.0,796.4,438.6933333333333,220.495,False,False,False,False,False,False,False,True,False,True,False,-0.0279720279720279,-0.0699300699300699,,,-0.1138461538461538,0.3864428904428904,-0.1118881118881118,-0.0769230769230769,0.0166859157498025,-0.1656131479140328,317.5,152.5,0.5394456289978679,-0.0012556504269211,-0.0120407018440267,-0.0030958664651388
2003-11-12,705.0,770.0,685.0,745.0,271.0,745.0,825.0,798.0,787.4,446.4533333333333,223.8725,False,False,False,False,False,False,False,True,False,True,False,-0.1275167785234899,-0.0805369127516778,,,-0.0569127516778523,0.4007337807606264,-0.0805369127516778,-0.1308724832214765,0.0173814359096881,-0.175125313283208,356.0,155.0,1.0711462450592886,-0.0114300228600457,-0.0101743724331245,0.0006955201598856
2003-11-13,775.0,790.0,760.0,760.0,157.0,760.0,791.0,801.5,783.4,454.4533333333333,227.2975,False,False,False,False,False,False,False,True,False,False,False,-0.1118421052631579,-0.1381578947368421,,,-0.0307894736842104,0.4020350877192982,-0.1513157894736842,-0.1184210526315789,0.0176035676563783,-0.1790393013100436,355.0,155.0,0.5793357933579336,-0.0051059484299208,0.0063240744301248,0.0002221317466901
2003-11-14,770.0,770.0,665.0,710.0,155.0,710.0,749.0,802.0,773.6,461.82,230.4475,False,False,False,False,False,False,False,True,False,True,False,-0.0774647887323943,-0.0704225352112676,,,-0.0895774647887324,0.3495492957746479,-0.056338028169014,-0.028169014084507,0.0159513807688421,-0.1736284289276808,355.5,160.0,0.9872611464968152,-0.0126680455015511,-0.0075620970716302,-0.0016521868875362
2003-11-17,630.0,635.0,610.0,610.0,138.0,610.0,708.0,790.0,760.0,468.0133333333333,233.0725,False,False,False,False,False,False,False,True,False,True,False,-0.0081967213114754,0.0655737704918032,,,-0.2459016393442623,0.2327650273224044,0.1229508196721311,0.2131147540983606,0.0132332412181989,-0.1496835443037974,340.0,165.0,0.8903225806451613,-0.0178947368421052,-0.0052266913405541,-0.0027181395506432
2003-11-18,550.0,695.0,545.0,695.0,193.0,695.0,704.0,776.5,752.0,475.41333333333336,236.12,False,False,False,False,False,False,False,True,False,False,False,-0.0431654676258992,-0.079136690647482,,,-0.0820143884892086,0.3159520383693045,0.0575539568345323,0.1366906474820144,0.0155654027372672,-0.1149388280746941,365.0,168.0,1.3985507246376812,-0.0106382978723404,0.0072564389697648,0.0023321615190683
2003-11-19,645.0,710.0,630.0,650.0,117.0,650.0,685.0,755.0,740.6,482.3133333333333,238.945,False,False,False,False,False,False,False,True,False,True,False,0.0538461538461538,-0.0076923076923076,,,-0.1393846153846154,0.2579794871794872,0.2076923076923077,0.1884615384615384,0.0143060527734389,-0.0748344370860927,412.5,168.0,0.6062176165803109,-0.0153929246556845,-0.0047546267833441,-0.0012593499638283
2003-11-20,690.0,710.0,665.0,675.0,104.0,675.0,668.0,729.5,731.4,488.9933333333333,241.9075,False,False,False,False,False,False,False,True,False,False,False,-0.0296296296296296,-0.0518518518518518,,,-0.0835555555555555,0.2755654320987655,0.2407407407407407,0.1185185185185185,0.0136607179375315,-0.0298149417409184,425.0,160.0,0.8888888888888888,-0.0125786163522013,0.0028143083034832,-0.0006453348359074
2003-11-21,660.0,680.0,655.0,655.0,97.0,655.0,657.0,703.0,723.2,495.5933333333333,244.77,False,False,False,False,False,False,False,True,False,False,False,0.0076335877862595,-0.0458015267175572,,,-0.1041221374045802,0.2433689567430025,0.2519083969465648,0.1450381679389313,0.0133173704246761,0.017425320056899,400.0,160.0,0.9326923076923076,-0.0113384955752211,0.0012401207769801,-0.0003433475128553
2003-11-25,650.0,650.0,590.0,605.0,240.0,605.0,656.0,682.0,715.4,501.32,247.4075,False,False,False,False,False,False,False,True,False,False,False,0.0743801652892562,0.0165289256198347,,,-0.1824793388429751,0.1713719008264463,0.2644628099173554,0.1983471074380165,0.0114231761483018,0.0557184750733137,382.5,160.0,2.4742268041237114,-0.0109029913335198,0.0004355042417013,-0.0018941942763743
2003-11-26,625.0,670.0,620.0,665.0,191.0,665.0,650.0,677.0,711.8,508.02,250.3425,False,False,False,False,False,False,False,True,False,False,False,-0.037593984962406,-0.112781954887218,,,-0.070375939849624,0.2360601503759399,0.112781954887218,0.093984962406015,0.0131884571473563,0.0734859675036927,401.5,190.0,0.7958333333333333,-0.0050576004495645,0.0058453908839552,0.0017652809990545
2003-11-27,665.0,690.0,650.0,685.0,133.0,685.0,657.0,671.0,709.8,514.9533333333334,253.37,False,False,False,False,False,False,False,True,False,False,False,-0.0583941605839416,-0.1897810218978102,,,-0.0362043795620437,0.248243309002433,0.1532846715328467,0.0583941605839416,0.013464003210647,0.0946348733233979,475.0,205.0,0.6963350785340314,-0.0028176951253874,0.002239905324177,0.0002755460632906
2003-11-28,690.0,690.0,650.0,655.0,112.0,655.0,653.0,660.5,709.6,521.5533333333333,256.245,False,False,False,False,False,False,False,True,False,False,False,-0.0229007633587786,-0.2213740458015267,,,-0.0833587786259542,0.203735368956743,0.2709923664122137,0.0916030534351145,0.0126545064103381,0.1188493565480696,474.5,175.0,0.8421052631578947,-0.0002818489289739,0.0025358461964134,-0.0008094968003088
2003-12-01,645.0,660.0,610.0,660.0,103.0,660.0,654.0,655.5,715.8,528.2333333333333,259.145,False,False,False,False,False,False,True,True,True,False,False,-0.053030303030303,-0.1439393939393939,,,-0.0845454545454544,0.1996464646464646,0.2916666666666667,0.0643939393939393,0.0126459266738185,0.1292906178489702,565.0,182.5,0.9196428571428572,0.0086616373288627,0.0089434862578366,-8.579736519666314e-06
2003-12-02,670.0,680.0,650.0,650.0,69.0,650.0,663.0,659.5,718.4,534.9,261.95,False,False,False,False,False,False,True,True,False,True,True,-0.0538461538461538,-0.1461538461538461,,,-0.1052307692307692,0.1770769230769231,0.2692307692307692,0.0769230769230769,0.0124633887954134,0.1163760424564063,600.0,191.0,0.6699029126213593,0.0036191536748329,-0.0050424836540297,-0.0001825378784051
2003-12-03,645.0,655.0,630.0,640.0,79.0,640.0,658.0,654.0,718.8,541.4,264.705,False,False,False,False,False,False,True,True,False,True,False,-0.078125,-0.0078125,,,-0.1231249999999999,0.1540625,0.31640625,0.08984375,0.0120059106021425,0.1116207951070336,740.0,200.0,1.144927536231884,0.0005564830272676,-0.0030626706475653,-0.0004574781932708
2003-12-04,640.0,650.0,625.0,645.0,87.0,645.0,650.0,653.5,717.6,547.9333333333333,267.5425,False,False,False,False,False,False,False,True,False,True,False,-0.1395348837209302,0.0620155038759689,,,-0.1125581395348837,0.1504909560723515,0.2713178294573643,0.0891472868217054,0.0119235916778196,0.1017597551644988,970.0,262.5,1.1012658227848102,-0.0016722408026754,-0.0022287238299431,-8.231892432296155e-05
2003-12-05,655.0,655.0,640.0,640.0,51.0,640.0,647.0,650.0,714.2,554.4,270.3675,False,False,False,False,False,False,False,True,False,True,False,-0.203125,0.0078125,,,-0.1159375,0.13375,0.27734375,0.17578125,0.0116642616642617,0.1073076923076923,860.0,278.0,0.5862068965517241,-0.0047605712685521,-0.0030883304658767,-0.0002593300135579
2003-12-08,640.0,640.0,620.0,625.0,43.0,625.0,640.0,647.0,711.0,560.6,273.1025,False,False,False,False,False,False,False,True,False,False,False,-0.096,0.072,,,-0.1376,0.1030399999999999,0.336,0.36,0.011059579022476,0.1278979907264296,955.0,262.5,0.8431372549019608,-0.0045007032348805,0.0002598680336716,-0.0006046826417857
2003-12-09,630.0,630.0,615.0,615.0,65.0,615.0,633.0,648.0,706.4,566.6,275.79,False,False,False,False,False,False,False,True,False,True,False,-0.0975609756097561,0.1138211382113821,,,-0.1486178861788617,0.0786991869918698,0.3699186991869919,0.4959349593495935,0.0105894811154253,0.15625,950.0,272.5,1.5116279069767442,-0.0065118912797282,-0.0020111880448477,-0.0004700979070506
2003-12-10,620.0,620.0,580.0,590.0,66.0,590.0,623.0,640.5,696.8,572.2266666666667,278.365,False,False,False,False,False,False,False,True,False,True,False,0.0762711864406779,0.2457627118644068,,,-0.1810169491525423,0.0301242937853107,0.3771186440677966,0.690677966101695,0.0098329333364401,0.211943793911007,895.0,317.5,1.015384615384615,-0.0137772675086108,-0.0072653762288825,-0.0007565477789852
2003-12-11,590.0,595.0,550.0,555.0,84.0,555.0,605.0,627.5,684.4,577.3866666666667,280.765,False,False,False,False,False,False,False,True,False,True,False,0.2342342342342342,0.4144144144144144,,,-0.2331531531531531,-0.0403363363363363,0.4684684684684684,0.7432432432432432,0.0089368187696286,0.2756972111553785,935.0,356.0,1.2727272727272727,-0.0181180596142606,-0.0043407921056498,-0.0008961145668114
2003-12-12,545.0,555.0,510.0,510.0,124.0,510.0,579.0,613.0,667.6,582.0533333333333,282.94,False,False,False,False,False,False,False,True,False,True,False,0.2647058823529412,0.6421568627450981,,,-0.3090196078431373,-0.1412810457516339,0.5588235294117647,0.9117647058823528,0.0080175928895404,0.3482871125611745,905.0,355.0,1.4761904761904765,-0.0251647693229478,-0.0070467097086871,-0.0009192258800882
2003-12-15,550.0,575.0,530.0,565.0,77.0,565.0,567.0,603.5,653.4,587.4533333333334,285.39,False,False,False,False,False,False,False,True,False,False,False,0.1858407079646017,0.4513274336283185,,,-0.1564601769911504,-0.0397404129793511,0.3805309734513274,0.6371681415929203,0.0091922195238204,0.4063794531897265,860.0,355.5,0.6209677419354839,-0.0217324762779308,0.0034322930450169,0.00117462663428
2003-12-16,545.0,565.0,525.0,555.0,81.0,555.0,555.0,594.0,643.0,592.72,287.7525,False,False,False,False,False,False,False,True,False,False,False,0.2342342342342342,0.3783783783783784,,,-0.1585585585585585,-0.067963963963964,0.4504504504504504,0.6801801801801802,0.0088855895982363,0.468013468013468,800.0,340.0,1.051948051948052,-0.0161741835147744,0.0055582927631564,-0.0003066299255841
2003-12-17,565.0,655.0,565.0,635.0,286.0,635.0,564.0,593.5,639.8,598.6533333333333,290.5325,False,False,False,False,False,False,False,True,False,False,False,0.1574803149606299,0.1653543307086614,,,-0.0075590551181101,0.0572388451443569,0.2401574803149606,0.5196850393700787,0.00991113387826,0.5143218197135636,755.0,365.0,3.5308641975308643,-0.0050015629884339,0.0111726205263405,0.0010255442800236
2003-12-18,650.0,710.0,650.0,685.0,384.0,685.0,590.0,597.5,637.4,605.0533333333333,293.5325,False,False,False,False,True,False,False,True,False,False,True,0.145985401459854,0.1532846715328467,,,0.0694890510948905,0.1167104622871046,0.1204379562043795,0.354014598540146,0.0105775799378566,0.5418410041841004,735.0,412.5,1.3426573426573427,-0.0037652965171006,0.0012362664713332,0.0006664460595966
2003-12-19,690.0,700.0,635.0,645.0,143.0,645.0,617.0,598.0,632.8,611.32,296.325,False,False,False,False,False,False,False,True,False,True,False,0.2984496124031007,0.2906976744186046,,,0.0189147286821706,0.0522170542635658,0.1821705426356589,0.5813953488372093,0.0102510414621912,0.5852842809364549,660.0,425.0,0.3723958333333333,-0.0072692793931732,-0.0035039828760725,-0.0003265384756654
2003-12-22,655.0,705.0,650.0,670.0,267.0,670.0,638.0,602.5,631.2,617.82,299.255,False,False,False,False,False,False,False,True,False,False,True,0.2238805970149253,0.2723880597014925,,,0.0579104477611939,0.0778805970149252,0.1194029850746268,0.6567164179104478,0.0105208636819785,0.616597510373444,505.0,400.0,1.867132867132867,-0.0025348542458807,0.0047344251472925,0.0002698222197873
2003-12-24,680.0,695.0,660.0,685.0,321.0,685.0,664.0,609.5,634.2,624.4066666666666,302.2475,False,False,False,False,False,False,True,True,True,False,False,0.1167883211678832,0.2043795620437956,,,0.0741605839416057,0.0884574209245742,0.0620437956204379,0.6788321167883211,0.0105486808810496,0.6357670221493027,585.0,382.5,1.202247191011236,0.0047303689687795,0.0072652232146602,2.7817199071049e-05
2003-12-25,735.0,735.0,735.0,735.0,257.0,735.0,684.0,624.0,635.8,631.54,305.5225,False,False,False,False,False,False,True,True,False,True,False,0.0068027210884353,0.1462585034013605,,,0.1349659863945579,0.1407619047619048,-0.0544217687074829,0.4965986394557823,0.011295140978138,0.6141826923076923,630.0,401.5,0.8006230529595015,0.0025165146272411,-0.0022138543415384,0.0007464600970884
2003-12-26,785.0,785.0,785.0,785.0,20.0,785.0,704.0,647.0,641.2,638.5066666666667,309.0525,False,False,False,False,False,False,True,True,False,False,False,0.0063694267515923,0.0445859872611464,,,0.1831847133757961,0.1866157112526539,-0.1369426751592356,0.5605095541401274,0.010910875375877,0.5965996908809892,675.0,475.0,0.0778210116731517,0.0084217092950718,0.0059051946678307,-0.0003842656022609
2003-12-29,910.0,910.0,812.5,837.5,1405.0,837.5,742.5,679.75,647.7,645.9666666666667,312.865,False,False,False,False,False,False,True,True,False,False,False,-0.0059701492537313,-0.0238805970149253,,,0.2266268656716417,0.2286965174129352,-0.1313432835820895,0.4328358208955223,0.0115485835182414,0.552776756160353,725.0,474.5,70.25,0.0100355102670989,0.001613800972027,0.0006377081423643
2003-12-30,845.0,845.0,812.5,820.0,222.0,820.0,772.5,705.25,654.3,653.4,316.5775,False,False,False,False,False,False,True,True,False,False,False,0.0396341463414634,0.0182926829268292,,,0.2020731707317073,0.2031707317073171,-0.0518292682926829,0.3689024390243902,0.0113763901642688,0.5246366536689118,705.0,565.0,0.1580071174377224,0.0100871160018338,5.160573473491671e-05,-0.0001721933539725
2004-01-05,822.5,822.5,762.5,765.0,191.0,765.0,788.5,726.25,660.7,659.9666666666667,320.015,False,False,False,False,False,False,True,True,False,True,False,0.0784313725490196,0.1013071895424836,,,0.1363398692810457,0.1372984749455337,-0.022875816993464,0.4084967320261438,0.00994999747462,0.5005163511187608,730.0,600.0,0.8603603603603603,0.0096866959285607,-0.0004004200732731,-0.0014263926896488
2004-01-06,775.0,775.0,717.5,740.0,229.0,740.0,789.5,736.75,663.7,665.6,323.34,False,False,False,False,False,False,True,True,False,True,False,0.1385135135135135,0.0979729729729729,,,0.103108108108108,0.1005405405405405,0.0033783783783783,0.4527027027027027,0.0084635416666666,0.4940617577197149,830.0,740.0,1.198952879581152,0.0045201145095675,-0.0051665814189931,-0.0014864558079533
2004-01-07,740.0,790.0,725.0,790.0,380.0,790.0,790.5,747.25,667.9,671.3866666666667,326.915,False,False,False,False,False,False,True,True,False,False,False,0.0379746835443038,0.0316455696202531,,,0.1545569620253165,0.1501434599156118,-0.0664556962025316,0.4208860759493671,0.0086189776383206,0.499163599866176,865.0,970.0,1.6593886462882097,0.0062883665219343,0.0017682520123667,0.0001554359716539
2004-01-08,815.0,915.0,815.0,832.5,1934.0,832.5,789.5,766.0,675.0,677.7533333333333,330.7025,False,False,False,False,False,False,True,True,False,False,False,-0.018018018018018,-0.045045045045045,,,0.1891891891891892,0.1858818818818818,-0.1291291291291291,0.3093093093093093,0.0093937814150674,0.4716057441253263,930.0,860.0,5.089473684210526,0.0105185185185185,0.0042301519965842,0.0007748037767467
2004-01-09,857.5,915.0,845.0,852.5,522.0,852.5,796.0,784.25,682.7,684.38,334.5875,False,False,False,False,False,False,True,True,False,False,False,-0.0205278592375366,-0.0850439882697947,,,0.1991788856304985,0.197208211143695,-0.1730205278592375,0.2639296187683284,0.0096827298674225,0.433216448836468,920.0,955.0,0.2699069286452947,0.0112787461549729,0.0007602276364544,0.0002889484523551
2004-01-13,865.0,865.0,825.0,825.0,214.0,825.0,808.0,798.25,689.7,690.8466666666667,338.3375,False,False,False,False,False,False,True,True,False,True,False,0.0212121212121212,-0.0242424242424242,,,0.1639999999999999,0.1626101010101009,-0.1666666666666666,0.3303030303030303,0.0093604948517278,0.4015032884434701,815.0,950.0,0.4099616858237548,0.0101493402928809,-0.001129405862092,-0.0003222350156947
2004-01-14,825.0,855.0,812.5,842.5,166.0,842.5,828.5,809.0,697.8,697.2133333333334,342.175,True,True,False,False,False,False,True,True,False,False,False,-0.0356083086053412,-0.0652818991097922,,,0.1717507418397626,0.1724470820969336,-0.2106824925816023,0.3026706231454006,0.0091315905222696,0.3825710754017305,715.0,895.0,0.7757009345794392,0.0116079105760961,0.0014585702832152,-0.0002289043294582
2004-01-15,852.5,852.5,815.0,820.0,123.0,820.0,834.5,812.5,704.8,702.6466666666666,345.9,False,False,False,False,False,False,True,True,False,True,False,-0.0060975609756097,-0.0640243902439024,,,0.1404878048780488,0.1431138211382114,-0.1890243902439024,0.3902439024390244,0.0077326679127488,0.3661538461538461,745.0,935.0,0.7409638554216867,0.0099318955732122,-0.0016760150028839,-0.0013989226095207
2004-01-16,837.5,840.0,807.5,817.5,109.0,817.5,831.5,810.5,711.9,707.88,349.6125,False,False,False,False,False,False,True,True,False,False,False,-0.0275229357798165,-0.0672782874617737,,,0.1291743119266055,0.134091743119266,-0.1773700305810397,0.4954128440366973,0.0073929667928651,0.3723010487353485,760.0,905.0,0.8861788617886179,0.0099733108582666,4.1415285054382384e-05,-0.0003397011198837
2004-01-19,830.0,837.5,797.5,835.0,158.0,835.0,828.0,812.0,720.3,713.68,353.4125,False,False,False,False,False,False,True,True,False,False,False,-0.0658682634730539,-0.1017964071856287,,,0.1373652694610779,0.1452934131736527,-0.2305389221556886,0.3143712574850299,0.0081268916040801,0.3666871921182266,710.0,860.0,1.4495412844036697,0.0116618075801748,0.0016884967219082,0.000733924811215
2004-01-20,835.0,862.5,825.0,842.5,251.0,842.5,831.5,819.75,729.4,719.8133333333334,357.2625,False,False,False,False,False,False,True,True,False,False,False,-0.0445103857566765,-0.1364985163204747,,,0.1342433234421365,0.1456221562809099,-0.228486646884273,0.1750741839762611,0.0085207275960435,0.3430924062214089,610.0,800.0,1.5886075949367089,0.0124760076775432,0.0008142000973683,0.0003938359919633
2004-01-21,850.0,850.0,812.5,812.5,148.0,812.5,825.5,827.0,738.3,725.2933333333333,360.975,False,False,False,False,False,False,True,True,False,True,False,-0.0307692307692307,-0.1446153846153846,,,0.0913230769230769,0.1073312820512821,-0.2184615384615384,0.3723076923076923,0.0075555637259406,0.336154776299879,695.0,755.0,0.5896414342629482,0.0120547203033996,-0.0004212873741435,-0.0009651638701029
2004-01-22,825.0,832.5,812.5,815.0,76.0,815.0,824.5,829.5,748.7,729.8266666666667,364.7,False,False,False,False,False,False,True,True,False,False,False,-0.058282208588957,-0.1687116564417178,,,0.0813496932515336,0.1045071574642126,-0.1901840490797546,0.3803680981595092,0.0062115205436908,0.3324291742013261,650.0,735.0,0.5135135135135135,0.0138907439561908,0.0018360236527911,-0.0013440431822497
2004-01-23,812.5,812.5,775.0,795.0,75.0,795.0,820.0,825.75,760.1,734.1,368.3125,False,False,False,False,False,False,True,True,False,False,False,-0.040880503144654,-0.0849056603773584,,,0.0438993710691823,0.0766037735849056,-0.1666666666666666,0.3522012578616352,0.0058211869409253,0.3366636391159552,675.0,660.0,0.986842105263158,0.0149980265754505,0.0011072826192597,-0.0003903336027654
2004-01-26,800.0,807.5,767.5,780.0,97.0,780.0,809.0,818.5,768.7,736.9666666666667,371.85,False,False,False,False,False,False,True,True,False,True,False,-0.0384615384615384,-0.0032051282051282,,,0.0144871794871794,0.0551709401709401,-0.1346153846153846,0.2339743589743589,0.0038898186258989,0.3344532681734881,655.0,505.0,1.2933333333333332,0.0111877195264732,-0.0038103070489772,-0.0019313683150264
2004-01-27,775.0,805.0,762.5,805.0,75.0,805.0,801.5,816.5,778.7,739.7,375.5125,False,False,False,False,False,False,True,True,False,False,False,-0.0962732919254658,-0.0714285714285714,,,0.032670807453416,0.0811180124223601,-0.1583850931677018,0.3229813664596273,0.0036951917444009,0.3337415799142682,605.0,585.0,0.7731958762886598,0.0128419160138692,0.0016541964873959,-0.000194626881498
2004-01-28,802.5,802.5,780.0,787.5,51.0,787.5,796.5,811.0,784.8,740.3333333333334,379.1,False,False,False,False,False,False,True,True,False,True,False,-0.1174603174603174,-0.0571428571428571,,,0.0034285714285714,0.0598941798941798,-0.1619047619047619,0.365079365079365,0.0008554705087798,0.3400123304562268,665.0,630.0,0.68,0.0077726809378184,-0.0050692350760508,-0.002839721235621
2004-01-29,775.0,787.5,755.0,767.5,105.0,767.5,787.0,805.75,788.1,737.6333333333333,382.5875,False,False,False,False,False,False,True,False,False,True,False,-0.1172638436482084,-0.0390879478827361,,,-0.0268403908794788,0.038914223669924,-0.1563517915309446,0.3387622149837133,-0.0036603551900222,0.3347812596959355,685.0,675.0,2.0588235294117645,0.0041872858774268,-0.0035853950603916,-0.004515825698802
2004-01-30,762.5,762.5,750.0,762.5,77.0,762.5,780.5,800.25,792.8,736.3333333333334,386.05,False,False,False,False,False,False,True,False,False,False,False,-0.0459016393442622,-0.0491803278688524,,,-0.0397377049180327,0.0343169398907103,-0.121311475409836,0.5114754098360655,-0.0017655047532819,0.3352077475788816,655.0,725.0,0.7333333333333333,0.0059283551967708,0.001741069319344,0.0018948504367402
2004-02-02,765.0,765.0,747.5,750.0,99.0,750.0,774.5,791.75,796.0,733.6,389.46,False,False,False,False,False,False,True,False,False,True,False,0.0366666666666666,-0.06,,,-0.0613333333333333,0.0218666666666666,-0.08,0.7033333333333334,-0.0037259178480552,0.3722766024628986,660.0,705.0,1.2857142857142858,0.0040201005025126,-0.0019082546942582,-0.0019604130947733
2004-02-03,757.5,757.5,727.5,727.5,103.0,727.5,759.0,780.25,797.7,730.6333333333333,392.7475,False,False,False,False,False,False,True,False,False,True,False,0.0274914089347079,-0.0549828178694158,,,-0.0964948453608248,-0.0043069873997708,0.0171821305841924,0.7422680412371134,-0.0040604042155208,0.4280679269464915,650.0,730.0,1.0404040404040404,0.0021311269900965,-0.001888973512416,-0.0003344863674655
2004-02-04,732.5,732.5,677.5,695.0,136.0,695.0,740.5,768.5,796.1,727.9666666666667,395.8825,False,False,False,False,False,False,False,False,False,True,False,0.0683453237410072,-0.0431654676258992,,,-0.1454676258992806,-0.0474340527577938,0.1366906474820144,0.7985611510791367,-0.0036631713906313,0.4674690956408588,640.0,830.0,1.3203883495145632,-0.0020097977641,-0.0041409247541966,0.0003972328248894
2004-02-05,692.5,692.5,675.0,677.5,59.0,677.5,722.5,754.75,791.8,724.5333333333333,398.9275,False,False,False,False,False,False,False,False,False,True,False,0.088560885608856,-0.018450184501845,,,-0.1687084870848708,-0.0694218942189421,0.1402214022140221,0.7785977859778598,-0.0047386823702614,0.5048029148724743,645.0,865.0,0.4338235294117647,-0.005430664309169,-0.003420866545069,-0.00107551097963
2004-02-06,677.5,727.5,677.5,727.5,102.0,727.5,715.5,748.0,787.4,722.1666666666666,402.215,False,False,False,False,False,False,False,False,False,True,False,-0.0034364261168384,-0.0756013745704467,,,-0.0823367697594501,0.0073310423825888,0.0378006872852233,0.6804123711340206,-0.0032771751673205,0.5381016042780749,640.0,930.0,1.728813559322034,-0.0055880111760223,-0.0001573468668532,0.0014615072029408
2004-02-09,777.5,777.5,777.5,777.5,82.0,777.5,721.0,747.75,785.7,721.0666666666667,405.755,False,False,False,False,False,False,False,False,False,False,False,-0.0932475884244373,-0.1736334405144694,,,-0.0105466237942122,0.0725830653804929,-0.0353697749196141,0.5562700964630225,-0.0015255177514791,0.571715145436309,625.0,920.0,0.803921568627451,-0.0021636757031945,0.0034243354728278,0.0017516574158414
2004-02-10,805.0,807.5,727.5,747.5,206.0,747.5,725.0,742.0,785.0,720.3666666666667,409.04,False,False,False,False,False,False,False,False,False,False,False,-0.0802675585284281,-0.1304347826086956,,,-0.0501672240802675,0.036298773690078,-0.0301003344481605,0.7090301003344481,-0.0009717273610661,0.612533692722372,615.0,815.0,2.5121951219512195,-0.0008917197452229,0.0012719559579715,0.0005537903904129
2004-02-12,757.5,760.0,730.0,742.5,62.0,742.5,734.5,737.5,785.1,720.2,412.2975,False,False,False,False,False,False,True,False,False,False,False,-0.1043771043771043,-0.1447811447811448,,,-0.0573737373737374,0.0300336700336699,-0.0202020202020202,0.7777777777777778,-0.0002314171989261,0.655593220338983,590.0,715.0,0.3009708737864077,0.0001273723092599,0.0010190920544829,0.00074031016214
2004-02-13,737.5,737.5,715.0,737.5,52.0,737.5,746.5,734.5,783.0,720.2333333333333,415.56,False,False,False,False,False,False,False,True,False,True,False,-0.0983050847457627,-0.1050847457627118,,,-0.0616949152542372,0.023412429378531,-0.0169491525423728,0.7694915254237288,4.628129772754619e-05,0.7001361470388019,555.0,745.0,0.8387096774193549,-0.0026819923371647,-0.0028093646464247,0.0002776984966537
2004-02-16,735.0,735.0,702.5,725.0,57.0,725.0,746.0,730.75,778.7,721.1,418.7725,False,False,False,False,False,False,False,True,False,True,False,-0.0724137931034482,-0.0862068965517241,,,-0.0740689655172414,0.0053793103448275,-0.0137931034482758,0.7931034482758621,0.001201867517219,0.7290455011974,510.0,760.0,1.0961538461538465,-0.0055220238859637,-0.0028400315487989,0.0011555862194915
2004-02-17,700.0,710.0,700.0,705.0,68.0,705.0,731.5,726.25,772.8,723.7666666666667,421.8925,False,False,False,False,False,False,False,True,False,True,False,-0.0886524822695035,-0.0425531914893617,,,-0.0961702127659573,-0.0266193853427895,-0.0035460992907801,0.851063829787234,0.0036844286832772,0.7435456110154905,565.0,710.0,1.1929824561403508,-0.0076345755693582,-0.0021125516833945,0.0024825611660581
2004-02-18,705.0,705.0,687.5,687.5,107.0,687.5,719.5,722.25,767.3,725.1333333333333,424.9175,False,False,False,False,False,False,False,True,False,False,False,-0.0545454545454545,-0.0145454545454545,,,-0.1160727272727272,-0.0547393939393939,0.0181818181818181,0.8690909090909091,0.0018847108577732,0.7556247836621668,555.0,610.0,1.5735294117647058,-0.0071679916590642,0.000466583910294,-0.0017997178255039
2004-02-19,687.5,687.5,662.5,665.0,172.0,665.0,704.0,719.25,760.2,725.6,427.8675,False,False,False,False,False,False,False,True,False,True,False,-0.0451127819548872,-0.0075187969924812,,,-0.1431578947368421,-0.0911278195488722,0.0488721804511278,0.8834586466165414,0.0006431459022418,0.7632950990615224,635.0,695.0,1.6074766355140186,-0.0093396474611943,-0.00217165580213,-0.0012415649555314
2004-02-20,645.0,665.0,617.5,665.0,529.0,665.0,689.5,718.0,754.0,725.4666666666667,430.805,False,False,False,False,False,False,False,False,False,False,False,-0.0075187969924812,-0.0263157894736842,,,-0.1338345864661654,-0.0909273182957394,0.056390977443609,0.9060150375939848,-0.0001837897445322,0.7750696378830083,685.0,650.0,3.0755813953488373,-0.0082228116710875,0.0011168357901067,-0.0008269356467741
2004-02-23,670.0,700.0,665.0,672.5,376.0,672.5,679.0,712.5,748.2,724.7666666666667,433.78,False,False,False,False,False,False,False,False,False,False,False,-0.0148698884758364,-0.0037174721189591,,,-0.1125650557620818,-0.077719950433705,0.1189591078066914,0.8921933085501859,-0.0009658280826013,0.7957894736842105,645.0,675.0,0.7107750472589792,-0.007751937984496,0.0004708736865915,-0.0007820383380691
2004-02-24,675.0,680.0,642.5,642.5,304.0,642.5,666.5,699.0,740.5,723.9333333333333,436.61,False,False,False,False,False,False,False,False,False,True,False,0.0505836575875486,0.0739299610894941,,,-0.1525291828793774,-0.1267444876783397,0.3229571984435798,0.9416342412451362,-0.0011511188875587,0.8358369098712446,670.0,655.0,0.8085106382978723,-0.0103983794733288,-0.0026464414888328,-0.0001852908049573
2004-02-25,625.0,657.5,600.0,650.0,423.0,650.0,659.0,689.25,732.8,722.8666666666667,439.4725,False,False,False,False,False,False,False,False,False,True,False,0.0423076923076923,0.1384615384615384,,,-0.1273846153846153,-0.1121025641025641,0.4153846153846154,1.0038461538461538,-0.0014756063819975,0.8654334421472615,685.0,605.0,1.3914473684210529,-0.0105076419213974,-0.0001092624480685,-0.0003244874944387
2004-02-26,652.5,662.5,627.5,635.0,269.0,635.0,653.0,678.5,725.7,720.2666666666667,442.26,False,False,False,False,False,False,False,False,False,False,False,0.0393700787401574,0.2440944881889764,,,-0.1428346456692914,-0.1342782152230971,0.5708661417322834,1.047244094488189,-0.0036097741577193,0.8920412675018423,735.0,665.0,0.6359338061465721,-0.0097836571586053,0.000723984762792,-0.0021341677757218
2004-02-27,635.0,670.0,632.5,660.0,460.0,660.0,652.0,670.75,719.5,717.5333333333333,445.1475,False,False,False,False,False,False,False,False,False,False,False,-0.0189393939393939,0.1704545454545454,,,-0.0901515151515151,-0.0871717171717171,0.4659090909090909,0.9848484848484848,-0.0038093468363839,0.9146477823332092,785.0,685.0,1.7100371747211895,-0.0086170952050035,0.0011665619536018,-0.0001995726786645
2004-03-01,670.0,677.5,660.0,662.5,342.0,662.5,650.0,664.5,714.2,713.9666666666667,448.0375,False,False,False,False,False,False,False,False,False,False,False,0.0113207547169811,0.1396226415094339,,,-0.0780377358490566,-0.077685534591195,0.4716981132075472,0.9132075471698112,-0.0049955646855594,0.927765237020316,837.5,655.0,0.7434782608695653,-0.0074208905068607,0.0011962046981427,-0.0011862178491755
2004-03-02,670.0,675.0,665.0,675.0,198.0,675.0,656.5,661.5,710.0,710.7,450.995,False,False,True,False,False,False,False,False,False,False,False,0.0222222222222222,0.1111111111111111,,,-0.0518518518518518,-0.0528888888888889,0.3703703703703703,0.9111111111111112,-0.0045964072979691,0.9342403628117912,820.0,660.0,0.5789473684210527,-0.0059154929577465,0.0015053975491142,0.0003991573875903
2004-03-03,677.5,682.5,670.0,677.5,232.0,677.5,662.0,660.5,704.9,708.8666666666667,453.965,False,False,False,False,False,False,False,False,False,True,False,0.092250922509225,0.070110701107011,,,-0.0404428044280442,-0.0462976629766297,0.3763837638376384,0.918819188191882,-0.0025862879714098,0.939439818319455,765.0,650.0,1.1717171717171715,-0.0072350688040857,-0.0013195758463391,0.0020101193265593
2004-03-04,677.5,680.0,660.0,660.0,231.0,660.0,667.0,660.0,699.8,708.1333333333333,456.8475,False,False,False,False,False,False,False,False,False,True,False,0.1969696969696969,0.1022727272727272,,,-0.0603030303030302,-0.0729292929292929,0.4621212121212121,0.9090909090909092,-0.0010355865185464,0.9420454545454544,740.0,640.0,0.9956896551724138,-0.0072877965132895,-5.272770920382655e-05,0.0015507014528633
2004-03-05,660.0,660.0,640.0,647.5,242.0,647.5,664.5,658.25,695.0,706.8333333333334,459.6675,False,False,False,False,False,False,False,False,False,False,False,0.193050193050193,0.1196911196911196,,,-0.0733590733590733,-0.0916344916344917,0.4324324324324324,0.9227799227799228,-0.0018391888705493,0.943790353209267,790.0,645.0,1.0476190476190477,-0.0069064748201438,0.0003813216931457,-0.0008036023520028
2004-03-08,650.0,680.0,650.0,670.0,262.0,670.0,666.0,658.0,691.3,705.6333333333333,462.5925,False,False,False,False,False,False,False,False,False,False,False,0.126865671641791,0.0671641791044776,,,-0.0317910447761193,-0.05318407960199,0.5223880597014925,0.8656716417910447,-0.0017005999338656,0.9411094224924011,832.5,640.0,1.0826446280991735,-0.0053522349197165,0.0015542399004272,0.0001385889366837
2004-03-09,670.0,695.0,657.5,690.0,333.0,690.0,669.0,662.75,688.9,705.3666666666667,465.63,False,False,False,False,True,False,False,False,False,False,True,0.0869565217391304,0.0181159420289855,,,0.0015942028985507,-0.0222705314009661,0.6086956521739131,0.8007246376811594,-0.0003780539672037,0.926442851754055,852.5,625.0,1.2709923664122138,-0.0034838147771809,0.0018684201425355,0.0013225459666618
2004-03-10,700.0,740.0,700.0,740.0,955.0,740.0,681.5,671.75,689.4,707.1,468.9175,False,False,False,False,False,False,True,True,False,False,False,-0.0202702702702702,-0.054054054054054,,,0.0683783783783784,0.0444594594594594,0.5540540540540541,0.7195945945945946,0.0024513270164521,0.8961667286937105,825.0,615.0,2.867867867867868,0.0007252683492892,0.0042090831264702,0.0028293809836559
2004-03-11,762.5,790.0,762.5,790.0,1077.0,790.0,707.5,687.25,693.2,708.3666666666667,472.455,False,False,False,False,False,False,True,True,True,False,False,-0.0791139240506329,-0.1170886075949367,,,0.1225316455696201,0.1033333333333333,0.3924050632911392,0.6930379746835443,0.0017881511458284,0.8588577664605311,842.5,590.0,1.1277486910994765,0.0054818234275823,0.004756555078293,-0.0006631758706237
2004-03-12,815.0,822.5,750.0,772.5,1217.0,772.5,732.5,698.5,697.0,710.0,475.905,False,False,False,False,False,False,True,True,False,True,False,-0.0614886731391585,-0.0906148867313915,,,0.0977346278317152,0.0809061488673139,0.5857605177993528,0.7702265372168284,0.002300469483568,0.8371510379384395,820.0,555.0,1.1299907149489323,0.0054519368723098,-2.9886555272490983e-05,0.0005123183377396
2004-03-15,797.5,797.5,750.0,755.0,487.0,755.0,749.5,707.75,698.1,711.0666666666667,479.28,False,False,False,False,False,False,True,True,False,True,False,-0.0529801324503311,-0.0033112582781456,,,0.075364238410596,0.0581898454746136,0.5894039735099338,0.7516556291390728,0.0015000937558598,0.8209113387495585,817.5,510.0,0.400164338537387,0.00157570548632,-0.0038762313859897,-0.0008003757277082
2004-03-16,737.5,755.0,725.0,750.0,365.0,750.0,761.5,715.25,697.0,712.3333333333334,482.6425,False,False,False,False,False,False,False,True,False,True,False,-0.0633333333333333,0.1333333333333333,,,0.0706666666666666,0.0502222222222221,0.4966666666666666,0.8133333333333334,0.0017781937295273,0.811604334148899,835.0,565.0,0.7494866529774127,-0.0015781922525107,-0.0031538977388308,0.0002780999736675
2004-03-17,750.0,750.0,720.0,725.0,427.0,725.0,758.5,720.0,696.1,713.9333333333333,485.88,False,False,False,False,False,False,False,True,False,False,False,-0.0344827586206896,0.2689655172413793,,,0.0398620689655172,0.015264367816092,0.4862068965517241,0.7758620689655172,0.0022411056121018,0.7979166666666667,842.5,555.0,1.16986301369863,-0.0012929176842407,0.00028527456827,0.0004629118825744
2004-03-18,727.5,737.5,720.0,727.5,351.0,727.5,746.0,726.75,695.5,714.7666666666667,489.1225,False,False,False,False,False,False,False,True,False,False,False,-0.0412371134020618,0.3711340206185567,,,0.0439862542955326,0.0175028636884307,0.4776632302405498,0.7628865979381443,0.0011658816396959,0.7843137254901961,812.5,635.0,0.8220140515222483,-0.000862688713156,0.0004302289710847,-0.0010752239724058
2004-03-19,722.5,727.5,710.0,725.0,176.0,725.0,736.5,734.5,695.0,715.3,492.3525,False,False,False,False,False,False,False,True,False,False,False,-0.0310344827586206,0.3344827586206896,,,0.0413793103448275,0.0133793103448276,0.5482758620689655,0.7068965517241379,0.0007456079034437,0.7644656228727025,815.0,685.0,0.5014245014245015,-0.0007194244604316,0.0001432642527243,-0.0004202737362522
2004-03-22,720.0,722.5,705.0,715.0,209.0,715.0,728.5,739.0,694.6,716.1,495.5275,False,False,False,False,False,False,False,True,False,False,False,0.0524475524475524,0.3636363636363636,,,0.0285314685314685,-0.0015384615384615,0.5244755244755245,0.7412587412587412,0.001117162407485,0.7530446549391069,795.0,645.0,1.1875,-0.0005758710048948,0.0001435534555367,0.0003715545040413
2004-03-23,712.5,712.5,692.5,702.5,274.0,702.5,719.0,740.25,694.5,716.6666666666666,498.6675,False,False,False,False,False,False,False,True,False,False,False,0.2099644128113879,0.3167259786476868,,,0.0113879003558718,-0.0201660735468564,0.5338078291814946,0.8149466192170819,0.0007906976744185,0.7544748395812225,780.0,670.0,1.3110047846889952,-0.0001439884809215,0.0004318825239733,-0.0003264647330665
2004-03-24,705.0,730.0,700.0,700.0,449.0,700.0,714.0,736.25,695.0,717.3333333333334,501.8225,False,False,False,False,False,False,True,True,False,False,False,0.3142857142857143,0.3321428571428571,,,0.0071428571428571,-0.0247619047619048,0.5678571428571428,0.8107142857142857,0.0009293680297398,0.7633276740237691,805.0,685.0,1.6386861313868613,0.0007194244604316,0.0008634129413532,0.0001386703553213
2004-03-25,705.0,712.5,687.5,697.5,484.0,697.5,708.0,727.0,696.3,718.1,504.9475,False,False,False,False,False,False,True,True,True,False,False,0.4301075268817204,0.3835125448028674,,,0.0017204301075269,-0.0295340501792115,0.5734767025089605,0.7741935483870968,0.0010676321775054,0.7720082530949106,787.5,735.0,1.0779510022271714,0.0018670113456842,0.0011475868852526,0.0001382641477655
2004-03-26,700.0,705.0,692.5,702.5,171.0,702.5,703.5,720.0,697.8,718.8666666666667,508.0975,False,False,False,False,False,False,True,True,False,False,False,0.3772241992882562,0.3202846975088968,,,0.0066903914590747,-0.0232977461447212,0.6227758007117438,0.6761565836298933,0.0010664935546693,0.7628472222222222,767.5,785.0,0.3533057851239669,0.0021496130696474,0.0002826017239631,-1.1386228360671469e-06
2004-03-29,725.0,752.5,725.0,752.5,274.0,752.5,711.0,719.75,701.0,720.3666666666667,511.4925,False,False,False,False,False,False,True,True,False,False,False,0.2956810631229236,0.3554817275747508,,,0.06843853820598,0.0427021040974529,0.6245847176079734,0.5581395348837209,0.0020822729165702,0.7426189649183744,762.5,837.5,1.6023391812865495,0.004564907275321,0.0024152942056735,0.0010157793619008
2004-03-30,800.0,850.0,762.5,850.0,1954.0,850.0,740.5,729.75,709.3,723.3666666666667,515.3775,False,False,False,False,False,False,True,True,False,False,True,0.088235294117647,0.3058823529411765,,,0.1655294117647059,0.1489803921568627,0.2911764705882353,0.3470588235294117,0.0041472743191557,0.6892771497088044,750.0,820.0,7.131386861313868,0.0117016777104186,0.0071367704350976,0.0020650014025855
2004-03-31,862.5,950.0,862.5,920.0,3026.0,920.0,784.5,749.25,720.1,727.4333333333333,519.6075,False,False,False,False,False,False,True,True,False,False,False,0.0135869565217391,0.25,,,0.2172826086956521,0.2093115942028986,0.0760869565217391,0.2309782608695652,0.0055904321129083,0.6246246246246246,727.5,765.0,1.548618219037871,0.0149979169559784,0.0032962392455597,0.0014431577937525
2004-04-01,937.5,1032.5,932.5,997.5,3894.0,997.5,844.5,776.25,734.6,732.8666666666667,524.2125,True,True,False,False,False,False,True,True,False,False,False,-0.0325814536340852,0.1027568922305764,,,0.2635588972431077,0.265296574770259,0.1177944862155388,0.1027568922305764,0.0074138087874102,0.5446054750402577,695.0,740.0,1.2868473231989426,0.0197386332698066,0.0047407163138282,0.0018233766745019
2004-04-02,1000.0,1037.5,950.0,967.5,2097.0,967.5,897.5,800.5,746.9,738.3666666666667,528.6625,False,False,False,False,False,False,True,True,False,True,False,-0.041343669250646,0.2661498708010336,,,0.2280103359173126,0.2368303186907838,0.1627906976744186,0.1007751937984496,0.0074488736400162,0.4762648344784509,677.5,790.0,0.5385208012326657,0.0164680680144597,-0.0032705652553469,3.506485260599927e-05
2004-04-05,982.5,997.5,962.5,975.0,897.0,975.0,942.0,826.5,759.4,744.5666666666667,533.125,False,False,False,False,False,False,True,True,False,True,False,0.0461538461538461,0.2307692307692307,,,0.2211282051282051,0.2363418803418802,0.1025641025641025,0.082051282051282,0.0083269910910149,0.4068360556563823,727.5,832.5,0.4277539341917024,0.0164603634448248,-7.704569634843506e-06,0.0008781174509987
2004-04-06,987.5,1015.0,925.0,925.0,837.0,925.0,957.0,848.75,769.4,749.3666666666667,537.315,False,False,False,False,False,False,True,True,False,True,False,0.2,0.2135135135135135,,,0.1682162162162162,0.1898738738738738,0.0405405405405405,0.0675675675675675,0.0064054090120545,0.3360824742268041,777.5,852.5,0.9331103678929766,0.0129971406290616,-0.0034632228157632,-0.0019215820789604
2004-04-07,912.5,962.5,895.0,932.5,723.0,932.5,959.5,872.0,779.6,754.4,541.5275,False,False,False,False,False,False,True,True,False,False,False,0.2332439678284182,0.1554959785522788,,,0.1639678284182305,0.1909919571045576,0.1420911528150134,0.0857908847184986,0.0066719688936019,0.2712155963302752,747.5,825.0,0.8637992831541219,0.013083632632119,8.649200305748533e-05,0.0002665598815473
2004-04-08,957.5,967.5,930.0,965.0,525.0,965.0,953.0,898.75,791.8,758.8,545.905,False,False,False,False,False,False,True,True,False,False,False,0.1398963730569948,0.1139896373056994,,,0.1794818652849741,0.213678756476684,0.1139896373056994,0.0,0.0057986294148655,0.2030598052851182,742.5,842.5,0.7261410788381742,0.0154079312957816,0.0023242986636625,-0.0008733394787363
2004-04-09,955.0,960.0,925.0,927.5,585.0,927.5,945.0,921.25,803.0,762.0333333333333,550.095,False,False,False,False,False,False,True,True,False,True,False,0.320754716981132,0.2102425876010781,,,0.1342318059299191,0.1784007187780773,0.1078167115902965,0.0512129380053908,0.0042430339880145,0.1516960651289009,737.5,820.0,1.1142857142857143,0.013947696139477,-0.0014602351563046,-0.001555595426851
2004-04-12,950.0,1025.0,950.0,1020.0,1448.0,1020.0,954.0,948.0,817.0,767.0333333333333,554.7475,False,False,False,False,False,False,True,True,False,False,False,0.1764705882352941,0.0686274509803921,,,0.1990196078431372,0.2480065359477124,0.1299019607843137,-0.088235294117647,0.006518621528834,0.0936181434599156,725.0,817.5,2.475213675213676,0.0171358629130966,0.0031881667736196,0.0022755875408194
2004-04-13,1057.5,1132.5,1052.5,1110.0,3584.0,1110.0,991.0,974.0,833.8,772.9,559.83,False,False,False,False,False,False,True,True,False,False,False,0.0112612612612612,-0.0292792792792792,,,0.2488288288288288,0.3036936936936937,0.1509009009009009,-0.2635135135135135,0.0075904601716479,0.0308008213552361,705.0,835.0,2.475138121546961,0.0201487167186375,0.0030128538055408,0.0010718386428138
2004-04-14,1100.0,1150.0,1050.0,1150.0,1814.0,1150.0,1034.5,997.0,850.2,779.1,565.1025,False,False,False,False,False,False,True,True,False,True,False,-0.0630434782608695,-0.0456521739130434,,,0.260695652173913,0.3225217391304347,0.1021739130434782,-0.2347826086956521,0.0079579001411886,-0.0183049147442327,687.5,842.5,0.5061383928571429,0.0192895789226065,-0.0008591377960309,0.0003674399695406
2004-04-15,1200.0,1227.5,1040.0,1100.0,2315.0,1100.0,1061.5,1007.25,862.6,783.9666666666667,570.1275,False,False,False,False,False,False,True,True,False,True,False,-0.0227272727272727,-0.0022727272727272,,,0.2158181818181818,0.2873030303030303,0.1363636363636363,-0.2227272727272727,0.0062077469280156,-0.0526185157607346,665.0,812.5,1.2761852260198456,0.0143751449107349,-0.0049144340118715,-0.0017501532131729
2004-04-16,1137.5,1225.0,1112.5,1225.0,2036.0,1225.0,1121.0,1033.0,880.7,789.8333333333334,575.7775,False,False,False,False,False,False,True,True,False,False,False,-0.0836734693877551,-0.0693877551020408,,,0.2810612244897958,0.3552380952380952,-0.0163265306122449,-0.3061224489795918,0.0074277273686431,-0.0970474346563407,665.0,815.0,0.8794816414686825,0.0205518337685931,0.0061766888578582,0.0012199804406275
2004-04-19,1237.5,1237.5,1132.5,1200.0,1703.0,1200.0,1157.0,1055.5,898.5,794.6666666666666,581.2875,False,False,False,False,False,False,True,True,False,True,False,-0.0916666666666666,0.01875,,,0.25125,0.3377777777777778,0.01875,-0.2666666666666666,0.0060822147651005,-0.1328754144954997,672.5,795.0,0.8364440078585462,0.0198107957707289,-0.0007410379978642,-0.0013455126035426
2004-04-20,1150.0,1150.0,1085.0,1122.5,950.0,1122.5,1159.5,1075.25,913.4,798.7,586.325,False,False,False,False,False,False,True,True,False,True,False,-0.0400890868596882,-0.0222717149220489,,,0.1862806236080178,0.2884632516703785,0.0779510022271715,-0.1425389755011135,0.0050498727098202,-0.1511276447337828,642.5,780.0,0.557839107457428,0.0163126779067221,-0.0034981178640068,-0.0010323420552803
2004-04-21,1085.0,1100.0,1025.0,1077.5,1028.0,1077.5,1145.0,1089.75,927.5,802.8666666666667,591.08,False,False,False,False,False,False,True,True,False,True,False,0.0185614849187935,-0.0812064965197215,,,0.1392111368909512,0.2548801237432327,0.185614849187935,-0.0719257540603248,0.0051897367765506,-0.1635696260610231,650.0,805.0,1.082105263157895,0.0152021563342318,-0.0011105215724902,0.0001398640667304
2004-04-22,1075.0,1087.5,1050.0,1075.0,513.0,1075.0,1140.0,1100.75,941.4,807.3333333333334,595.705,False,False,False,False,False,False,True,True,False,True,False,0.0209302325581395,0.0372093023255813,,,0.1242790697674418,0.2489922480620154,0.227906976744186,-0.0697674418604651,0.005532617671346,-0.1687485805132864,635.0,787.5,0.4990272373540856,0.0147652432547269,-0.0004369130795048,0.0003428808947953
2004-04-23,1077.5,1137.5,1077.5,1122.5,892.0,1122.5,1119.5,1120.25,957.3,811.7666666666667,600.61,False,False,False,False,False,False,True,True,False,False,False,0.0155902004454342,0.0022271714922048,,,0.1471714922048998,0.276822568671121,0.1625835189309576,-0.1403118040089087,0.0054613394653635,-0.1841106895782191,660.0,767.5,1.7387914230019492,0.0166092134127232,0.0018439701579962,-7.127820598248728e-05
2004-04-26,1127.5,1135.0,1087.5,1090.0,384.0,1090.0,1097.5,1127.25,972.3,815.2,605.385,False,False,False,False,False,False,True,True,False,True,False,0.1215596330275229,-0.0137614678899082,,,0.1079816513761468,0.2521100917431192,0.1926605504587156,-0.1559633027522936,0.0042116454039909,-0.1900643158128188,662.5,762.5,0.4304932735426009,0.0154273372415921,-0.0011818761711311,-0.0012496940613726
2004-04-27,1087.5,1087.5,1052.5,1077.5,397.0,1077.5,1088.5,1124.0,987.3,818.2,610.115,False,False,False,False,False,False,True,True,False,True,False,0.0185614849187935,-0.1067285382830626,,,0.0837122969837587,0.2406496519721577,0.2111368909512761,-0.1948955916473317,0.0036665851869958,-0.1832740213523131,675.0,750.0,1.0338541666666667,0.0151929504709814,-0.0002343867706106,-0.000545060216995
2004-04-28,1065.0,1097.5,1057.5,1097.5,387.0,1097.5,1092.5,1118.75,1003.2,821.8333333333334,614.9525,False,False,False,False,False,False,True,True,False,False,False,-0.0979498861047836,-0.0296127562642369,,,0.0859225512528473,0.2511769172361427,0.1708428246013667,-0.2255125284738041,0.0044210099371324,-0.1821229050279329,677.5,727.5,0.9748110831234256,0.0158492822966508,0.0006563318256693,0.0007544247501365
2004-04-30,1075.0,1097.5,1062.5,1097.5,387.0,1097.5,1097.0,1118.5,1019.2,825.2333333333333,619.7275,False,False,False,False,False,False,True,True,False,True,False,0.0159453302961275,-0.020501138952164,,,0.0713439635535307,0.2480789673500379,0.1412300683371298,-0.2186788154897494,0.0041200468554347,-0.1817165847116674,660.0,695.0,1.0,0.0156985871271585,-0.0001506951694922,-0.0003009630816976
2004-05-06,1100.0,1150.0,1075.0,1140.0,689.0,1140.0,1100.5,1110.0,1036.7,829.5,624.72,False,False,False,False,False,False,True,True,False,False,False,-0.0131578947368421,-0.0986842105263157,,,0.0906140350877192,0.2723684210526316,0.1118421052631579,-0.2390350877192982,0.0051436608398633,-0.1738738738738738,647.5,677.5,1.7803617571059431,0.0168804861580013,0.0011818990308427,0.0010236139844285
2004-05-07,1152.5,1230.0,1152.5,1222.5,2453.0,1222.5,1127.0,1112.25,1055.5,834.9,630.1575,False,False,False,False,False,False,True,True,False,False,True,-0.1206543967280163,-0.0572597137014314,,,0.1366053169734151,0.3170552147239264,0.0408997955010225,-0.2249488752556237,0.0064678404599352,-0.1694762868060238,670.0,727.5,3.560232220609579,0.0178114637612505,0.0009309776032492,0.0013241796200719
2004-05-10,1222.5,1222.5,1097.5,1097.5,688.0,1097.5,1131.0,1109.75,1065.4,838.4,634.93,False,False,False,False,False,False,True,True,False,True,False,-0.123006833712984,0.164009111617312,,,0.0292482915717539,0.2360820045558087,0.1366742596810934,-0.1503416856492027,0.0041746183206106,-0.170308628069385,690.0,777.5,0.2804728903383612,0.0092922845879482,-0.0085191791733022,-0.0022932221393246
2004-05-11,997.5,1100.0,972.5,990.0,1091.0,990.0,1109.5,1101.0,1068.2,840.3666666666667,639.0175,False,False,False,False,False,False,True,True,False,True,False,0.0757575757575757,0.2803030303030303,,,-0.078989898989899,0.1511447811447811,0.3156565656565656,-0.0479797979797979,0.0023402483043116,-0.1689373297002724,740.0,747.5,1.5857558139534884,0.0026212319790301,-0.0066710526089181,-0.001834370016299
2004-05-12,1015.0,1115.0,1015.0,1115.0,1083.0,1115.0,1113.0,1105.0,1072.9,844.4,643.6425,False,False,False,False,False,False,True,True,False,False,True,-0.0358744394618834,0.1210762331838565,,,0.0377578475336322,0.2426905829596412,0.1659192825112107,-0.147982062780269,0.0047765671877466,-0.1764705882352941,790.0,742.5,0.992667277726856,0.0043806505732128,0.0017594185941827,0.002436318883435
2004-05-13,1132.5,1185.0,1080.0,1125.0,1685.0,1125.0,1110.0,1105.25,1079.2,848.5333333333333,648.3625,False,False,False,False,False,False,True,True,False,False,False,-0.0866666666666666,0.0711111111111111,,,0.040711111111111,0.2457481481481482,0.1644444444444444,-0.0444444444444444,0.0048711502199874,-0.166704365528161,772.5,737.5,1.5558633425669437,0.0058376575240918,0.001457006950879,9.458303224073315e-05
2004-05-14,1125.0,1170.0,1050.0,1075.0,733.0,1075.0,1080.5,1103.75,1083.2,852.2666666666667,652.875,False,False,False,False,False,False,True,True,False,True,False,0.0720930232558139,0.1372093023255814,,,-0.0076279069767442,0.2071937984496124,0.1790697674418604,-0.0790697674418604,0.0043804755944931,-0.1592298980747452,755.0,725.0,0.4350148367952522,0.0036927621861152,-0.0021448953379766,-0.0004906746254942
2004-05-17,1100.0,1100.0,950.0,962.5,1132.0,962.5,1053.5,1092.25,1084.7,854.7,656.84,False,False,False,False,False,False,True,True,False,True,False,0.3272727272727272,0.2571428571428571,,,-0.126961038961039,0.1119999999999999,0.3402597402597402,0.0077922077922077,0.0028470028470029,-0.1409933623254749,750.0,705.0,1.544338335607094,0.0013828708398635,-0.0023098913462516,-0.0015334727474902
2004-05-18,950.0,1080.0,912.5,1065.0,1475.0,1065.0,1068.5,1089.0,1090.0,858.1666666666666,661.29,False,False,False,False,False,False,True,True,False,False,False,0.1901408450704225,0.1995305164319248,,,-0.0234741784037558,0.1942097026604069,0.2206572769953051,-0.0868544600938967,0.0040396193435617,-0.1271808999081726,725.0,687.5,1.3030035335689043,0.0048623853211008,0.0034795144812373,0.0011926164965588
2004-05-19,1100.0,1125.0,1072.5,1075.0,1697.0,1075.0,1060.5,1086.75,1094.4,862.0,665.835,False,False,False,False,False,False,True,True,False,True,False,0.1627906976744186,0.227906976744186,,,-0.018046511627907,0.1981395348837209,0.1720930232558139,-0.1046511627906976,0.0044470224284609,-0.1157119852772026,727.5,665.0,1.1505084745762713,0.0040204678362573,-0.0008419174848434,0.0004074030848992
2004-05-20,1075.0,1097.5,995.0,1027.5,1176.0,1027.5,1041.0,1075.5,1098.4,865.4666666666667,670.1575,False,False,False,False,False,False,True,True,False,True,False,0.1727493917274939,0.2700729927007299,,,-0.0690024330900244,0.1576966747769667,0.2116788321167883,-0.0875912408759124,0.0040055461408103,-0.099953509995351,725.0,665.0,0.6929876252209782,0.0036416605972323,-0.000378807239025,-0.0004414762876505
2004-05-21,1077.5,1152.5,1045.0,1152.5,2501.0,1152.5,1056.5,1068.5,1103.7,870.6666666666666,675.12,False,False,False,True,True,False,True,True,False,False,False,0.0607375271149674,0.1279826464208243,,,0.0423427331887201,0.2445408532176428,0.0845986984815618,-0.2039045553145336,0.0059724349157732,-0.0968647636874122,715.0,672.5,2.126700680272109,0.0048020295370118,0.0011603689397794,0.0019668887749628
2004-05-24,1202.5,1277.5,1175.0,1277.5,6430.0,1277.5,1119.5,1086.5,1110.4,877.7,680.72,False,False,False,False,False,False,True,True,False,False,True,-0.0528375733855185,0.0215264187866927,,,0.1308023483365948,0.3129549902152641,-0.0273972602739726,-0.2465753424657534,0.0080133682731382,-0.1090658076392084,702.5,642.5,2.570971611355458,0.0060338616714697,0.0012318321344579,0.0020409333573649
2004-05-25,1250.0,1387.5,1200.0,1267.5,8661.0,1267.5,1160.0,1114.25,1115.1,884.9,686.33,False,False,False,False,False,False,True,True,False,True,False,0.0078895463510848,0.0138067061143984,,,0.1202366863905326,0.3018540433925049,0.0039447731755424,-0.2406311637080868,0.0081365126002937,-0.1294592775409468,700.0,650.0,1.34696734059098,0.0042148686216481,-0.0018189930498216,0.0001231443271555
2004-05-26,1302.5,1332.5,1210.0,1250.0,3176.0,1250.0,1195.0,1127.75,1121.1,892.3,691.88,False,False,False,False,False,False,True,True,False,False,False,0.056,0.002,,,0.10312,0.28616,0.07,-0.236,0.0082931749411632,-0.1394369319441365,697.5,635.0,0.3667013046992264,0.0053518865400053,0.0011370179183572,0.0001566623408695
2004-05-27,1250.0,1250.0,1195.0,1205.0,1289.0,1205.0,1230.5,1135.75,1120.3,899.3333333333334,697.2425,False,False,False,False,False,False,False,True,False,True,False,0.0829875518672199,0.0518672199170124,,,0.0702904564315353,0.2536652835408022,0.1348547717842323,-0.2136929460580912,0.0078206078576724,-0.1567246313009025,702.5,660.0,0.4058564231738035,-0.0007140944389895,-0.0060659809789948,-0.0004725670834908
2004-05-28,1212.5,1260.0,1187.5,1222.5,945.0,1222.5,1244.5,1150.5,1121.2,905.9333333333332,702.485,False,False,False,False,False,False,True,True,False,False,False,0.0633946830265848,0.0408997955010225,,,0.0828629856850715,0.2589502385821405,0.081799591002045,-0.2413087934560327,0.0072853042902345,-0.1729682746631899,752.5,662.5,0.7331264546159814,0.0008027113806636,0.0015168058196531,-0.0005353035674379
2004-05-31,1227.5,1237.5,1197.5,1210.0,743.0,1210.0,1231.0,1175.25,1124.7,911.7,707.735,False,False,False,False,False,False,True,True,True,False,False,0.0785123966942148,0.03099173553719,,,0.070495867768595,0.2465289256198346,0.1239669421487603,-0.2458677685950413,0.0063251800665425,-0.1952776005105296,850.0,675.0,0.7862433862433862,0.0031119409620343,0.0023092295813706,-0.0009601242236919
2004-06-01,1222.5,1312.5,1210.0,1277.5,3221.0,1277.5,1233.0,1196.5,1132.7,918.7666666666668,713.245,False,False,False,False,False,False,True,True,False,False,False,0.0058708414872798,0.0195694716242661,,,0.1133463796477494,0.2808088714938029,0.0078277886497064,-0.324853228962818,0.0076914704495157,-0.2187630589218554,920.0,677.5,4.335127860026918,0.0070627703716782,0.0039508294096439,0.0013662903829731
2004-06-02,1300.0,1352.5,1297.5,1320.0,4005.0,1320.0,1247.0,1221.0,1142.5,926.4666666666668,719.0325,False,False,False,False,False,False,True,True,False,False,False,-0.0511363636363636,-0.0151515151515151,,,0.1344696969696969,0.298131313131313,-0.0284090909090909,-0.3579545454545454,0.0083111462905663,-0.2438574938574938,997.5,660.0,1.2434026699782676,0.008577680525164,0.0015149101534857,0.0006196758410506
2004-06-03,1340.0,1357.5,1270.0,1305.0,2041.0,1305.0,1267.0,1248.75,1149.8,934.0333333333332,724.7325,False,False,False,False,False,False,True,True,False,True,False,-0.028735632183908,0.003831417624521,,,0.1189272030651341,0.2842656449553002,-0.0517241379310344,-0.3563218390804598,0.0081010670568499,-0.2684684684684684,967.5,647.5,0.5096129837702872,0.0063489302487388,-0.0022287502764252,-0.0002100792337164
2004-06-04,1295.0,1305.0,1262.5,1300.0,793.0,1300.0,1282.5,1263.5,1158.2,941.7,730.4325,False,False,False,False,False,False,True,True,False,False,False,-0.0211538461538461,-0.025,,,0.109076923076923,0.2756153846153846,-0.0423076923076923,-0.3730769230769231,0.008141304732576,-0.2851206964780371,975.0,670.0,0.3885350318471338,0.00725263339665,0.0009037031479111,4.0237675726126354e-05
2004-06-07,1312.5,1347.5,1295.0,1305.0,986.0,1305.0,1301.5,1266.25,1167.3,949.7,736.1625,False,False,False,False,False,False,True,True,False,False,False,-0.0440613026819923,-0.0114942528735632,,,0.1055172413793103,0.2722605363984674,-0.0229885057471264,-0.3869731800766283,0.0084237127513951,-0.2995064165844027,925.0,690.0,1.2433795712484237,0.0077957680116507,0.0005431346150006,0.0002824080188191
2004-06-08,1330.0,1332.5,1277.5,1285.0,587.0,1285.0,1303.0,1268.0,1174.8,957.6666666666666,741.8375,False,False,False,False,False,False,True,True,False,True,False,0.0136186770428015,0.0116731517509727,,,0.0857587548638132,0.2547341115434501,-0.0136186770428015,-0.3424124513618677,0.0083188304907761,-0.3097397476340694,932.5,740.0,0.5953346855983773,0.0063840653728294,-0.0014117026388213,-0.000104882260619
2004-06-09,1275.0,1282.5,1250.0,1252.5,630.0,1252.5,1289.5,1268.25,1181.0,965.5,747.3375,False,False,False,False,False,False,True,True,False,True,False,0.0379241516966067,0.0059880239520958,,,0.0570858283433133,0.2291417165668662,-0.0119760479041916,-0.3612774451097804,0.008113240117383,-0.3220973782771535,965.0,790.0,1.0732538330494037,0.0052497883149873,-0.001134277057842,-0.000205590373393
2004-06-10,1247.5,1305.0,1225.0,1267.5,690.0,1267.5,1282.0,1274.5,1186.1,973.5333333333332,752.9,False,False,False,False,False,False,True,True,False,True,True,0.0335305719921104,-0.0177514792899408,,,0.0642209072978304,0.2319263642340566,-0.0710059171597633,-0.3905325443786982,0.0082517290967607,-0.339152608866222,927.5,772.5,1.0952380952380951,0.0042998060871763,-0.0009499822278109,0.0001384889793777
2004-06-11,1275.0,1287.5,1237.5,1272.5,527.0,1272.5,1276.5,1279.5,1188.1,981.5333333333332,758.4875,False,False,False,False,False,False,True,True,False,True,False,-0.0039292730844793,-0.0176817288801571,,,0.0663261296660118,0.228657498362803,-0.0785854616895874,-0.4047151277013752,0.0081505128030971,-0.3550214927706135,1020.0,755.0,0.763768115942029,0.0016833599865331,-0.0026164461006432,-0.0001012162936635
2004-06-14,1270.0,1272.5,1242.5,1247.5,462.0,1247.5,1265.0,1283.25,1194.1,989.6,763.925,False,False,False,False,False,False,True,True,False,False,False,0.034068136272545,-0.0040080160320641,,,0.0428056112224449,0.2067334669338677,-0.0821643286573146,-0.3507014028056112,0.0081514416599301,-0.3648938242743035,1110.0,750.0,0.8766603415559773,0.005024704798593,0.0033413448120599,9.28856832909178e-07
2004-06-15,1250.0,1320.0,1230.0,1302.5,1017.0,1302.5,1268.5,1285.75,1206.6,998.3,769.6125,False,False,False,False,False,False,True,True,False,False,False,-0.0019193857965451,-0.0230326295585412,,,0.0736276391554703,0.2335508637236084,-0.1305182341650671,-0.3493282149712092,0.0087148151858158,-0.3672953529068637,1150.0,725.0,2.2012987012987013,0.0103596883805735,0.0053349835819804,0.0005633735258857
2004-06-16,1325.0,1347.5,1295.0,1300.0,1212.0,1300.0,1278.0,1283.75,1214.0,1007.1666666666666,775.2725,False,False,False,False,False,False,True,True,False,True,False,-0.0307692307692307,0.0288461538461538,,,0.0661538461538461,0.2252564102564102,-0.1538461538461538,-0.3326923076923077,0.0088035743835843,-0.3647517039922103,1100.0,727.5,1.191740412979351,0.0060955518945635,-0.00426413648601,8.875919776850198e-05
2004-06-17,1302.5,1310.0,1280.0,1310.0,743.0,1310.0,1286.5,1284.25,1221.4,1015.8333333333334,780.9825,False,False,False,False,False,False,True,True,False,True,False,-0.049618320610687,0.0438931297709923,,,0.0676335877862594,0.2245547073791348,-0.1870229007633587,-0.3606870229007634,0.0085315832649713,-0.3651936928168192,1225.0,725.0,0.613036303630363,0.0060586212542984,-3.693064026508153e-05,-0.0002719911186129
2004-06-18,1295.0,1300.0,1255.0,1267.5,645.0,1267.5,1285.5,1281.0,1229.1,1023.9,786.52,False,False,False,False,False,False,True,True,False,False,False,-0.0138067061143984,0.0433925049309664,,,0.0302958579881657,0.192189349112426,-0.1676528599605522,-0.3451676528599605,0.0078783735390825,-0.3624121779859485,1200.0,715.0,0.8681022880215343,0.0062647465625252,0.0002061253082268,-0.0006532097258888
2004-06-21,1265.0,1310.0,1257.5,1290.0,723.0,1290.0,1294.0,1279.5,1242.2,1032.1,792.17,False,False,False,False,False,False,True,True,False,False,False,-0.0368217054263565,0.0542635658914728,,,0.0370542635658914,0.1999224806201551,-0.2344961240310077,-0.3720930232558139,0.0079449665730064,-0.3608831574833919,1122.5,702.5,1.1209302325581396,0.0105458058283691,0.0042810592658438,6.659303392389342e-05
2004-06-22,1277.5,1330.0,1272.5,1300.0,1465.0,1300.0,1293.5,1281.0,1251.6,1040.4,797.87,False,False,False,False,False,False,True,True,False,True,False,-0.0211538461538461,-0.0096153846153846,,,0.0372307692307693,0.1996923076923076,-0.2211538461538461,-0.3788461538461538,0.0079777008842754,-0.3645589383294301,1077.5,700.0,2.0262793914246195,0.0075103867050174,-0.0030354191233516,3.273431126902572e-05
2004-06-23,1295.0,1300.0,1252.5,1260.0,589.0,1260.0,1285.5,1281.75,1259.0,1048.4,803.22,False,False,False,False,False,False,True,True,False,True,False,0.0615079365079365,0.0178571428571428,,,0.0007936507936507,0.1679365079365078,-0.2341269841269841,-0.3591269841269841,0.0076306753147653,-0.3643456212209869,1075.0,697.5,0.4020477815699658,0.0058776806989675,-0.0016327060060499,-0.00034702556951
2004-06-24,1260.0,1262.5,1230.0,1245.0,624.0,1245.0,1272.5,1279.5,1267.7,1056.3666666666666,808.42,False,False,False,False,False,False,True,True,False,False,False,0.0983935742971887,-0.0060240963855421,,,-0.0182329317269076,0.151512717536814,-0.216867469879518,-0.3453815261044177,0.0075415733173454,-0.3599062133645955,1122.5,702.5,1.0594227504244482,0.0068628224343299,0.0009851417353624,-8.910199741992298e-05
2004-06-25,1245.0,1272.5,1240.0,1250.0,245.0,1250.0,1269.0,1277.25,1271.6,1064.1,813.795,False,False,False,False,False,False,True,True,False,True,False,0.058,-0.004,,,-0.0172799999999999,0.14872,-0.256,-0.38,0.0072674873915358,-0.3574084948130749,1090.0,752.5,0.3926282051282051,0.0030670022019501,-0.0037958202323797,-0.0002740859258095
2004-06-28,1247.5,1260.0,1237.5,1242.5,437.0,1242.5,1259.5,1276.75,1270.2,1071.4666666666667,819.095,False,False,False,False,False,False,False,True,False,True,False,0.0945674044265593,0.0261569416498993,,,-0.0222937625754527,0.1376525821596244,-0.3420523138832998,-0.3621730382293762,0.0068753111000498,-0.3585275112590562,1077.5,850.0,1.7836734693877552,-0.0011021886317114,-0.0041691908336616,-0.000392176291486
2004-06-29,1300.0,1300.0,1250.0,1272.5,964.0,1272.5,1254.0,1273.75,1270.4,1078.5666666666666,824.5025,False,False,False,False,True,False,True,True,False,False,False,0.0117878192534381,-0.0039292730844793,,,0.0016502946954812,0.1524034053700066,-0.3084479371316306,-0.4027504911591356,0.0065828105201346,-0.3638861629048086,1097.5,920.0,2.205949656750572,0.0001574307304786,0.00125961936219,-0.0002925005799152
2004-06-30,1297.5,1357.5,1285.0,1337.5,3971.0,1337.5,1269.5,1277.5,1273.9,1085.8666666666666,830.19,False,False,False,False,False,False,True,True,True,False,True,-0.0411214953271028,-0.0747663551401869,,,0.0475514018691588,0.1881370716510904,-0.3607476635514018,-0.4317757009345794,0.0067227406679763,-0.3741682974559687,1097.5,997.5,4.119294605809128,0.0027474684041133,0.0025900376736347,0.0001399301478417
2004-07-01,1362.5,1435.0,1352.5,1367.5,6729.0,1367.5,1294.0,1283.25,1280.4,1093.8,835.715,False,False,False,False,False,False,True,True,False,False,False,-0.0950639853747714,-0.1389396709323583,,,0.0636928702010968,0.2001462522851919,-0.3784277879341864,-0.4606946983546618,0.0072530017675383,-0.3847652444963959,1140.0,967.5,1.694535381515991,0.0050765385816932,0.0023290701775798,0.0005302610995619
2004-07-02,1342.5,1362.5,1312.5,1322.5,1341.0,1322.5,1308.5,1288.75,1284.4,1101.3666666666666,840.9375,False,False,False,False,False,False,True,True,False,True,False,-0.0586011342155009,-0.1134215500945179,,,0.0288090737240074,0.1672085696282294,-0.3345935727788279,-0.4461247637051039,0.0068702521110135,-0.3949563530552861,1222.5,975.0,0.1992866696388765,0.0031142946122703,-0.0019622439694229,-0.0003827496565247
2004-07-05,1340.0,1387.5,1332.5,1360.0,1791.0,1360.0,1332.0,1295.75,1290.4,1109.5,846.425,False,False,False,False,False,False,True,True,False,False,False,-0.0625,-0.1580882352941176,,,0.0511764705882352,0.1841911764705882,-0.2922794117647059,-0.4577205882352941,0.0073306294126484,-0.4038201813621455,1097.5,925.0,1.3355704697986577,0.0046497210167389,0.0015354264044686,0.0004603773016349
2004-07-06,1365.0,1387.5,1232.5,1287.5,1616.0,1287.5,1335.0,1294.5,1290.8,1117.0,851.5,False,False,False,False,False,False,True,True,False,True,False,-0.0155339805825242,-0.1203883495145631,,,-0.0025631067961164,0.1324271844660194,-0.2233009708737864,-0.4485436893203883,0.0067144136078782,-0.4107763615295481,990.0,932.5,0.902289223897264,0.0003098853424231,-0.0043398356743157,-0.0006162158047701
2004-07-07,1225.0,1307.5,1212.5,1282.5,818.0,1282.5,1324.0,1296.75,1289.3,1124.4,856.325,False,False,False,False,False,False,False,True,False,True,False,-0.0350877192982456,-0.1423001949317738,,,-0.0053021442495126,0.1232748538011695,-0.2202729044834308,-0.4405458089668616,0.0065812877979367,-0.4187391555812608,1115.0,965.0,0.5061881188118812,-0.0011634220119444,-0.0014733073543676,-0.0001331258099414
2004-07-08,1287.5,1310.0,1232.5,1237.5,607.0,1237.5,1298.0,1296.0,1286.6,1131.2333333333331,860.7325,False,False,False,False,False,False,False,True,False,True,False,-0.0484848484848484,-0.1393939393939394,,,-0.0396767676767676,0.085872053872054,-0.2202020202020202,-0.4282828282828282,0.0060406046497919,-0.4266975308641975,1125.0,927.5,0.7420537897310513,-0.0020985543292398,-0.0009351323172954,-0.0005406831481447
2004-07-09,1237.5,1262.5,1225.0,1245.0,462.0,1245.0,1282.5,1295.5,1284.4,1138.3,865.1825,False,False,False,False,False,False,False,True,False,False,False,-0.0582329317269076,-0.1526104417670682,,,-0.0316465863453815,0.0857028112449799,-0.2610441767068273,-0.4116465863453815,0.0062080880845707,-0.4297568506368198,1075.0,1020.0,0.7611202635914333,-0.0017128620367485,0.0003856922924913,0.0001674834347787
2004-07-12,1282.5,1285.0,1262.5,1275.0,427.0,1275.0,1265.5,1298.75,1283.2,1145.9333333333334,869.78,False,False,False,False,False,False,False,True,False,False,True,-0.1019607843137254,-0.2254901960784313,,,-0.0064313725490196,0.1012287581699346,-0.3196078431372549,-0.4568627450980392,0.0066612368375124,-0.43888354186718,962.5,1110.0,0.9242424242424242,-0.0009351620947631,0.0007776999419854,0.0004531487529417
2004-07-13,1287.5,1297.5,1250.0,1267.5,580.0,1267.5,1261.5,1298.25,1282.5,1153.5,874.4175,False,False,False,False,False,False,False,True,False,False,False,-0.1065088757396449,-0.2011834319526627,,,-0.0118343195266272,0.0899408284023668,-0.3293885601577909,-0.4950690335305719,0.0065597457014881,-0.4479106489505103,1065.0,1150.0,1.3583138173302107,-0.0005458089668616,0.0003893531279014,-0.0001014911360242
2004-07-14,1267.5,1272.5,1232.5,1237.5,410.0,1237.5,1252.5,1288.25,1281.9,1160.7,878.78,False,False,False,False,False,False,False,True,False,False,False,-0.1111111111111111,-0.2202020202020202,,,-0.0358787878787879,0.062060606060606,-0.307070707070707,-0.4565656565656565,0.0062031532695787,-0.4504172326799922,1075.0,1100.0,0.7068965517241379,-0.0004680552305171,7.775373634450383e-05,-0.0003565924319094
2004-07-15,1230.0,1237.5,1120.0,1177.5,697.0,1177.5,1240.5,1269.25,1278.3,1167.0333333333333,882.605,False,False,False,False,False,False,False,True,False,True,False,-0.0955414012738853,-0.1719745222929936,,,-0.0856050955414012,0.0088888888888889,-0.2632696390658174,-0.3821656050955414,0.0054268658421638,-0.4429781366948985,1027.5,1225.0,1.7,-0.002816240319174,-0.0023481850886568,-0.0007762874274149
2004-07-16,1172.5,1182.5,1105.0,1172.5,452.0,1172.5,1226.0,1254.25,1274.3,1172.6333333333334,886.3425,False,False,False,False,False,False,False,True,False,True,False,-0.1002132196162046,-0.2068230277185501,,,-0.08682302771855,-0.0001137171286425,-0.1918976545842217,-0.373134328358209,0.0047755763381564,-0.4361172015148495,1152.5,1200.0,0.648493543758967,-0.0031389782625755,-0.0003227379434015,-0.0006512895040074
2004-07-20,1135.0,1150.0,1112.5,1145.0,241.0,1145.0,1200.0,1232.75,1270.2,1176.5666666666666,890.0675,False,False,False,False,False,False,False,True,False,True,False,-0.1375545851528384,-0.2860262008733624,,,-0.1093449781659389,-0.0275691411935952,-0.185589519650655,-0.3580786026200873,0.0033430603167406,-0.4264854998986007,1277.5,1122.5,0.5331858407079646,-0.0032278381357265,-8.885987315105379e-05,-0.0014325160214157
2004-07-21,1157.5,1170.0,1127.5,1132.5,306.0,1132.5,1173.0,1217.25,1263.4,1179.4,893.8175,False,False,False,False,False,False,False,True,False,True,False,-0.1059602649006622,-0.2229580573951435,,,-0.1155849889624724,-0.0414128035320089,-0.1677704194260485,-0.293598233995585,0.0024023514781528,-0.4117888683507907,1267.5,1077.5,1.2697095435684649,-0.0053823017255025,-0.0021544635897759,-0.0009407088385877
2004-07-22,1122.5,1122.5,1092.5,1100.0,340.0,1100.0,1145.5,1199.0,1255.4,1180.7666666666669,897.31,False,False,False,False,False,False,False,True,False,True,False,-0.1227272727272727,-0.2227272727272727,,,-0.1412727272727273,-0.0734242424242426,-0.1363636363636363,-0.2727272727272727,0.0011574400813032,-0.3959549624687239,1250.0,1075.0,1.1111111111111112,-0.0063724709256014,-0.0009901692000988,-0.0012449113968496
2004-07-23,1087.5,1090.0,1052.5,1065.0,351.0,1065.0,1123.0,1181.75,1245.6,1182.0666666666666,900.26,False,False,False,False,False,False,False,True,False,True,False,-0.0845070422535211,-0.2018779342723004,,,-0.1695774647887323,-0.1099217527386541,0.0093896713615023,-0.2488262910798122,0.0010997687665667,-0.3793103448275862,1205.0,1122.5,1.0323529411764707,-0.0078676942838794,-0.001495223358278,-5.767131473641209e-05
2004-07-26,1015.0,1062.5,1002.5,1055.0,403.0,1055.0,1099.5,1162.75,1237.1,1183.1333333333334,903.1625,False,False,False,False,False,False,False,True,False,False,False,-0.1184834123222748,-0.1658767772511848,,,-0.1726066350710899,-0.1214533965244866,-0.0616113744075829,-0.2014218009478673,0.0009015608271821,-0.3597075897656418,1222.5,1090.0,1.148148148148148,-0.0068709077681674,0.0009967865157119,-0.0001982079393845
2004-07-27,1050.0,1055.0,930.0,987.5,550.0,987.5,1068.0,1134.0,1225.0,1183.9666666666667,905.275,False,False,False,False,False,False,False,True,False,True,False,-0.1721518987341772,-0.0253164556962025,,,-0.240506329113924,-0.1989535864978903,-0.0177215189873417,-0.1215189873417721,0.0007038486443874,-0.328042328042328,1210.0,1077.5,1.3647642679900744,-0.009877551020408,-0.0030066432522405,-0.0001977121827947
2004-07-28,1000.0,1045.0,990.0,1012.5,431.0,1012.5,1044.0,1108.5,1213.5,1185.0333333333333,907.3375,False,False,False,False,False,False,False,True,False,False,False,-0.1308641975308642,-0.0123456790123456,,,-0.1985185185185185,-0.1704032921810699,-0.0395061728395061,-0.1654320987654321,0.0009001153272762,-0.2940911141181777,1277.5,1097.5,0.7836363636363637,-0.0094767202307375,0.0004008307896705,0.0001962666828888
2004-07-29,1020.0,1020.0,962.5,965.0,260.0,965.0,1017.0,1081.25,1201.7,1185.0333333333333,908.4625,False,False,False,False,False,False,False,False,False,True,False,-0.1139896373056994,0.0362694300518134,,,-0.2452849740932643,-0.228013816925734,-0.0025906735751295,-0.0621761658031088,0.0,-0.2547976878612716,1320.0,1097.5,0.6032482598607889,-0.0098194224848131,-0.0003427022540756,-0.0009001153272762
2004-07-30,952.5,987.5,952.5,975.0,194.0,975.0,999.0,1061.0,1190.9,1185.6666666666667,908.4875,False,False,False,False,False,False,False,True,False,False,False,-0.1282051282051282,-0.0102564102564102,,,-0.2214358974358975,-0.2160683760683761,-0.0384615384615384,-0.0384615384615384,0.0005341579983132,-0.2207822808671065,1305.0,1140.0,0.7461538461538462,-0.0090687715173397,0.0007506509674733,0.0005341579983132
2004-08-02,987.5,987.5,922.5,930.0,172.0,930.0,974.0,1036.75,1178.1,1184.4666666666667,908.8375,False,False,True,False,False,False,False,False,False,True,False,-0.053763440860215,-0.010752688172043,,,-0.266774193548387,-0.2736200716845878,-0.0134408602150537,0.021505376344086,-0.001013114200484,-0.1818181818181818,1300.0,1222.5,0.8865979381443299,-0.0108649520414227,-0.0017961805240829,-0.0015472721987973
2004-08-03,932.5,935.0,805.0,817.5,679.0,817.5,940.0,1004.0,1161.1,1180.5666666666666,908.15,False,False,False,False,False,False,False,False,False,True,False,0.1773700305810397,0.0611620795107033,,,-0.4203058103975534,-0.4441182466870539,0.1773700305810397,0.1009174311926605,-0.0033034983200158,-0.1386952191235059,1305.0,1097.5,3.947674418604651,-0.0146412884333821,-0.0037763363919593,-0.0022903841195318
2004-08-04,755.0,880.0,700.0,880.0,1390.0,880.0,913.5,978.75,1145.4,1176.9666666666667,907.8,False,False,False,False,False,False,False,False,False,False,False,0.1363636363636363,-0.034090909090909,,,-0.3015909090909092,-0.3374621212121212,0.09375,-0.0085227272727272,-0.0030587102438471,-0.1090676883780332,1285.0,990.0,2.047128129602356,-0.0137070019207262,0.0009342865126559,0.0002447880761687
2004-08-05,875.0,912.5,827.5,855.0,601.0,855.0,891.5,954.25,1126.1,1173.7,907.6,False,False,False,False,False,False,False,False,False,True,False,0.1695906432748538,0.0029239766081871,,,-0.3170760233918127,-0.3727485380116959,0.1169590643274853,0.0058479532163742,-0.0027832211524807,-0.0799056850930049,1252.5,1115.0,0.4323741007194244,-0.0171387976201049,-0.0034317956993787,0.0002754890913663
2004-08-06,805.0,855.0,805.0,850.0,347.0,850.0,866.5,932.75,1105.4,1168.7,907.175,False,False,False,False,False,False,False,False,False,True,False,0.1352941176470588,0.0205882352941176,,,-0.3004705882352942,-0.3749411764705883,0.1147058823529411,0.0823529411764705,-0.0042782578933858,-0.0458322165639238,1267.5,1125.0,0.5773710482529119,-0.018726252940112,-0.001587455320007,-0.001495036740905
2004-08-09,812.5,885.0,812.5,880.0,217.0,880.0,856.5,915.25,1087.7,1164.4333333333334,907.05,False,False,False,False,False,False,False,False,False,False,False,0.0454545454545454,0.0767045454545454,,,-0.2360227272727273,-0.323219696969697,0.0539772727272727,0.0227272727272727,-0.0036641571007356,-0.0213056541928434,1272.5,1075.0,0.6253602305475504,-0.0162728693573596,0.0024533835827524,0.0006141007926501
2004-08-10,905.0,970.0,892.5,962.5,577.0,962.5,885.5,912.75,1071.8,1162.3,907.5625,False,False,False,False,False,False,False,False,False,False,False,-0.0987012987012987,-0.0311688311688311,,,-0.1135584415584415,-0.2075844155844155,-0.0519480519480519,-0.0649350649350649,-0.0018354412228628,-0.0150643659271432,1247.5,962.5,2.658986175115208,-0.0148348572494869,0.0014380121078726,0.0018287158778728
2004-08-11,987.5,1025.0,952.5,1000.0,564.0,1000.0,909.5,911.5,1060.3,1161.2666666666669,908.5625,False,False,False,False,False,False,False,False,False,False,False,-0.15,-0.0575,,,-0.0602999999999999,-0.1612666666666669,-0.1375,-0.13,-0.0008898329410411,-0.0109709270433351,1302.5,1065.0,0.977469670710572,-0.0108459869848156,0.0039888702646713,0.0009456082818216
2004-08-12,987.5,1000.0,950.0,1000.0,247.0,1000.0,938.5,915.0,1049.0,1160.2666666666669,909.7875,False,False,False,False,False,False,False,False,False,False,True,-0.1425,-0.05,,,-0.049,-0.1602666666666669,-0.1525,-0.1175,-0.0008618708342909,-0.0172131147540983,1300.0,1075.0,0.4379432624113475,-0.0107721639656815,7.382301913405956e-05,2.796210675020208e-05
2004-08-13,975.0,1000.0,955.0,965.0,167.0,965.0,961.5,914.0,1038.1,1158.1666666666667,910.9375,False,False,False,False,False,False,False,False,False,False,False,-0.1010362694300518,0.1139896373056994,,,-0.0757512953367874,-0.2001727115716753,-0.1295336787564766,-0.0595854922279792,-0.0018132105338898,-0.0194201312910284,1310.0,1027.5,0.6761133603238867,-0.0104999518350834,0.0002722121305981,-0.0009513396995989
2004-08-16,977.5,977.5,905.0,920.0,238.0,920.0,969.5,913.0,1025.1,1155.9,912.2375,False,False,False,False,False,False,False,False,False,True,False,0.029891304347826,0.0760869565217391,,,-0.1142391304347825,-0.256413043478261,-0.1141304347826086,-0.0434782608695652,-0.0019609539464198,-0.026013143483023,1267.5,1152.5,1.4251497005988023,-0.0126816895912593,-0.0021817377561759,-0.0001477434125299
2004-08-17,940.0,950.0,862.5,867.5,220.0,867.5,950.5,918.0,1008.8,1153.1,914.05,False,False,False,False,False,False,False,False,False,True,True,0.0749279538904899,0.1181556195965417,,,-0.1628818443804034,-0.3292219020172909,-0.0778097982708933,0.0230547550432276,-0.0024282369265459,-0.0326797385620915,1290.0,1277.5,0.9243697478991596,-0.016157811260904,-0.0034761216696446,-0.0004672829801261
2004-08-18,852.5,855.0,827.5,850.0,189.0,850.0,920.5,915.0,992.1,1149.8,915.375,False,False,False,False,False,False,False,False,False,True,False,0.1088235294117647,0.1441176470588235,,,-0.1671764705882353,-0.3527058823529411,-0.0058823529411764,0.1617647058823529,-0.0028700643590189,-0.0169398907103825,1300.0,1267.5,0.8590909090909091,-0.0168329805463158,-0.0006751692854118,-0.0004418274324729
2004-08-19,855.0,865.0,835.0,857.5,121.0,857.5,892.0,915.25,976.9,1146.6,916.5125,False,False,False,False,False,False,False,False,False,False,False,0.107871720116618,0.1224489795918367,,,-0.1392419825072886,-0.337142857142857,-0.0670553935860058,0.1253644314868804,-0.0027908599337171,-0.005736137667304,1260.0,1250.0,0.6402116402116402,-0.0155594226635275,0.0012735578827882,7.920442530180401e-05
2004-08-20,862.5,885.0,850.0,867.5,150.0,867.5,872.5,917.0,964.5,1142.9666666666667,917.475,False,False,False,False,False,False,False,False,False,False,False,0.239193083573487,0.0806916426512968,,,-0.1118155619596541,-0.3175408261287224,-0.1095100864553314,0.132564841498559,-0.0031788620257224,-0.0008178844056706,1245.0,1205.0,1.2396694214876034,-0.0128564022809745,0.0027030203825529,-0.0003880020920053
2004-08-23,875.0,950.0,875.0,947.5,345.0,947.5,878.0,923.75,955.5,1139.3,918.5875,False,False,False,False,False,False,False,False,False,False,False,0.0448548812664907,-0.0316622691292876,,,-0.00844327176781,-0.2024274406332453,-0.2005277044854881,0.0158311345646438,-0.0032183504491062,-0.0013531799729364,1250.0,1222.5,2.3,-0.0094191522762951,0.0034372500046794,-3.94884233838144e-05
2004-08-24,960.0,982.5,917.5,932.5,294.0,932.5,891.0,920.75,947.0,1137.1,919.725,False,False,False,False,False,False,False,False,False,False,False,0.0402144772117962,0.032171581769437,,,-0.0155495978552278,-0.2194101876675602,-0.131367292225201,0.0536193029490616,-0.0019347462844077,0.0108607113765951,1242.5,1210.0,0.8521739130434782,-0.0089757127771911,0.000443439499104,0.0012836041646984
2004-08-25,920.0,957.5,920.0,942.5,170.0,942.5,909.5,915.0,939.4,1136.4666666666667,920.7875,False,False,False,False,True,False,False,False,False,False,False,0.0318302387267904,0.0212201591511936,,,0.003289124668435,-0.2058001768346596,-0.1007957559681697,0.0291777188328912,-0.0005572828063587,0.0281420765027322,1272.5,1277.5,0.5782312925170068,-0.0080902703853523,0.0008854423918387,0.0013774634780489
2004-08-26,962.5,965.0,947.5,950.0,269.0,950.0,928.0,910.0,933.4,1134.2666666666669,921.3875,False,False,False,False,False,False,False,False,False,False,False,0.0131578947368421,0.0052631578947368,,,0.0174736842105263,-0.1939649122807019,-0.0868421052631579,-0.0026315789473684,-0.001939579170095,0.0409340659340659,1337.5,1320.0,1.5823529411764703,-0.0064281122776944,0.0016621581076579,-0.0013822963637362
2004-08-27,962.5,1075.0,962.5,1075.0,1316.0,1075.0,969.5,921.0,933.8,1133.6,922.4375,False,False,False,False,False,False,True,False,False,False,True,-0.127906976744186,-0.1186046511627907,,,0.1313488372093023,-0.0545116279069766,-0.2209302325581395,-0.0930232558139534,-0.0005880969183724,0.0358306188925081,1367.5,1305.0,4.892193308550186,0.0004283572499464,0.0068564695276408,0.0013514822517226
2004-08-30,1025.0,1025.0,982.5,990.0,895.0,990.0,978.0,928.0,931.2,1132.4666666666667,922.7375,False,False,False,False,False,False,False,False,False,True,False,-0.0732323232323232,-0.0631313131313131,,,0.0593939393939393,-0.1439057239057239,-0.1616161616161616,0.005050505050505,-0.0010007652911048,0.0404094827586206,1322.5,1300.0,0.6800911854103343,-0.0027920962199311,-0.0032204534698776,-0.0004126683727324
2004-08-31,987.5,990.0,942.5,970.0,271.0,970.0,985.5,938.25,930.5,1132.5666666666666,922.9875,False,False,False,False,False,False,False,True,False,False,False,-0.0077319587628865,-0.0592783505154639,,,0.040721649484536,-0.167594501718213,-0.1649484536082474,0.0231958762886597,8.829502310378408e-05,0.0402344790833999,1360.0,1305.0,0.3027932960893855,-0.000752283718431,0.0020398125015001,0.0010890603142086
2004-09-01,957.5,985.0,945.0,972.5,271.0,972.5,991.5,950.5,928.9,1131.3333333333333,923.775,False,False,False,False,False,False,False,False,False,True,False,-0.0102827763496143,-0.1131105398457583,,,0.0448329048843187,-0.1633247643530419,-0.1696658097686375,-0.0025706940874035,-0.0010901591043017,0.0249868490268279,1287.5,1285.0,1.0,-0.0017224674346,-0.000970183716169,-0.0011784541274055
2004-09-02,985.0,985.0,960.0,962.5,179.0,962.5,994.0,961.0,928.8,1129.8333333333333,925.0125,False,False,False,False,False,False,False,False,False,False,False,-0.0077922077922077,-0.1194805194805194,,,0.035012987012987,-0.1738528138528138,-0.161038961038961,-0.0155844155844155,-0.0013276294438707,0.0119667013527575,1282.5,1252.5,0.6605166051660517,-0.0001076658053402,0.0016148016292598,-0.000237470339569
2004-09-03,965.0,975.0,937.5,937.5,285.0,937.5,966.5,968.0,927.3,1128.6333333333334,925.975,False,False,False,False,False,False,False,False,False,True,False,0.0106666666666666,-0.104,,,0.01088,-0.2038755555555556,-0.1306666666666666,0.0106666666666666,-0.0010632328184528,0.0010330578512396,1237.5,1267.5,1.5921787709497206,-0.0016175994823681,-0.0015099336770279,0.0002643966254179
2004-09-06,932.5,935.0,912.5,917.5,171.0,917.5,952.0,965.0,926.8,1125.5,926.7625,False,False,False,False,False,True,False,False,False,False,False,0.0108991825613079,-0.1117166212534059,,,-0.0101362397820162,-0.2267029972752043,-0.1553133514986376,0.0326975476839237,-0.0027839478750186,0.0025906735751295,1245.0,1272.5,0.6,-0.0005394907207596,0.0010781087616085,-0.0017207150565657
2004-09-07,912.5,970.0,875.0,962.5,335.0,962.5,950.5,968.0,932.6,1121.3,928.025,False,False,False,False,False,False,True,False,True,False,True,-0.0519480519480519,-0.1688311688311688,,,0.031064935064935,-0.1649870129870129,-0.1766233766233766,0.0103896103896103,-0.0037456523677874,-0.0015495867768595,1275.0,1247.5,1.95906432748538,0.0062191722067339,0.0067586629274935,-0.0009617044927688
2004-09-08,960.0,965.0,945.0,962.5,244.0,962.5,948.5,970.0,935.9,1117.2333333333331,929.7875,False,False,False,False,False,False,True,False,False,True,False,-0.1038961038961039,-0.122077922077922,,,0.0276363636363636,-0.1607619047619045,-0.2103896103896103,0.0233766233766233,-0.0036399439090612,-0.002061855670103,1267.5,1302.5,0.7283582089552239,0.0035260177369376,-0.0026931544697962,0.0001057084587262
2004-09-09,950.0,967.5,937.5,955.0,206.0,955.0,947.0,970.5,939.9,1113.3,931.0875,False,False,False,False,False,False,True,False,False,False,False,-0.112565445026178,-0.1623036649214659,,,0.0158115183246073,-0.1657591623036649,-0.2041884816753926,0.0287958115183246,-0.0035330399113744,0.0010303967027305,1237.5,1300.0,0.8442622950819673,0.0042557718906266,0.000729754153689,0.0001069039976867
2004-09-10,947.5,947.5,927.5,947.5,140.0,947.5,949.0,957.75,943.8,1109.8666666666666,932.575,False,False,False,False,False,False,True,False,False,True,False,-0.1134564643799472,-0.1846965699208443,,,0.0039050131926121,-0.1713632365875108,-0.2216358839050131,0.0343007915567282,-0.0030934646804421,0.0148786217697729,1177.5,1310.0,0.6796116504854369,0.0041322314049586,-0.000123540485668,0.0004395752309322
2004-09-13,935.0,942.5,927.5,927.5,133.0,927.5,951.0,951.5,945.7,1105.9333333333334,933.8375,False,False,False,False,False,False,True,False,False,True,False,-0.1212938005390835,-0.183288409703504,,,-0.019622641509434,-0.1923809523809524,-0.2102425876010781,0.0943396226415094,-0.0035565736331302,0.023646873357856,1172.5,1267.5,0.95,0.0020090937929576,-0.0021231376120009,-0.000463108952688
2004-09-14,927.5,927.5,902.5,912.5,102.0,912.5,941.0,945.75,943.7,1101.9666666666667,935.125,False,False,False,False,False,False,False,False,False,True,False,-0.1232876712328767,-0.1123287671232876,,,-0.0341917808219178,-0.207634703196347,-0.1917808219178082,0.1342465753424657,-0.0035996249130342,0.0343642611683848,1145.0,1290.0,0.7669172932330827,-0.0021193175797393,-0.004128411372697,-4.305127990406272e-05
2004-09-15,900.0,900.0,850.0,862.5,236.0,862.5,921.0,934.75,938.2,1096.4333333333334,936.4125,False,False,False,False,False,False,False,False,False,True,False,-0.0202898550724637,-0.017391304347826,,,-0.087768115942029,-0.2712270531400967,-0.1768115942028985,0.1797101449275362,-0.0050466664639892,0.0516180797004546,1132.5,1300.0,2.313725490196078,-0.0058622894905137,-0.0037429719107744,-0.0014470415509549
2004-09-16,850.0,852.5,825.0,847.5,206.0,847.5,899.5,923.25,932.1,1090.1333333333334,937.325,False,False,False,False,False,False,False,False,False,True,False,-0.0560471976401179,0.023598820058997,,,-0.0998230088495575,-0.2862930186823993,-0.1533923303834808,0.2094395280235988,-0.005779109589041,0.0731112916328188,1100.0,1260.0,0.8728813559322034,-0.0065443621928977,-0.000682072702384,-0.0007324431250517
2004-09-17,850.0,850.0,825.0,840.0,133.0,840.0,878.0,913.5,927.1,1083.9333333333334,938.1,False,False,False,False,False,False,False,False,False,False,False,-0.0803571428571428,-0.0029761904761904,,,-0.1036904761904762,-0.2903968253968255,-0.1577380952380952,0.2053571428571428,-0.0057199089734916,0.0916803503010399,1065.0,1245.0,0.6456310679611651,-0.0053931614712544,0.0011512007216433,5.920061554940802e-05
2004-09-21,812.5,820.0,807.5,815.0,168.0,815.0,855.5,903.25,922.9,1077.4666666666667,938.9,False,False,False,False,False,False,False,False,False,False,False,-0.0705521472392638,0.0184049079754601,,,-0.1323926380368097,-0.3220449897750511,-0.1012269938650306,0.3067484662576687,-0.0060017324588541,0.1170772211458621,1055.0,1250.0,1.263157894736842,-0.0045508722505147,0.0008422892207397,-0.0002818234853624
2004-09-22,807.5,807.5,775.0,800.0,157.0,800.0,833.0,887.0,920.2,1070.7333333333331,939.6,False,False,False,False,False,False,False,False,False,False,False,0.0125,0.0125,,,-0.15025,-0.3384166666666664,-0.134375,0.44375,-0.0062885249984436,0.1581172491544532,987.5,1242.5,0.9345238095238096,-0.0029341447511409,0.0016167274993737,-0.0002867925395895
2004-09-24,775.0,872.5,772.5,845.0,223.0,845.0,829.5,875.25,920.0,1064.8666666666666,940.575,False,False,False,False,False,False,False,False,False,False,False,0.0029585798816568,-0.044378698224852,,,-0.0887573964497041,-0.260197238658777,-0.2426035502958579,0.3491124260355029,-0.0055092969385837,0.191373893173379,1012.5,1272.5,1.4203821656050954,-0.0002173913043478,0.0027167534467931,0.0007792280598599
2004-09-27,807.5,827.5,800.0,800.0,155.0,800.0,820.0,859.75,917.7,1058.8333333333333,941.375,False,False,False,False,False,False,False,False,False,True,False,0.084375,0.009375,,,-0.147125,-0.3235416666666665,-0.159375,0.459375,-0.0056980953880056,0.2343704565280605,965.0,1337.5,0.695067264573991,-0.0025062656641603,-0.0022888743598124,-0.0001887984494218
2004-09-28,777.5,795.0,767.5,772.5,84.0,772.5,806.5,842.25,913.9,1052.2333333333331,942.0125,False,False,False,False,False,False,False,False,False,True,False,0.0841423948220064,0.0550161812297734,,,-0.1830420711974109,-0.3621143473570655,-0.058252427184466,0.4692556634304207,-0.0062723730478032,0.2784208964084298,975.0,1367.5,0.5419354838709678,-0.0041580041580042,-0.0016517384938438,-0.0005742776597975
2004-09-29,775.0,777.5,750.0,757.5,156.0,757.5,795.0,825.25,906.3,1045.3666666666666,942.6,False,False,False,False,False,False,False,False,False,True,False,0.0957095709570957,0.0231023102310231,,,-0.1964356435643564,-0.3800220022002198,-0.0297029702970297,0.5148514851485149,-0.0065686680909408,0.3208118751893365,930.0,1322.5,1.8571428571428568,-0.0083857442348008,-0.0042277400767966,-0.0002962950431376
2004-09-30,762.5,820.0,752.5,810.0,152.0,810.0,797.0,815.0,901.4,1039.5333333333333,943.525,False,False,False,False,False,False,False,False,False,False,False,0.0,-0.0216049382716049,,,-0.1128395061728394,-0.2833744855967078,-0.0925925925925925,0.5246913580246914,-0.0056114923363046,0.3619631901840491,817.5,1360.0,0.9743589743589745,-0.0054359884623918,0.002949755772409,0.0009571757546361
2004-10-01,812.5,862.5,812.5,847.5,293.0,847.5,797.5,813.5,897.6,1033.4666666666667,944.6875,False,False,False,False,False,False,False,False,False,False,False,-0.0471976401179941,-0.103244837758112,,,-0.0591150442477876,-0.2194296951819076,-0.0560471976401179,0.4424778761061947,-0.0058702102954456,0.3896742470805163,880.0,1287.5,1.9276315789473684,-0.0042335115864527,0.001202476875939,-0.000258717959141
2004-10-04,872.5,892.5,850.0,867.5,232.0,867.5,811.0,815.5,894.3,1027.7,946.075,False,False,False,False,False,False,False,False,False,False,True,-0.069164265129683,-0.1239193083573487,,,-0.030893371757925,-0.1846685878962536,-0.0778097982708933,0.3976945244956772,-0.0056112354448444,0.4092581238503985,855.0,1282.5,0.7918088737201365,-0.003690036900369,0.0005434746860836,0.0002589748506012
2004-10-05,860.0,860.0,830.0,837.5,69.0,837.5,824.0,815.25,884.8,1021.4,947.4875,False,False,False,False,False,False,False,False,False,True,False,-0.026865671641791,-0.1194029850746268,,,-0.0564776119402984,-0.2195820895522388,-0.044776119402985,0.4029850746268656,-0.0061680046994322,0.4296228150873965,850.0,1237.5,0.2974137931034483,-0.0107368896925858,-0.0070468527922168,-0.0005567692545877
2004-10-06,827.5,845.0,800.0,830.0,102.0,830.0,838.5,816.75,878.4,1015.5666666666668,949.0875,False,False,False,False,False,False,False,False,False,False,False,-0.0662650602409638,-0.1174698795180722,,,-0.0583132530120481,-0.2235742971887552,0.0150602409638554,0.4096385542168674,-0.0057439196507694,0.4398530762167126,880.0,1245.0,1.4782608695652173,-0.0072859744990892,0.0034509151934966,0.0004240850486627
2004-10-07,825.0,830.0,800.0,810.0,194.0,810.0,838.5,817.75,872.0,1009.1666666666666,950.3125,False,False,False,False,False,False,False,False,False,True,False,-0.0216049382716049,-0.0895061728395061,,,-0.0765432098765432,-0.2458847736625514,0.0709876543209876,0.4506172839506173,-0.0063418662262594,0.440538061754815,962.5,1275.0,1.9019607843137247,-0.0073394495412843,-5.347504219515003e-05,-0.0005979465754899
2004-10-08,797.5,807.5,782.5,807.5,114.0,807.5,830.5,814.0,865.4,1002.6,951.575,False,False,False,False,False,False,False,False,False,True,False,-0.0588235294117647,-0.1207430340557275,,,-0.0717027863777089,-0.241609907120743,0.0464396284829721,0.5170278637770898,-0.0065496376088835,0.4576167076167076,1000.0,1267.5,0.5876288659793815,-0.0076265310838918,-0.0002870815426074,-0.000207771382624
2004-10-12,820.0,820.0,797.5,807.5,67.0,807.5,818.5,814.75,859.2,996.5666666666668,952.4375,False,False,False,False,False,False,False,False,False,False,False,-0.0588235294117647,-0.1114551083591331,,,-0.0640247678018576,-0.234138286893705,0.1207430340557275,0.4922600619195046,-0.0060541191423887,0.4608775698066891,1000.0,1237.5,0.5877192982456141,-0.007216014897579,0.0004105161863128,0.0004955184664947
2004-10-13,797.5,820.0,797.5,815.0,77.0,815.0,814.0,819.0,854.3,990.8333333333334,953.0875,False,False,False,False,False,False,False,False,False,False,True,-0.0950920245398773,-0.1319018404907975,,,-0.0482208588957054,-0.2157464212678937,0.1503067484662576,0.4662576687116564,-0.0057863751051304,0.4606227106227106,965.0,1177.5,1.1492537313432836,-0.0057356900386282,0.0014803248589508,0.0002677440372582
2004-10-14,800.0,800.0,775.0,775.0,82.0,775.0,803.0,820.75,848.6,984.5,953.7375,False,False,False,False,False,False,False,False,False,True,False,-0.0548387096774193,-0.0548387096774193,,,-0.0949677419354839,-0.2703225806451613,0.2258064516129032,0.5290322580645161,-0.0064330455391908,0.4620773682607371,920.0,1172.5,1.0649350649350648,-0.0067169455573885,-0.0009812555187603,-0.0006466704340603
2004-10-15,762.5,792.5,752.5,792.5,78.0,792.5,799.5,819.0,841.8,978.5,954.35,False,False,False,False,False,False,False,False,False,True,False,-0.0694006309148265,-0.1261829652996845,,,-0.0622082018927444,-0.2347003154574132,0.1356466876971608,0.4826498422712933,-0.0061318344404701,0.4578754578754578,867.5,1145.0,0.951219512195122,-0.0080779282489903,-0.0013609826916017,0.0003012110987207
2004-10-18,792.5,792.5,757.5,760.0,84.0,760.0,790.0,810.25,833.7,971.6666666666666,954.725,False,False,False,False,False,False,False,False,False,True,False,-0.0657894736842105,-0.1578947368421052,,,-0.0969736842105263,-0.2785087719298245,0.1480263157894736,0.5164473684210527,-0.007032590051458,0.4649799444615859,850.0,1132.5,1.0769230769230769,-0.0097157250809642,-0.0016377968319739,-0.0009007556109879
2004-10-19,757.5,775.0,755.0,760.0,122.0,760.0,780.5,799.5,825.9,963.9666666666668,954.85,False,False,False,False,False,False,False,False,False,False,False,-0.0559210526315789,-0.1151315789473684,,,-0.0867105263157894,-0.2683771929824563,0.131578947368421,0.5361842105263158,-0.0079878280715098,0.4790494058786742,857.5,1100.0,1.4523809523809523,-0.009444242644388,0.0002714824365762,-0.0009552380200518
2004-10-20,755.0,755.0,737.5,737.5,149.0,737.5,765.0,789.5,817.5,955.5666666666668,954.6125,False,False,False,False,False,False,False,False,False,True,False,-0.0406779661016949,-0.0135593220338983,,,-0.1084745762711864,-0.2956836158192092,0.247457627118644,0.559322033898305,-0.0087905954581923,0.4946168461051298,867.5,1065.0,1.221311475409836,-0.0102752293577981,-0.0008309867134101,-0.0008027673866824
2004-10-21,747.5,750.0,725.0,732.5,86.0,732.5,756.5,779.75,809.7,947.7,954.0875,False,False,False,False,False,False,False,False,False,False,False,0.0,0.0034129692832764,,,-0.1053924914675768,-0.2937883959044369,0.2286689419795221,0.5563139931740614,-0.0083007984242553,0.5094581596665598,947.5,1055.0,0.5771812080536913,-0.0096331974805482,0.0006420318772498,0.0004897970339369
2004-10-22,722.5,750.0,700.0,737.5,148.0,737.5,745.5,772.5,802.7,939.4,953.675,False,False,False,False,False,False,False,False,False,False,False,-0.0610169491525423,-0.0033898305084745,,,-0.088406779661017,-0.2737627118644067,0.2203389830508474,0.5050847457627119,-0.0088354268682138,0.515210355987055,932.5,987.5,1.7209302325581397,-0.0087205680827208,0.0009126293978274,-0.0005346284439584
2004-10-25,712.5,720.0,690.0,710.0,103.0,710.0,735.5,762.75,796.6,931.7,953.4,False,False,False,False,False,False,False,False,False,False,False,-0.0985915492957746,0.1267605633802817,,,-0.1219718309859155,-0.3122535211267606,0.2253521126760563,0.4894366197183099,-0.0082644628099172,0.5126188135037693,942.5,1012.5,0.6959459459459459,-0.0076575445643987,0.001063023518322,0.0005709640582965
2004-10-26,700.0,725.0,692.5,717.5,127.0,717.5,727.0,753.75,791.4,924.1666666666666,953.2875,False,False,False,False,False,False,False,False,False,False,False,-0.0627177700348432,0.1149825783972125,,,-0.1029965156794424,-0.2880371660859465,0.229965156794425,0.4912891986062718,-0.0081514878268711,0.5127694859038142,950.0,965.0,1.233009708737864,-0.0065706343189285,0.0010869102454701,0.0001129749830461
2004-10-27,720.0,732.5,700.0,707.5,101.0,707.5,721.0,743.0,786.1,917.1,952.875,False,False,False,False,False,False,False,False,False,True,False,0.0282685512367491,0.1307420494699646,,,-0.111095406360424,-0.2962544169611307,0.2826855123674912,0.4840989399293286,-0.007705448333515,0.5151413189771198,1075.0,975.0,0.7952755905511811,-0.0067421447652969,-0.0001715104463684,0.0004460394933561
2004-10-28,720.0,737.5,717.5,732.5,133.0,732.5,721.0,738.75,782.8,910.2666666666668,952.375,False,False,False,False,False,False,False,False,False,False,False,0.0034129692832764,0.1501706484641638,,,-0.0686689419795221,-0.2426848691695109,0.2013651877133105,0.4744027303754266,-0.0075069576680825,0.5096446700507614,990.0,930.0,1.316831683168317,-0.0042156361778232,0.0025265085874736,0.0001984906654324
2004-10-29,712.5,712.5,692.5,692.5,117.0,692.5,712.0,728.75,778.5,902.5,951.575,False,False,False,False,False,False,False,False,False,True,False,0.0613718411552346,0.2527075812274368,,,-0.1241877256317689,-0.3032490974729241,0.2815884476534296,0.5631768953068592,-0.0086057248384119,0.5176672384219554,970.0,817.5,0.8796992481203008,-0.0055234425176621,-0.0013078063398388,-0.0010987671703293
2004-11-01,687.5,687.5,625.0,640.0,211.0,640.0,698.0,716.75,770.3,894.1333333333333,950.65,False,False,False,False,False,False,False,False,False,True,False,0.25,0.3203125,,,-0.2035937499999999,-0.3970833333333333,0.54296875,0.7109375,-0.0093572919773337,0.5350540634809906,972.5,880.0,1.803418803418804,-0.0106452031675971,-0.0051217606499349,-0.0007515671389218
2004-11-02,640.0,722.5,627.5,672.5,157.0,672.5,689.0,708.0,765.2,886.6,949.8,False,False,False,False,False,False,False,False,False,False,False,0.1895910780669145,0.345724907063197,,,-0.1378438661710037,-0.318364312267658,0.4349442379182156,0.6468401486988847,-0.0084968794646213,0.5455508474576272,962.5,855.0,0.7440758293838863,-0.0066649242028226,0.0039802789647744,0.0008604125127123
2004-11-04,700.0,755.0,697.5,727.5,398.0,727.5,693.0,707.0,763.4,880.6,949.3375,False,False,False,False,False,False,False,False,False,False,False,0.0996563573883161,0.2886597938144329,,,-0.0493470790378006,-0.210446735395189,0.3505154639175257,0.5051546391752577,-0.0068135362253009,0.53995756718529,937.5,850.0,2.535031847133758,-0.0023578726748756,0.004307051527947,0.0016833432393204
2004-11-05,745.0,747.5,725.0,735.0,103.0,735.0,693.5,707.25,762.5,874.7666666666667,948.925,False,False,False,False,False,False,False,False,False,False,False,0.1462585034013605,0.2925170068027211,,,-0.0374149659863945,-0.1901587301587301,0.3095238095238095,0.5612244897959183,-0.006668444918645,0.5404736656062212,917.5,880.0,0.2587939698492462,-0.0011803278688524,0.0011775448060232,0.0001450913066559
2004-11-08,725.0,735.0,700.0,735.0,137.0,735.0,702.0,707.0,759.5,869.3,948.425,False,False,False,False,False,False,False,False,False,True,False,0.1802721088435374,0.2244897959183673,,,-0.0333333333333333,-0.1827210884353741,0.336734693877551,0.6020408163265306,-0.0062885846849956,0.5505657708628006,962.5,962.5,1.3300970873786409,-0.0039499670836076,-0.0027696392147552,0.0003798602336493
2004-11-09,725.0,807.5,725.0,800.0,401.0,800.0,734.0,716.0,757.6,864.8666666666667,948.2125,False,False,False,False,True,False,False,False,False,False,True,0.05625,0.090625,,,0.0529999999999999,-0.0810833333333333,0.2125,0.45,-0.0051260309874353,0.5453910614525139,962.5,1000.0,2.927007299270073,-0.002507919746568,0.0014420473370395,0.0011625536975602
2004-11-10,800.0,820.0,775.0,800.0,297.0,800.0,759.5,724.25,754.9,860.8666666666667,948.15,False,False,False,False,False,False,False,False,False,True,False,0.13125,0.075,,,0.056375,-0.0760833333333333,0.184375,0.446875,-0.0046464802911794,0.5398688298239558,955.0,1000.0,0.7406483790523691,-0.0035766326665784,-0.0010687129200103,0.0004795506962559
2004-11-11,805.0,827.5,785.0,800.0,212.0,800.0,774.0,733.5,753.4,857.3333333333334,948.075,False,False,False,False,False,False,False,False,False,False,False,0.171875,0.15,,,0.05825,-0.0716666666666667,0.21875,0.5,-0.0041213063763607,0.5408997955010225,947.5,965.0,0.7138047138047138,-0.0019909742500663,0.001585658416512,0.0005251739148186
2004-11-12,805.0,862.5,802.5,842.5,771.0,842.5,795.5,744.5,753.9,854.5,948.3125,False,False,False,False,False,False,True,False,False,False,False,0.1275964391691394,0.0682492581602373,,,0.1051632047477745,-0.0142433234421364,0.1810089020771513,0.4065281899109792,-0.0033157792081139,0.5322364002686367,927.5,920.0,3.6367924528301887,0.0006632179334129,0.0026541921834792,0.0008055271682468
2004-11-15,865.0,875.0,842.5,867.5,482.0,867.5,822.0,762.0,756.2,852.9,948.75,False,False,False,False,False,False,True,False,True,False,False,0.0374639769452449,0.0374639769452449,,,0.1282997118155619,0.0168299711815562,0.1440922190201729,0.3314121037463977,-0.001875952632196,0.5065616797900262,912.5,867.5,0.6251621271076524,0.0030415234065063,0.0023783054730933,0.0014398265759178
2004-11-16,862.5,862.5,835.0,845.0,208.0,845.0,831.0,782.5,757.7,850.6666666666666,948.95,False,False,False,False,False,False,True,False,False,True,False,0.0325443786982248,0.029585798816568,,,0.1033136094674555,-0.006706114398422,0.1479289940828402,0.4201183431952662,-0.0026253918495297,0.4805111821086262,862.5,850.0,0.4315352697095436,0.0019796753332453,-0.0010618480732609,-0.0007494392173337
2004-11-17,840.0,907.5,837.5,905.0,587.0,905.0,852.0,805.75,761.6,849.8666666666667,949.5375,False,False,False,False,False,False,True,False,False,False,False,-0.0497237569060773,-0.0248618784530386,,,0.1584530386740331,0.0609208103130754,0.0469613259668508,0.3204419889502762,-0.0009413241292751,0.4486503257834315,847.5,857.5,2.8221153846153846,0.0051207983193277,0.0031411229860823,0.0016840677202546
2004-11-18,910.0,962.5,910.0,937.5,886.0,937.5,879.5,826.75,766.5,849.3666666666667,950.3875,False,False,False,False,False,False,True,False,False,False,False,-0.0186666666666666,-0.032,,,0.1824,0.0940088888888888,0.0106666666666666,0.2746666666666666,-0.0005886739138966,0.4239491986694889,840.0,867.5,1.5093696763202726,0.0063926940639269,0.0012718957445992,0.0003526502153784
2004-11-19,950.0,962.5,940.0,950.0,439.0,950.0,901.0,848.25,773.5,849.6333333333333,951.325,False,False,False,False,False,False,True,True,False,False,False,-0.0526315789473684,-0.0736842105263157,,,0.1857894736842105,0.1056491228070175,-0.0026315789473684,0.2368421052631578,0.0003138608811644,0.3910993221338049,815.0,947.5,0.4954853273137697,0.0090497737556561,0.0026570796917291,0.000902534795061
2004-11-22,930.0,935.0,880.0,900.0,367.0,900.0,907.5,864.75,777.8,850.7333333333333,952.075,False,False,False,False,False,False,True,True,False,True,False,0.0,-0.0138888888888888,,,0.1357777777777778,0.0547407407407407,0.0805555555555555,0.275,0.0012930021158216,0.36108701936976,800.0,932.5,0.835990888382688,0.0055284134739006,-0.0035213602817554,0.0009791412346572
2004-11-24,882.5,882.5,832.5,872.5,284.0,872.5,913.0,872.0,782.3,850.6333333333333,952.8,False,False,False,False,False,False,True,False,False,False,False,-0.0028653295128939,0.1318051575931232,,,0.1033810888252149,0.025062082139446,0.1289398280802292,0.2893982808022922,-0.0001175594654963,0.3457568807339449,845.0,942.5,0.773841961852861,0.0057522689505304,0.0002238554766298,-0.0014105615813179
2004-11-25,865.0,865.0,840.0,860.0,165.0,860.0,904.0,878.0,786.3,850.7,953.625,False,False,False,False,False,False,True,True,False,True,False,0.0261627906976744,0.1220930232558139,,,0.0856976744186047,0.010813953488372,0.1424418604651162,0.2994186046511627,7.836683515542461e-05,0.332004555808656,800.0,950.0,0.5809859154929577,0.0050871168765102,-0.0006651520740202,0.0001959263006517
2004-11-26,860.0,920.0,842.5,920.0,329.0,920.0,900.5,890.0,793.6,851.6333333333333,954.8375,False,False,False,False,False,False,True,True,False,False,False,-0.0135869565217391,0.0679347826086956,,,0.137391304347826,0.0743115942028985,0.0652173913043478,0.2010869565217391,0.0010959333046302,0.3033707865168539,772.5,1075.0,1.993939393939394,0.0091985887096775,0.0041114718331672,0.0010175664694748
2004-11-29,910.0,915.0,867.5,900.0,224.0,900.0,890.5,895.75,800.3,851.9,955.7,False,False,False,False,False,False,True,True,False,True,False,-0.0222222222222222,0.0694444444444444,,,0.1107777777777778,0.0534444444444444,0.1277777777777777,0.2416666666666666,0.000313025785499,0.2874686017303935,757.5,990.0,0.6808510638297872,0.0083718605522928,-0.0008267281573846,-0.0007829075191311
2004-11-30,880.0,900.0,870.0,900.0,160.0,900.0,890.5,899.0,806.8,851.0666666666667,956.3125,False,False,False,False,False,False,True,False,False,True,False,-0.0138888888888888,0.0916666666666666,,,0.1035555555555556,0.0543703703703703,0.15,0.2,-0.0009791634027885,0.2744716351501668,810.0,970.0,0.7142857142857143,0.0080565195835399,-0.0003153409687528,-0.0012921891882876
2004-12-01,897.5,897.5,862.5,870.0,176.0,870.0,890.0,901.5,813.2,849.3333333333334,956.925,False,False,False,False,False,False,True,False,False,True,False,0.1350574712643678,0.1149425287356321,,,0.065287356321839,0.0237547892720306,0.1695402298850574,0.2126436781609195,-0.0020408163265306,0.254853022739878,847.5,972.5,1.1,0.0078701426463355,-0.0001863769372043,-0.001061652923742
2004-12-02,857.5,882.5,850.0,882.5,192.0,882.5,894.5,899.25,819.8,847.7666666666667,957.625,False,False,False,False,False,False,True,False,False,False,False,0.093484419263456,0.0736543909348441,,,0.0710481586402266,0.0393578847969783,0.1614730878186968,0.1699716713881019,-0.0018479927653049,0.23992215735335,867.5,962.5,1.0909090909090908,0.0080507440839227,0.0001806014375872,0.0001928235612256
2004-12-03,887.5,910.0,875.0,907.5,234.0,907.5,892.0,896.25,827.8,847.0,958.475,False,False,False,False,False,False,True,False,False,False,False,0.0826446280991735,0.0743801652892562,,,0.0878236914600551,0.0666666666666666,0.1157024793388429,0.1432506887052341,-0.0009051554506099,0.2264993026499302,837.5,937.5,1.21875,0.0096641700893935,0.0016134260054707,0.000942837314695
2004-12-06,907.5,907.5,877.5,880.0,118.0,880.0,888.0,889.25,833.7,846.4666666666667,959.25,False,False,False,False,False,False,True,False,False,True,False,0.09375,0.1306818181818181,,,0.0526136363636363,0.0381060606060605,0.2102272727272727,0.1363636363636363,-0.000630070095298,0.2164745572111329,830.0,917.5,0.5042735042735043,0.0070768861700852,-0.0025872839193083,0.0002750853553119
2004-12-07,902.5,902.5,875.0,887.5,232.0,887.5,885.5,888.0,841.5,846.7333333333333,960.1625,False,False,False,False,False,False,True,True,False,False,False,0.1070422535211267,0.1183098591549295,,,0.0518309859154929,0.0459342723004694,0.3014084507042253,0.0704225352112676,0.0003149358318242,0.1959459459459459,810.0,962.5,1.9661016949152543,0.0092691622103386,0.0021922760402533,0.0009450059271223
2004-12-08,900.0,987.5,892.5,987.5,1533.0,987.5,909.0,899.5,855.4,848.5666666666667,961.6625,True,True,False,False,False,False,True,True,False,False,True,-0.0177215189873417,-0.0177215189873417,,,0.1337721518987342,0.1406919831223628,0.1544303797468354,-0.0481012658227848,0.0021605059512118,0.160088938299055,807.5,962.5,6.607758620689655,0.0162497077390694,0.0069805455287307,0.0018455701193876
2004-12-09,975.0,975.0,937.5,965.0,562.0,965.0,925.5,910.0,867.1,850.0,963.1625,False,False,False,False,False,False,True,True,False,True,False,-0.0181347150259067,-0.0181347150259067,,,0.1014507772020725,0.1191709844559585,0.2098445595854922,0.0233160621761658,0.0016862745098038,0.1324175824175824,807.5,955.0,0.3666014350945857,0.0134932533733133,-0.002756454365756,-0.000474231441408
2004-12-10,960.0,1010.0,952.5,982.5,788.0,982.5,940.5,916.25,877.3,851.5333333333333,964.75,False,False,False,False,False,False,True,True,False,True,False,-0.0076335877862595,-0.0356234096692111,,,0.1070737913486005,0.1332994062765055,0.1552162849872773,0.0178117048346055,0.001800673295232,0.1132332878581173,815.0,947.5,1.402135231316726,0.0116265815570499,-0.0018666718162634,0.0001143987854282
2004-12-13,982.5,997.5,960.0,962.5,442.0,962.5,957.0,922.5,886.4,851.7333333333333,966.2,False,False,False,False,False,False,True,True,False,True,False,0.0337662337662337,-0.0155844155844155,,,0.079064935064935,0.115082251082251,0.1922077922077922,0.0493506493506493,0.0002348152786475,0.0940379403794038,775.0,927.5,0.5609137055837563,0.0102662454873646,-0.0013603360696853,-0.0015658580165845
2004-12-14,965.0,997.5,960.0,982.5,585.0,982.5,976.0,930.75,896.3,852.4,967.9,False,False,False,False,False,False,True,True,False,False,False,0.010178117048346,-0.010178117048346,,,0.087735368956743,0.1324173027989822,0.2569974554707379,0.0381679389312977,0.0007821054278116,0.077894171367177,792.5,912.5,1.3235294117647058,0.0110454089032689,0.0007791634159043,0.0005472901491641
2004-12-15,972.5,980.0,927.5,970.0,505.0,970.0,972.5,940.75,903.1,852.7666666666667,969.5,False,False,False,False,False,False,True,True,False,True,False,0.0,0.0154639175257731,,,0.0689690721649484,0.1208591065292096,0.2603092783505155,0.1211340206185567,0.0004299730289645,0.0698910443794844,760.0,862.5,0.8632478632478633,0.0075296201970989,-0.00351578870617,-0.000352132398847
2004-12-16,935.0,962.5,935.0,947.5,341.0,947.5,969.0,947.25,909.0,852.7333333333333,971.0625,False,False,False,False,False,False,True,False,False,True,False,0.0,0.0369393139841688,,,0.0406332453825857,0.1000175901495162,0.2796833773087071,0.1846965699208443,-3.908998514577009e-05,0.0720506730007917,760.0,847.5,0.6752475247524753,0.0064906490649064,-0.0010389711321924,-0.0004690630141103
2004-12-17,940.0,982.5,937.5,975.0,457.0,975.0,967.5,954.0,916.0,851.4,972.6375,False,False,False,False,False,False,True,False,False,False,False,-0.0282051282051282,0.0051282051282051,,,0.0605128205128205,0.1267692307692308,0.2051282051282051,0.1435897435897435,-0.001566048077676,0.0725890985324947,737.5,840.0,1.3401759530791788,0.0076419213973799,0.0011512723324734,-0.0015269580925302
2004-12-20,975.0,1015.0,970.0,995.0,904.0,995.0,974.0,965.5,922.1,851.4666666666667,974.3,False,False,False,False,False,False,True,True,False,True,False,-0.0477386934673366,0.0201005025125628,,,0.0732663316582914,0.1442546063651591,0.1758793969849246,0.100502512562814,7.829627309746287e-05,0.0696530295183842,732.5,815.0,1.9781181619256016,0.0066153345624119,-0.001026586834968,0.0016443443507734
2004-12-21,1000.0,1017.5,972.5,992.5,473.0,992.5,976.0,976.0,927.1,851.7666666666667,975.8875,False,False,False,False,False,False,True,True,False,True,False,-0.0201511335012594,0.0428211586901763,,,0.0658942065491183,0.1417968094038623,0.1838790931989924,0.1007556675062972,0.0003522091339568,0.0727459016393442,737.5,800.0,0.5232300884955752,0.0053931614712544,-0.0012221730911574,0.0002739128608593
2004-12-22,980.0,990.0,960.0,970.0,273.0,970.0,976.0,974.25,932.1,851.7333333333333,977.35,False,False,False,False,False,False,True,False,False,True,False,0.0154639175257731,0.0489690721649484,,,0.0390721649484535,0.1219243986254295,0.2628865979381443,0.1030927835051546,-3.9135879774541735e-05,0.0880164228894021,710.0,845.0,0.5771670190274841,0.0053642313056538,-2.893016560054969e-05,-0.0003913450137313
2004-12-24,952.5,965.0,925.0,947.5,349.0,947.5,976.0,972.5,933.8,851.5333333333333,978.7875,False,False,False,False,False,False,True,False,False,True,False,0.0369393139841688,0.0817941952506596,,,0.0144591029023747,0.1012840809146878,0.2717678100263852,0.1160949868073878,-0.0002348704298129,0.097172236503856,717.5,800.0,1.2783882783882785,0.0018205183122723,-0.0035437129933815,-0.0001957345500383
2004-12-27,935.0,947.5,900.0,947.5,324.0,947.5,970.5,969.0,934.2,851.6666666666666,980.2875,False,False,False,False,False,False,True,True,False,True,False,0.0343007915567282,0.0686015831134564,,,0.0140369393139841,0.1011433597185576,0.2612137203166227,0.0738786279683377,0.0001565557729941,0.1029411764705882,707.5,772.5,0.9283667621776504,0.0004281738385785,-0.0013923444736938,0.000391426202807
2004-12-28,932.5,947.5,925.0,947.5,142.0,947.5,961.0,967.5,934.1,852.0666666666667,981.675,False,False,False,False,False,False,False,True,False,True,False,0.0712401055408971,0.1240105540897097,,,0.0141424802110817,0.100721196130167,0.2506596306068601,0.100263852242744,0.000469446835146,0.1080103359173126,732.5,757.5,0.4382716049382716,-0.0001070549191735,-0.0005352287577521,0.0003128910621519
2004-12-29,950.0,977.5,947.5,972.5,433.0,972.5,957.0,966.5,937.0,852.2,983.0875,False,False,False,False,False,False,True,True,True,False,False,0.0642673521850899,0.1876606683804627,,,0.0365038560411311,0.1237017994858611,0.2082262210796915,0.0796915167095115,0.0001564577955096,0.1122607346094154,692.5,810.0,3.0492957746478875,0.003094983991462,0.0032020389106356,-0.0003129890396363
2004-12-30,960.0,997.5,960.0,985.0,305.0,985.0,960.0,968.0,941.5,852.5,984.3125,False,False,False,False,False,False,True,True,False,False,False,0.032994923857868,0.1573604060913705,,,0.0441624365482233,0.1345177664974619,0.1700507614213198,0.0558375634517766,0.0003519061583577,0.1056301652892562,640.0,847.5,0.7043879907621247,0.0047796070100902,0.0016846230186281,0.000195448362848
2005-01-04,970.0,985.0,952.5,982.5,100.0,982.5,967.0,971.5,946.4,852.8666666666667,985.275,False,False,False,False,False,False,True,True,False,False,False,0.0432569974554707,0.188295165394402,,,0.0367430025445292,0.1319423240033927,0.188295165394402,0.1552162849872773,0.0004299226139295,0.1029336078229542,672.5,867.5,0.3278688524590163,0.0051775147928993,0.0003979077828091,7.801645557178367e-05
2005-01-05,970.0,992.5,957.5,980.0,230.0,980.0,973.5,972.0,948.8,853.3,986.3125,False,False,False,False,False,False,True,True,False,True,False,0.0331632653061224,0.1581632653061224,,,0.0318367346938776,0.1292857142857143,0.173469387755102,0.1683673469387755,0.0005078323372006,0.1054526748971193,727.5,837.5,2.3,0.0025295109612141,-0.0026480038316852,7.790972327110813e-05
2005-01-06,972.5,1017.5,965.0,1015.0,1003.0,1015.0,987.0,974.0,953.4,854.4666666666667,987.6125,False,False,False,False,False,False,True,True,False,False,True,0.0492610837438423,0.1305418719211822,,,0.0606896551724138,0.1581609195402298,0.1231527093596059,0.1502463054187192,0.0013653741125069,0.1106262833675564,735.0,830.0,4.360869565217391,0.0048248374239563,0.0022953264627422,0.0008575417753063
2005-01-07,1040.0,1057.5,1012.5,1035.0,1839.0,1035.0,999.5,978.25,958.8,856.1,989.0375,False,False,False,False,False,False,True,True,False,False,False,0.1159420289855072,0.1932367149758454,,,0.0736231884057971,0.1728502415458937,0.072463768115942,0.1545893719806763,0.0019078768056691,0.1162790697674418,735.0,810.0,1.8334995014955136,0.0056320400500625,0.0008072026261061,0.0005425026931621
2005-01-11,1037.5,1050.0,1000.0,1017.5,645.0,1017.5,1006.0,983.0,964.7,858.1666666666666,990.5,False,False,False,False,False,False,True,True,False,False,False,0.1203931203931203,0.2014742014742014,,,0.0518918918918918,0.1565929565929566,0.0393120393120393,0.1621621621621621,0.0024082346086618,0.1223296032553408,800.0,807.5,0.3507340946166394,0.0061158909505546,0.0004838509004921,0.0005003578029926
2005-01-12,1007.5,1032.5,1002.5,1025.0,381.0,1025.0,1014.5,990.75,970.4,860.5333333333333,991.9875,False,False,False,False,False,False,True,True,False,True,False,0.1390243902439024,0.1829268292682926,,,0.0532682926829268,0.1604552845528455,0.0439024390243902,0.2097560975609756,0.0027502324140068,0.131970729245521,800.0,807.5,0.5906976744186047,0.0058738664468259,-0.0002420245037286,0.000341997805345
2005-01-13,1010.0,1025.0,1000.0,1012.5,301.0,1012.5,1021.0,997.25,974.6,862.8333333333334,993.425,False,False,False,False,False,False,True,True,False,True,False,0.1209876543209876,0.1604938271604938,,,0.037432098765432,0.1478189300411522,0.037037037037037,0.2419753086419753,0.0026656364689975,0.1486588117322637,800.0,815.0,0.7900262467191601,0.0043094602914016,-0.0015644061554243,-8.459594500925859e-05
2005-01-14,1010.0,1065.0,980.0,1065.0,943.0,1065.0,1031.0,1009.0,982.0,866.1666666666666,995.175,False,False,False,False,False,False,True,True,False,False,False,0.0774647887323943,0.0985915492957746,,,0.0779342723004694,0.186697965571205,0.0140845070422535,0.1619718309859155,0.0038483740619587,0.1546085232903865,842.5,775.0,3.132890365448505,0.0075356415478614,0.0032261812564598,0.0011827375929611
2005-01-17,1087.5,1187.5,1077.5,1155.0,3630.0,1155.0,1055.0,1027.25,992.7,870.9,997.4375,False,False,False,False,False,False,True,True,False,False,False,0.0692640692640692,0.0173160173160173,,,0.1405194805194805,0.2459740259740259,-0.0627705627705627,0.0541125541125541,0.0054349906227274,0.1504015575565831,867.5,792.5,3.849416755037116,0.0107786843960915,0.00324304284823,0.0015866165607687
2005-01-18,1142.5,1192.5,1100.0,1140.0,2082.0,1140.0,1079.5,1042.75,998.8,874.8333333333334,999.6375,False,False,False,False,False,False,True,True,False,True,False,0.0723684210526315,0.0745614035087719,,,0.123859649122807,0.2326023391812865,-0.0394736842105263,0.1140350877192982,0.0044960944941894,0.1553584272356749,845.0,760.0,0.5735537190082645,0.0061073287945533,-0.0046713556015381,-0.000938896128538
2005-01-19,1140.0,1175.0,1120.0,1167.5,691.0,1167.5,1108.0,1061.25,1006.9,879.7333333333333,1001.9875,False,False,False,False,False,False,True,True,False,False,False,0.038543897216274,0.032119914346895,,,0.137558886509636,0.246481084939329,-0.0513918629550321,0.1241970021413276,0.0055698696574719,0.1519434628975265,905.0,760.0,0.3318924111431316,0.0080444929983116,0.0019371642037583,0.0010737751632824
2005-01-20,1130.0,1162.5,1115.0,1135.0,320.0,1135.0,1132.5,1076.75,1013.0,884.5666666666667,1004.15,False,False,False,False,False,False,True,True,False,True,False,0.0352422907488986,0.052863436123348,,,0.1074889867841409,0.2206461086637297,-0.0352422907488986,0.2048458149779735,0.005464069035686,0.1560250754585558,937.5,737.5,0.4630969609261939,0.0060217176702863,-0.0020227753280253,-0.0001058006217858
2005-01-21,1122.5,1150.0,1112.5,1147.5,308.0,1147.5,1149.0,1090.0,1020.4,889.7666666666667,1006.125,False,False,False,False,False,False,True,True,False,False,False,0.0196078431372549,0.0326797385620915,,,0.1107625272331154,0.2246042120551924,0.0,0.0784313725490196,0.0058442288240361,0.148394495412844,950.0,732.5,0.9625,0.0072520580164641,0.0012303403461778,0.0003801597883501
2005-01-24,1172.5,1257.5,1162.5,1235.0,2576.0,1235.0,1165.0,1110.0,1030.5,895.4333333333333,1008.05,False,False,False,False,False,False,True,True,False,False,False,-0.048582995951417,-0.048582995951417,,,0.1655870445344129,0.2749527665317139,-0.0465587044534413,-0.0708502024291498,0.0063284071027062,0.1234234234234234,900.0,737.5,8.363636363636363,0.0098010674429888,0.0025490094265247,0.00048417827867
2005-01-25,1222.5,1267.5,1220.0,1222.5,1019.0,1222.5,1181.5,1130.5,1040.6,900.4333333333333,1009.5625,False,False,False,False,False,False,True,True,False,True,False,0.0020449897750511,-0.0572597137014314,,,0.1487934560327199,0.2634492160872529,-0.0511247443762781,0.0,0.0055528819457298,0.1065900044228217,872.5,710.0,0.3955745341614907,0.0097059388814144,-9.512856157438064e-05,-0.0007755251569764
2005-01-26,1210.0,1232.5,1190.0,1212.5,396.0,1212.5,1190.5,1149.25,1051.2,905.0333333333332,1010.6375,False,False,False,False,False,False,True,True,False,False,False,-0.0061855670103092,-0.0371134020618556,,,0.1330309278350515,0.2535807560137458,-0.045360824742268,0.0721649484536082,0.0050826857205995,0.0937567979116815,860.0,717.5,0.3886162904808636,0.0100837138508372,0.0003777749694227,-0.0004701962251303
2005-01-27,1212.5,1212.5,1157.5,1175.0,350.0,1175.0,1198.5,1165.5,1059.2,909.5333333333332,1011.675,False,False,False,False,False,False,True,True,False,True,False,0.0170212765957446,-0.0212765957446808,,,0.0985531914893616,0.2259290780141845,0.0212765957446808,0.0468085106382978,0.0049475921718097,0.0761475761475761,920.0,707.5,0.8838383838383839,0.0075528700906344,-0.0025308437602028,-0.0001350935487897
2005-01-28,1162.5,1200.0,1142.5,1170.0,320.0,1170.0,1203.0,1176.0,1066.2,914.0666666666668,1012.65,False,False,False,False,False,False,True,True,False,True,False,0.0128205128205128,-0.0256410256410256,,,0.0887179487179486,0.2187464387464386,0.0128205128205128,0.0427350427350427,0.0049595215520388,0.0650510204081632,900.0,732.5,0.9142857142857144,0.0065653723504033,-0.0009874977402311,1.1929380229128496e-05
2005-01-31,1170.0,1187.5,1142.5,1175.0,189.0,1175.0,1191.0,1178.0,1073.5,918.9333333333332,1013.9,False,False,False,False,False,False,True,True,False,False,False,0.0,-0.0553191489361702,,,0.0863829787234042,0.2179290780141845,-0.0170212765957446,-0.0106382978723404,0.0052959953569352,0.0585738539898132,900.0,692.5,0.590625,0.0068001863064741,0.0002348139560708,0.0003364738048963
2005-02-01,1200.0,1225.0,1187.5,1225.0,479.0,1225.0,1191.5,1186.5,1083.7,924.5,1015.3625,False,False,False,False,False,False,True,True,False,False,False,-0.0591836734693877,-0.136734693877551,,,0.1153469387755101,0.2453061224489796,-0.0204081632653061,-0.0612244897959183,0.0060212727600506,0.0408765276021913,870.0,640.0,2.5343915343915344,0.0094121989480483,0.0026120126415742,0.0007252774031154
2005-02-02,1212.5,1232.5,1202.5,1205.0,374.0,1205.0,1190.0,1190.25,1094.0,929.8,1016.5625,False,False,False,False,False,False,True,True,False,False,False,-0.0311203319502074,-0.1120331950207468,,,0.0921161825726141,0.2283817427385892,-0.0082987551867219,-0.0871369294605809,0.005700150570015,0.0197437513127494,882.5,672.5,0.7807933194154488,0.0094149908592321,2.7919111837380883e-06,-0.0003211221900356
2005-02-03,1205.0,1217.5,1180.0,1195.0,393.0,1195.0,1194.0,1196.25,1103.9,934.8666666666668,1017.9,False,False,False,False,False,False,True,True,False,True,False,-0.0376569037656903,-0.1213389121338912,,,0.0762343096234308,0.2176847977684796,0.0,-0.1087866108786611,0.0054196676887971,-0.0106583072100313,907.5,727.5,1.0508021390374331,0.0089682036416342,-0.0004467872175978,-0.0002804828812178
2005-02-04,1197.5,1200.0,1175.0,1185.0,280.0,1185.0,1197.0,1200.0,1113.4,940.3333333333334,1018.725,False,False,False,False,False,False,True,True,False,True,False,-0.0379746835443038,-0.0886075949367088,,,0.0604219409282699,0.2064697609001406,-0.0084388185654008,-0.0337552742616033,0.0058135412974121,-0.0214583333333333,880.0,735.0,0.712468193384224,0.0085324232081911,-0.0004357804334431,0.000393873608615
2005-02-07,1185.0,1185.0,1150.0,1175.0,237.0,1175.0,1197.0,1194.0,1121.5,945.4333333333332,1019.05,False,False,False,False,False,False,True,True,False,True,False,-0.0553191489361702,-0.0787234042553191,,,0.045531914893617,0.1953758865248228,-0.0234042553191489,-0.002127659574468,0.0053943517963541,-0.0144472361809045,887.5,735.0,0.8464285714285714,0.0072224699063753,-0.0013099533018158,-0.0004191895010579
2005-02-08,1137.5,1170.0,1137.5,1152.5,255.0,1152.5,1182.5,1187.0,1128.2,950.6666666666666,1019.0625,False,False,False,False,False,False,True,True,False,True,False,-0.0824295010845987,-0.0498915401301518,,,0.0210845986984815,0.1751265365148228,-0.0238611713665943,-0.0108459869848156,0.0055049088359047,-0.0155855096882898,987.5,800.0,1.0759493670886076,0.0059386633575607,-0.0012838065488145,0.0001105570395505
2005-02-09,1165.0,1167.5,1130.0,1167.5,266.0,1167.5,1175.0,1182.5,1135.6,956.1,1019.4,False,False,False,False,False,False,True,True,False,False,False,-0.0835117773019272,-0.0513918629550321,,,0.0273233404710921,0.1810706638115631,-0.0428265524625267,0.0492505353319057,0.0056828086322909,-0.0181818181818181,965.0,800.0,1.0431372549019609,0.0065163790066923,0.0005777156491316,0.0001778997963862
2005-02-10,1142.5,1162.5,1132.5,1150.0,280.0,1150.0,1166.0,1180.0,1142.4,961.6,1019.025,False,False,False,False,False,False,True,True,False,True,False,-0.0869565217391304,-0.0478260869565217,,,0.0066086956521738,0.1638260869565217,-0.0391304347826087,0.0695652173913043,0.0057196339434276,-0.0161016949152542,982.5,800.0,1.0526315789473684,0.0059523809523811,-0.0005639980543112,3.6825311136653646e-05
2005-02-14,1152.5,1162.5,1137.5,1140.0,207.0,1140.0,1157.0,1177.0,1147.4,967.0333333333332,1018.725,False,False,False,False,False,False,True,True,False,True,False,-0.0526315789473684,0.006578947368421,,,-0.0064912280701755,0.1517251461988305,-0.0197368421052631,0.0592105263157894,0.0056185584778185,-0.0146559048428207,962.5,842.5,0.7392857142857143,0.0043576782290395,-0.0015947027233415,-0.000101075465609
2005-02-15,1127.5,1137.5,1102.5,1110.0,254.0,1110.0,1144.0,1170.5,1150.4,972.0,1018.6625,False,False,False,False,False,False,True,True,False,True,False,-0.0247747747747747,0.0608108108108108,,,-0.0363963963963964,0.1243243243243243,-0.027027027027027,0.0765765765765765,0.0051097393689987,-0.0064075181546347,982.5,867.5,1.2270531400966185,0.0026077885952712,-0.0017498896337683,-0.0005088191088198
2005-02-16,1085.0,1095.0,1025.0,1057.5,402.0,1057.5,1125.0,1153.75,1152.0,976.6333333333332,1018.5625,False,False,False,False,False,False,True,True,False,True,False,0.0354609929078014,0.0969267139479905,,,-0.0893617021276595,0.0764696611505123,-0.0023640661938534,0.1371158392434988,0.004744189221475,0.0125677139761646,970.0,845.0,1.5826771653543308,0.0013888888888888,-0.0012188997063823,-0.0003655501475237
2005-02-17,1032.5,1087.5,1032.5,1070.0,227.0,1070.0,1105.5,1140.25,1153.8,981.3333333333334,1018.5375,False,False,False,False,False,False,True,True,False,False,False,0.0350467289719626,0.0817757009345794,,,-0.0783177570093457,0.0828660436137071,-0.0350467289719626,0.0911214953271028,0.0047894021739132,0.0304757728568296,947.5,905.0,0.5646766169154229,0.001560062402496,0.0001711735136072,4.521295243819362e-05
2005-02-18,1072.5,1075.0,1040.0,1050.0,205.0,1050.0,1085.5,1125.75,1155.3,985.9,1018.175,False,False,False,False,False,False,True,True,False,True,False,0.0428571428571428,0.1428571428571428,,,-0.1002857142857142,0.061047619047619,-0.0119047619047619,0.1214285714285714,0.0046319775501233,0.0537419498112369,975.0,937.5,0.9030837004405288,0.0012983640612827,-0.0002616983412132,-0.0001574246237898
2005-02-21,1050.0,1095.0,1050.0,1080.0,298.0,1080.0,1073.5,1115.25,1155.9,990.5333333333332,1018.125,False,False,False,False,False,False,True,True,False,True,False,0.0625,0.0972222222222222,,,-0.0702777777777778,0.0828395061728396,-0.074074074074074,0.074074074074074,0.0046776147529948,0.06500784577449,995.0,950.0,1.4536585365853658,0.0005190760446406,-0.0007792880166421,4.5637202871552304e-05
2005-02-22,1055.0,1085.0,1050.0,1082.5,450.0,1082.5,1068.0,1106.0,1153.0,995.7333333333332,1018.15,False,False,False,False,False,False,False,True,False,True,False,0.0877598152424942,0.0669745958429561,,,-0.0651270207852194,0.0801539645881448,-0.1224018475750577,0.0785219399538106,0.0052222817354044,0.0734629294755877,992.5,900.0,1.5100671140939597,-0.0025151777970512,-0.0030342538416919,0.0005446669824095
2005-02-23,1072.5,1102.5,1052.5,1095.0,216.0,1095.0,1075.5,1100.25,1151.2,1001.8,1018.1375,False,False,False,False,False,False,False,True,False,False,False,0.0593607305936073,0.0958904109589041,,,-0.051324200913242,0.0851141552511415,-0.1415525114155251,0.0844748858447488,0.0060557662873494,0.0833901386048625,970.0,872.5,0.48,-0.0015635858234884,0.0009515919735627,0.000833484551945
2005-02-24,1097.5,1110.0,1090.0,1107.5,322.0,1107.5,1083.0,1094.25,1148.8,1007.6,1018.1875,False,False,False,False,False,False,False,True,False,True,False,0.0451467268623024,0.0790067720090293,,,-0.0372911963882618,0.0902031602708803,-0.1083521444695259,0.110609480812641,0.0057562524811433,0.0897875257025359,947.5,860.0,1.4907407407407407,-0.0020891364902507,-0.0005255506667622,-0.0002995138062061
2005-02-25,1115.0,1120.0,1087.5,1095.0,169.0,1095.0,1092.0,1088.75,1147.2,1012.5,1017.9625,False,False,False,False,False,False,False,True,False,False,False,0.0958904109589041,0.091324200913242,,,-0.0476712328767123,0.0753424657534246,-0.0867579908675799,0.1187214611872146,0.0048395061728394,0.0948335246842709,947.5,920.0,0.5248447204968945,-0.0013947001394699,0.0006944363507808,-0.0009167463083038
2005-02-28,1087.5,1152.5,1075.0,1147.5,385.0,1147.5,1105.5,1089.5,1147.2,1018.0,1017.5875,False,False,False,False,True,False,False,True,False,False,False,0.0326797385620915,0.0239651416122004,,,0.0002614379084966,0.1128540305010893,-0.1198257080610021,0.0217864923747276,0.0054027504911591,0.0908673703533731,947.5,900.0,2.2781065088757395,0.0,0.0013947001394699,0.0005632443183196
2005-03-01,1185.0,1190.0,1162.5,1177.5,527.0,1177.5,1124.5,1096.25,1144.9,1023.9,1017.9875,False,False,False,False,False,False,False,True,False,True,True,-0.019108280254777,-0.0254777070063694,,,0.0276857749469213,0.1304458598726114,-0.1337579617834395,0.0021231422505307,0.0057622814728,0.082782212086659,972.5,900.0,1.3688311688311687,-0.0020089090750283,-0.0020089090750283,0.0003595309816409
2005-03-02,1165.0,1180.0,1140.0,1160.0,284.0,1160.0,1137.5,1106.5,1142.4,1028.7,1018.8375,False,False,False,False,False,False,False,True,False,True,False,0.0344827586206896,-0.0301724137931034,,,0.0151724137931033,0.1131896551724137,-0.0625,0.0129310344827586,0.0046660834062409,0.070266606416629,985.0,870.0,0.538899430740038,-0.00218837535014,-0.0001794662751117,-0.0010961980665591
2005-03-03,1162.5,1175.0,1152.5,1157.5,194.0,1157.5,1147.5,1115.25,1140.2,1033.4666666666667,1019.05,False,False,False,False,False,False,False,True,False,False,False,0.0323974082073434,-0.0345572354211663,,,0.0149460043196543,0.1071562275017998,-0.0302375809935205,0.0021598272138228,0.0046123080892787,0.0611970410221923,982.5,882.5,0.6830985915492958,-0.001929486055078,0.0002588892950619,-5.377531696216468e-05
2005-03-04,1175.0,1217.5,1157.5,1200.0,1212.0,1200.0,1168.5,1130.25,1141.2,1038.8,1019.425,False,False,False,False,False,False,True,True,False,False,False,-0.0041666666666666,-0.0791666666666666,,,0.0489999999999999,0.1343333333333333,-0.0708333333333333,-0.0625,0.0051341291233473,0.0424684804246848,980.0,907.5,6.247422680412371,0.0008762705923589,0.002805756647437,0.0005218210340685
2005-03-07,1212.5,1217.5,1170.0,1185.0,356.0,1185.0,1176.0,1140.75,1141.8,1043.3666666666666,1019.975,False,False,False,False,False,False,True,True,False,True,False,-0.0084388185654008,-0.0569620253164556,,,0.0364556962025316,0.119521800281294,-0.0759493670886076,-0.0886075949367088,0.0043768569694258,0.0258601797063335,1015.0,880.0,0.2937293729372937,0.0005254860746189,-0.0003507845177399,-0.0007572721539215
2005-03-08,1185.0,1185.0,1150.0,1155.0,110.0,1155.0,1171.5,1148.0,1141.0,1047.2,1020.9375,False,False,False,False,False,False,False,True,False,True,False,-0.0064935064935064,-0.0649350649350649,,,0.0121212121212121,0.0933333333333333,-0.0541125541125541,-0.0606060606060606,0.0036605551311435,0.0121951219512195,1035.0,887.5,0.3089887640449438,-0.000701139351446,-0.001226625426065,-0.0007163018382823
2005-03-09,1157.5,1205.0,1152.5,1200.0,376.0,1200.0,1179.5,1158.5,1140.0,1051.9333333333334,1021.6125,False,False,False,False,False,False,False,True,False,True,False,-0.0625,-0.1208333333333333,,,0.05,0.1233888888888888,-0.1083333333333333,-0.09375,0.0044996514354521,-0.0056107034958998,1017.5,987.5,3.418181818181818,-0.0008771929824561,-0.00017605363101,0.0008390963043086
2005-03-10,1185.0,1205.0,1180.0,1195.0,265.0,1195.0,1187.0,1167.25,1139.6,1055.8,1022.2125,False,False,False,False,False,False,False,True,False,False,False,-0.0648535564853556,-0.1359832635983263,,,0.0463598326359833,0.1164853556485356,-0.1150627615062761,-0.0878661087866108,0.0036623097808927,-0.0250588991218676,1025.0,965.0,0.7047872340425532,-0.0003510003510004,0.0005261926314557,-0.0008373416545594
2005-03-11,1205.0,1205.0,1175.0,1195.0,181.0,1195.0,1186.0,1177.25,1139.6,1059.2333333333331,1023.05,False,False,False,False,False,False,False,True,False,False,False,-0.0753138075313807,-0.1317991631799163,,,0.0463598326359833,0.1136122733612275,-0.1485355648535564,-0.0585774058577405,0.0032413380747079,-0.0418347844552983,1012.5,982.5,0.6830188679245283,0.0,0.0003510003510004,-0.0004209717061847
2005-03-14,1187.5,1195.0,1170.0,1175.0,161.0,1175.0,1184.0,1180.0,1139.2,1062.2333333333331,1023.1625,False,False,False,False,False,False,False,True,False,True,False,-0.0489361702127659,-0.1489361702127659,,,0.0304680851063829,0.0959716312056739,-0.1127659574468085,-0.0191489361702127,0.0028242382401857,-0.0457627118644067,1065.0,962.5,0.8895027624309392,-0.0003511235955054,-0.0003511235955054,-0.0004170998345221
2005-03-15,1170.0,1175.0,1137.5,1147.5,212.0,1147.5,1182.5,1177.0,1138.1,1065.5333333333333,1022.5125,False,False,False,False,False,False,False,True,False,True,False,-0.0588235294117647,-0.1721132897603486,,,0.0081917211328976,0.0714306463326071,-0.0849673202614379,-0.0196078431372549,0.0030970406056436,-0.0480033984706881,1155.0,982.5,1.3167701863354038,-0.0009665231526229,-0.0006153995571174,0.0002728023654578
2005-03-16,1125.0,1147.5,1102.5,1125.0,185.0,1125.0,1167.5,1173.5,1137.0,1068.9,1021.8,False,False,False,False,False,True,False,True,False,True,False,-0.0622222222222222,-0.1644444444444444,,,-0.0106666666666666,0.0498666666666665,-0.0755555555555555,0.0511111111111111,0.0031496554089875,-0.0445249254367277,1140.0,970.0,0.8726415094339622,-0.0009674582233948,-9.350707719065408e-07,5.261480334387871e-05
2005-03-17,1125.0,1125.0,1100.0,1117.5,112.0,1117.5,1152.0,1169.5,1135.0,1072.3333333333333,1021.1375,False,False,False,False,False,False,False,True,False,True,False,-0.076062639821029,-0.116331096196868,,,-0.0156599552572706,0.0404175988068606,0.0156599552572706,0.0536912751677852,0.0032017407522534,-0.0397605814450619,1167.5,947.5,0.6054054054054054,-0.0017621145374449,-0.0007946563140501,5.208534326595158e-05
2005-03-18,1097.5,1135.0,1095.0,1105.0,141.0,1105.0,1134.0,1160.0,1133.2,1074.8,1020.6375,False,False,False,False,False,False,False,True,False,False,False,-0.0610859728506787,-0.0950226244343891,,,-0.0255203619909502,0.0273303167420814,0.0361990950226244,0.0520361990950226,0.0022950006202704,-0.0286637931034482,1135.0,975.0,1.2589285714285714,-0.0015884221673137,0.0001736923701311,-0.000906740131983
2005-03-22,1100.0,1122.5,1095.0,1117.5,114.0,1117.5,1122.5,1153.25,1132.3,1077.7,1020.1125,False,False,False,False,False,False,False,True,False,False,False,-0.105145413870246,-0.0961968680089485,,,-0.0132438478747203,0.0356152125279641,0.0447427293064877,0.0693512304250559,0.0026909158392874,-0.0130067201387383,1147.5,995.0,0.8085106382978723,-0.000794842356266,0.0007935798110476,0.0003959152190169
2005-03-23,1095.0,1095.0,1070.0,1080.0,231.0,1080.0,1109.0,1145.75,1131.1,1080.1,1019.4625,False,False,False,False,False,False,False,True,False,True,False,-0.1203703703703703,-0.0555555555555555,,,-0.0473148148148147,-9.25925925925084e-05,0.1064814814814814,0.1412037037037037,0.0022220164799554,0.0063277329260309,1235.0,992.5,2.026315789473684,-0.001060914154363,-0.0002660717980969,-0.000468899359332
2005-03-24,1067.5,1080.0,1042.5,1055.0,250.0,1055.0,1095.0,1131.25,1131.0,1082.5666666666666,1018.35,False,False,False,False,False,False,False,True,False,False,False,-0.1090047393364928,0.0308056872037914,,,-0.0720379146919431,-0.0261295418641389,0.1208530805687203,0.2085308056872037,0.0022785355790251,0.0358011049723756,1222.5,970.0,1.0822510822510822,-8.841732979655972e-05,0.0009724968245664,5.651909906975077e-05
2005-03-25,1065.0,1065.0,1010.0,1032.5,332.0,1032.5,1078.0,1115.0,1129.5,1084.5666666666666,1016.9125,False,False,False,False,False,False,False,True,False,True,False,-0.0435835351089588,0.0871670702179176,,,-0.0939467312348668,-0.0504277643260693,0.2009685230024213,0.2832929782082324,0.001844054461075,0.0719730941704035,1212.5,947.5,1.328,-0.0013280212483399,-0.0012396039185434,-0.0004344811179501
2005-03-28,1032.5,1045.0,970.0,1037.5,323.0,1037.5,1064.5,1099.25,1129.0,1086.3,1015.575,False,False,False,False,False,False,False,True,False,False,False,-0.036144578313253,0.0746987951807229,,,-0.0881927710843373,-0.0470361445783132,0.2120481927710843,0.3132530120481928,0.0015956304274448,0.1089379122128724,1175.0,947.5,0.9728915662650602,-0.0004428697962798,0.00088515145206,-0.0002484240336302
2005-03-29,1042.5,1060.0,1000.0,1000.0,423.0,1000.0,1041.0,1081.75,1125.8,1087.9,1014.075,False,False,False,False,False,False,False,True,False,True,False,0.01,0.095,,,-0.1257999999999999,-0.0879,0.2375,0.3675,0.0014707234120784,0.1467529466142824,1170.0,947.5,1.3095975232198145,-0.0028424231657488,-0.0023995533694689,-0.0001249070153664
2005-03-30,1000.0,1000.0,937.5,950.0,554.0,950.0,1015.0,1062.0,1120.5,1088.7333333333331,1012.3,False,False,False,False,False,False,False,True,False,True,False,0.0736842105263157,0.15,,,-0.1794736842105263,-0.146035087719298,0.281578947368421,0.4236842105263158,0.0007654154675154,0.1895009416195857,1175.0,972.5,1.309692671394799,-0.0047300312360552,-0.0018876080703064,-0.0007053079445629
2005-03-31,942.5,960.0,937.5,940.0,363.0,940.0,992.0,1043.5,1114.3,1088.1,1010.575,False,False,False,False,False,False,False,False,False,True,False,0.1569148936170212,0.1382978723404255,,,-0.1854255319148935,-0.1575531914893616,0.351063829787234,0.4015957446808511,-0.000582054345495,0.2235265931959751,1225.0,985.0,0.6552346570397112,-0.0055640312303688,-0.0008339999943135,-0.0013474698130105
2005-04-01,945.0,990.0,945.0,987.5,798.0,987.5,983.0,1030.5,1109.5,1088.4,1009.25,False,False,False,False,False,False,False,True,False,False,False,0.1367088607594936,0.070886075949367,,,-0.1235443037974683,-0.1021772151898735,0.3291139240506329,0.3873417721518987,0.0002756339581038,0.2576419213973799,1205.0,982.5,2.1983471074380163,-0.0043262730959891,0.0012377581343797,0.0008576883035988
2005-04-04,982.5,1012.5,982.5,1000.0,401.0,1000.0,975.5,1020.0,1105.7,1088.6333333333334,1007.9125,False,False,False,False,False,False,False,True,False,False,False,0.115,0.0175,,,-0.1057,-0.0886333333333334,0.3675,0.3625,0.0002143360176368,0.2901960784313726,1195.0,980.0,0.5025062656641605,-0.0034367369087455,0.0008895361872435,-6.129794046699923e-05
2005-04-05,1012.5,1017.5,990.0,1010.0,432.0,1010.0,977.5,1009.25,1100.2,1089.2666666666669,1006.6,False,False,False,False,False,False,False,True,False,True,False,0.0841584158415841,0.0321782178217821,,,-0.0893069306930693,-0.0784818481848187,0.2252475247524752,0.3118811881188119,0.0005814309321256,0.3168194203616546,1185.0,1015.0,1.0773067331670825,-0.0049990910743501,-0.0015623541656045,0.0003670949144888
2005-04-06,1015.0,1040.0,992.5,1020.0,461.0,1020.0,991.5,1003.25,1093.9,1089.7666666666669,1005.4625,False,False,False,False,False,False,False,True,False,True,False,0.071078431372549,0.0294117647058823,,,-0.0724509803921569,-0.0683986928104577,0.125,0.3308823529411764,0.0004588138133545,0.3371542486917518,1175.0,1035.0,1.0671296296296295,-0.0057592101654629,-0.0007601190911128,-0.0001226171187711
2005-04-07,1020.0,1115.0,1020.0,1087.5,1981.0,1087.5,1021.0,1006.5,1091.0,1091.3333333333333,1004.3875,False,False,True,False,False,False,False,True,False,False,True,-0.0160919540229885,-0.0436781609195402,,,-0.0032183908045977,-0.0035249042145593,0.1241379310344827,0.2367816091954023,0.0014355528405617,0.3397913561847988,1152.5,1017.5,4.297180043383948,-0.0026581118240147,0.0031010983414482,0.0009767390272071
2005-04-08,1100.0,1135.0,1100.0,1122.5,1521.0,1122.5,1048.0,1015.5,1089.6,1093.6666666666667,1003.5,False,False,False,False,True,False,False,True,False,False,False,-0.0579064587973273,0.0111358574610244,,,0.0293095768374165,0.0256867112100964,0.1581291759465478,0.1915367483296214,0.0021334958854009,0.3291482028557361,1167.5,1025.0,0.767794043412418,-0.0012848751835536,0.001373236640461,0.0006979430448391
2005-04-11,1125.0,1125.0,1087.5,1115.0,506.0,1115.0,1071.0,1023.25,1086.2,1095.5333333333333,1002.525,False,False,False,False,False,False,False,True,False,True,False,-0.0874439461883408,0.0269058295964125,,,0.025829596412556,0.0174588938714499,0.1031390134529148,0.2376681614349775,0.0017038885170083,0.3207915954067921,1150.0,1012.5,0.3326758711374096,-0.0031301786043084,-0.0018453034207547,-0.0004296073683925
2005-04-12,1090.0,1100.0,1075.0,1095.0,391.0,1095.0,1088.0,1032.75,1082.6,1096.8666666666666,1001.6625,False,False,False,False,False,False,False,True,False,True,False,-0.047945205479452,0.0662100456621004,,,0.011324200913242,-0.001704718417047,0.1141552511415525,0.2831050228310502,0.0012155837841122,0.3122730573710965,1140.0,1065.0,0.7727272727272727,-0.0033253279142805,-0.000195149309972,-0.0004883047328961
2005-04-13,1100.0,1102.5,1090.0,1092.5,263.0,1092.5,1102.5,1047.0,1080.1,1098.2,1000.675,False,False,False,False,False,False,False,True,False,False,False,-0.0389016018306636,0.0938215102974828,,,0.011350114416476,-0.0052173913043478,0.0640732265446224,0.2425629290617849,0.0012141079341954,0.2948901623686724,1110.0,1155.0,0.6726342710997443,-0.0023146004999537,0.0010107274143268,-1.4758499167629672e-06
2005-04-14,1087.5,1087.5,1055.0,1070.0,151.0,1070.0,1099.0,1060.0,1074.9,1099.5333333333333,999.525,False,False,False,False,False,True,False,True,False,True,False,-0.02803738317757,0.1051401869158878,,,-0.0045794392523365,-0.0276012461059189,0.0747663551401869,0.2266355140186916,0.0012126356636147,0.2785377358490566,1057.5,1140.0,0.5741444866920152,-0.0048376593171456,-0.0025230588171919,-1.4722705806899904e-06
2005-04-15,1045.0,1087.5,1025.0,1057.5,260.0,1057.5,1086.0,1067.0,1069.4,1101.0,998.5125,False,False,False,False,False,False,False,True,False,True,False,0.0732860520094562,0.1725768321513002,,,-0.0112529550827424,-0.0411347517730496,0.0401891252955082,0.2364066193853428,0.0013321223130487,0.2642924086223055,1070.0,1167.5,1.7218543046357615,-0.0051430708808677,-0.0003054115637221,0.0001194866494339
2005-04-18,1025.0,1050.0,1017.5,1017.5,358.0,1017.5,1066.5,1068.75,1062.3,1101.9333333333334,997.375,False,False,False,False,False,False,False,True,False,True,False,0.1253071253071253,0.2358722358722358,,,-0.0440294840294839,-0.082981162981163,0.0466830466830466,0.2874692874692874,0.0008469961885172,0.2573099415204678,1050.0,1135.0,1.376923076923077,-0.0066836110326651,-0.0015405401517973,-0.0004851261245315
2005-04-19,1025.0,1050.0,1025.0,1042.5,240.0,1042.5,1056.0,1072.0,1057.0,1103.2,996.3375,False,False,False,False,False,False,False,True,False,False,False,0.1199040767386091,0.1870503597122302,,,-0.0139088729016786,-0.0582254196642686,0.0983213429256594,0.2805755395683453,0.001148175006043,0.2544309701492537,1080.0,1147.5,0.6703910614525139,-0.0050141911069062,0.0016694199257588,0.0003011788175258
2005-04-20,1087.5,1087.5,1035.0,1050.0,234.0,1050.0,1047.5,1075.0,1053.1,1104.2333333333331,995.375,False,False,False,False,False,False,False,True,False,False,False,0.1380952380952381,0.1595238095238095,,,-0.0029523809523808,-0.0516507936507934,0.1166666666666666,0.2642857142857143,0.0009357925559209,0.2481395348837209,1082.5,1235.0,0.975,-0.0037033520083563,0.0013108390985499,-0.000212382450122
2005-04-21,1012.5,1040.0,1012.5,1040.0,94.0,1040.0,1041.5,1070.25,1049.7,1104.9666666666667,994.2125,False,False,False,False,False,False,False,True,False,False,False,0.1370192307692307,0.2211538461538461,,,-0.0093269230769231,-0.0624679487179487,0.0961538461538461,0.2908653846153846,0.000663670095629,0.2534454566690026,1095.0,1222.5,0.4017094017094017,-0.0032390206725729,0.0004643313357833,-0.0002721224602918
2005-04-22,1075.0,1145.0,1062.5,1135.0,1550.0,1135.0,1057.0,1071.5,1050.4,1107.0,993.2,False,False,False,False,True,False,True,True,False,False,False,0.092511013215859,0.1563876651982378,,,0.0745374449339206,0.024669603524229,0.079295154185022,0.2026431718061674,0.0018367961457392,0.2545496966868875,1107.5,1212.5,16.48936170212766,0.0006664127951257,0.0039054334676986,0.0011731260501101
2005-04-25,1125.0,1150.0,1077.5,1145.0,419.0,1145.0,1082.5,1074.5,1052.0,1109.2,992.0875,False,False,False,False,False,False,True,True,True,False,False,0.0982532751091703,0.1943231441048035,,,0.0812227074235807,0.0312663755458514,0.074235807860262,0.1899563318777292,0.0019834114677245,0.2494183341088878,1095.0,1175.0,0.2703225806451613,0.0015209125475284,0.0008544997524027,0.0001466153219853
2005-04-26,1162.5,1190.0,1160.0,1167.5,1359.0,1167.5,1107.5,1081.75,1054.0,1111.2333333333331,991.3125,False,False,False,False,False,False,True,True,False,False,False,0.0599571734475374,0.0599571734475374,,,0.0972162740899357,0.0481941470378303,0.0342612419700214,0.1862955032119914,0.0018297987221403,0.2391957476311532,1147.5,1170.0,3.243436754176611,0.0018975332068311,0.0003766206593026,-0.0001536127455841
2005-04-27,1155.0,1195.0,1145.0,1195.0,615.0,1195.0,1136.5,1092.0,1058.6,1113.3666666666666,990.4875,False,False,False,False,False,False,True,True,False,False,False,0.0188284518828451,-0.0397489539748954,,,0.114142259414226,0.0683124128312413,0.0,0.1694560669456067,0.001916110296099,0.2312271062271062,1177.5,1175.0,0.4525386313465783,0.0043453617986018,0.0024478285917707,8.631157395868152e-05
2005-04-28,1187.5,1210.0,1172.5,1182.5,565.0,1182.5,1165.0,1103.25,1063.7,1115.5666666666666,989.9625,False,False,False,False,False,False,True,True,False,False,False,0.0739957716701902,0.0338266384778012,,,0.1004651162790697,0.0566032417195208,0.0169133192389006,0.2219873150105708,0.0019720919114351,0.2306820756854747,1160.0,1225.0,0.91869918699187,0.0047945849393627,0.0004492231407608,5.598161533617143e-05
2005-05-02,1195.0,1245.0,1167.5,1240.0,1217.0,1240.0,1186.0,1121.5,1072.0,1118.4333333333334,989.75,False,False,False,False,False,False,True,True,False,False,False,0.0584677419354838,0.0483870967741935,,,0.1354838709677419,0.0980376344086021,-0.0584677419354838,0.1411290322580645,0.0025631091109588,0.2202407489968791,1157.5,1205.0,2.153982300884956,0.0077425373134327,0.00294795237407,0.0005910171995237
2005-05-06,1240.0,1262.5,1217.5,1257.5,1216.0,1257.5,1208.5,1145.5,1080.8,1121.7,989.85,False,False,False,False,False,False,True,True,False,False,False,0.0874751491053678,-0.0218687872763419,,,0.1405168986083499,0.1079920477137176,-0.0636182902584493,0.1013916500994035,0.0029122462928293,0.2012221737232649,1200.0,1195.0,0.9991783073130648,0.008142116950407,0.0003995796369742,0.0003491371818704
2005-05-09,1257.5,1272.5,1225.0,1237.5,527.0,1237.5,1222.5,1165.0,1090.3,1124.0,989.8125,False,False,False,False,False,False,True,True,False,False,False,0.0,-0.0141414141414141,,,0.1189494949494949,0.0917171717171717,-0.0626262626262626,0.101010101010101,0.0020462633451956,0.1834763948497854,1185.0,1185.0,0.4333881578947368,0.0087131982023296,0.0005710812519225,-0.0008659829476336
2005-05-10,1235.0,1237.5,1200.0,1217.5,380.0,1217.5,1227.0,1181.75,1101.0,1124.8333333333333,989.525,False,False,False,False,False,False,True,True,False,False,False,-0.0574948665297741,-0.0451745379876796,,,0.0956878850102669,0.0761122518822724,-0.0410677618069815,0.108829568788501,0.0007408504963697,0.1686058811085254,1155.0,1175.0,0.7210626185958254,0.0097184377838329,0.0010052395815032,-0.0013054128488259
2005-05-11,1192.5,1270.0,1190.0,1270.0,903.0,1270.0,1244.5,1204.75,1114.2,1126.5666666666666,989.5375,False,False,False,False,False,False,True,True,False,False,False,-0.0374015748031496,-0.0944881889763779,,,0.1226771653543306,0.1129396325459318,-0.0649606299212598,0.0472440944881889,0.0015385981004231,0.1452583523552604,1200.0,1152.5,2.376315789473684,0.0118470651588584,0.0021286273750254,0.0007977476040533
2005-05-12,1295.0,1327.5,1270.0,1312.5,3719.0,1312.5,1259.0,1222.5,1127.2,1128.5,989.9125,False,False,False,False,False,False,True,True,False,True,False,-0.0095238095238095,-0.1619047619047619,,,0.1411809523809523,0.1401904761904762,-0.0628571428571428,0.0742857142857142,0.0017131885984345,0.1323108384458077,1195.0,1167.5,4.118493909191583,0.0115330021291696,-0.0003140630296887,0.0001745904980114
2005-05-13,1325.0,1377.5,1277.5,1367.5,2771.0,1367.5,1281.0,1244.75,1141.9,1131.6,990.8625,True,True,False,False,False,False,True,True,False,False,False,-0.1005484460694698,-0.2212065813528336,,,0.1649725776965264,0.1725045703839123,-0.1042047531992687,0.0146252285191956,0.0027394839165782,0.1140791323558947,1195.0,1150.0,0.7450927668728152,0.01287328137315,0.0013402792439804,0.0010262953181436
2005-05-16,1350.0,1355.0,1237.5,1237.5,1318.0,1237.5,1281.0,1251.75,1151.0,1132.8,991.1875,False,False,False,False,False,False,True,True,False,True,False,-0.0141414141414141,-0.0747474747474747,,,0.0698989898989899,0.0846060606060606,-0.0525252525252525,0.1919191919191919,0.0010593220338983,0.1150389454763331,1175.0,1140.0,0.4756405629736557,0.0079061685490876,-0.0049671128240623,-0.0016801618826798
2005-05-17,1250.0,1297.5,1115.0,1147.5,1195.0,1147.5,1267.0,1247.0,1156.1,1131.6333333333334,991.2,False,False,False,False,False,False,True,False,False,True,False,0.0130718954248366,0.0217864923747276,,,-0.0074945533769062,0.013827160493827,0.0283224400871459,0.3289760348583878,-0.0010309582020087,0.1295108259823576,1147.5,1110.0,0.9066767830045523,0.0044113830983478,-0.0034947854507398,-0.0020902802359071
2005-05-18,1172.5,1260.0,1150.0,1222.5,1370.0,1222.5,1257.5,1251.0,1161.5,1131.6333333333334,991.65,False,False,False,False,False,False,True,False,False,False,True,-0.0593047034764826,-0.0674846625766871,,,0.0498977505112474,0.0743285616905247,-0.0388548057259713,0.2453987730061349,0.0,0.1320943245403677,1125.0,1057.5,1.1464435146443517,0.0046491605682308,0.0002377774698829,0.0010309582020087
2005-05-19,1247.5,1335.0,1240.0,1300.0,1586.0,1300.0,1255.0,1257.0,1168.6,1132.8,992.65,False,False,False,False,False,False,True,True,False,False,False,-0.1538461538461538,-0.0576923076923076,,,0.1010769230769231,0.1286153846153846,-0.1076923076923077,0.1692307692307692,0.0010298964218454,0.1350437549721559,1117.5,1070.0,1.1576642335766425,0.006075646072223,0.0014264855039922,0.0010298964218454
2005-05-20,1350.0,1360.0,1202.5,1230.0,3259.0,1230.0,1227.5,1254.25,1173.2,1133.5333333333333,993.475,False,False,False,False,False,False,True,True,False,True,False,-0.1341463414634146,0.0,,,0.0461788617886178,0.0784281842818428,-0.0853658536585365,0.1849593495934959,0.0006469446568252,0.1433127366952362,1105.0,1050.0,2.0548549810844894,0.0039209001022844,-0.0021547459699386,-0.0003829517650201
2005-05-23,1217.5,1265.0,1215.0,1220.0,956.0,1220.0,1224.0,1252.5,1178.2,1134.2,994.3,False,False,False,False,False,False,True,True,False,False,False,-0.0614754098360655,-0.0102459016393442,,,0.0342622950819671,0.0703278688524589,-0.1147540983606557,0.151639344262295,0.0005877858108505,0.1483033932135728,1117.5,1080.0,0.2933415158023933,0.0042437616703445,0.0003228615680601,-5.915884597468659e-05
2005-05-24,1207.5,1225.0,1152.5,1162.5,854.0,1162.5,1227.0,1247.0,1181.0,1134.0333333333333,995.175,False,False,False,False,False,False,True,False,False,True,False,0.0086021505376344,0.0279569892473118,,,-0.0159139784946236,0.0244874551971326,-0.0666666666666666,0.1698924731182795,-0.0001469680491461,0.1541700080192461,1080.0,1082.5,0.893305439330544,0.0023708721422522,-0.0018728895280923,-0.0007347538599967
2005-05-25,1152.5,1197.5,1137.5,1150.0,599.0,1150.0,1212.5,1235.0,1184.2,1133.0333333333333,995.8625,False,False,False,False,False,False,True,False,False,False,False,-0.008695652173913,0.0456521739130434,,,-0.0297391304347826,0.0147536231884058,-0.0543478260869565,0.208695652173913,-0.0008825865670324,0.170242914979757,1055.0,1095.0,0.7014051522248244,0.0027022462421888,0.0003313740999365,-0.0007356185178862
2005-05-26,1125.0,1137.5,1060.0,1100.0,1211.0,1100.0,1172.5,1213.75,1185.9,1131.6333333333334,996.5375,False,False,False,False,False,False,True,False,False,True,False,0.1136363636363636,0.0613636363636363,,,-0.0780909090909091,-0.0287575757575758,-0.009090909090909,0.25,-0.0012371498424105,0.1878475798146241,1032.5,1107.5,2.021702838063439,0.0014335104140315,-0.0012687358281572,-0.0003545632753781
2005-05-27,1112.5,1127.5,1057.5,1065.0,586.0,1065.0,1139.5,1183.5,1187.8,1129.9,996.9875,False,False,False,False,False,False,True,False,False,False,False,0.1549295774647887,0.1056338028169014,,,-0.1153051643192487,-0.0609389671361503,0.056338028169014,0.3380281690140845,-0.0015340590612738,0.2213772708069286,1037.5,1095.0,0.4838976052848885,0.0015995958915641,0.0001660854775325,-0.0002969092188633
2005-05-30,1075.0,1145.0,1075.0,1145.0,357.0,1145.0,1124.5,1174.25,1191.9,1129.3666666666666,998.0625,False,False,False,False,False,False,True,False,False,False,False,0.0545851528384279,0.0131004366812227,,,-0.0409606986899564,0.0136535662299855,0.0065502183406113,0.2401746724890829,-0.000472241079071,0.2263146689376197,1000.0,1147.5,0.6092150170648464,0.0034398858964679,0.0018402900049038,0.0010618179822028
2005-05-31,1145.0,1172.5,1135.0,1172.5,384.0,1172.5,1126.5,1176.75,1196.8,1129.3333333333333,999.8375,False,False,False,False,False,False,True,False,False,False,True,0.0191897654584221,-0.0042643923240938,,,-0.0207249466950959,0.03681592039801,-0.0405117270788912,0.2473347547974413,-2.951593860682085e-05,0.2183981304440195,950.0,1177.5,1.0756302521008403,0.0040942513368982,0.0006543654404303,0.0004427251404642
2005-06-01,1170.0,1172.5,1130.0,1140.0,440.0,1140.0,1124.5,1168.5,1200.8,1129.1666666666667,1001.1375,False,False,False,False,False,False,True,False,False,True,False,0.0548245614035087,0.0416666666666666,,,-0.0533333333333332,0.0095029239766081,0.0372807017543859,0.3114035087719298,-0.0001476014760146,0.2246469833119384,940.0,1160.0,1.1458333333333333,0.0033311125916055,-0.0007631387452926,-0.0001180855374078
2005-06-02,1165.0,1237.5,1160.0,1225.0,802.0,1225.0,1149.5,1161.0,1204.4,1129.9333333333334,1002.9875,False,False,False,True,True,False,True,True,False,True,False,-0.046938775510204,0.0040816326530612,,,0.0168163265306121,0.0776054421768707,-0.0387755102040816,0.2163265306122449,0.0006785061065549,0.2299741602067183,987.5,1157.5,1.8227272727272728,0.0029890401859848,-0.0003420724056207,0.0008261075825695
2005-06-03,1212.5,1237.5,1205.0,1230.0,762.0,1230.0,1182.5,1161.0,1207.8,1131.0,1004.8875,False,False,False,False,False,False,True,True,False,True,False,-0.0426829268292682,-0.0040650406504065,,,0.0180487804878049,0.0804878048780487,-0.0548780487804878,0.1585365853658536,0.0009431181844974,0.2271748492678725,1000.0,1200.0,0.9501246882793016,0.0028150356019207,-0.0001740045840641,0.0002646120779424
2005-06-06,1232.5,1232.5,1190.0,1207.5,347.0,1207.5,1195.0,1159.75,1209.4,1131.9,1006.525,False,False,False,False,False,False,True,True,False,True,False,-0.0393374741200828,-0.0289855072463768,,,-0.0015734989648033,0.0626086956521738,-0.010351966873706,0.1635610766045548,0.0007951232441029,0.2284975210174606,1010.0,1185.0,0.4553805774278215,0.0013229700678023,-0.0014920655341184,-0.0001479949403945
2005-06-07,1207.5,1207.5,1175.0,1195.0,323.0,1195.0,1199.5,1163.0,1209.4,1133.0333333333333,1007.6875,False,False,False,False,False,False,False,True,False,True,True,-0.0230125523012552,-0.0125523012552301,,,-0.0120502092050209,0.0518549511854951,0.0313807531380753,0.1255230125523012,0.00100026477597,0.2237747205503009,1020.0,1155.0,0.930835734870317,0.0,-0.0013229700678023,0.000205141531867
2005-06-08,1182.5,1220.0,1180.0,1202.5,503.0,1202.5,1212.0,1168.25,1210.2,1134.9666666666667,1008.7,False,False,False,False,False,False,True,True,False,False,False,-0.0124740124740124,-0.0228690228690228,,,-0.0064033264033264,0.0561607761607761,0.0602910602910602,0.1559251559251559,0.0017034274134336,0.2182751979456452,1087.5,1200.0,1.5572755417956656,0.0006610477607006,0.0006610477607006,0.0007031626374636
2005-06-09,1192.5,1195.0,1155.0,1167.5,318.0,1167.5,1200.5,1175.0,1207.3,1136.2666666666669,1009.5375,False,False,False,False,False,False,False,True,False,True,False,0.0535331905781584,-0.006423982869379,,,-0.0340899357601712,0.0267523197715915,0.1349036402569593,0.1563169164882226,0.0011440976296645,0.2091489361702127,1122.5,1195.0,0.6322067594433399,-0.002402054170463,-0.0030631019311637,-0.000559329783769
2005-06-10,1155.0,1190.0,1142.5,1177.5,443.0,1177.5,1190.0,1186.25,1204.1,1137.9666666666667,1010.6,False,False,False,False,False,False,False,True,False,True,False,0.0403397027600849,-0.0445859872611464,,,-0.0225902335456474,0.0335739561217268,0.1571125265392781,0.1464968152866242,0.0014938926154835,0.1913593256059009,1115.0,1195.0,1.393081761006289,-0.0026575865791878,-0.0002555324087247,0.000349794985819
2005-06-13,1165.0,1172.5,1152.5,1160.0,228.0,1160.0,1180.5,1187.75,1201.0,1139.0333333333333,1011.8,False,False,False,False,False,False,False,True,False,False,False,0.0107758620689655,-0.0689655172413793,,,-0.0353448275862069,0.0180747126436781,0.1788793103448276,0.1163793103448275,0.0009364665944806,0.179330667227952,1095.0,1175.0,0.5146726862302483,-0.0025811823480432,7.640423114459172e-05,-0.0005574260210029
2005-06-14,1132.5,1192.5,1112.5,1167.5,678.0,1167.5,1175.0,1187.25,1199.0,1140.1666666666667,1013.3,False,False,False,False,False,False,False,True,False,False,False,0.0107066381156316,-0.0706638115631691,,,-0.0269807280513918,0.0234118486795145,0.158458244111349,0.1349036402569593,0.0009940067241632,0.1682459465150558,1092.5,1147.5,2.973684210526316,-0.0016680567139282,0.0009131256341149,5.7540129682580126e-05
2005-06-15,1175.0,1207.5,1175.0,1187.5,704.0,1187.5,1172.0,1192.0,1195.7,1141.4,1014.9875,False,False,False,False,False,False,False,True,False,True,True,-0.0105263157894736,-0.0842105263157894,,,-0.0069052631578947,0.0388210526315788,0.1094736842105263,0.0905263157894736,0.0010805443607266,0.1468120805369127,1070.0,1125.0,1.0383480825958702,-0.0027598896044157,-0.0010918328904875,8.65376365633793e-05
2005-06-16,1200.0,1232.5,1187.5,1230.0,1017.0,1230.0,1184.5,1192.5,1192.4,1143.0333333333333,1016.85,False,False,False,False,True,False,False,True,False,True,False,-0.056910569105691,-0.1138211382113821,,,0.0305691056910568,0.0707046070460704,0.1138211382113821,0.056910569105691,0.0014289463707677,0.130398322851153,1057.5,1117.5,1.4446022727272727,-0.0027675276752767,-7.63807086092902e-06,0.0003484020100411
2005-06-17,1225.0,1230.0,1127.5,1225.0,1647.0,1225.0,1194.0,1192.0,1186.7,1144.7666666666669,1018.6375,False,False,False,False,False,False,False,True,False,True,False,-0.0816326530612244,-0.0816326530612244,,,0.0312653061224489,0.0654965986394556,0.1122448979591836,0.0489795918367346,0.0015141367964361,0.1191275167785234,1017.5,1105.0,1.6194690265486726,-0.0048032358641611,-0.0020357081888844,8.519042566843254e-05
2005-06-20,1225.0,1225.0,1167.5,1172.5,382.0,1172.5,1196.5,1188.5,1184.1,1145.1,1019.7625,False,False,False,False,False,False,False,True,False,False,False,-0.0788912579957356,-0.0170575692963752,,,-0.0098933901918975,0.0233688699360341,0.1300639658848614,0.1087420042643923,0.0002910953919596,0.1135885570046276,1042.5,1117.5,0.2319368548876745,-0.0021957604932017,0.0026074753709594,-0.0012230414044764
2005-06-21,1175.0,1215.0,1172.5,1180.0,612.0,1180.0,1199.0,1187.0,1185.4,1145.1333333333334,1021.0,False,False,False,False,False,False,True,True,True,False,False,-0.0805084745762711,-0.0466101694915254,,,-0.0045762711864407,0.0295480225988699,0.1504237288135593,0.1038135593220339,2.91086918555601e-05,0.1114153327716933,1050.0,1080.0,1.6020942408376964,0.0010966762274339,0.0032924367206356,-0.0002619867001041
2005-06-22,1190.0,1190.0,1172.5,1175.0,416.0,1175.0,1196.5,1184.25,1183.5,1145.3333333333333,1022.1625,False,False,False,False,False,False,False,True,False,True,False,-0.0744680851063829,0.0063829787234042,,,-0.0072340425531914,0.0252482269503546,0.1446808510638297,0.1361702127659574,0.0001746216530848,0.1093519104918725,1040.0,1055.0,0.6797385620915033,-0.0016054076890579,-0.0027020839164918,0.0001455129612292
2005-06-23,1170.0,1175.0,1147.5,1160.0,477.0,1160.0,1182.5,1183.5,1177.9,1145.3666666666666,1023.2125,False,False,False,False,False,False,False,True,False,True,False,-0.0603448275862069,0.0150862068965517,,,-0.0154310344827586,0.0126149425287357,0.1530172413793103,0.1293103448275862,2.9102761852073297e-05,0.1066751161808196,1135.0,1032.5,1.1466346153846154,-0.0047542236183036,-0.0031488159292457,-0.0001455188912327
2005-06-24,1140.0,1147.5,1120.0,1125.0,808.0,1125.0,1162.5,1178.25,1173.7,1144.3666666666666,1023.4625,False,False,False,False,False,False,False,False,False,False,False,0.0,0.0333333333333333,,,-0.0432888888888889,-0.0172148148148147,0.2266666666666666,0.1755555555555555,-0.0008738457953453,0.1092722257585402,1145.0,1037.5,1.6939203354297694,-0.0035784271960467,0.0011757964222569,-0.0009029485571973
2005-06-27,1122.5,1122.5,1062.5,1080.0,1633.0,1080.0,1144.0,1170.25,1168.1,1142.9666666666667,1023.9125,False,False,False,False,False,False,False,False,False,True,False,0.0671296296296296,0.1064814814814814,,,-0.081574074074074,-0.0583024691358025,0.3009259259259259,0.1851851851851851,-0.0012248826154159,0.1155735953856013,1167.5,1000.0,2.021039603960396,-0.004794110093314,-0.0012156828972673,-0.0003510368200705
2005-06-28,1085.0,1100.0,1075.0,1085.0,642.0,1085.0,1125.0,1162.0,1165.0,1142.0333333333333,1024.4875,False,False,False,False,False,False,False,False,False,False,False,0.0368663594470046,0.1359447004608295,,,-0.0737327188940092,-0.0525652841781873,0.2511520737327189,0.2672811059907834,-0.0008172557718689,0.1277969018932874,1195.0,950.0,0.3931414574402939,-0.0026609442060085,0.0021331658873055,0.0004076268435469
2005-06-29,1110.0,1110.0,1082.5,1087.5,878.0,1087.5,1107.5,1152.0,1162.5,1140.5333333333333,1025.0625,False,False,False,False,False,False,False,False,False,False,False,0.0873563218390804,0.1724137931034483,,,-0.0689655172413793,-0.0487662835249041,0.2068965517241379,0.2620689655172414,-0.0013151741875146,0.1443142361111111,1182.5,940.0,1.367601246105919,-0.0021505376344086,0.0005104065715999,-0.0004979184156456
2005-06-30,1100.0,1105.0,1085.0,1090.0,643.0,1090.0,1093.5,1138.0,1162.1,1139.1333333333334,1025.7,False,False,False,False,False,False,False,False,False,False,False,0.0802752293577981,0.2155963302752293,,,-0.0661467889908256,-0.0450764525993884,0.1995412844036697,0.2087155963302752,-0.0012290045063497,0.1599297012302284,1240.0,987.5,0.7323462414578588,-0.0003442044574478,0.0018063331769608,8.616968116487633e-05
2005-07-01,1087.5,1125.0,1085.0,1125.0,495.0,1125.0,1093.5,1128.0,1164.5,1138.2,1026.6375,False,False,False,False,False,False,True,False,True,False,False,0.0333333333333333,0.2111111111111111,,,-0.0351111111111111,-0.0117333333333333,0.1644444444444444,0.18,-0.000820008200082,0.1739804964539007,1257.5,1000.0,0.7698289269051322,0.0020609703735509,0.0024051748309987,0.0004089963062676
2005-07-04,1137.5,1162.5,1125.0,1152.5,895.0,1152.5,1108.0,1126.0,1164.8,1137.9,1027.8125,False,False,False,False,False,False,True,False,False,True,False,0.0368763557483731,0.1865509761388286,,,-0.0106724511930585,0.0126681127982645,0.158351409978308,0.1540130151843818,-0.000263643553915,0.1787300177619893,1237.5,1010.0,1.808080808080808,0.0002575549450549,-0.001803415428496,0.0005563646461669
2005-07-05,1152.5,1152.5,1120.0,1125.0,393.0,1125.0,1116.0,1120.5,1162.9,1137.6,1028.625,False,False,False,False,False,False,False,False,False,True,False,0.0955555555555555,0.2022222222222222,,,-0.0336888888888889,-0.0111999999999999,0.18,0.1888888888888888,-0.0002637130801689,0.1876394466755912,1217.5,1020.0,0.4391061452513966,-0.0016338464184365,-0.0018914013634914,-6.952625386947699e-08
2005-07-06,1140.0,1182.5,1140.0,1182.5,1501.0,1182.5,1135.0,1121.25,1164.6,1138.3666666666666,1029.725,False,False,False,False,True,False,True,True,True,False,False,0.0782241014799154,0.1141649048625792,,,0.0151374207188161,0.0373220577871741,0.135306553911205,0.1797040169133192,0.0006734795467189,0.1921962095875139,1270.0,1087.5,3.8193384223918576,0.0014597286622014,0.003093575080638,0.0009371926268879
2005-07-07,1180.0,1180.0,1152.5,1177.5,489.0,1177.5,1152.5,1123.0,1162.7,1139.1666666666667,1030.8375,False,False,False,False,False,False,False,True,False,True,False,0.1252653927813163,0.1634819532908704,,,0.0125690021231422,0.0325548478414719,0.1592356687898089,0.2101910828025477,0.0007022677395758,0.2005788067675868,1312.5,1122.5,0.3257828114590273,-0.0016341274619419,-0.0030938561241433,2.878819285690284e-05
2005-07-08,1162.5,1177.5,1150.0,1162.5,414.0,1162.5,1160.0,1126.75,1160.0,1139.9333333333334,1031.9125,False,False,False,False,False,False,False,True,False,True,False,0.1720430107526881,0.1720430107526881,,,0.0021505376344086,0.0194121863799282,0.1720430107526881,0.2193548387096774,0.0006725539505234,0.2050144220102063,1367.5,1115.0,0.8466257668711656,-0.0023275862068965,-0.0006934587449546,-2.971378905246378e-05
2005-07-11,1170.0,1195.0,1167.5,1195.0,628.0,1195.0,1168.5,1138.25,1159.5,1140.9666666666667,1033.25,False,False,False,False,False,False,False,True,False,False,False,0.1443514644351464,0.1087866108786611,,,0.0297071129707112,0.0452161785216178,0.1589958158995816,0.1506276150627615,0.0009056647871687,0.2011860311882275,1237.5,1095.0,1.5169082125603863,-0.0004312203536006,0.0018963658532959,0.0002331108366453
2005-07-12,1197.5,1232.5,1182.5,1232.5,1160.0,1232.5,1190.0,1153.0,1161.0,1143.0,1034.85,False,False,False,False,False,False,True,True,True,False,False,0.0973630831643002,0.101419878296146,,,0.0580121703853955,0.0726166328600405,0.1338742393509127,0.1075050709939148,0.0017789442986293,0.1849522983521249,1147.5,1092.5,1.847133757961784,0.0012919896640826,0.0017232100176833,0.0008732795114605
2005-07-13,1232.5,1282.5,1220.0,1275.0,2563.0,1275.0,1208.5,1171.75,1163.9,1145.9333333333334,1036.9125,False,False,False,False,False,False,True,True,False,False,False,0.0333333333333333,0.0549019607843137,,,0.0871372549019607,0.1012287581699346,0.1333333333333333,0.0254901960784313,0.0025597766013148,0.1604437806699381,1222.5,1070.0,2.2094827586206898,0.002491622991666,0.0011996333275833,0.0007808323026855
2005-07-14,1277.5,1382.5,1277.5,1325.0,5970.0,1325.0,1238.0,1195.25,1170.2,1149.8333333333333,1039.3,False,False,False,False,False,False,True,True,False,False,False,0.0339622641509433,0.0094339622641509,,,0.1168301886792452,0.1322012578616352,0.0679245283018867,-0.0490566037735849,0.0033917959124509,0.1328174022171094,1300.0,1057.5,2.3293015996878657,0.0053836950948555,0.0028920721031895,0.0008320193111361
2005-07-15,1302.5,1362.5,1295.0,1362.5,1846.0,1362.5,1278.0,1219.0,1177.6,1154.1666666666667,1041.9125,False,False,False,False,False,False,True,True,False,False,False,0.0,0.0128440366972477,,,0.1357064220183486,0.1529051987767583,0.0165137614678899,-0.0862385321100917,0.0037545126353791,0.1039786710418375,1230.0,1017.5,0.3092127303182579,0.0062839673913042,0.0009002722964486,0.0003627167229282
2005-07-19,1370.0,1372.5,1350.0,1367.5,1301.0,1367.5,1312.5,1240.5,1185.9,1159.0666666666666,1044.675,False,False,False,False,False,False,True,True,False,False,False,-0.0310786106032906,0.0274223034734917,,,0.1327970749542961,0.1524192565508836,-0.0036563071297989,-0.0676416819012797,0.0042275393995167,0.0804111245465538,1220.0,1042.5,0.7047670639219935,0.0069989037861541,0.0007149363948498,0.0004730267641375
2005-07-20,1362.5,1362.5,1340.0,1352.5,646.0,1352.5,1336.5,1263.25,1193.3,1164.4333333333334,1047.4375,False,False,False,False,False,False,True,True,False,True,False,0.0036968576709796,0.0036968576709796,,,0.1177079482439926,0.1390511398644485,-0.0018484288354898,-0.0831792975970425,0.0046088226032692,0.0532357015634276,1162.5,1050.0,0.4965411222136818,0.0062012905388417,-0.0007976132473123,0.0003812832037524
2005-07-21,1345.0,1345.0,1290.0,1317.5,451.0,1317.5,1345.0,1276.75,1198.5,1169.4666666666667,1049.8,False,False,False,False,False,False,True,True,False,True,False,0.0208728652751423,-0.0037950664136622,,,0.0903225806451612,0.11235926628716,0.0094876660341555,-0.0455407969639468,0.0043039562193592,0.0313295476796553,1150.0,1040.0,0.6981424148606811,0.0043387567793075,-0.0018625337595342,-0.0003048663839099
2005-07-22,1317.5,1402.5,1317.5,1370.0,2995.0,1370.0,1354.0,1296.0,1204.1,1174.5666666666666,1052.65,False,False,False,False,False,False,True,True,False,False,False,-0.0237226277372262,-0.0456204379562043,,,0.1210948905109489,0.1426520681265207,0.0291970802919708,-0.0821167883211678,0.0043420268467802,0.0030864197530864,1100.0,1135.0,6.64079822616408,0.0046507765135785,0.000312019734271,3.807062742106938e-05
2005-07-25,1350.0,1375.0,1345.0,1362.5,371.0,1362.5,1354.0,1316.0,1209.6,1179.4,1055.6,False,False,False,False,False,False,True,True,False,True,False,0.0128440366972477,-0.0385321100917431,,,0.1122201834862385,0.1343853211009173,0.018348623853211,-0.0788990825688073,0.004098128992143,-0.0245060790273556,1065.0,1145.0,0.1238731218697829,0.0045469576719576,-0.0001038188416208,-0.0002438978546372
2005-07-26,1362.5,1362.5,1320.0,1325.0,238.0,1325.0,1345.5,1329.0,1215.7,1183.6,1058.4375,False,False,False,False,False,False,True,True,False,False,False,0.060377358490566,0.0075471698113207,,,0.0824905660377358,0.1067169811320755,0.1132075471698113,-0.0566037735849056,0.0035484961135517,-0.0434537246049661,1145.0,1167.5,0.6415094339622641,0.0050176852841985,0.0004707276122408,-0.0005496328785913
2005-07-27,1347.5,1372.5,1335.0,1357.5,445.0,1357.5,1346.5,1341.5,1222.8,1188.1,1061.175,False,False,False,False,False,False,True,True,False,False,False,0.0,-0.0220994475138121,,,0.0992265193370166,0.1247882136279927,0.1233885819521178,-0.1160220994475138,0.0037875599696995,-0.0646664181885948,1172.5,1195.0,1.869747899159664,0.0058063460909387,0.0007886608067402,0.0002390638561477
2005-07-28,1375.0,1380.0,1342.5,1345.0,421.0,1345.0,1352.0,1348.5,1229.6,1191.5333333333333,1063.6625,False,False,False,False,False,False,True,True,False,True,False,-0.0241635687732342,-0.0018587360594795,,,0.0857992565055762,0.1141016109045849,0.1319702602230483,-0.1282527881040892,0.0028814412801432,-0.0795328142380422,1140.0,1182.5,0.946067415730337,0.0055302537410539,-0.0002760923498847,-0.0009061186895562
2005-07-29,1350.0,1352.5,1332.5,1337.5,223.0,1337.5,1345.5,1349.75,1236.7,1194.4,1066.0125,False,False,False,False,False,False,True,True,False,False,False,-0.022429906542056,0.0205607476635514,,,0.0753644859813083,0.1069906542056074,0.1364485981308411,-0.1345794392523364,0.0024000893056486,-0.0879792554176699,1225.0,1240.0,0.5296912114014252,0.005741085145953,0.000210831404899,-0.0004813519744946
2005-08-01,1350.0,1400.0,1340.0,1380.0,831.0,1380.0,1349.0,1351.5,1246.9,1197.9333333333334,1068.725,False,False,False,False,False,False,True,True,False,False,False,-0.0507246376811594,-0.0126811594202898,,,0.0964492753623187,0.1319323671497584,0.056159420289855,-0.1684782608695652,0.0029495241805331,-0.0963743988161302,1230.0,1257.5,3.726457399103139,0.0081802871120378,0.0024392019660848,0.0005494348748844
2005-08-02,1400.0,1422.5,1367.5,1405.0,1030.0,1405.0,1365.0,1355.25,1259.9,1202.0666666666666,1071.6,False,False,False,False,False,False,True,True,False,False,False,-0.0498220640569395,-0.0142348754448398,,,0.1032740213523131,0.1444365361803084,0.0,-0.1476868327402135,0.0034385225445065,-0.1045932484781405,1207.5,1237.5,1.2394705174488567,0.0103182792285101,0.0021379921164723,0.0004889983639734
2005-08-03,1405.0,1422.5,1337.5,1357.5,579.0,1357.5,1365.0,1355.75,1270.8,1205.6,1074.3375,False,False,False,False,False,False,True,True,False,True,False,-0.0220994475138121,0.0294659300184162,,,0.0638674033149171,0.1118968692449356,0.001841620626151,-0.147329650092081,0.0029307675293076,-0.1110086667895998,1195.0,1217.5,0.5621359223300971,0.0085772741580105,-0.0017410050704996,-0.0005077550151989
2005-08-04,1350.0,1350.0,1280.0,1312.5,641.0,1312.5,1358.5,1355.25,1279.8,1208.8333333333333,1076.8625,False,False,False,False,False,False,True,True,False,True,False,0.0228571428571428,0.1009523809523809,,,0.0249142857142857,0.078984126984127,0.059047619047619,-0.1314285714285714,0.0026747552736798,-0.1193506733075078,1202.5,1270.0,1.1070811744386877,0.0070323488045007,-0.0015449253535098,-0.0002560122556277
2005-08-05,1337.5,1337.5,1300.0,1307.5,218.0,1307.5,1352.5,1349.0,1288.5,1212.1666666666667,1079.3625,False,False,False,False,False,False,True,True,False,True,False,0.0439770554493307,0.0822179732313575,,,0.0145315487571701,0.0729126832377309,0.0516252390057361,-0.1185468451242829,0.0027498968788671,-0.123054114158636,1167.5,1312.5,0.3400936037441497,0.0067520372526193,-0.0002803115518813,7.51416051872982e-05
2005-08-08,1275.0,1310.0,1265.0,1310.0,207.0,1310.0,1338.5,1343.75,1295.9,1216.0666666666666,1081.8375,False,False,False,False,False,False,True,True,False,True,False,0.0400763358778625,0.0572519083969465,,,0.0107633587786258,0.071704834605598,0.0877862595419847,-0.1297709923664122,0.0032070610163915,-0.1281860465116279,1177.5,1367.5,0.9495412844036696,0.0057103171541014,-0.0010417200985178,0.0004571641375243
2005-08-09,1320.0,1355.0,1312.5,1335.0,146.0,1335.0,1324.5,1344.75,1303.2,1219.9666666666667,1084.6375,False,False,False,False,False,False,True,True,False,True,False,0.0374531835205992,0.0205992509363295,,,0.023820224719101,0.0861672908863919,0.0636704119850187,-0.1367041198501872,0.0031968086559742,-0.1360847741215839,1160.0,1237.5,0.7053140096618358,0.0056015960712092,-0.0001087210828921,-1.025236041725169e-05
2005-08-10,1337.5,1350.0,1317.5,1327.5,256.0,1327.5,1318.5,1341.75,1311.3,1223.6666666666667,1087.3125,False,False,False,False,False,False,True,True,False,False,False,0.0527306967984934,0.0169491525423728,,,0.0122033898305085,0.0782172002510985,0.1016949152542373,-0.1111111111111111,0.0030236992645056,-0.135643748835476,1167.5,1147.5,1.7534246575342465,0.0061770761839395,0.0005754801127302,-0.0001731093914686
2005-08-11,1337.5,1347.5,1327.5,1342.5,83.0,1342.5,1324.5,1341.5,1317.7,1227.7,1090.225,False,False,False,False,False,False,True,True,False,True,False,0.0763500931098696,-0.0093109869646182,,,0.0184729981378025,0.0855121042830539,0.1135940409683426,-0.1154562383612663,0.0032852759903342,-0.1343645173313455,1187.5,1222.5,0.32421875,0.0048569477119223,-0.0013201284720171,0.0002615767258285
2005-08-12,1337.5,1375.0,1330.0,1365.0,188.0,1365.0,1336.0,1344.25,1325.2,1230.7666666666669,1093.25,False,False,False,False,False,False,True,True,False,False,True,0.0366300366300366,0.0329670329670329,,,0.0291575091575091,0.0983394383394381,0.0915750915750915,-0.1391941391941392,0.0024916718576498,-0.1348335503068625,1230.0,1300.0,2.265060240963856,0.0056595230908542,0.0008025753789318,-0.0007936041326843
2005-08-15,1375.0,1402.5,1362.5,1362.5,375.0,1362.5,1346.5,1342.5,1333.2,1233.6666666666667,1096.375,False,False,False,False,False,False,True,True,False,False,False,0.0165137614678899,0.018348623853211,,,0.0215045871559632,0.0945565749235473,0.0458715596330275,-0.1577981651376147,0.0023507160226964,-0.133705772811918,1225.0,1230.0,1.9946808510638296,0.006000600060006,0.0003410769691517,-0.0001409558349533
2005-08-16,1350.0,1392.5,1350.0,1385.0,319.0,1385.0,1356.5,1340.5,1340.8,1236.5666666666666,1099.6375,False,False,False,False,False,False,True,True,False,True,False,-0.0162454873646209,0.0649819494584837,,,0.031913357400722,0.1071720818291215,0.0144404332129963,-0.1714801444043321,0.0023452031161548,-0.1361432301380082,1172.5,1220.0,0.8506666666666667,0.0056682577565631,-0.0003323423034428,-5.512906541622637e-06
2005-08-17,1400.0,1415.0,1392.5,1397.5,584.0,1397.5,1370.5,1344.5,1347.4,1239.2666666666669,1102.9375,False,False,False,False,False,False,True,True,False,True,True,-0.033989266547406,0.0912343470483005,,,0.035849731663685,0.113225998807394,-0.0375670840787119,-0.1985688729874776,0.0021787078379689,-0.1415024172554853,1180.0,1162.5,1.830721003134796,0.0048983226955619,-0.0007699350610012,-0.0001664952781859
2005-08-18,1422.5,1462.5,1415.0,1445.0,1217.0,1445.0,1391.0,1357.75,1354.2,1242.7666666666669,1106.6125,False,False,False,False,False,False,True,True,False,False,False,-0.0795847750865051,0.0536332179930795,,,0.0628373702422145,0.1399538638985004,-0.0380622837370242,-0.2024221453287197,0.0028162969718102,-0.1489596759344503,1175.0,1150.0,2.083904109589041,0.0050214148574803,0.0001230921619184,0.0006375891338412
2005-08-19,1445.0,1445.0,1402.5,1415.0,264.0,1415.0,1401.0,1368.5,1357.8,1245.1,1110.1,False,False,False,False,False,False,True,True,False,True,False,-0.0035335689045936,0.0742049469964664,,,0.0404240282685512,0.1200706713780919,-0.0459363957597173,-0.1837455830388692,0.0018740127968299,-0.1554621848739495,1160.0,1100.0,0.2169268693508627,0.0026513477684488,-0.0023700670890315,-0.0009422841749802
2005-08-22,1412.5,1417.5,1365.0,1385.0,239.0,1385.0,1405.5,1376.0,1358.7,1246.8,1113.4875,False,False,False,False,False,False,True,True,False,True,False,0.0018050541516245,0.0523465703971119,,,0.0189891696750902,0.099783393501805,-0.0252707581227436,-0.1227436823104693,0.0013634905357716,-0.1546148255813953,1125.0,1065.0,0.9053030303030304,0.0006623978803268,-0.001988949888122,-0.0005105222610583
2005-08-23,1365.0,1377.5,1332.5,1362.5,357.0,1362.5,1401.0,1378.75,1358.5,1248.4666666666667,1116.6375,False,False,False,False,False,False,False,True,False,True,False,0.0825688073394495,0.0311926605504587,,,0.0029357798165137,0.0836941896024464,-0.0495412844036697,-0.0990825688073394,0.0013349708976344,-0.1508612873980054,1080.0,1145.0,1.493723849372385,-0.0001472211998528,-0.0008096190801796,-2.851963813711939e-05
2005-08-24,1360.0,1360.0,1337.5,1350.0,73.0,1350.0,1391.5,1381.0,1358.4,1250.2333333333331,1119.925,False,False,False,False,False,False,False,True,False,False,False,0.1296296296296296,0.0074074074074074,,,-0.0062222222222222,0.0739012345679013,-0.0185185185185185,-0.0481481481481481,0.0014130695603485,-0.1446415640839971,1085.0,1172.5,0.2044817927170868,-7.361601884563387e-05,7.360518100717841e-05,7.809866271404876e-05
2005-08-25,1350.0,1350.0,1320.0,1330.0,129.0,1330.0,1368.5,1379.75,1358.9,1251.0333333333333,1123.375,False,False,False,False,False,False,True,True,False,False,False,0.1447368421052631,0.0451127819548872,,,-0.0217293233082707,0.0593734335839599,-0.0263157894736842,0.0075187969924812,0.000639471370334,-0.1328139155644138,1087.5,1140.0,1.7671232876712328,0.0003679446611229,0.0004415606799686,-0.0007735981900145
2005-08-26,1345.0,1420.0,1345.0,1410.0,885.0,1410.0,1367.5,1384.25,1360.5,1252.3333333333333,1127.0625,False,False,False,False,False,False,True,True,True,False,True,0.0780141843971631,-0.0248226950354609,,,0.0351063829787234,0.1118203309692671,-0.0780141843971631,-0.0425531914893617,0.0010380622837369,-0.1229907892360484,1090.0,1225.0,6.8604651162790695,0.0011760382212421,0.0008080935601191,0.0003985909134029
2005-08-29,1407.5,1435.0,1387.5,1387.5,396.0,1387.5,1368.0,1386.75,1361.5,1252.6,1130.3625,False,False,False,False,False,False,True,True,False,True,False,0.0504504504504504,0.027027027027027,,,0.0187387387387387,0.0972252252252253,-0.0738738738738738,0.0144144144144144,0.0002128905210495,-0.1058229673697494,1125.0,1230.0,0.447457627118644,0.0007344840249724,-0.0004415541962696,-0.0008251717626874
2005-08-30,1437.5,1492.5,1405.0,1475.0,2376.0,1475.0,1390.5,1395.75,1367.5,1255.7666666666669,1134.0625,False,False,False,False,False,False,True,True,True,False,False,-0.047457627118644,-0.0372881355932203,,,0.0728813559322033,0.1486327683615818,-0.1186440677966101,-0.0508474576271186,0.0025216998911689,-0.0934981192907039,1152.5,1207.5,6.0,0.0043875685557586,0.0036530845307862,0.0023088093701194
2005-08-31,1480.0,1570.0,1475.0,1525.0,1584.0,1525.0,1425.5,1408.5,1374.2,1260.8,1138.0125,False,False,False,False,False,False,True,True,False,False,False,-0.1081967213114754,-0.040983606557377,,,0.0988852459016393,0.1732459016393442,-0.1459016393442622,-0.0967213114754098,0.0039921742808796,-0.083422080227192,1125.0,1195.0,0.6666666666666666,0.0048755639644884,0.0004879954087297,0.0014704743897106
2005-09-01,1522.5,1522.5,1497.5,1522.5,715.0,1522.5,1464.0,1416.25,1381.3,1264.8,1141.625,False,False,False,False,False,False,True,True,False,False,False,-0.0870279146141215,-0.0180623973727422,,,0.0927422003284072,0.1692610837438423,-0.1231527093596059,-0.1116584564860427,0.0031625553447185,-0.074315975286849,1182.5,1202.5,0.4513888888888889,0.0051400854267718,0.0002645214622833,-0.0008296189361611
2005-09-02,1532.5,1535.0,1477.5,1520.0,232.0,1520.0,1486.0,1426.75,1388.6,1267.7333333333331,1145.225,False,False,False,False,False,False,True,True,False,False,False,-0.0953947368421052,-0.0197368421052631,,,0.0864473684210526,0.1659649122807019,-0.1381578947368421,-0.1085526315789473,0.00231384097602,-0.0671105659716138,1177.5,1167.5,0.3244755244755244,0.0052570934754428,0.000117008048671,-0.0008487143686984
2005-09-05,1495.0,1495.0,1427.5,1457.5,336.0,1457.5,1500.0,1434.0,1391.7,1270.7666666666669,1148.5125,False,False,False,False,False,False,True,True,False,True,False,-0.0222984562607204,-0.0222984562607204,,,0.0451457975986277,0.128118925100057,-0.0926243567753001,-0.0806174957118353,0.0023870104661231,-0.0631101813110181,1162.5,1177.5,1.4482758620689655,0.0022274915570885,-0.0030296019183543,7.316949010308452e-05
2005-09-06,1442.5,1452.5,1400.0,1405.0,524.0,1405.0,1486.0,1438.25,1391.7,1273.2333333333331,1151.325,False,False,False,False,False,False,False,True,False,True,False,0.0106761565836298,0.0,,,0.0094661921708184,0.0937841043890867,-0.0889679715302491,0.0088967971530249,0.0019373249208049,-0.0526681731270641,1195.0,1160.0,1.5595238095238095,0.0,-0.0022274915570885,-0.0004496855453181
2005-09-07,1400.0,1405.0,1360.0,1360.0,1244.0,1360.0,1453.0,1439.25,1391.8,1275.8666666666666,1153.7875,False,False,False,False,False,False,True,True,False,False,False,0.0753676470588235,-0.0110294117647058,,,-0.0233823529411764,0.0618627450980392,0.0110294117647058,0.1084558823529411,0.0020639565262828,-0.0378669445891957,1232.5,1167.5,2.3740458015267176,7.184940364988436e-05,7.184940364988436e-05,0.0001266316054779
2005-09-08,1372.5,1407.5,1370.0,1390.0,633.0,1390.0,1426.5,1445.25,1394.9,1279.0666666666666,1156.5125,False,False,False,False,False,False,True,True,True,False,True,0.0755395683453237,0.0,,,-0.0035251798561151,0.0798081534772182,-0.0125899280575539,0.079136690647482,0.0025018242468466,-0.0307905206711641,1275.0,1187.5,0.5088424437299035,0.0022223815327264,0.0021505321290765,0.0004378677205638
2005-09-09,1370.0,1392.5,1357.5,1375.0,424.0,1375.0,1397.5,1441.75,1397.6,1282.7333333333331,1158.8625,False,False,False,False,False,False,True,True,False,True,False,0.0836363636363636,-0.0181818181818181,,,-0.0164363636363635,0.0671030303030304,-0.0418181818181818,0.1036363636363636,0.0028584792890181,-0.0168198370036414,1325.0,1230.0,0.669826224328594,0.0019318832283913,-0.000290498304335,0.0003566550421714
2005-09-12,1405.0,1442.5,1405.0,1425.0,745.0,1425.0,1391.0,1445.5,1402.2,1287.5333333333333,1161.3,False,False,False,True,True,False,True,True,False,False,True,0.0,-0.0526315789473684,,,0.0159999999999999,0.0964678362573099,-0.0684210526315789,0.0561403508771929,0.0037280588204837,-0.0126253891387063,1362.5,1225.0,1.7570754716981132,0.0032805591213807,0.0013486758929893,0.0008695795314656
2005-09-13,1440.0,1462.5,1412.5,1420.0,897.0,1420.0,1394.0,1440.0,1405.6,1291.2,1163.65,False,False,False,False,False,False,True,True,False,True,False,-0.0105633802816901,-0.0880281690140845,,,0.0101408450704225,0.0907042253521126,-0.0633802816901408,0.0598591549295774,0.0028397356464271,-0.0015625,1367.5,1172.5,1.204026845637584,0.0024188958451905,-0.0008616632761902,-0.0008883231740565
2005-09-14,1430.0,1472.5,1417.5,1462.5,973.0,1462.5,1414.5,1433.75,1411.0,1295.0666666666666,1166.4625,False,False,False,False,False,False,True,True,False,False,False,-0.0803418803418803,-0.094017094017094,,,0.0352136752136752,0.1144843304843305,-0.0854700854700854,0.0547008547008547,0.0029856892824049,0.0142981691368788,1352.5,1180.0,1.084726867335563,0.0038270729978739,0.0014081771526833,0.0001459536359777
2005-09-15,1482.5,1595.0,1477.5,1495.0,3249.0,1495.0,1435.5,1431.0,1417.1,1299.8,1169.575,False,False,False,False,False,False,True,True,False,False,False,-0.0702341137123745,-0.1337792642140468,,,0.0521070234113713,0.1305685618729097,-0.0668896321070234,0.1120401337792642,0.0036415858850079,0.0379105520614954,1317.5,1175.0,3.339157245632066,0.0043045656622679,0.000477492664394,0.000655896602603
2005-09-16,1507.5,1525.0,1490.0,1490.0,402.0,1490.0,1458.5,1428.0,1422.1,1303.3333333333333,1172.725,False,False,False,False,False,False,True,True,False,True,False,-0.0939597315436241,-0.1275167785234899,,,0.0455704697986577,0.1252796420581656,-0.0436241610738255,0.1124161073825503,0.0027109974424552,0.0612745098039215,1370.0,1160.0,0.123730378578024,0.0035159271499894,-0.0007886385122784,-0.0009305884425527
2005-09-20,1485.0,1485.0,1422.5,1425.0,468.0,1425.0,1458.5,1424.75,1424.6,1305.9333333333334,1175.25,False,False,False,False,False,False,True,True,False,True,False,-0.0526315789473684,-0.0982456140350877,,,0.000280701754386,0.0835555555555555,-0.0052631578947368,0.1631578947368421,0.0019909132676503,0.0859799964906123,1362.5,1125.0,1.164179104477612,0.0017548785624034,-0.0017610485875859,-0.0007200841748049
2005-09-21,1427.5,1450.0,1400.0,1405.0,368.0,1405.0,1455.5,1424.75,1425.4,1308.5666666666666,1177.775,False,False,False,False,False,False,True,True,False,True,False,-0.0782918149466192,-0.0747330960854092,,,-0.0145195729537367,0.0686358244365362,-0.0213523131672597,0.2046263345195729,0.0020123799577144,0.1052816283558519,1325.0,1080.0,0.7863247863247863,0.0005612459660447,-0.0011936325963587,2.1466690064138576e-05
2005-09-22,1395.0,1395.0,1340.0,1345.0,866.0,1345.0,1432.0,1423.25,1423.3,1310.5666666666666,1180.0,False,False,False,False,False,False,False,True,False,True,False,-0.0148698884758364,-0.0315985130111524,,,-0.0582156133828995,0.0256009913258984,0.0148698884758364,0.1728624535315985,0.0015260574306279,0.1113648340066748,1357.5,1085.0,2.3532608695652173,-0.0014754443897984,-0.0020366903558431,-0.0004863225270864
2005-09-26,1362.5,1407.5,1360.0,1390.0,258.0,1390.0,1411.0,1423.25,1421.1,1313.0666666666666,1182.6,False,False,False,False,False,False,False,True,False,True,False,-0.0683453237410072,-0.039568345323741,,,-0.0223741007194243,0.055347721822542,-0.0593525179856115,-0.0449640287769784,0.0019039398862713,0.0992446864570525,1345.0,1087.5,0.2979214780600462,-0.00154809654493,-7.265215513156415e-05,0.0003778824556433
2005-09-27,1422.5,1422.5,1337.5,1350.0,270.0,1350.0,1383.0,1420.75,1418.5,1315.5,1184.9375,False,False,False,False,False,False,False,True,False,True,False,-0.037037037037037,-0.0296296296296296,,,-0.0507407407407407,0.0255555555555555,-0.0666666666666666,-0.0388888888888888,0.0018497402761941,0.0856941756114728,1337.5,1090.0,1.0465116279069768,-0.0018329221008106,-0.0002848255558806,-5.419961007718213e-05
2005-09-28,1320.0,1350.0,1292.5,1350.0,570.0,1350.0,1368.0,1413.25,1417.1,1317.8,1187.15,False,False,False,False,False,False,False,True,False,False,False,-0.0481481481481481,-0.0203703703703703,,,-0.0497037037037036,0.0238518518518518,-0.0777777777777777,-0.0574074074074074,0.0017453331309758,0.0750044224305678,1380.0,1125.0,2.111111111111111,-0.0009879331028156,0.0008449889979949,-0.0001044071452183
2005-09-29,1300.0,1310.0,1285.0,1295.0,389.0,1295.0,1346.0,1400.75,1414.4,1319.6,1189.225,False,False,False,False,False,False,False,True,False,True,False,0.0038610038610038,-0.0115830115830115,,,-0.0922007722007722,-0.0189961389961389,-0.0154440154440154,-0.1312741312741312,0.0013640497120339,0.0574692129216491,1405.0,1152.5,0.6824561403508772,-0.0019089366515835,-0.0009210035487679,-0.0003812834189419
2005-09-30,1232.5,1345.0,1177.5,1325.0,685.0,1325.0,1342.0,1387.0,1413.4,1321.7,1191.4125,False,False,False,False,False,False,False,True,False,False,False,-0.0169811320754716,0.0377358490566037,,,-0.0667169811320755,0.0024905660377358,-0.0641509433962264,-0.0698113207547169,0.0015888628281759,0.0456020187454938,1357.5,1125.0,1.7609254498714653,-0.000707513796519,0.0012014228550645,0.000224813116142
2005-10-03,1350.0,1350.0,1277.5,1295.0,304.0,1295.0,1323.0,1367.0,1412.0,1323.1333333333334,1192.95,False,False,False,False,False,False,False,True,False,True,False,0.0308880308880308,0.0598455598455598,,,-0.0903474903474903,-0.0217245817245818,-0.0289575289575289,-0.0637065637065637,0.001083287146672,0.0279809802487198,1312.5,1182.5,0.4437956204379562,-0.0009915014164306,-0.0002839876199116,-0.0005055756815038
2005-10-04,1320.0,1320.0,1292.5,1300.0,177.0,1300.0,1313.0,1348.0,1407.6,1324.0666666666666,1194.625,False,False,False,False,False,False,False,True,False,True,False,0.0076923076923076,0.0134615384615384,,,-0.0827692307692307,-0.0185128205128204,-0.0326923076923076,-0.0634615384615384,0.0007048990483861,0.0098293768545994,1307.5,1177.5,0.5822368421052632,-0.003125888036374,-0.0021343866199433,-0.0003783880982859
2005-10-05,1300.0,1305.0,1285.0,1285.0,146.0,1285.0,1300.0,1334.0,1403.5,1324.8666666666666,1196.1375,False,False,False,False,False,False,False,True,False,False,False,0.0291828793774319,0.0330739299610894,,,-0.0922178988326848,-0.031024643320363,-0.0233463035019455,-0.0136186770428015,0.0006038343481104,-0.0088080959520239,1310.0,1162.5,0.8248587570621468,-0.0029212682579265,0.0002046197784474,-0.0001010647002756
2005-10-06,1270.0,1307.5,1252.5,1300.0,206.0,1300.0,1301.0,1323.5,1396.5,1326.5666666666666,1197.825,False,False,False,False,False,False,False,True,False,True,False,-0.0153846153846153,0.023076923076923,,,-0.0742307692307692,-0.0204358974358973,-0.0384615384615384,0.0326923076923076,0.0012815036309269,-0.0273894975443898,1335.0,1195.0,1.4109589041095891,-0.0050125313283208,-0.0020912630703942,0.0006776692828165
2005-10-07,1305.0,1325.0,1275.0,1302.5,250.0,1302.5,1296.5,1319.25,1387.6,1328.2,1199.425,False,False,False,False,False,False,False,True,False,True,False,0.055662188099808,0.0268714011516314,,,-0.0653358925143953,-0.0197312859884837,-0.0786948176583493,-0.0268714011516314,0.0012297344777393,-0.0477544059124502,1327.5,1232.5,1.2135922330097086,-0.006413952147593,-0.0014014208192722,-5.1769153187612455e-05
2005-10-11,1302.5,1350.0,1297.5,1335.0,266.0,1335.0,1304.5,1313.75,1380.1,1330.3333333333333,1201.25,False,False,False,False,False,False,False,True,False,False,False,0.0280898876404494,0.0449438202247191,,,-0.0337827715355804,0.0034956304619226,-0.1217228464419475,-0.0730337078651685,0.001603608118266,-0.0506184586108468,1342.5,1275.0,1.064,-0.0054343888124048,0.0009795633351881,0.0003738736405266
2005-10-12,1372.5,1372.5,1300.0,1310.0,228.0,1310.0,1306.5,1309.75,1371.7,1332.3333333333333,1203.0625,False,False,False,False,False,False,False,True,False,True,False,0.0057251908396946,0.0877862595419847,,,-0.0470992366412214,-0.0170483460559795,-0.116412213740458,-0.0438931297709923,0.0015011258443832,-0.0511548005344531,1365.0,1325.0,0.8571428571428571,-0.0061237880002915,-0.0006893991878866,-0.0001024822738827
2005-10-13,1312.5,1327.5,1305.0,1322.5,96.0,1322.5,1314.0,1307.0,1366.3,1334.9666666666667,1204.8,False,False,False,False,False,False,False,True,False,False,False,0.0037807183364839,0.0718336483931947,,,-0.0331190926275992,-0.0094265910522999,-0.1323251417769376,-0.0359168241965973,0.0019725835851083,-0.0489671002295332,1362.5,1362.5,0.4210526315789473,-0.0039522798799678,0.0021715081203236,0.000471457740725
2005-10-14,1322.5,1322.5,1275.0,1280.0,352.0,1280.0,1310.0,1305.5,1361.3,1337.6333333333334,1206.225,False,False,False,False,False,False,False,True,False,False,False,0.0390625,0.07421875,,,-0.0635156249999999,-0.0450260416666667,-0.064453125,-0.001953125,0.0019935707343816,-0.0361930294906166,1385.0,1367.5,3.6666666666666665,-0.0036729596709028,0.000279320209065,2.098714927335375e-05
2005-10-17,1280.0,1387.5,1280.0,1375.0,618.0,1375.0,1324.5,1310.5,1361.9,1341.5,1208.1375,False,False,False,False,True,False,True,True,False,False,True,-0.0272727272727272,-0.0072727272727272,,,0.0095272727272726,0.0243636363636363,-0.1581818181818181,-0.06,0.0028823456329978,-0.0352918733307897,1397.5,1352.5,1.755681818181818,0.0004405609809825,0.0041135206518853,0.0008887748986161
2005-10-18,1340.0,1395.0,1317.5,1372.5,338.0,1372.5,1332.0,1318.25,1361.2,1345.3,1210.15,False,False,False,False,False,False,False,True,False,True,False,0.0163934426229508,-0.0473588342440801,,,0.0082331511839708,0.0198178506375228,-0.1693989071038251,-0.0619307832422586,0.0028246487772243,-0.0352740375497819,1445.0,1317.5,0.5469255663430421,-0.0005142521304731,-0.0009548131114556,-5.76968557734316e-05
2005-10-19,1370.0,1370.0,1300.0,1317.5,136.0,1317.5,1333.5,1320.0,1358.9,1348.3333333333333,1212.0,False,False,False,False,False,False,False,True,False,True,False,0.0815939278937381,-0.0436432637571157,,,-0.0314231499051234,-0.023402909550917,-0.1252371916508539,-0.0379506641366223,0.0022496909765141,-0.0327651515151515,1415.0,1370.0,0.4023668639053254,-0.0016925454411656,-0.0011782933106924,-0.0005749578007101
2005-10-20,1325.0,1347.5,1322.5,1327.5,143.0,1327.5,1334.5,1324.25,1355.0,1351.0333333333333,1213.9,False,False,False,False,False,False,False,True,False,True,False,0.0677966101694915,-0.0621468926553672,,,-0.0207156308851224,-0.017727558066541,-0.1412429378531073,-0.0809792843691148,0.0019984703066788,-0.0394562960166131,1385.0,1362.5,1.0514705882352942,-0.0028782287822878,-0.0011856833411222,-0.0002512206698353
2005-10-21,1325.0,1335.0,1315.0,1330.0,56.0,1330.0,1344.5,1327.25,1351.4,1353.4,1215.8125,False,False,True,False,False,False,False,True,False,False,False,0.0338345864661654,-0.0413533834586466,,,-0.0160902255639098,-0.017593984962406,-0.1334586466165413,-0.1766917293233082,0.0017486823309197,-0.0602750047089847,1362.5,1325.0,0.3916083916083916,-0.0026639040994523,0.0002143246828355,-0.0002497879757591
2005-10-24,1337.5,1340.0,1317.5,1337.5,33.0,1337.5,1337.0,1330.75,1346.4,1356.2333333333331,1217.6375,False,False,False,False,False,False,False,True,False,True,False,0.0205607476635514,-0.0728971962616822,,,-0.0066542056074767,-0.0140062305295948,-0.1177570093457943,-0.1570093457943925,0.0020891193747386,-0.0732669547247792,1350.0,1357.5,0.5892857142857143,-0.0037136066547831,-0.0010497025553307,0.0003404370438188
2005-10-25,1350.0,1405.0,1350.0,1395.0,444.0,1395.0,1341.5,1336.75,1342.4,1359.0666666666666,1219.6875,False,False,False,False,True,False,False,True,False,False,False,-0.0627240143369175,-0.0985663082437276,,,0.037706093189964,0.0257586618876941,-0.1487455197132616,-0.2293906810035842,0.0020847640537624,-0.0895829437067514,1330.0,1345.0,13.454545454545457,-0.002979737783075,0.000733868871708,-4.355320976139054e-06
2005-10-26,1420.0,1425.0,1387.5,1425.0,512.0,1425.0,1363.0,1348.25,1339.8,1362.3666666666666,1221.9,False,False,False,False,False,False,False,True,False,False,False,-0.1157894736842105,-0.1175438596491228,,,0.0597894736842105,0.043953216374269,-0.175438596491228,-0.2403508771929824,0.0024222553889065,-0.1099573521231225,1410.0,1337.5,1.1531531531531531,-0.0019405881474848,0.0010391496355902,0.000337491335144
2005-10-27,1430.0,1437.5,1400.0,1417.5,191.0,1417.5,1381.0,1357.75,1339.5,1365.7666666666669,1224.0875,False,False,False,False,False,False,False,True,False,False,False,-0.1216931216931216,-0.1146384479717813,,,0.055026455026455,0.0364961787184007,-0.1904761904761904,-0.2857142857142857,0.0024894442681768,-0.1355183207512428,1387.5,1380.0,0.373046875,-0.0002239641657334,0.0017166239817513,6.718887927030992e-05
2005-10-28,1375.0,1375.0,1362.5,1375.0,147.0,1375.0,1390.0,1367.25,1338.3,1368.1666666666667,1225.8875,False,False,False,False,False,False,False,True,False,True,False,-0.0727272727272727,-0.0909090909090909,,,0.0266909090909091,0.0049696969696969,-0.1654545454545454,-0.3,0.0017541722499694,-0.1645639056500274,1475.0,1405.0,0.7696335078534031,-0.0008966599417171,-0.0006726957759836,-0.0007352720182073
2005-10-31,1375.0,1375.0,1340.0,1365.0,135.0,1365.0,1395.5,1366.25,1339.1,1369.9333333333334,1227.5375,False,False,False,False,False,False,True,True,False,False,False,-0.0915750915750915,-0.1208791208791208,,,0.018974358974359,-0.0036141636141636,-0.1794871794871795,-0.2600732600732601,0.001289600467176,-0.1846294602012808,1525.0,1357.5,0.9183673469387756,0.0005974161750429,0.00149407611676,-0.0004645717827934
2005-11-01,1390.0,1390.0,1307.5,1307.5,298.0,1307.5,1378.0,1359.75,1335.8,1370.3666666666666,1228.9875,False,False,False,False,False,True,False,True,False,True,False,-0.0382409177820267,-0.1032504780114722,,,-0.0216443594646271,-0.0480815806246015,-0.1185468451242829,-0.1969407265774378,0.0003162170708568,-0.1981981981981982,1522.5,1312.5,2.207407407407408,-0.0024704297050456,-0.0030678458800885,-0.0009733833963191
2005-11-02,1325.0,1325.0,1257.5,1260.0,607.0,1260.0,1345.0,1354.0,1332.2,1369.5,1230.1625,False,False,False,False,False,False,False,False,False,True,False,-0.0019841269841269,-0.0813492063492063,,,-0.0573015873015873,-0.0869047619047619,-0.0833333333333333,-0.1130952380952381,-0.000632834367774,-0.2058714918759231,1520.0,1307.5,2.0369127516778525,-0.0027022969524094,-0.0002318672473638,-0.0009490514386308
2005-11-04,1270.0,1290.0,1242.5,1245.0,933.0,1245.0,1310.5,1345.75,1328.0,1367.9333333333334,1231.325,False,False,False,False,False,False,False,False,False,True,False,0.0080321285140562,-0.0783132530120482,,,-0.0666666666666666,-0.0987416331994645,-0.0240963855421686,-0.0702811244979919,-0.0011452799844046,-0.2056474085082667,1457.5,1310.0,1.5370675453047775,-0.0031626506024096,-0.0004603536500001,-0.0005124456166306
2005-11-07,1257.5,1287.5,1255.0,1275.0,839.0,1275.0,1290.5,1340.25,1327.2,1366.7,1232.375,False,False,False,False,False,False,False,False,False,False,False,-0.0196078431372549,-0.0607843137254901,,,-0.0409411764705882,-0.071921568627451,-0.0372549019607843,-0.0588235294117647,-0.0009024170142191,-0.1945532549897407,1405.0,1335.0,0.8992497320471597,-0.0006027727546714,0.0025598778477382,0.0002428629701854
2005-11-08,1270.0,1270.0,1222.5,1240.0,1130.0,1240.0,1265.5,1330.5,1323.8,1365.2,1232.8,False,False,False,False,False,False,False,False,False,True,False,-0.032258064516129,-0.0665322580645161,,,-0.0675806451612902,-0.1009677419354839,0.0362903225806451,-0.0302419354838709,-0.0010987401113389,-0.1830139045471627,1360.0,1327.5,1.3468414779499405,-0.0025683638011784,-0.001965591046507,-0.0001963230971198
2005-11-09,1252.5,1272.5,1252.5,1257.5,253.0,1257.5,1255.5,1316.75,1322.3,1364.4,1233.3875,False,False,False,False,False,False,False,False,False,False,False,-0.0675944333996023,-0.0934393638170974,,,-0.0515308151093439,-0.0850099403578529,0.0656063618290258,-0.0854870775347912,-0.0005863383172089,-0.168786785646478,1390.0,1342.5,0.2238938053097345,-0.0011343870528624,0.001433976748316,0.00051240179413
2005-11-10,1270.0,1272.5,1250.0,1257.5,320.0,1257.5,1255.0,1300.0,1320.6,1362.9,1233.8375,False,False,False,False,False,False,False,False,False,True,False,-0.0795228628230616,-0.0834990059642147,,,-0.0501789264413518,-0.083817097415507,0.073558648111332,-0.0536779324055666,-0.0011005943209333,-0.1498076923076923,1375.0,1365.0,1.2648221343873518,-0.0012872936543995,-0.0001529066015371,-0.0005142560037243
2005-11-11,1260.0,1265.0,1250.0,1255.0,270.0,1255.0,1257.0,1283.75,1319.4,1361.4666666666667,1234.4375,False,False,False,False,False,False,False,False,False,False,False,-0.0856573705179282,-0.0916334661354581,,,-0.0513147410358566,-0.0848339973439575,0.1215139442231075,-0.0776892430278884,-0.001052786210949,-0.1277507302823758,1425.0,1362.5,0.84375,-0.0009095043201453,0.0003777893342541,4.780810998428285e-05
2005-11-14,1255.0,1267.5,1240.0,1250.0,762.0,1250.0,1252.0,1271.25,1317.4,1360.4666666666667,1234.95,False,False,False,False,False,False,False,False,False,True,False,-0.042,-0.078,,,-0.05392,-0.0883733333333333,0.12,-0.058,-0.0007350418973881,-0.1022615535889872,1420.0,1385.0,2.8222222222222224,-0.0015181417944436,-0.0006086374742982,0.0003177443135608
2005-11-15,1250.0,1250.0,1195.0,1200.0,1198.0,1200.0,1244.0,1254.75,1313.3,1358.3666666666666,1234.775,False,False,False,False,False,False,False,False,False,True,False,-0.0354166666666666,-0.0166666666666666,,,-0.0944166666666666,-0.1319722222222221,0.1479166666666666,-0.0354166666666666,-0.0015459743319183,-0.0787009364415222,1462.5,1397.5,1.5721784776902887,-0.0031219066473769,-0.0016037648529333,-0.0008109324345301
2005-11-16,1187.5,1187.5,1167.5,1172.5,934.0,1172.5,1227.0,1241.25,1306.8,1356.0666666666666,1234.525,False,False,False,False,False,False,False,False,False,True,False,-0.0277185501066098,0.0127931769722814,,,-0.1145415778251598,-0.1565600568585642,0.1535181236673774,-0.0191897654584221,-0.0016960818052209,-0.0606243705941591,1495.0,1445.0,0.7796327212020033,-0.0049739822467095,-0.0018520755993325,-0.0001501074733026
2005-11-17,1165.0,1165.0,1150.0,1157.5,938.0,1157.5,1207.0,1231.0,1300.7,1353.6666666666667,1234.25,False,False,False,False,False,False,False,False,False,False,False,-0.0043196544276457,0.0151187904967602,,,-0.1237149028077754,-0.1694744420446365,0.1706263498920086,0.0021598272138228,-0.0017729623245505,-0.0493501218521527,1490.0,1415.0,1.0042826552462527,-0.004689782424848,0.0002841998218614,-7.688051932955363e-05
2005-11-18,1150.0,1205.0,1135.0,1147.5,1383.0,1147.5,1185.5,1221.25,1293.7,1350.5666666666666,1234.1125,False,False,False,False,False,False,False,False,False,True,False,-0.0065359477124183,0.0,,,-0.1274074074074074,-0.1769644153957879,0.167755991285403,0.0174291938997821,-0.0022953328232594,-0.0409416581371545,1425.0,1385.0,1.4744136460554371,-0.0054108371338022,-0.0007210547089541,-0.0005223704987089
2005-11-21,1172.5,1200.0,1160.0,1197.5,479.0,1197.5,1175.0,1213.5,1290.4,1347.8,1234.25,False,False,False,False,False,False,False,False,False,False,False,-0.0375782881002087,-0.0417536534446764,,,-0.0775782881002088,-0.1255114822546972,0.1837160751565762,0.0313152400835073,-0.0020527279022604,-0.0319324268644417,1405.0,1362.5,0.346348517715112,-0.0025573465592064,0.0028534905745958,0.000242604920999
2005-11-22,1175.0,1175.0,1142.5,1157.5,564.0,1157.5,1166.5,1205.25,1281.7,1345.1333333333334,1234.1625,False,False,False,False,False,False,False,False,False,True,False,0.019438444924406,-0.0323974082073434,,,-0.1073002159827214,-0.1621022318214543,0.3023758099352052,0.0691144708423326,-0.0019824552708528,-0.0224019912881145,1345.0,1350.0,1.1774530271398749,-0.0067878598736054,-0.0042305133143989,7.027263140762423e-05
2005-11-24,1145.0,1157.5,1132.5,1140.0,613.0,1140.0,1160.0,1193.5,1272.4,1342.8333333333333,1233.7375,False,False,False,False,False,False,False,False,False,True,False,0.0416666666666666,0.0109649122807017,,,-0.116140350877193,-0.177923976608187,0.3157894736842105,0.1206140350877193,-0.0017127963261761,-0.0020946795140343,1390.0,1330.0,1.0868794326241136,-0.0073090223200251,-0.0005211624464197,0.0002696589446767
2005-11-25,1150.0,1157.5,1140.0,1152.5,233.0,1152.5,1159.0,1183.0,1265.8,1340.7666666666669,1233.475,False,False,False,False,False,False,False,False,False,False,False,0.0195227765726681,0.0021691973969631,,,-0.0983080260303687,-0.1633550253073031,0.316702819956616,0.0954446854663774,-0.001541406657882,0.0128909551986475,1350.0,1410.0,0.3800978792822186,-0.0052140938536894,0.0020949284663356,0.000171389668294
2005-11-28,1152.5,1155.0,1127.5,1140.0,365.0,1140.0,1157.5,1171.5,1258.3,1338.5,1233.2,False,False,False,False,False,False,False,False,False,True,False,0.006578947368421,0.0657894736842105,,,-0.1037719298245613,-0.1741228070175438,0.3201754385964912,0.1206140350877193,-0.001693437928029,0.0330772513871105,1350.0,1387.5,1.5665236051502145,-0.0059604227926567,-0.0007463289389672,-0.0001520312701469
2005-11-29,1125.0,1152.5,1125.0,1152.5,462.0,1152.5,1148.5,1161.75,1251.2,1336.0666666666666,1233.0375,False,False,False,False,False,False,False,False,False,False,False,-0.0043383947939262,0.0650759219088937,,,-0.0856399132321041,-0.1592769342010122,0.3058568329718004,0.1106290672451193,-0.0018212664038721,0.0505702603830428,1295.0,1475.0,1.2657534246575342,-0.0056745524296674,0.0002858703629893,-0.000127828475843
2005-11-30,1152.5,1187.5,1152.5,1180.0,400.0,1180.0,1153.0,1159.75,1244.9,1334.1,1233.0625,False,False,False,False,False,False,False,False,False,False,False,-0.0508474576271186,0.0889830508474576,,,-0.055,-0.1305932203389829,0.3072033898305085,0.0805084745762711,-0.0014741523623916,0.062513472731192,1325.0,1525.0,0.8658008658008658,-0.0050606474415615,0.0006139049881059,0.0003471140414804
2005-12-01,1197.5,1197.5,1185.0,1187.5,256.0,1187.5,1162.5,1161.25,1236.6,1332.0333333333333,1233.2375,False,False,False,False,False,False,False,False,False,True,False,-0.0294736842105263,0.1284210526315789,,,-0.0413473684210525,-0.1217122807017543,0.4,0.1157894736842105,-0.0015515127249067,0.0762109795479009,1295.0,1522.5,0.64,-0.0067119521267994,-0.0016513046852379,-7.736036251509114e-05
2005-12-02,1187.5,1187.5,1155.0,1175.0,238.0,1175.0,1167.0,1163.0,1226.6,1329.5,1233.275,False,False,False,False,False,False,False,False,False,True,False,-0.0170212765957446,0.1489361702127659,,,-0.0439148936170212,-0.1314893617021276,0.4106382978723404,0.1170212765957446,-0.0019054782499686,0.0877042132416165,1300.0,1520.0,0.9296875,-0.0081526169900538,-0.0014406648632543,-0.0003539655250618
2005-12-05,1172.5,1172.5,1145.0,1147.5,296.0,1147.5,1168.5,1163.0,1215.8,1326.6333333333334,1233.2625,False,False,False,False,False,False,False,False,False,True,False,0.0588235294117647,0.2265795206971677,,,-0.0595206971677559,-0.1561074800290487,0.4444444444444444,0.1285403050108932,-0.0021608583130228,0.0986672398968185,1285.0,1457.5,1.2436974789915969,-0.0088830399736798,-0.000730422983626,-0.0002553800630542
2005-12-06,1147.5,1155.0,1145.0,1147.5,210.0,1147.5,1167.5,1158.0,1206.7,1323.4666666666667,1233.3,False,False,False,False,False,False,False,False,False,False,False,0.0697167755991285,0.2200435729847494,,,-0.0515904139433551,-0.1533478576615831,0.4749455337690632,0.1285403050108932,-0.0023927060245819,0.1085924006908462,1300.0,1405.0,0.7094594594594594,-0.0075412281428689,0.0013418118308109,-0.0002318477115591
2005-12-07,1150.0,1155.0,1112.5,1120.0,451.0,1120.0,1155.5,1154.25,1196.9,1319.7666666666669,1233.35,False,False,False,False,False,False,False,False,False,True,False,0.1473214285714285,0.2299107142857142,,,-0.0686607142857143,-0.1783630952380954,0.4084821428571428,0.2209821428571428,-0.0028035258757859,0.1234567901234567,1302.5,1360.0,2.1476190476190475,-0.0081878185312055,-0.0006465903883366,-0.000410819851204
2005-12-08,1115.0,1162.5,1102.5,1152.5,388.0,1152.5,1148.5,1155.5,1190.7,1315.8666666666666,1233.825,False,False,False,False,False,False,False,False,False,False,False,0.1626898047722342,0.1735357917570499,,,-0.0331453362255965,-0.1417498192335501,0.1518438177874186,0.1908893709327548,-0.002963826122201,0.1304630030289917,1335.0,1390.0,0.8603104212860311,-0.0052070210800369,0.0029807974511685,-0.000160300246415
2005-12-09,1155.0,1162.5,1125.0,1155.0,520.0,1155.0,1144.5,1155.75,1186.5,1312.4,1234.25,False,False,False,False,False,False,False,False,False,False,False,0.1688311688311688,0.1731601731601731,,,-0.0272727272727272,-0.1362770562770563,0.1233766233766233,0.277056277056277,-0.0026414710962103,0.1486048020765736,1310.0,1375.0,1.3402061855670102,-0.0035398230088495,0.0016671980711873,0.0003223550259907
2005-12-12,1155.0,1215.0,1147.5,1215.0,945.0,1215.0,1158.0,1163.25,1185.3,1310.1333333333334,1235.075,False,False,False,False,True,False,False,False,False,False,True,0.1584362139917695,0.102880658436214,,,0.0244444444444444,-0.0782990397805213,0.0473251028806584,0.2263374485596707,-0.0017301038062283,0.1594670105308403,1322.5,1425.0,1.8173076923076923,-0.0010124019235636,0.0025274210852859,0.0009113672899819
2005-12-13,1222.5,1227.5,1180.0,1227.5,617.0,1227.5,1174.0,1170.75,1183.4,1308.3333333333333,1235.8125,False,False,False,False,False,False,False,False,False,True,False,0.1405295315682281,0.1547861507128309,,,0.0359266802443991,-0.0658520027155464,-0.0835030549898167,0.1812627291242362,-0.001375796178344,0.1665598975016015,1280.0,1420.0,0.6529100529100529,-0.0016055433496703,-0.0005931414261066,0.0003543076278842
2005-12-14,1237.5,1285.0,1232.5,1285.0,1316.0,1285.0,1207.0,1181.25,1185.2,1307.4666666666667,1236.825,False,False,False,False,False,False,True,False,True,False,False,0.0719844357976653,0.1731517509727626,,,0.0776653696498054,-0.0174837872892347,-0.0408560311284046,0.103112840466926,-0.0006628594737914,0.1682539682539682,1375.0,1462.5,2.13290113452188,0.0015187310158622,0.0031242743655325,0.0007129367045526
2005-12-15,1287.5,1340.0,1280.0,1340.0,1197.0,1340.0,1244.5,1196.5,1188.5,1307.6,1238.05,False,False,False,False,False,False,True,True,False,False,False,0.0093283582089552,0.1194029850746268,,,0.1130597014925373,0.024179104477612,-0.0951492537313432,0.0820895522388059,0.0001019679820535,0.1638111157542833,1372.5,1495.0,0.9095744680851064,0.0027766091712241,0.0012578781553619,0.000764827455845
2005-12-16,1345.0,1402.5,1342.5,1350.0,1278.0,1350.0,1283.5,1214.0,1192.2,1306.8,1239.2625,False,False,False,False,False,False,True,False,False,False,False,0.0037037037037037,0.124074074074074,,,0.1168888888888888,0.032,-0.0981481481481481,0.0648148148148148,-0.0006121824303642,0.157331136738056,1317.5,1490.0,1.0676691729323309,0.0031035061231337,0.0003268969519095,-0.0007141504124177
2005-12-19,1325.0,1415.0,1320.0,1407.5,874.0,1407.5,1322.0,1240.0,1198.3,1307.0666666666666,1240.825,False,False,False,False,False,False,True,True,False,False,False,-0.0479573712255772,0.0692717584369449,,,0.1486323268206039,0.0713558318531676,-0.0994671403197158,0.0301953818827708,0.0002040191778027,0.1455645161290322,1327.5,1425.0,0.6838810641627543,0.005090544938663,0.0019870388155292,0.0008162016081669
2005-12-20,1415.0,1420.0,1370.0,1400.0,456.0,1400.0,1356.5,1265.25,1204.3,1306.0666666666666,1242.0875,False,False,False,False,False,False,True,False,False,True,False,0.0125,0.075,,,0.1397857142857143,0.0670952380952381,-0.0410714285714285,0.0357142857142857,-0.0007656576999642,0.1349535664888362,1330.0,1405.0,0.5217391304347826,0.0049821473054886,-0.0001083976331743,-0.0009696768777669
2005-12-21,1375.0,1392.5,1370.0,1377.5,441.0,1377.5,1375.0,1291.0,1211.4,1304.1,1243.0875,False,False,False,False,False,False,True,False,False,False,False,0.0943738656987295,0.1197822141560798,,,0.1205807622504536,0.0532849364791289,-0.0798548094373865,0.058076225045372,-0.0015080643099967,0.1192873741285825,1337.5,1345.0,0.9671052631578948,0.0058609872874361,0.0008788399819474,-0.0007424066100324
2005-12-22,1372.5,1387.5,1352.5,1352.5,454.0,1352.5,1377.5,1311.0,1218.6,1301.8333333333333,1244.05,False,False,False,False,False,False,True,False,False,False,False,0.1090573012939001,0.2292051756007393,,,0.0990018484288355,0.0374614910659273,-0.0850277264325323,0.155268022181146,-0.0017411342977851,0.1167048054919908,1395.0,1390.0,1.0294784580498866,0.0059084194977841,4.743221034805758e-05,-0.0002330699877884
2005-12-26,1365.0,1385.0,1350.0,1355.0,263.0,1355.0,1378.5,1331.0,1226.5,1299.6333333333334,1245.0375,False,False,False,False,False,False,True,False,False,False,False,0.1199261992619926,0.2232472324723247,,,0.0948339483394834,0.040861008610086,-0.0756457564575645,0.1291512915129151,-0.0016927851445278,0.1040570999248685,1425.0,1350.0,0.579295154185022,0.0064410925397473,0.0005326730419631,4.834915325735954e-05
2005-12-27,1355.0,1362.5,1315.0,1340.0,155.0,1340.0,1365.0,1343.5,1234.2,1298.0666666666666,1245.7375,False,False,False,False,False,False,True,False,False,True,False,0.1231343283582089,0.2369402985074626,,,0.0789552238805969,0.0312935323383085,-0.0485074626865671,0.1082089552238805,-0.0012069231164296,0.0934127279493859,1417.5,1350.0,0.5893536121673004,0.0062388591800356,-0.0002022333597116,0.0004858620280981
2005-12-28,1315.0,1422.5,1302.5,1417.5,514.0,1417.5,1368.5,1362.5,1243.0,1298.2333333333331,1246.9,False,False,False,False,False,False,True,True,False,False,False,0.0617283950617283,0.1940035273368606,,,0.1231040564373897,0.0841387419165198,-0.0987654320987654,0.0899470899470899,0.0001283795927798,0.085137614678899,1375.0,1295.0,3.3161290322580643,0.007079646017699,0.0008407868376633,0.0013353027092095
2005-12-29,1465.0,1512.5,1420.0,1507.5,1207.0,1507.5,1394.5,1384.75,1257.0,1300.2,1248.6625,False,False,False,False,False,False,True,True,False,False,False,0.0232172470978441,0.0464344941956882,,,0.1661691542288557,0.1375124378109452,-0.1426202321724709,0.044776119402985,0.0015125878070042,0.0790756454233616,1365.0,1325.0,2.348249027237354,0.011137629276054,0.004057983258355,0.0013842082142244
2005-12-30,1517.5,1522.5,1475.0,1500.0,404.0,1500.0,1424.0,1400.75,1271.4,1301.6666666666667,1250.1625,False,False,False,False,False,False,True,True,False,False,False,0.1083333333333333,-0.115,,,0.1523999999999999,0.1322222222222221,-0.1416666666666666,0.0583333333333333,0.0011267605633803,0.0765661252900232,1307.5,1295.0,0.3347141673570837,0.0113260972156678,0.0001884679396137,-0.0003858272436239
2006-01-04,1550.0,1550.0,1475.0,1517.5,266.0,1517.5,1456.5,1417.5,1286.0,1303.5666666666666,1251.775,False,False,False,False,False,False,True,True,False,False,False,0.0922570016474464,-0.1449752883031301,,,0.1525535420098847,0.1409774848984075,-0.1647446457990115,-0.0313014827018121,0.0014575395709207,0.0661375661375661,1260.0,1300.0,0.6584158415841584,0.0113530326594089,2.6935443741112064e-05,0.0003307790075403
2006-01-05,1525.0,1557.5,1505.0,1505.0,718.0,1505.0,1489.5,1427.25,1300.6,1304.6333333333334,1253.325,False,False,False,False,False,False,True,True,False,True,False,0.101328903654485,-0.154485049833887,,,0.1358139534883721,0.1331339977851605,-0.1893687707641196,-0.0780730897009966,0.0008175988144818,0.0544753897355053,1245.0,1285.0,2.699248120300752,0.011225588190066,-0.0001274444693428,-0.0006399407564388
2006-01-06,1530.0,1530.0,1505.0,1505.0,324.0,1505.0,1507.0,1437.75,1314.7,1305.7666666666669,1254.975,True,True,False,False,False,False,True,True,False,True,False,0.1245847176079734,-0.2524916943521594,,,0.1264451827242524,0.1323809523809522,-0.2724252491694352,-0.0697674418604651,0.000867944757869,0.0432968179447052,1275.0,1300.0,0.4512534818941504,0.0107248802008063,-0.0005007079892596,5.034594338717473e-05
2006-01-10,1530.0,1592.5,1507.5,1542.5,851.0,1542.5,1514.0,1454.25,1329.2,1306.8333333333333,1256.95,False,False,False,False,False,False,True,True,False,False,False,0.0226904376012965,-0.2009724473257698,,,0.1382820097244732,0.1527822798487304,-0.2690437601296596,-0.0680713128038897,0.0008162224206093,0.0300842358604091,1240.0,1302.5,2.626543209876543,0.0109088173337345,0.0001839371329282,-5.172233725962575e-05
2006-01-11,1572.5,1675.0,1550.0,1662.5,1857.0,1662.5,1546.5,1485.25,1348.2,1309.0666666666666,1259.6375,False,False,False,False,False,False,True,True,False,False,False,-0.2015037593984962,-0.2706766917293233,,,0.1890526315789473,0.2125914786967419,-0.3533834586466165,-0.1308270676691729,0.0017060501120391,0.0006732873253661,1257.5,1335.0,2.18213866039953,0.0140928645601542,0.0031840472264197,0.0008898276914297
2006-01-12,1685.0,1695.0,1627.5,1657.5,1071.0,1657.5,1574.5,1515.5,1367.5,1311.3,1262.3375,False,False,False,False,False,False,True,True,False,False,False,-0.2171945701357466,-0.2654600301659125,,,0.1749622926093514,0.208868778280543,-0.3469079939668175,-0.138763197586727,0.0017031444622385,-0.0260640052787858,1257.5,1310.0,0.5767366720516963,0.0141133455210237,2.048096086945325e-05,-2.9056498006207413e-06
2006-01-13,1682.5,1735.0,1657.5,1657.5,898.0,1657.5,1605.0,1547.25,1387.9,1314.4,1265.1,False,False,False,False,False,False,True,True,False,False,False,-0.2322775263951734,-0.2352941176470588,,,0.162654600301659,0.206998491704374,-0.3891402714932127,-0.1613876319758672,0.0023584905660378,-0.0521893682339634,1255.0,1322.5,0.838468720821662,0.0146984653072988,0.0005851197862751,0.0006553461037993
2006-01-16,1607.5,1712.5,1587.5,1692.5,520.0,1692.5,1642.5,1574.75,1409.7,1318.2333333333331,1267.975,False,False,False,False,False,False,True,True,False,False,False,-0.3353028064992615,-0.206794682422452,,,0.1670901033973411,0.2211324470704088,-0.431314623338257,-0.1521418020679468,0.0029079323336786,-0.0757263057628195,1250.0,1280.0,0.579064587973274,0.0154642831808185,0.0007658178735197,0.0005494417676408
2006-01-17,1577.5,1640.0,1515.0,1577.5,2308.0,1577.5,1649.5,1581.75,1428.0,1321.3333333333333,1270.4625,False,False,False,False,False,False,True,True,False,True,False,-0.2187004754358161,-0.196513470681458,,,0.094770206022187,0.1623877443211833,-0.3597464342313787,-0.0855784469096671,0.0023461150353179,-0.0881934566145092,1200.0,1375.0,4.438461538461539,0.0128151260504201,-0.0026491571303984,-0.0005618172983607
2006-01-18,1327.5,1327.5,1327.5,1327.5,61.0,1327.5,1582.5,1564.5,1435.0,1320.5,1271.825,False,False,False,False,False,False,True,False,False,True,False,-0.0866290018832391,-0.0677966101694915,,,-0.0809792843691148,0.0052730696798493,-0.2090395480225988,0.1054613935969868,-0.0006310740880978,-0.085810162991371,1172.5,1372.5,0.0264298093587521,0.0048780487804878,-0.0079370772699323,-0.0029771891234158
2006-01-19,1252.5,1415.0,1250.0,1297.5,1910.0,1297.5,1510.5,1542.5,1440.7,1319.8,1273.15,False,False,False,False,False,False,True,False,False,True,False,-0.0616570327552986,-0.0346820809248554,,,-0.1103660886319846,-0.0171868978805394,-0.1387283236994219,0.1078998073217726,-0.0005303833914229,-0.0748784440842787,1157.5,1317.5,31.311475409836067,0.0039564100784341,-0.0009216387020536,0.0001006906966749
2006-01-20,1327.5,1370.0,1205.0,1272.5,1339.0,1272.5,1433.5,1519.25,1443.0,1318.7666666666669,1274.325,False,False,False,False,False,False,True,False,False,True,False,-0.0039292730844793,0.0019646365422396,,,-0.1339882121807465,-0.0363588736083826,-0.0903732809430255,0.137524557956778,-0.0007835603973407,-0.0567714332729965,1147.5,1327.5,0.7010471204188482,0.0015939015939015,-0.0023625084845325,-0.0002531770059177
2006-01-23,1160.0,1162.5,1102.5,1125.0,801.0,1125.0,1320.0,1481.25,1438.9,1316.5,1274.95,False,False,False,False,False,False,False,False,False,True,False,0.1933333333333333,0.1355555555555555,,,-0.2790222222222223,-0.1702222222222222,0.0666666666666666,0.2622222222222222,-0.0017217369287253,-0.0312236286919831,1197.5,1330.0,0.5982076176250933,-0.0028493988463408,-0.0044433004402424,-0.0009381765313845
2006-01-24,1180.0,1240.0,1162.5,1232.5,426.0,1232.5,1251.0,1450.25,1436.8,1315.2666666666669,1276.3625,False,False,False,False,False,False,False,False,False,False,False,0.0283975659229208,0.0486815415821501,,,-0.165760649087221,-0.0671534820824883,-0.024340770791075,0.1419878296146044,-0.0009377059151501,-0.0125840372349594,1157.5,1337.5,0.5318352059925093,-0.0014615812917595,0.0013878175545813,0.0007840310135751
2006-01-25,1262.5,1287.5,1212.5,1212.5,602.0,1212.5,1228.0,1405.25,1431.7,1314.1666666666667,1277.725,False,False,False,False,False,False,False,False,False,True,False,0.0206185567010309,0.0618556701030927,,,-0.1807835051546392,-0.0838487972508591,-0.0515463917525773,0.1443298969072164,-0.0008370323398859,0.0149439601494396,1140.0,1395.0,1.4131455399061033,-0.0035621987846615,-0.0021006174929019,0.0001006735752641
2006-01-26,1250.0,1257.5,1205.0,1217.5,502.0,1217.5,1212.0,1361.25,1426.4,1313.0666666666666,1278.875,False,False,False,False,False,False,False,False,False,True,False,0.028747433264887,0.0410677618069815,,,-0.1715811088295688,-0.0784941820670773,-0.0225872689938398,0.1047227926078028,-0.0008377335499594,0.0416896235078053,1152.5,1425.0,0.8338870431893688,-0.0037156477846326,-0.000153448999971,-7.012100735236592e-07
2006-01-27,1250.0,1270.0,1237.5,1267.5,595.0,1267.5,1211.0,1322.25,1420.8,1312.8333333333333,1280.2125,False,False,False,False,False,False,False,False,False,True,False,0.0059171597633136,-0.0374753451676528,,,-0.1209467455621301,-0.035765943458251,-0.0867850098619329,0.0532544378698224,-0.0001777326393297,0.0682548685951975,1140.0,1417.5,1.1852589641434264,-0.0039414414414415,-0.0002257936568089,0.0006600009106297
2006-01-30,1325.0,1372.5,1312.5,1342.5,1411.0,1342.5,1254.5,1287.25,1418.5,1313.4,1281.875,False,False,False,False,False,False,False,True,False,False,False,-0.0484171322160148,-0.1843575418994413,,,-0.0566108007448789,0.0216759776536312,-0.1229050279329608,0.0018621973929236,0.000431450180194,0.0903087978248203,1152.5,1375.0,2.3714285714285714,-0.0016214310891786,0.0023200103522628,0.0006091828195237
2006-01-31,1292.5,1300.0,1262.5,1267.5,1081.0,1267.5,1261.5,1256.25,1414.1,1312.9333333333334,1283.1125,False,False,False,False,False,False,False,False,False,True,False,0.019723865877712,-0.1104536489151873,,,-0.1156607495069032,-0.035844838921762,-0.0867850098619329,0.0611439842209073,-0.0003554382045293,0.1094527363184079,1180.0,1365.0,0.7661233167965982,-0.0031115196945054,-0.0014900886053267,-0.0007868883847233
2006-02-01,1265.0,1265.0,1237.5,1237.5,327.0,1237.5,1266.5,1247.25,1409.5,1311.6333333333334,1283.8625,False,False,False,False,False,False,False,False,False,True,False,0.0404040404040404,-0.1313131313131313,,,-0.138989898989899,-0.0599057239057239,-0.0707070707070707,0.0787878787878787,-0.0009911306513506,0.1068350370815794,1187.5,1307.5,0.3024976873265494,-0.0032635686413621,-0.0001520489468567,-0.0006356924468213
2006-02-02,1260.0,1262.5,1250.0,1252.5,146.0,1252.5,1273.5,1242.75,1405.4,1310.8666666666666,1284.5125,False,False,False,False,False,False,False,False,False,False,False,0.0119760479041916,-0.1357285429141716,,,-0.1220758483033932,-0.0466001330671988,-0.0738522954091816,0.0678642714570858,-0.000584854803438,0.1027962180647757,1175.0,1260.0,0.4464831804281345,-0.0029173189127649,0.0003462497285971,0.0004062758479126
2006-02-03,1245.0,1282.5,1227.5,1275.0,171.0,1275.0,1275.0,1243.0,1402.8,1310.2333333333331,1285.3125,False,False,False,False,False,False,False,False,False,False,False,-0.0431372549019607,-0.2058823529411764,,,-0.100235294117647,-0.0276339869281044,-0.084313725490196,0.0568627450980392,-0.000483374462564,0.0945293644408688,1147.5,1245.0,1.1712328767123288,-0.0018534359851726,0.0010638829275923,0.000101480340874
2006-02-06,1315.0,1315.0,1262.5,1277.5,145.0,1277.5,1262.0,1258.25,1397.2,1310.2,1286.225,False,False,False,False,False,False,False,False,False,True,True,-0.1428571428571428,-0.2465753424657534,,,-0.0936986301369863,-0.0255968688845401,-0.0332681017612524,0.0528375733855185,-2.544140843617436e-05,0.0753030001986886,1147.5,1275.0,0.847953216374269,-0.004008016032064,-0.0021545800468914,0.0004579330541278
2006-02-07,1282.5,1295.0,1270.0,1292.5,175.0,1292.5,1267.0,1264.25,1388.6,1309.1,1287.225,False,False,False,False,False,False,False,False,False,True,False,-0.1276595744680851,-0.218568665377176,,,-0.0743520309477755,-0.01284332688588,-0.0425531914893617,-0.0193423597678916,-0.000840271942556,0.0591259640102827,1120.0,1240.0,1.206896551724138,-0.0061932882039465,-0.0021852721718824,-0.0008148305341198
2006-02-08,1307.5,1315.0,1275.0,1287.5,299.0,1287.5,1277.0,1271.75,1380.1,1307.9666666666667,1288.3125,False,False,False,False,False,False,False,False,False,False,False,-0.1650485436893204,-0.1844660194174757,,,-0.0719223300970873,-0.0158964401294498,-0.0077669902912621,-0.087378640776699,-0.0008664848747418,0.0361706310202476,1152.5,1257.5,1.7085714285714286,-0.0061589739873922,3.43142165543011e-05,-2.6212932185814392e-05
2006-02-09,1302.5,1307.5,1250.0,1267.5,287.0,1267.5,1280.0,1276.75,1370.1,1307.3,1289.3625,False,False,False,False,False,False,False,False,False,True,False,-0.145956607495069,-0.1183431952662721,,,-0.0809467455621301,-0.0314003944773175,-0.0039447731755424,-0.1222879684418146,-0.0005099569086412,0.013902486782847,1155.0,1257.5,0.959866220735786,-0.0072987373184439,-0.0011397633310516,0.0003565279661005
2006-02-10,1262.5,1262.5,1182.5,1220.0,315.0,1220.0,1269.0,1272.0,1358.7,1305.8666666666666,1290.375,False,False,False,False,False,False,False,False,False,True,False,-0.1700819672131147,-0.0512295081967213,,,-0.1136885245901639,-0.0703825136612021,0.0471311475409836,-0.0901639344262295,-0.0010976107821115,0.0,1215.0,1255.0,1.0975609756097562,-0.0083903731508058,-0.0010916358323619,-0.0005876538734702
2006-02-13,1167.5,1170.0,1095.0,1095.0,402.0,1095.0,1232.5,1247.25,1342.3,1302.7333333333331,1290.6375,False,False,False,False,False,False,False,False,False,True,False,-0.1210045662100456,0.0958904109589041,,,-0.2258447488584474,-0.1897108066971078,0.1689497716894977,0.0,-0.0024051993244972,-0.0002004409701342,1227.5,1250.0,1.276190476190476,-0.0122178350592267,-0.0038274619084209,-0.0013075885423857
2006-02-14,1057.5,1127.5,987.5,1127.5,443.0,1127.5,1199.5,1233.25,1325.7,1299.9333333333334,1291.025,False,False,False,False,False,False,False,False,False,True,False,-0.1042128603104212,0.0665188470066518,,,-0.1757871396895787,-0.1529342202512934,0.130820399113082,0.0066518847006651,-0.0021539566131594,-0.0058787755929454,1285.0,1200.0,1.1019900497512438,-0.0125216866561061,-0.0003038515968793,0.0002512427113378
2006-02-15,1150.0,1170.0,1062.5,1075.0,195.0,1075.0,1157.0,1217.0,1302.2,1295.6666666666667,1291.2,False,False,False,False,False,False,False,False,False,True,False,-0.0232558139534883,0.0697674418604651,,,-0.2113488372093023,-0.2052713178294574,0.2325581395348837,0.0348837209302325,-0.0032930280421919,-0.0108874281018898,1340.0,1172.5,0.4401805869074492,-0.0180463830440792,-0.0055246963879731,-0.0011390714290324
2006-02-16,1075.0,1115.0,1050.0,1082.5,137.0,1082.5,1120.0,1200.0,1279.2,1291.1,1290.9375,False,False,True,False,False,False,False,False,False,False,False,0.0323325635103926,0.0993071593533487,,,-0.1817090069284065,-0.1927020785219398,0.2124711316397228,-0.0046189376443418,-0.0035370356027161,-0.0185416666666666,1350.0,1157.5,0.7025641025641025,-0.0179799874921826,6.639555189663637e-05,-0.0002440075605242
2006-02-17,1057.5,1077.5,1000.0,1012.5,254.0,1012.5,1078.5,1173.75,1253.4,1285.7,1290.275,False,False,False,False,False,False,False,False,False,True,False,0.1432098765432098,0.1432098765432098,,,-0.237925925925926,-0.2698271604938272,0.2790123456790123,0.0419753086419753,-0.004200046667185,-0.0215122470713525,1407.5,1147.5,1.854014598540146,-0.0205840114887505,-0.0026040239965679,-0.0006630110644689
2006-02-20,1000.0,1002.5,902.5,962.5,180.0,962.5,1052.0,1142.25,1224.2,1280.2,1289.25,False,False,False,False,False,False,False,False,False,True,False,0.2467532467532467,0.2233766233766233,,,-0.2718961038961039,-0.3300779220779221,0.3454545454545454,0.135064935064935,-0.004296203718169,-0.0166338367257605,1400.0,1197.5,0.7086614173228346,-0.0238523117137722,-0.0032683002250217,-9.615705098395091e-05
2006-02-21,950.0,1010.0,940.0,1010.0,488.0,1010.0,1028.5,1114.0,1201.5,1275.4666666666667,1288.325,False,False,False,False,False,False,False,False,False,False,False,0.1905940594059406,0.146039603960396,,,-0.1896039603960396,-0.2628382838283828,0.3539603960396039,0.099009900990099,-0.0037110600041814,-0.005834829443447,1377.5,1157.5,2.7111111111111112,-0.0188930503537245,0.0049592613600477,0.0005851437139875
2006-02-22,1022.5,1060.0,990.0,1050.0,268.0,1050.0,1023.5,1090.25,1190.4,1272.0333333333333,1287.6625,False,False,False,False,False,False,False,False,False,False,False,0.0952380952380952,0.0952380952380952,,,-0.1337142857142858,-0.2114603174603174,0.3071428571428571,0.019047619047619,-0.0026990906946883,0.0061912405411602,1352.5,1140.0,0.5491803278688525,-0.0093245967741934,0.009568453579531,0.0010119693094931
2006-02-23,1072.5,1125.0,1072.5,1117.5,188.0,1117.5,1030.5,1075.25,1183.2,1270.1333333333334,1287.05,False,False,False,False,False,False,False,False,False,False,False,0.0648769574944071,0.0380313199105145,,,-0.0587919463087248,-0.1365846383296048,0.319910514541387,-0.0134228187919463,-0.0014959059416333,0.0192978377121599,1355.0,1152.5,0.7014925373134329,-0.0060851926977688,0.0032394040764246,0.001203184753055
2006-02-24,1117.5,1165.0,1115.0,1157.5,208.0,1157.5,1059.5,1069.0,1178.6,1268.9666666666667,1286.55,False,False,False,False,False,False,False,False,False,False,False,0.0,0.0086393088552915,,,-0.0182289416846651,-0.0962994960403168,0.2872570194384449,0.0064794816414686,-0.0009193832251964,0.0304022450888681,1340.0,1140.0,1.1063829787234043,-0.0039029356864077,0.002182257011361,0.0005765227164369
2006-02-27,1207.5,1240.0,1182.5,1200.0,286.0,1200.0,1107.0,1079.5,1181.6,1267.9666666666667,1286.3625,False,False,False,False,True,False,True,False,True,False,True,-0.01875,0.0291666666666666,,,0.0153333333333334,-0.0566388888888889,0.2083333333333333,-0.0104166666666666,-0.0007886642656221,0.0289485873089393,1417.5,1152.5,1.375,0.0025389302640487,0.0064418659504564,0.0001307189595742
2006-02-28,1200.0,1222.5,1177.5,1202.5,255.0,1202.5,1145.5,1087.0,1180.4,1267.4666666666667,1286.2875,False,False,False,False,False,False,False,False,False,True,False,-0.0374220374220374,0.0291060291060291,,,0.0183783783783783,-0.054026334026334,0.1787941787941788,0.0207900207900207,-0.000394487691984,0.030358785648574,1507.5,1180.0,0.8916083916083916,-0.0010166045408334,-0.0035555348048822,0.0003941765736381
2006-03-01,1165.0,1165.0,1120.0,1150.0,114.0,1150.0,1165.5,1094.5,1177.9,1266.0333333333333,1285.6875,False,False,False,False,False,False,False,False,False,True,False,0.0,0.1108695652173913,,,-0.0242608695652174,-0.1008985507246376,0.2608695652173913,0.0260869565217391,-0.0011321450198784,0.0294655093650068,1500.0,1187.5,0.4470588235294118,-0.0021224212581713,-0.0011058167173378,-0.0007376573278943
2006-03-02,1150.0,1270.0,1150.0,1190.0,777.0,1190.0,1180.0,1105.25,1176.8,1265.1333333333334,1285.075,False,False,False,False,False,False,False,False,False,False,False,-0.0252100840336134,0.0609243697478991,,,0.0110924369747899,-0.0631372549019608,0.2079831932773109,0.0084033613445378,-0.0007113874690413,0.0305360778104501,1517.5,1175.0,6.815789473684211,-0.0009347382732835,0.0011876829848877,0.000420757550837
2006-03-03,1177.5,1185.0,1120.0,1157.5,170.0,1157.5,1180.0,1119.75,1172.4,1263.8333333333333,1284.025,False,False,False,False,False,False,False,False,False,True,False,0.0086393088552915,0.1036717062634989,,,-0.0128725701943845,-0.0918646508279337,0.2526997840172786,0.0323974082073434,-0.0010286166424899,0.0296941281536057,1505.0,1147.5,0.2187902187902188,-0.003752985329239,-0.0028182470559554,-0.0003172291734485
2006-03-06,1147.5,1177.5,1125.0,1177.5,120.0,1177.5,1175.5,1141.25,1165.8,1262.8666666666666,1283.725,False,False,False,False,False,False,False,False,False,True,False,0.048832271762208,0.0870488322717622,,,0.0099363057324841,-0.0724982307147911,0.2314225053078556,-0.0063694267515923,-0.0007654542575093,0.0170865279299014,1505.0,1147.5,0.7058823529411765,-0.0056613484302625,-0.0019083631010235,0.0002631623849805
2006-03-07,1190.0,1190.0,1142.5,1157.5,66.0,1157.5,1166.5,1156.0,1161.4,1262.3,1283.775,False,False,False,False,False,False,False,False,False,False,False,0.0691144708423326,0.101511879049676,,,-0.0033693304535637,-0.0905399568034556,0.2591792656587473,0.0107991360691144,-0.0004489159998943,0.0092993079584775,1542.5,1120.0,0.55,-0.0037885310831753,0.0018728173470872,0.000316538257615
2006-03-08,1137.5,1155.0,1135.0,1150.0,58.0,1150.0,1166.5,1166.0,1157.9,1262.0,1283.4125,False,False,False,False,False,False,False,False,False,False,False,0.1108695652173913,0.1521739130434782,,,-0.0068695652173913,-0.097391304347826,0.358695652173913,0.0065217391304347,-0.0002377179080823,0.0081475128644939,1662.5,1152.5,0.8787878787878788,-0.0030227135331203,0.000765817550055,0.0002111980918119
2006-03-09,1140.0,1175.0,1137.5,1160.0,122.0,1160.0,1160.5,1170.25,1154.2,1262.0333333333333,1282.7125,False,False,False,False,False,False,False,True,False,True,False,0.0883620689655172,0.1314655172413793,,,0.0049999999999999,-0.0879597701149425,0.3189655172413793,-0.021551724137931,2.6412403264549023e-05,0.0072634052552873,1657.5,1155.0,2.103448275862069,-0.0032056835903656,-0.0001829700572453,0.0002641303113469
2006-03-10,1157.5,1200.0,1157.5,1167.5,367.0,1167.5,1162.5,1171.25,1149.9,1262.3,1282.4,False,False,False,False,False,False,False,True,False,True,False,0.0942184154175588,0.1092077087794432,,,0.0150749464668093,-0.0811991434689507,0.2719486081370449,-0.0342612419700214,0.0002112545881855,0.0032017075773745,1657.5,1215.0,3.008196721311476,-0.0037394556048351,-0.0005337720144695,0.000184842184921
2006-03-13,1187.5,1252.5,1187.5,1235.0,587.0,1235.0,1174.0,1174.75,1148.2,1262.8,1282.475,False,False,False,False,False,False,False,True,False,False,True,0.0364372469635627,0.048582995951417,,,0.0702834008097165,-0.0225101214574898,0.2510121457489878,-0.0668016194331983,0.0003959455178967,-0.0027665460736326,1692.5,1227.5,1.5994550408719346,-0.001480578296464,0.002258877308371,0.0001846909297111
2006-03-14,1247.5,1275.0,1217.5,1237.5,496.0,1237.5,1190.0,1178.25,1146.0,1263.8666666666666,1282.85,False,False,False,False,False,False,False,True,False,True,False,0.0303030303030303,0.105050505050505,,,0.0739393939393939,-0.0213063973063972,0.2727272727272727,-0.0444444444444444,0.0008439708830044,-0.0095480585614258,1577.5,1285.0,0.8449744463373083,-0.0019197207678883,-0.0004391424714242,0.0004480253651077
2006-03-15,1252.5,1280.0,1225.0,1277.5,315.0,1277.5,1215.5,1191.0,1145.6,1265.7,1283.4875,False,False,False,False,False,False,False,True,False,False,False,0.0371819960861056,0.0743639921722113,,,0.1032485322896282,0.0092367906066535,0.2426614481409001,-0.0528375733855185,0.0014484738352954,-0.017632241813602,1327.5,1340.0,0.6350806451612904,-0.0003491620111732,0.001570558756715,0.0006045029522909
2006-03-16,1280.0,1280.0,1225.0,1262.5,286.0,1262.5,1236.0,1198.25,1145.4,1267.1666666666667,1284.3,False,False,False,False,False,False,False,True,False,False,False,0.0396039603960396,0.1683168316831683,,,0.0927524752475246,-0.0036963696369637,0.1643564356435643,-0.0495049504950495,0.0011574378534789,-0.0235760484039223,1297.5,1350.0,0.907936507936508,-0.0001746114894358,0.0001745505217374,-0.0002910359818165
2006-03-17,1270.0,1277.5,1247.5,1277.5,103.0,1277.5,1258.0,1210.25,1147.7,1269.0,1285.3625,False,False,False,False,False,False,True,True,True,False,False,0.0136986301369863,0.1663405088062622,,,0.1016046966731897,0.0066536203522504,0.086105675146771,-0.060665362035225,0.0014447071184659,-0.032844453625284,1272.5,1407.5,0.3601398601398601,0.002004008016032,0.0021786195054678,0.000287269264987
2006-03-20,1285.0,1285.0,1250.0,1280.0,196.0,1280.0,1267.0,1220.5,1155.1,1270.7,1286.0375,False,False,False,False,False,False,True,True,False,False,False,0.01171875,0.1328125,,,0.097578125,0.0072656249999999,0.09375,-0.07421875,0.0013378452821279,-0.0397378123719786,1125.0,1400.0,1.902912621359224,0.0064063717427061,0.0044023637266741,-0.0001068618363379
2006-03-22,1285.0,1285.0,1262.5,1275.0,105.0,1275.0,1274.5,1232.25,1161.0,1271.9666666666667,1286.55,False,False,False,False,False,False,True,True,False,True,False,0.0725490196078431,0.1117647058823529,,,0.0894117647058823,0.0023790849673202,0.1274509803921568,-0.0784313725490196,0.000995833224141,-0.0484885372286467,1232.5,1377.5,0.5357142857142857,0.0050818260120586,-0.0013245457306474,-0.0003420120579869
2006-03-23,1285.0,1400.0,1280.0,1325.0,1414.0,1325.0,1284.0,1249.75,1171.0,1273.8,1287.475,False,False,False,False,False,False,True,True,False,False,False,0.0358490566037735,0.0943396226415094,,,0.1162264150943396,0.0386415094339623,0.090566037735849,-0.1509433962264151,0.0014392630972941,-0.0644128825765153,1212.5,1352.5,13.466666666666669,0.0085397096498719,0.0034578836378132,0.000443429873153
2006-03-24,1275.0,1312.5,1275.0,1312.5,290.0,1312.5,1294.0,1265.0,1180.2,1275.6333333333334,1287.9125,False,False,False,False,False,False,True,True,False,True,False,0.1238095238095238,0.0952380952380952,,,0.1007999999999999,0.0280888888888888,0.0876190476190476,-0.1619047619047619,0.0014371945961484,-0.0784584980237154,1217.5,1355.0,0.2050919377652051,0.007795288934079,-0.0007444207157928,-2.0685011456887843e-06
2006-03-27,1307.5,1312.5,1272.5,1295.0,146.0,1295.0,1297.5,1277.75,1191.5,1277.6,1288.2375,False,False,False,False,False,False,True,True,False,False,False,0.1505791505791505,0.1196911196911196,,,0.0799227799227799,0.0134362934362935,0.0733590733590733,-0.1718146718146718,0.0015393446044665,-0.0919585208374095,1267.5,1340.0,0.503448275862069,0.0094838438942509,0.0016885549601718,0.0001021500083181
2006-03-28,1277.5,1295.0,1262.5,1295.0,69.0,1295.0,1300.5,1283.75,1204.8,1279.5666666666666,1288.675,False,False,False,False,False,False,True,True,False,False,False,0.1196911196911196,0.1196911196911196,,,0.0696525096525096,0.0119176319176319,0.1081081081081081,-0.1698841698841698,0.0015369786646521,-0.1022395326192794,1342.5,1417.5,0.4726027397260274,0.0110391766268259,0.001555332732575,-2.365939814434658e-06
2006-03-29,1320.0,1387.5,1315.0,1367.5,711.0,1367.5,1319.0,1296.75,1219.1,1282.8666666666666,1289.5375,False,False,False,False,False,False,True,True,False,False,False,0.036563071297989,0.0658135283363802,,,0.1085191956124315,0.0618890920170628,0.0548446069469835,-0.2870201096892139,0.0025723639765109,-0.1272411798727588,1267.5,1507.5,10.304347826086955,0.011729964728078,0.000690788101252,0.0010353853118587
2006-03-30,1375.0,1385.0,1355.0,1372.5,244.0,1372.5,1328.5,1306.25,1232.0,1285.8,1290.3875,False,False,False,False,False,False,True,True,False,True,False,0.0564663023679417,0.1384335154826958,,,0.102367941712204,0.0631693989071038,0.0692167577413479,-0.3151183970856102,0.0022813293928553,-0.1542583732057416,1237.5,1500.0,0.3431786216596343,0.0104707792207792,-0.0012591855072987,-0.0002910345836555
2006-03-31,1375.0,1490.0,1375.0,1475.0,1094.0,1475.0,1361.0,1327.5,1246.3,1290.0666666666666,1291.925,False,False,False,False,False,False,True,True,False,False,False,-0.0254237288135593,0.0372881355932203,,,0.1550508474576271,0.1253785310734463,-0.0254237288135593,-0.3389830508474576,0.003307322618986,-0.1847457627118644,1252.5,1517.5,4.483606557377049,0.0114739629302735,0.0010031837094942,0.0010259932261307
2006-04-03,1450.0,1500.0,1430.0,1490.0,580.0,1490.0,1400.0,1348.75,1259.6,1293.7333333333331,1293.4875,False,False,False,False,False,False,True,True,False,True,False,-0.0268456375838926,-0.0033557046979865,,,0.1546308724832215,0.1317225950782999,-0.0285234899328859,-0.3775167785234899,0.0028341749974233,-0.2177942539388322,1275.0,1505.0,0.5301645338208409,0.0105589075897109,-0.0009150553405625,-0.0004731476215627
2006-04-04,1487.5,1497.5,1450.0,1450.0,282.0,1450.0,1431.0,1365.75,1269.6,1296.7,1294.9375,False,False,False,False,False,False,True,True,False,True,False,0.0,0.0655172413793103,,,0.1244137931034483,0.1057241379310344,-0.0206896551724137,-0.3620689655172414,0.0022878589239353,-0.2465678198791872,1277.5,1505.0,0.4862068965517241,0.0078764965343415,-0.0026824110553694,-0.000546316073488
2006-04-05,1450.0,1455.0,1402.5,1417.5,297.0,1417.5,1441.0,1380.0,1278.2,1298.4666666666667,1296.1875,False,False,False,False,False,False,True,True,False,True,False,0.0282186948853615,0.1111111111111111,,,0.0982716049382715,0.0839741328630217,-0.0070546737213403,-0.3474426807760141,0.0013605791446321,-0.272463768115942,1292.5,1542.5,1.053191489361702,0.0067282115474887,-0.0011482849868527,-0.0009272797793031
2006-04-06,1415.0,1450.0,1392.5,1450.0,161.0,1450.0,1456.5,1392.5,1290.2,1299.9333333333334,1297.5,False,False,False,False,False,False,True,True,False,False,False,0.0775862068965517,0.0948275862068965,,,0.1102068965517241,0.1034942528735631,-0.043103448275862,-0.396551724137931,0.0011282629878455,-0.2969479353680431,1287.5,1662.5,0.5420875420875421,0.0093008835839404,0.0025726720364517,-0.0002323161567865
2006-04-07,1425.0,1457.5,1417.5,1437.5,133.0,1437.5,1449.0,1405.0,1300.1,1301.1,1298.5375,False,False,False,False,False,False,True,True,False,True,False,0.0643478260869565,0.0226086956521739,,,0.0955826086956522,0.0948869565217391,-0.0643478260869565,-0.4156521739130435,0.0008966771705991,-0.3217081850533808,1267.5,1657.5,0.8260869565217391,0.0076147988616259,-0.0016860847223145,-0.0002315858172464
2006-04-10,1417.5,1450.0,1415.0,1450.0,69.0,1450.0,1441.0,1420.5,1311.8,1301.6666666666667,1299.6625,True,True,False,False,False,False,True,True,False,False,False,0.0241379310344827,-0.043103448275862,,,0.0953103448275862,0.1022988505747126,-0.0793103448275862,-0.4155172413793103,0.0004353393085788,-0.3449489616332277,1220.0,1657.5,0.518796992481203,0.0089190425369721,0.0013042436753462,-0.0004613378620202
2006-04-11,1450.0,1462.5,1425.0,1450.0,134.0,1450.0,1441.0,1436.0,1322.7,1302.3333333333333,1301.05,False,False,False,False,False,False,True,True,False,True,False,0.0655172413793103,-0.0344827586206896,,,0.0877931034482758,0.1018390804597701,-0.0724137931034482,-0.3448275862068966,0.0005119017148706,-0.3607242339832869,1095.0,1692.5,1.9420289855072463,0.0082407197399259,-0.0006783227970461,7.65624062917552e-05
2006-04-12,1447.5,1457.5,1425.0,1457.5,176.0,1457.5,1449.0,1445.0,1334.7,1303.4,1302.4375,False,False,False,False,False,False,True,True,False,False,False,0.0806174957118353,-0.0137221269296741,,,0.0842538593481989,0.1057289879931388,-0.0771869639794168,-0.3310463121783876,0.0008183724617667,-0.3647058823529411,1127.5,1577.5,1.3134328358208955,0.0089907844459429,0.0007500647060169,0.0003064707468961
2006-04-13,1457.5,1605.0,1457.5,1562.5,1533.0,1562.5,1471.5,1464.0,1351.2,1306.2,1304.375,False,False,False,False,False,False,True,True,False,False,False,0.016,-0.0752,,,0.1352319999999999,0.1640319999999999,-0.1456,-0.3088,0.0021436227224008,-0.3633879781420765,1075.0,1327.5,8.710227272727273,0.0122113676731793,0.0032205832272364,0.001325250260634
2006-04-14,1550.0,1550.0,1500.0,1530.0,421.0,1530.0,1490.0,1469.5,1366.0,1308.5333333333333,1306.225,False,False,False,False,False,False,True,True,False,True,False,-0.0392156862745098,-0.0669934640522875,,,0.1071895424836601,0.1447494553376906,-0.1258169934640522,-0.2973856209150327,0.0017831669044221,-0.3589656345695814,1082.5,1297.5,0.2746249184605349,0.0108345534407027,-0.0013768142324766,-0.0003604558179786
2006-04-17,1505.0,1505.0,1472.5,1485.0,192.0,1485.0,1497.0,1469.0,1378.7,1310.4666666666667,1308.025,False,False,False,False,False,False,True,True,False,True,False,-0.0656565656565656,-0.0639730639730639,,,0.0715824915824915,0.1175308641975308,-0.0925925925925925,-0.2592592592592592,0.0014753014193417,-0.3470047651463581,1012.5,1272.5,0.4560570071258907,0.0092115761224342,-0.0016229773182685,-0.0003078654850804
2006-04-18,1460.0,1545.0,1457.5,1545.0,275.0,1545.0,1516.0,1478.5,1391.1,1312.1666666666667,1310.35,False,False,False,False,False,False,True,True,False,True,True,-0.0938511326860841,-0.0711974110032362,,,0.0996116504854369,0.1507011866235166,-0.1294498381877022,-0.3414239482200647,0.0012955671281595,-0.3449442002029083,962.5,1125.0,1.4322916666666667,0.0089138092157284,-0.0002977669067057,-0.0001797342911821
2006-04-19,1542.5,1577.5,1537.5,1575.0,496.0,1575.0,1539.5,1494.25,1404.6,1313.0666666666666,1312.8,False,False,False,False,False,False,True,True,False,False,False,-0.0873015873015873,-0.0841269841269841,,,0.1081904761904762,0.1663068783068783,-0.1952380952380952,-0.3444444444444444,0.0006854183590575,-0.3446545089509787,1010.0,1232.5,1.803636363636364,0.0096112772319521,0.0006974680162236,-0.0006101487691019
2006-04-20,1587.5,1615.0,1575.0,1587.5,453.0,1587.5,1544.5,1508.0,1417.0,1314.2333333333331,1315.3,False,False,False,False,False,False,True,True,False,True,False,-0.089763779527559,-0.0755905511811023,,,0.1074015748031496,0.1721364829396326,-0.2598425196850393,-0.3496062992125984,0.0008877165394271,-0.3401856763925729,1050.0,1212.5,0.9133064516129032,0.0087508821453776,-0.0008603950865745,0.0002022981803696
2006-04-21,1557.5,1565.0,1430.0,1470.0,388.0,1470.0,1532.5,1511.25,1425.3,1313.6,1317.2,False,False,False,False,False,False,True,False,False,True,False,-0.0289115646258503,-0.0221088435374149,,,0.0304081632653061,0.1063945578231293,-0.2431972789115646,-0.2925170068027211,-0.0004821356069832,-0.3283705541770058,1117.5,1217.5,0.8565121412803532,0.0058233354381533,-0.0029275467072242,-0.0013698521464104
2006-04-24,1395.0,1462.5,1377.5,1387.5,627.0,1387.5,1513.0,1505.0,1429.7,1312.0333333333333,1318.5125,False,False,False,False,False,False,True,False,False,True,False,0.0018018018018018,0.0432432432432432,,,-0.0304144144144144,0.0543903903903904,-0.2,-0.2468468468468468,-0.0011940753537765,-0.3124584717607973,1157.5,1267.5,1.615979381443299,0.0030775687207107,-0.0027457667174426,-0.0007119397467932
2006-04-25,1362.5,1432.5,1360.0,1400.0,567.0,1400.0,1484.0,1500.0,1434.5,1310.6333333333334,1319.75,False,False,False,False,False,False,True,False,False,False,False,0.025,0.0142857142857142,,,-0.0246428571428571,0.0638333333333332,-0.2178571428571428,-0.2589285714285714,-0.0010681858643402,-0.3043333333333333,1200.0,1342.5,0.9043062200956936,0.0033461136284419,0.0002685449077312,0.0001258894894362
2006-04-26,1435.0,1437.5,1400.0,1437.5,118.0,1437.5,1456.5,1498.0,1441.0,1309.2333333333331,1321.3125,False,False,False,False,False,False,True,False,False,False,False,0.0034782608695652,-0.0208695652173913,,,-0.0024347826086956,0.0892289855072465,-0.2104347826086956,-0.2782608695652174,-0.0010693281055072,-0.2992323097463284,1202.5,1267.5,0.2081128747795414,0.0045107564191533,0.0011646427907114,-1.1422411669919589e-06
2006-04-27,1455.0,1455.0,1430.0,1445.0,45.0,1445.0,1428.0,1486.25,1445.8,1306.3333333333333,1322.625,False,False,False,False,False,False,True,False,False,True,False,0.0155709342560553,-0.0397923875432525,,,-0.000553633217993,0.0959630911188005,-0.2301038062283737,-0.2716262975778546,-0.0022199540699156,-0.2955424726661059,1150.0,1237.5,0.3813559322033898,0.0033199612671185,-0.0011907951520348,-0.0011506259644084
2006-04-28,1420.0,1432.5,1415.0,1427.5,172.0,1427.5,1419.5,1476.0,1450.4,1303.2666666666669,1323.875,False,False,False,False,False,False,True,False,False,True,False,0.0070052539404553,-0.0577933450087565,,,-0.0160420315236427,0.0870286047869233,-0.2451838879159369,-0.2574430823117338,-0.0023530615376743,-0.2916666666666667,1190.0,1252.5,3.8222222222222224,0.0031715388858246,-0.0001484223812938,-0.0001331074677586
2006-05-01,1402.5,1430.0,1382.5,1390.0,201.0,1390.0,1420.0,1466.5,1454.2,1299.7,1325.0125,False,False,False,False,False,False,True,False,False,True,False,0.0413669064748201,-0.039568345323741,,,-0.0461870503597122,0.0649640287769783,-0.2410071942446043,-0.2194244604316546,-0.0027442230258266,-0.2881009205591544,1157.5,1275.0,1.1686046511627908,0.0026131206161463,-0.0005584182696783,-0.0003911614881522
2006-05-02,1387.5,1435.0,1387.5,1435.0,91.0,1435.0,1427.0,1455.5,1459.8,1296.2666666666669,1326.2125,False,False,False,False,False,False,True,False,False,False,False,-0.0104529616724738,-0.0627177700348432,,,-0.0172822299651567,0.0966782810685248,-0.2386759581881533,-0.2090592334494773,-0.0026486319687305,-0.2746478873239437,1177.5,1277.5,0.4527363184079602,0.0038361419372516,0.0012230213211053,9.55910570960162e-05
2006-05-08,1442.5,1467.5,1437.5,1442.5,262.0,1442.5,1428.0,1442.25,1462.8,1294.4666666666667,1327.2625,False,False,False,False,False,False,True,False,False,True,False,-0.024263431542461,-0.0675909878682842,,,-0.0140727902946273,0.1026227614095898,-0.2305025996533795,-0.2079722703639514,-0.0013905340680848,-0.2603570809499047,1157.5,1292.5,2.879120879120879,0.0020508613617719,-0.0017852805754796,0.0012580979006457
2006-05-09,1457.5,1475.0,1457.5,1467.5,90.0,1467.5,1432.5,1430.25,1466.6,1296.3333333333333,1328.225,False,False,False,True,True,False,True,True,False,False,False,-0.0545144804088586,-0.090289608177172,,,0.0006132879045997,0.1166382737081204,-0.2708688245315162,-0.1925042589437819,0.0014399588583182,-0.2434889005418633,1150.0,1287.5,0.3435114503816794,0.0025910268648574,0.0005401655030855,0.002830492926403
2006-05-10,1455.0,1467.5,1425.0,1437.5,146.0,1437.5,1434.5,1427.0,1465.1,1298.2,1328.7875,False,False,False,False,False,False,False,True,False,True,False,-0.0643478260869565,-0.0695652173913043,,,-0.0191999999999999,0.0969043478260869,-0.2330434782608695,-0.1791304347826087,0.0014378883582397,-0.2319551506657323,1160.0,1267.5,1.6222222222222222,-0.0010238208995972,-0.0036148477644547,-2.0705000785448298e-06
2006-05-11,1437.5,1447.5,1425.0,1447.5,36.0,1447.5,1446.0,1433.0,1463.4,1300.5333333333333,1329.2125,False,False,False,False,False,False,False,True,False,True,True,-0.077720207253886,-0.0690846286701209,,,-0.0109844559585492,0.101531375935521,-0.1951640759930915,-0.2176165803108808,0.0017941357391838,-0.2290648988136776,1167.5,1220.0,0.2465753424657534,-0.0011616782834493,-0.000137857383852,0.0003562473809441
2006-05-12,1422.5,1425.0,1402.5,1420.0,102.0,1420.0,1443.0,1435.0,1462.2,1304.4666666666667,1329.475,False,False,False,False,False,False,False,True,False,False,False,-0.0528169014084507,-0.0528169014084507,,,-0.0297183098591549,0.0813615023474178,-0.1637323943661972,-0.198943661971831,0.0030152808299688,-0.223170731707317,1235.0,1095.0,2.833333333333333,-0.0008206811653672,0.000340997118082,0.001221145090785
2006-05-15,1400.0,1410.0,1400.0,1407.5,29.0,1407.5,1436.0,1432.0,1461.8,1306.8,1329.75,False,False,False,False,False,False,False,True,False,False,False,-0.0444049733570159,-0.0994671403197158,,,-0.0385790408525754,0.0715452930728241,-0.127886323268206,-0.172291296625222,0.0017855320885623,-0.2126396648044692,1237.5,1127.5,0.284313725490196,-0.0002736352442195,0.0005470459211477,-0.0012297487414065
2006-05-16,1400.0,1407.5,1375.0,1387.5,210.0,1387.5,1420.0,1426.25,1459.3,1309.1333333333334,1330.1,False,False,False,False,False,False,False,True,False,True,False,-0.0378378378378378,-0.1531531531531531,,,-0.0517477477477477,0.0564804804804804,-0.1495495495495495,-0.1891891891891892,0.0017823496460764,-0.2043821209465381,1277.5,1075.0,7.241379310344827,-0.0017131501404783,-0.0014395148962587,-3.182442485933539e-06
2006-05-17,1362.5,1365.0,1305.0,1345.0,550.0,1345.0,1401.5,1418.0,1455.6,1310.8333333333333,1329.975,False,False,False,False,False,False,False,True,False,True,False,-0.0055762081784386,-0.1728624535315985,,,-0.0822304832713754,0.0254027261462206,-0.1078066914498141,-0.1524163568773234,0.0012968849332484,-0.1941114245416079,1262.5,1082.5,2.619047619047619,-0.0025419071173399,-0.0008287569768616,-0.0004854647128279
2006-05-18,1320.0,1347.5,1312.5,1335.0,92.0,1335.0,1379.0,1412.5,1451.0,1311.7333333333331,1329.8375,False,False,False,False,False,False,False,True,False,True,False,0.0093632958801498,-0.1685393258426966,,,-0.0868913857677902,0.0174282147315856,-0.1048689138576779,-0.1629213483146067,0.0006861150640373,-0.1886725663716814,1277.5,1012.5,0.1672727272727272,-0.003170227429359,-0.000628320312019,-0.0006107698692111
2006-05-19,1325.0,1375.0,1325.0,1345.0,73.0,1345.0,1364.0,1403.5,1446.8,1311.7666666666669,1329.9375,False,False,False,False,False,False,False,True,False,False,False,0.0,-0.1858736059479553,,,-0.0756877323420074,0.024708798017348,-0.1301115241635687,-0.1951672862453531,2.541102330223192e-05,-0.1872105450659066,1280.0,962.5,0.7934782608695652,-0.0029029582526956,0.0002672691766633,-0.000660704040735
2006-05-22,1352.5,1375.0,1345.0,1345.0,51.0,1345.0,1351.5,1393.75,1442.3,1312.8,1329.875,False,False,False,False,False,False,False,True,False,True,False,-0.0576208178438661,-0.1561338289962825,,,-0.0723420074349442,0.0239405204460966,-0.1301115241635687,-0.1821561338289963,0.0007871216737759,-0.1845739910313901,1275.0,1010.0,0.6986301369863014,-0.0031200166400887,-0.0002170583873931,0.0007617106504737
2006-05-23,1345.0,1360.0,1325.0,1335.0,71.0,1335.0,1341.0,1380.5,1433.2,1314.1,1329.825,False,False,False,False,False,False,False,True,False,True,False,-0.1198501872659176,-0.1666666666666666,,,-0.0735580524344569,0.0156554307116105,-0.1329588014981273,-0.1928838951310861,0.0009892702229662,-0.184534588917059,1325.0,1050.0,1.392156862745098,-0.0063494278537537,-0.003229411213665,0.0002021485491902
2006-05-24,1332.5,1337.5,1305.0,1337.5,44.0,1337.5,1339.5,1370.5,1425.5,1315.2333333333331,1329.825,False,False,False,False,False,False,False,True,False,False,False,-0.1682242990654205,-0.1943925233644859,,,-0.0657943925233644,0.0166479750778817,-0.1514018691588785,-0.1682242990654205,0.0008616975441619,-0.1835096680043779,1312.5,1117.5,0.6197183098591549,-0.0054016134689582,0.0009478143847954,-0.0001275726788043
2006-05-25,1340.0,1350.0,1337.5,1347.5,70.0,1347.5,1342.0,1360.5,1420.0,1316.2,1329.6625,False,False,False,False,False,False,False,True,False,False,False,-0.1762523191094619,-0.2170686456400742,,,-0.0538033395176252,0.0232282003710574,-0.1632653061224489,-0.1743970315398886,0.0007344375221599,-0.1789783167952958,1295.0,1157.5,1.5909090909090908,-0.0038732394366197,0.0015283740323385,-0.0001272600220019
2006-05-26,1347.5,1350.0,1325.0,1345.0,83.0,1345.0,1342.0,1353.0,1412.0,1317.1,1329.3625,False,False,False,False,False,False,False,True,False,True,False,-0.1858736059479553,-0.1877323420074349,,,-0.049814126394052,0.0207434944237918,-0.1431226765799256,-0.1840148698884758,0.0006833194138636,-0.1773835920177383,1295.0,1200.0,1.1857142857142855,-0.0056657223796034,-0.0017924829429836,-5.111810829626037e-05
2006-05-29,1320.0,1345.0,1257.5,1267.5,177.0,1267.5,1326.5,1339.0,1399.7,1316.7666666666669,1328.9125,False,False,False,False,False,False,False,False,False,True,False,-0.1045364891518737,-0.1242603550295858,,,-0.1042998027613412,-0.0388691650230113,-0.0670611439842209,-0.1518737672583826,-0.0002531453307341,-0.1755041075429425,1367.5,1202.5,2.132530120481928,-0.0087875973422876,-0.0031218749626842,-0.0009364647445978
2006-05-30,1217.5,1217.5,1157.5,1175.0,153.0,1175.0,1294.5,1317.75,1383.2,1315.2666666666669,1328.225,False,False,False,False,False,False,False,False,False,True,False,-0.0531914893617021,-0.0893617021276595,,,-0.1771914893617021,-0.1193758865248228,0.0297872340425531,-0.1148936170212766,-0.0011404531400476,-0.1686586985391766,1372.5,1150.0,0.864406779661017,-0.0119288606130711,-0.0031412632707835,-0.0008873078093135
2006-05-31,1125.0,1127.5,1090.0,1112.5,340.0,1112.5,1249.5,1294.5,1368.9,1313.2,1327.25,False,False,False,False,False,False,False,False,False,False,False,-0.0314606741573033,-0.0089887640449438,,,-0.2304719101123596,-0.1804044943820225,0.0786516853932584,-0.0651685393258427,-0.0015737638338918,-0.1614522981846272,1475.0,1190.0,2.2222222222222223,-0.010446343779677,0.001482516833394,-0.0004333106938442
2006-06-01,1110.0,1145.0,1080.0,1110.0,252.0,1110.0,1202.0,1272.0,1357.8,1311.7333333333331,1326.25,False,False,False,False,False,False,False,False,False,False,False,-0.0495495495495495,0.0495495495495495,,,-0.2232432432432432,-0.1817417417417415,0.081081081081081,-0.054054054054054,-0.0011181134376907,-0.1519261006289308,1490.0,1157.5,0.7411764705882353,-0.0081749889527177,0.0022713548269593,0.0004556503962011
2006-06-02,1107.5,1107.5,985.0,1095.0,213.0,1095.0,1152.0,1247.0,1345.6,1311.7333333333331,1325.05,False,False,False,False,False,False,False,False,False,True,False,-0.002283105022831,0.0844748858447488,,,-0.2288584474885844,-0.1979299847792996,0.0821917808219178,-0.0319634703196347,0.0,-0.1367281475541299,1450.0,1177.5,0.8452380952380952,-0.0090665873959572,-0.0008915984432394,0.0011181134376907
2006-06-05,1090.0,1150.0,1080.0,1135.0,160.0,1135.0,1125.5,1226.0,1333.5,1311.8333333333333,1324.0875,False,False,False,False,False,False,False,True,False,True,False,-0.0220264317180616,0.0814977973568281,,,-0.1748898678414097,-0.1558002936857561,0.0352422907488986,-0.105726872246696,7.62291957820885e-05,-0.1288743882544861,1417.5,1157.5,0.7511737089201878,-0.009073865766779,-7.278370821857047e-06,7.62291957820885e-05
2006-06-06,1135.0,1135.0,1065.0,1112.5,83.0,1112.5,1113.0,1203.75,1320.2,1312.3333333333333,1322.9375,False,False,False,False,False,False,False,True,False,True,False,-0.0382022471910112,0.0606741573033707,,,-0.1866966292134831,-0.1796254681647939,0.0112359550561797,-0.0786516853932584,0.0003810007620015,-0.1171339563862928,1450.0,1150.0,0.51875,-0.0100742311770943,-0.0010003654103152,0.0003047715662194
2006-06-07,1092.5,1105.0,1072.5,1077.5,22.0,1077.5,1106.0,1177.75,1306.2,1312.2666666666669,1321.5,False,False,True,False,False,False,False,False,False,True,False,0.0232018561484918,0.1136890951276102,,,-0.2122505800464037,-0.2178808971384379,0.0208816705336426,0.0046403712296983,-5.080268238141027e-05,-0.1001910422415623,1437.5,1160.0,0.2650602409638554,-0.0107181136120042,-0.0006438824349099,-0.0004318034443829
2006-06-08,1070.0,1070.0,1025.0,1055.0,84.0,1055.0,1095.0,1148.5,1292.8,1312.8333333333333,1319.9625,False,False,False,False,False,False,False,True,False,False,False,0.1042654028436018,0.1327014218009478,,,-0.2254028436018957,-0.2443917851500789,0.0165876777251184,0.0379146919431279,0.0004316364098004,-0.0787984327383543,1450.0,1167.5,3.8181818181818175,-0.010365099009901,0.0003530146021032,0.0004824390921818
2006-06-09,1080.0,1115.0,1070.0,1092.5,106.0,1092.5,1094.5,1123.25,1279.1,1314.5666666666666,1318.5,False,False,False,False,False,False,False,True,False,True,False,0.0869565217391304,0.0709382151029748,,,-0.1708009153318077,-0.2032646834477497,-0.0160183066361556,0.0068649885583524,0.0013185587138981,-0.0578677943467616,1450.0,1235.0,1.261904761904762,-0.0107106559299507,-0.0003455569200497,0.0008869223040976
2006-06-12,1087.5,1112.5,1085.0,1110.0,40.0,1110.0,1089.5,1107.5,1265.8,1315.9,1317.0625,False,False,False,False,False,False,False,True,False,False,False,0.1058558558558558,0.054054054054054,,,-0.1403603603603603,-0.1854954954954955,-0.1216216216216216,0.027027027027027,0.0010132482204829,-0.0386004514672686,1457.5,1237.5,0.3773584905660377,-0.0105071891294042,0.0002034668005464,-0.0003053104934151
2006-06-13,1100.0,1110.0,1070.0,1070.0,89.0,1070.0,1081.0,1097.0,1249.9,1316.1666666666667,1315.1875,False,False,False,False,False,False,False,True,False,True,False,0.102803738317757,0.0817757009345794,,,-0.1681308411214954,-0.2300623052959502,-0.1214953271028037,0.058411214953271,0.0002026085855388,-0.0209662716499544,1562.5,1277.5,2.225,-0.0127210176814144,-0.0022138285520101,-0.0008106396349441
2006-06-14,1067.5,1107.5,1045.0,1102.5,63.0,1102.5,1086.0,1096.0,1236.5,1315.9666666666667,1313.625,False,False,False,False,False,False,False,False,False,False,False,0.0884353741496598,0.0294784580498866,,,-0.1215419501133786,-0.193620559334845,-0.1156462585034013,0.0340136054421768,-0.0001519795334228,-0.010948905109489,1530.0,1262.5,0.7078651685393258,-0.0108370400323494,0.0018839776490649,-0.0003545881189616
2006-06-15,1150.0,1170.0,1137.5,1165.0,133.0,1165.0,1108.0,1101.5,1225.2,1316.0666666666666,1312.525,False,False,False,False,False,False,False,True,False,False,True,0.0257510729613733,-0.0321888412017167,,,-0.0516738197424893,-0.1296709585121601,-0.203862660944206,0.0085836909871244,7.59839927054676e-05,-0.0045392646391284,1485.0,1277.5,2.111111111111111,-0.0092229840026117,0.0016140560297376,0.0002279635261283
2006-06-16,1200.0,1220.0,1187.5,1187.5,152.0,1187.5,1127.0,1110.75,1215.9,1315.9,1311.65,False,False,False,False,False,False,False,False,False,False,False,-0.0147368421052631,-0.0294736842105263,,,-0.0239157894736842,-0.1081263157894737,-0.2210526315789473,-0.0105263157894736,-0.0001266560275602,-0.0024758046365068,1545.0,1280.0,1.1428571428571428,-0.007648655317049,0.0015743286855627,-0.0002026400202657
2006-06-19,1200.0,1227.5,1200.0,1227.5,63.0,1227.5,1150.5,1120.0,1208.7,1316.2333333333331,1311.0375,False,False,False,False,True,False,False,True,False,False,False,-0.0468431771894093,-0.0366598778004073,,,0.015315682281059,-0.0722878479293956,-0.2464358452138492,-0.0509164969450101,0.0002532479043733,0.0026785714285714,1575.0,1275.0,0.4144736842105263,-0.0059568131049888,0.0016918422120601,0.0003799039319335
2006-06-20,1240.0,1240.0,1180.0,1180.0,27.0,1180.0,1172.5,1126.75,1200.4,1316.6333333333334,1310.2875,False,False,False,False,False,False,False,True,False,True,False,-0.0190677966101694,0.0254237288135593,,,-0.0172881355932204,-0.1157909604519775,-0.2584745762711864,-0.0063559322033898,0.0003038051596245,0.0097625915242955,1587.5,1325.0,0.4285714285714285,-0.0069143618793735,-0.0009575487743846,5.055725525117497e-05
2006-06-21,1180.0,1205.0,1180.0,1200.0,5.0,1200.0,1192.0,1139.0,1194.6,1316.7666666666669,1309.2375,False,False,False,False,False,False,False,True,False,False,False,-0.0541666666666666,0.0,,,0.0045,-0.0973055555555557,-0.3,-0.0416666666666666,0.0001012581322938,0.0048287971905179,1470.0,1312.5,0.1851851851851851,-0.0048551816507619,0.0020591802286115,-0.0002025470273307
2006-06-22,1207.5,1232.5,1177.5,1195.0,45.0,1195.0,1198.0,1153.0,1189.0,1317.2666666666669,1308.275,False,False,False,False,False,False,False,True,False,False,False,-0.0564853556485355,0.00418410041841,,,0.005020920502092,-0.1023152022315204,-0.2907949790794979,-0.0857740585774058,0.0003795738650741,-0.0075888985255854,1387.5,1295.0,9.0,-0.0047098402018502,0.0001453414489116,0.0002783157327803
2006-06-23,1175.0,1200.0,1165.0,1170.0,19.0,1170.0,1194.5,1160.75,1182.0,1317.1666666666667,1306.75,False,False,False,False,False,False,False,False,False,True,False,-0.0149572649572649,0.0128205128205128,,,-0.0102564102564102,-0.1257834757834758,-0.188034188034188,-0.1111111111111111,-7.59205365052282e-05,-0.0193840189532629,1400.0,1295.0,0.4222222222222222,-0.0059221658206429,-0.0012123256187927,-0.0004554944015793
2006-06-26,1170.0,1170.0,1145.0,1170.0,14.0,1170.0,1183.0,1166.75,1175.0,1317.3333333333333,1304.975,False,False,False,False,False,False,False,True,False,True,False,0.0106837606837606,0.0042735042735042,,,-0.0042735042735042,-0.1259259259259258,-0.1666666666666666,-0.1153846153846153,0.0001265182186233,-0.0334261838440111,1437.5,1367.5,0.7368421052631579,-0.0059574468085106,-3.528098786766045e-05,0.0002024387551285
2006-06-27,1165.0,1167.5,1137.5,1157.5,25.0,1157.5,1178.5,1175.5,1167.9,1317.4333333333334,1303.15,False,False,False,False,False,False,False,True,False,True,False,0.0453563714902807,-0.0280777537796976,,,-0.0089848812095033,-0.1381713462922966,-0.0669546436285097,-0.0820734341252699,7.590516914212211e-05,-0.046575925138239,1445.0,1372.5,1.7857142857142858,-0.0060792876102405,-0.0001218408017298,-5.061304948124461e-05
2006-06-28,1132.5,1147.5,1107.5,1135.0,49.0,1135.0,1165.5,1178.75,1159.8,1317.1,1301.225,False,False,False,False,False,False,False,False,False,True,False,0.0572687224669603,-0.0308370044052863,,,-0.0218502202643171,-0.1604405286343611,-0.052863436123348,-0.0242290748898678,-0.0002530812643941,-0.0519618239660657,1427.5,1475.0,1.96,-0.0069839627521987,-0.0009046751419582,-0.0003289864335362
2006-06-29,1122.5,1140.0,1122.5,1127.5,22.0,1127.5,1152.0,1175.0,1151.0,1316.5666666666666,1299.575,False,False,False,False,False,False,False,False,False,True,False,0.0643015521064301,-0.048780487804878,,,-0.0208425720620842,-0.1676866223207686,-0.024390243902439,-0.0332594235033259,-0.0004050940577765,-0.0561702127659574,1390.0,1490.0,0.4489795918367347,-0.007645525629887,-0.0006615628776882,-0.0001520127933824
2006-06-30,1170.0,1170.0,1152.5,1152.5,20.0,1152.5,1148.5,1171.5,1143.3,1315.4666666666667,1298.3125,False,False,False,False,True,False,False,False,False,False,False,0.0281995661605206,-0.0672451193058568,,,0.0079826464208243,-0.1414027476500362,-0.1171366594360086,-0.0347071583514099,-0.0008362051489964,-0.0586854460093896,1435.0,1450.0,0.9090909090909092,-0.0067348902300359,0.0009106353998511,-0.0004311110912199
2006-07-03,1145.0,1187.5,1145.0,1182.5,21.0,1182.5,1151.0,1167.0,1139.9,1314.7333333333331,1297.425,False,False,False,False,False,False,False,False,False,False,False,-0.0063424947145877,-0.175475687103594,,,0.0360253699788582,-0.1118252290345311,-0.1268498942917547,0.0465116279069767,-0.0005577810455861,-0.0488431876606683,1442.5,1417.5,1.05,-0.0029827177822614,0.0037521724477744,0.0002784241034103
2006-07-04,1220.0,1225.0,1202.5,1210.0,117.0,1210.0,1161.5,1170.0,1141.3,1313.8333333333333,1296.525,False,False,False,False,False,False,True,False,True,False,True,-0.0702479338842975,-0.2231404958677686,,,0.0567768595041322,-0.0858126721763084,-0.146694214876033,-0.0103305785123966,-0.0006850183940123,-0.0491452991452991,1467.5,1450.0,5.571428571428571,0.0012266713397002,0.0042093891219617,-0.0001272373484262
2006-07-05,1197.5,1217.5,1185.0,1200.0,52.0,1200.0,1174.5,1170.0,1144.8,1313.0,1295.65,False,False,False,False,False,False,True,False,False,False,False,-0.0833333333333333,-0.1875,,,0.046,-0.0941666666666666,-0.1333333333333333,-0.0041666666666666,-0.0006346788525005,-0.0452991452991453,1437.5,1437.5,0.4444444444444444,0.0030573025856044,0.0018306312459042,5.033954151175107e-05
2006-07-06,1200.0,1200.0,1175.0,1200.0,35.0,1200.0,1189.0,1170.5,1148.4,1311.9666666666667,1294.525,False,False,False,False,False,False,True,False,False,False,False,-0.10625,-0.2270833333333333,,,0.0429999999999999,-0.0933055555555555,-0.1291666666666666,0.0354166666666666,-0.0007876216367285,-0.0328919265271251,1447.5,1450.0,0.6730769230769231,0.0031347962382446,7.749365264016032e-05,-0.0001529427842279
2006-07-07,1195.0,1195.0,1175.0,1185.0,28.0,1185.0,1195.5,1172.0,1152.0,1310.7,1293.35,False,False,False,False,False,False,True,False,False,True,False,-0.0928270042194092,-0.2194092827004219,,,0.0278481012658227,-0.1060759493670886,-0.1244725738396624,0.0337552742616033,-0.000966404720124,-0.0183447098976109,1420.0,1450.0,0.8,0.0031249999999999,-9.79623824471157e-06,-0.0001787830833955
2006-07-10,1167.5,1180.0,1130.0,1175.0,30.0,1175.0,1194.0,1172.5,1153.6,1309.3666666666666,1291.9125,False,False,False,False,False,False,True,False,False,True,False,-0.1702127659574468,-0.2127659574468085,,,0.0182127659574468,-0.1143546099290779,-0.1170212765957446,0.0723404255319148,-0.0010183040146636,0.0004264392324093,1407.5,1457.5,1.0714285714285714,0.001386962552011,-0.0017380374479889,-5.189929453959855e-05
2006-07-11,1152.5,1152.5,1125.0,1125.0,66.0,1125.0,1177.0,1169.25,1154.1,1306.7,1290.0625,False,False,False,False,False,False,True,False,False,True,False,-0.1644444444444444,-0.2222222222222222,,,-0.0258666666666665,-0.1615111111111111,-0.0644444444444444,0.1333333333333333,-0.0020407642662175,0.021381227282446,1387.5,1562.5,2.2,0.0004332380209687,-0.0009537245310422,-0.0010224602515538
2006-07-12,1112.5,1130.0,1100.0,1100.0,115.0,1100.0,1157.0,1165.75,1155.0,1303.8666666666666,1288.1125,False,False,False,False,False,False,True,False,False,False,False,-0.1136363636363636,-0.2363636363636363,,,-0.05,-0.1853333333333332,-0.0363636363636363,0.1363636363636363,-0.0021730238265672,0.0366716705983272,1345.0,1530.0,1.7424242424242424,0.0007792207792208,0.0003459827582521,-0.0001322595603496
2006-07-13,1075.0,1100.0,1057.5,1072.5,51.0,1072.5,1131.5,1160.25,1155.7,1300.9,1286.35,False,False,False,False,False,False,True,False,False,True,False,-0.1351981351981352,-0.2097902097902098,,,-0.0775757575757576,-0.212960372960373,0.0116550116550116,0.1468531468531468,-0.0022804724934018,0.0536522301228183,1335.0,1485.0,0.4434782608695652,0.0006056935190793,-0.0001735272601414,-0.0001074486668346
2006-07-14,1062.5,1087.5,1055.0,1075.0,72.0,1075.0,1109.5,1152.5,1155.0,1297.9666666666667,1284.7,False,False,False,False,False,False,False,False,False,True,False,-0.1395348837209302,-0.1162790697674418,,,-0.0744186046511627,-0.2074108527131783,0.055813953488372,0.1441860465116279,-0.0022599450422456,0.0709327548806941,1345.0,1545.0,1.411764705882353,-0.0006060606060606,-0.00121175412514,2.052745115624149e-05
2006-07-18,1050.0,1050.0,975.0,975.0,84.0,975.0,1069.5,1131.75,1149.6,1292.7333333333331,1282.85,False,False,False,False,False,False,False,False,False,True,False,-0.0512820512820512,0.0,,,-0.179076923076923,-0.3258803418803416,0.1717948717948718,0.2102564102564102,-0.0040482698158941,0.0854870775347912,1345.0,1575.0,1.1666666666666667,-0.0046972860125261,-0.0040912254064655,-0.0017883247736485
2006-07-19,932.5,952.5,932.5,940.0,83.0,940.0,1032.5,1104.75,1144.4,1286.9666666666667,1280.6,False,False,False,False,False,False,False,False,False,False,False,-0.0691489361702127,0.1489361702127659,,,-0.2174468085106383,-0.369113475177305,0.2606382978723404,0.226063829787234,-0.0044808205340721,0.1079429735234216,1335.0,1587.5,0.988095238095238,-0.0045438657811952,0.0001534202313309,-0.000432550718178
2006-07-20,975.0,995.0,962.5,975.0,189.0,975.0,1007.5,1082.25,1139.3,1280.3,1278.725,False,False,False,False,False,False,False,False,False,False,False,-0.1384615384615384,0.1025641025641025,,,-0.1685128205128204,-0.3131282051282051,0.2102564102564102,0.1769230769230769,-0.0052071129162436,0.1265881265881266,1337.5,1470.0,2.27710843373494,-0.0044764328973932,6.743288380197093e-05,-0.0007262923821714
2006-07-21,962.5,975.0,920.0,927.5,138.0,927.5,978.5,1055.0,1129.8,1272.8,1276.6125,False,False,False,False,False,False,False,False,False,True,False,-0.0862533692722372,0.1859838274932614,,,-0.2181132075471697,-0.3722911051212937,0.2210242587601078,0.1859838274932614,-0.0058925204274041,0.1421800947867298,1347.5,1387.5,0.7301587301587301,-0.0084085678881217,-0.0039321349907285,-0.0006854075111605
2006-07-24,932.5,950.0,887.5,925.0,116.0,925.0,948.5,1029.0,1119.3,1265.8,1274.7625,False,False,False,False,False,False,False,False,False,True,False,0.027027027027027,0.1,,,-0.210054054054054,-0.3684324324324324,0.2297297297297297,0.2027027027027027,-0.0055300995417917,0.1601068999028182,1345.0,1400.0,0.8405797101449275,-0.0093808630393996,-0.0009722951512778,0.0003624208856123
2006-07-25,952.5,962.5,917.5,925.0,118.0,925.0,938.5,1004.0,1107.2,1259.2333333333331,1272.7625,False,False,False,False,False,False,False,False,False,True,False,0.054054054054054,0.1162162162162162,,,-0.196972972972973,-0.3613333333333331,0.2594594594594595,0.1891891891891892,-0.0052148132461552,0.1730577689243028,1267.5,1437.5,1.0172413793103448,-0.0109284682080924,-0.0015476051686927,0.0003152862956365
2006-07-26,932.5,935.0,875.0,875.0,85.0,875.0,925.5,979.0,1095.0,1251.5666666666666,1270.6625,False,False,False,False,False,False,False,False,False,True,False,0.2342857142857143,0.18,,,-0.2514285714285714,-0.4303619047619046,0.2857142857142857,0.2857142857142857,-0.0061256558446745,0.1876915219611848,1175.0,1445.0,0.7203389830508474,-0.0111415525114155,-0.0002130843033231,-0.0009108425985193
2006-07-27,850.0,895.0,815.0,840.0,379.0,840.0,898.5,953.0,1080.6,1243.6,1268.3625,False,False,False,False,False,False,False,False,False,True,False,0.2797619047619047,0.238095238095238,,,-0.2864285714285713,-0.4804761904761904,0.3571428571428571,0.4017857142857143,-0.0064061327329259,0.2124868835257083,1112.5,1427.5,4.458823529411765,-0.0133259300388673,-0.0021843775274518,-0.0002804768882513
2006-07-28,865.0,875.0,840.0,847.5,130.0,847.5,882.5,930.5,1066.7,1235.5666666666666,1266.175,False,False,False,False,False,False,False,False,False,False,False,0.2979351032448377,0.2330383480825958,,,-0.2586430678466077,-0.4578957718780727,0.3185840707964602,0.4454277286135693,-0.0065017400922653,0.2412681354110693,1110.0,1390.0,0.3430079155672823,-0.0130308427861628,0.0002950872527045,-9.560735933939432e-05
2006-07-31,887.5,972.5,877.5,950.0,569.0,950.0,887.5,918.0,1057.9,1228.9,1264.425,False,False,False,False,False,False,False,False,False,False,False,0.0710526315789473,0.0921052631578947,,,-0.1135789473684211,-0.2935789473684211,0.1394736842105263,0.2894736842105263,-0.0054249057422626,0.2576252723311547,1095.0,1435.0,4.376923076923077,-0.0083183665752906,0.0047124762108721,0.0010768343500027
2006-08-01,950.0,975.0,925.0,975.0,132.0,975.0,897.5,918.0,1050.1,1222.4666666666667,1262.7875,False,False,False,False,False,False,False,False,False,False,False,0.0589743589743589,0.0641025641025641,,,-0.0770256410256409,-0.2538119658119658,0.1282051282051282,0.2615384615384615,-0.005262583846867,0.2630718954248366,1135.0,1442.5,0.2319859402460456,-0.0074278640129513,0.0008905025623393,0.0001623218953955
2006-08-02,975.0,1100.0,962.5,1080.0,213.0,1080.0,938.5,932.0,1047.0,1216.0333333333333,1261.5125,False,False,False,False,True,False,False,False,False,False,True,-0.0439814814814814,-0.0254629629629629,,,0.0305555555555555,-0.1259567901234567,-0.0023148148148148,0.1064814814814814,-0.0052904251528193,0.2486587982832618,1112.5,1467.5,1.6136363636363635,-0.002960840496657,0.0044670235162942,-2.784130595228588e-05
2006-08-03,1092.5,1115.0,1052.5,1075.0,184.0,1075.0,985.5,942.0,1044.6,1209.9666666666667,1260.3375,False,False,False,False,False,False,False,False,False,False,False,-0.0325581395348837,-0.013953488372093,,,0.0282790697674419,-0.1255503875968992,0.0348837209302325,0.1162790697674418,-0.0050139122289869,0.2409766454352441,1077.5,1437.5,0.863849765258216,-0.0022975301550833,0.0006633103415736,0.0002765129238323
2006-08-04,1050.0,1100.0,1042.5,1100.0,131.0,1100.0,1036.0,959.25,1043.5,1204.8333333333333,1259.225,False,False,False,False,False,False,False,False,False,False,False,-0.05,-0.0136363636363636,,,0.0513636363636363,-0.0953030303030302,0.0113636363636363,0.0886363636363636,-0.0042606169594688,0.2288246025540787,1055.0,1447.5,0.7119565217391305,-0.0010541447053185,0.0012433854497648,0.000753295269518
2006-08-07,1075.0,1075.0,1017.5,1017.5,112.0,1017.5,1049.5,968.5,1038.1,1197.8,1257.9125,False,False,False,False,False,True,False,False,False,True,False,0.0196560196560196,0.1154791154791154,,,-0.0202457002457001,-0.1771990171990171,0.0786240786240786,0.1941031941031941,-0.0058718762175098,0.2276716572018585,1092.5,1420.0,0.8549618320610687,-0.005201811000867,-0.0041476662955485,-0.0016112592580409
2006-08-08,1005.0,1050.0,1000.0,1032.5,123.0,1032.5,1061.0,979.25,1032.1,1190.5666666666666,1256.2,False,False,False,False,False,False,False,False,False,True,False,0.0048426150121065,0.1065375302663438,,,0.0003874092009686,-0.1530912025827279,0.0411622276029055,0.1840193704600484,-0.0060755382590923,0.226704110288486,1110.0,1407.5,1.0982142857142858,-0.0058133901753706,-0.0006115791745035,-0.0002036620415824
2006-08-09,1010.0,1032.5,1000.0,1032.5,77.0,1032.5,1051.5,995.0,1025.0,1183.1666666666667,1254.5,False,False,False,False,False,False,False,False,False,True,False,0.0193704600484261,0.1476997578692493,,,0.0072639225181598,-0.1459241323648104,0.0072639225181598,0.1525423728813559,-0.0062544020284545,0.2138190954773869,1070.0,1387.5,0.6260162601626016,-0.0069268292682925,-0.0011134390929219,-0.0001788637693622
2006-08-10,1007.5,1077.5,1005.0,1040.0,81.0,1040.0,1044.5,1015.0,1018.6,1177.4333333333334,1253.1125,False,False,False,False,False,False,False,False,False,False,False,0.0192307692307692,0.1346153846153846,,,0.020576923076923,-0.1321474358974359,0.0,0.1153846153846153,-0.0048693485830761,0.1881773399014778,1102.5,1345.0,1.051948051948052,-0.0062831337129393,0.0006436955553532,0.0013850534453784
2006-08-11,1050.0,1077.5,1042.5,1045.0,50.0,1045.0,1033.5,1034.75,1012.4,1172.8666666666666,1251.7,False,False,False,False,False,False,False,False,False,False,False,0.0382775119617224,0.0837320574162679,,,0.0311961722488038,-0.1223604465709727,0.0047846889952153,0.1052631578947368,-0.0038935940430854,0.1587339937182894,1165.0,1335.0,0.6172839506172839,-0.0061240616357171,0.0001590720772221,0.0009757545399907
2006-08-14,1032.5,1062.5,1030.0,1037.5,55.0,1037.5,1037.5,1043.5,1006.5,1168.0333333333333,1250.2375,False,False,False,False,False,False,False,False,False,False,False,0.0939759036144578,0.0963855421686747,,,0.0298795180722891,-0.1258152610441766,0.0216867469879518,0.0939759036144578,-0.0041380097599953,0.1403929084810733,1187.5,1345.0,1.1,-0.0058618976651763,0.0002621639705408,-0.0002444157169099
2006-08-15,1037.5,1055.0,1037.5,1037.5,70.0,1037.5,1038.5,1049.75,1001.0,1162.7,1248.7375,False,False,False,False,False,False,False,False,False,False,False,0.1012048192771084,0.1228915662650602,,,0.0351807228915662,-0.1206746987951807,-0.0216867469879518,0.108433734939759,-0.004587024454574,0.1259823767563705,1227.5,1345.0,1.2727272727272727,-0.0054945054945054,0.0003673921706708,-0.0004490146945786
2006-08-16,1072.5,1072.5,1037.5,1052.5,97.0,1052.5,1042.5,1047.0,998.1,1157.4666666666667,1247.025,False,False,False,False,False,False,False,False,False,False,False,0.1258907363420427,0.0688836104513064,,,0.0516864608076009,-0.0997307996832937,-0.0261282660332541,0.0736342042755344,-0.0045213685059325,0.1227316141356256,1180.0,1335.0,1.3857142857142857,-0.0029055204889289,0.0025889850055765,6.56559486415494e-05
2006-08-17,1070.0,1085.0,1052.5,1060.0,116.0,1060.0,1046.5,1045.5,996.5,1152.5666666666666,1245.2,False,False,False,False,False,False,False,False,False,False,False,0.1132075471698113,0.0754716981132075,,,0.0599056603773584,-0.0873270440251571,0.0212264150943396,0.0849056603773584,-0.0042513809757932,0.119560019129603,1200.0,1337.5,1.1958762886597938,-0.0016056196688409,0.0012999008200879,0.0002699875301392
2006-08-18,1070.0,1092.5,1067.5,1085.0,95.0,1085.0,1054.5,1044.0,997.0,1148.5,1243.5375,False,False,False,False,False,False,True,False,False,False,False,0.0437788018433179,0.0299539170506912,,,0.0811059907834101,-0.0585253456221198,0.0092165898617511,0.0668202764976958,-0.0035408503845595,0.1173371647509578,1195.0,1347.5,0.8189655172413793,0.0005015045135406,0.0021071241823815,0.0007105305912337
2006-08-21,1087.5,1140.0,1087.5,1135.0,244.0,1135.0,1074.0,1055.75,999.4,1144.5,1242.3375,False,False,False,False,False,False,True,False,True,False,True,0.0022026431718061,-0.0462555066079295,,,0.1194713656387665,-0.0083700440528634,-0.0308370044052863,0.0176211453744493,-0.0034949759720401,0.0992185650011839,1170.0,1345.0,2.568421052631579,0.0024014408645186,0.001899936350978,4.587441251932556e-05
2006-08-22,1117.5,1175.0,1117.5,1142.5,111.0,1142.5,1095.0,1066.75,1006.1,1140.5,1241.225,False,False,False,False,False,False,True,False,False,False,False,0.0196936542669584,-0.037199124726477,,,0.1193873085339168,0.0017505470459518,-0.0021881838074398,0.0131291028446389,-0.0035072336694432,0.0817904851183501,1170.0,1267.5,0.4549180327868852,0.0066593777954478,0.0042579369309291,-1.225769740303452e-05
2006-08-23,1150.0,1185.0,1150.0,1185.0,181.0,1185.0,1121.5,1082.0,1015.9,1136.7333333333331,1240.6125,False,False,False,False,False,False,True,False,False,False,False,-0.050632911392405,-0.090717299578059,,,0.1427004219409283,0.0407313642756682,-0.0443037974683544,-0.0379746835443038,-0.0033135886458274,0.0619223659889094,1157.5,1175.0,1.6306306306306306,0.009646618761689,0.0029872409662412,0.0001936450236158
2006-08-24,1195.0,1197.5,1157.5,1180.0,122.0,1180.0,1145.5,1096.0,1024.1,1133.3,1240.2125,False,False,False,False,False,False,True,False,False,True,False,-0.0338983050847457,-0.0572033898305084,,,0.1321186440677967,0.0395762711864407,-0.0338983050847457,-0.0381355932203389,-0.0030295008676724,0.0460766423357664,1135.0,1112.5,0.6740331491712708,0.0080070305634214,-0.0016395881982676,0.0002840877781549
2006-08-25,1180.0,1180.0,1115.0,1132.5,195.0,1132.5,1155.0,1104.75,1032.3,1129.1,1239.65,False,False,False,False,False,False,True,False,False,True,False,-0.0132450331125827,-0.0176600441501103,,,0.088476821192053,0.0030022075055188,0.0375275938189845,-0.0022075055187637,-0.0037197768133912,0.0355284000905182,1127.5,1110.0,1.598360655737705,0.007943427298266,-6.360326515542254e-05,-0.0006902759457188
2006-08-28,1167.5,1167.5,1137.5,1137.5,130.0,1137.5,1155.5,1114.75,1040.8,1125.3333333333333,1238.9625,False,False,False,False,False,False,True,False,False,False,False,-0.0483516483516483,-0.0351648351648351,,,0.085010989010989,0.0106959706959707,0.0329670329670329,-0.0043956043956043,-0.0033471563981042,0.0260148015250056,1152.5,1095.0,0.6666666666666666,0.0081667947732513,0.0002233674749852,0.0003726204152869
2006-08-29,1210.0,1262.5,1137.5,1165.0,1883.0,1165.0,1160.0,1127.5,1050.4,1122.1,1238.5875,False,False,False,False,False,False,True,False,False,False,False,-0.055793991416309,-0.0772532188841201,,,0.0983690987124462,0.036824034334764,0.0,-0.0450643776824034,-0.0028815019457564,0.0110864745011086,1182.5,1135.0,14.484615384615385,0.0091393754760092,0.0009725807027579,0.0004656544523477
2006-08-30,1145.0,1160.0,1110.0,1125.0,459.0,1125.0,1148.0,1134.75,1060.4,1118.6,1237.925,False,False,False,False,False,False,True,False,False,False,False,-0.0422222222222222,-0.0755555555555555,,,0.0574222222222221,0.0056888888888889,0.0422222222222222,-0.0155555555555555,-0.0031289111389236,0.0026437541308658,1210.0,1112.5,0.2437599575146043,0.0094304036212749,0.0002910281452657,-0.0002474091931671
2006-08-31,1125.0,1160.0,1105.0,1140.0,359.0,1140.0,1140.0,1142.75,1072.4,1115.8666666666666,1237.3375,False,False,False,False,False,False,True,False,False,False,False,-0.0241228070175438,-0.087719298245614,,,0.059298245614035,0.0211695906432749,0.0087719298245614,-0.0307017543859649,-0.0024495160712152,-0.0083132793699409,1200.0,1077.5,0.7821350762527233,0.011189854531891,0.001759450910616,0.0006793950677084
2006-09-01,1125.0,1140.0,1102.5,1117.5,269.0,1117.5,1137.0,1146.0,1083.2,1112.9666666666667,1236.65,False,False,False,False,False,False,True,False,False,True,False,-0.0044742729306487,-0.0604026845637583,,,0.0306935123042505,0.0040566741237881,-0.0223713646532438,0.0111856823266219,-0.0026056485668931,-0.0135253054101221,1200.0,1055.0,0.7493036211699164,0.009970457902511,-0.00121939662938,-0.0001561324956779
2006-09-04,1112.5,1112.5,1072.5,1082.5,381.0,1082.5,1126.0,1140.75,1088.5,1109.4666666666667,1235.8125,False,False,False,False,False,False,True,False,False,True,False,0.0138568129330254,-0.0207852193995381,,,-0.0055427251732101,-0.0249114703618168,-0.0392609699769053,0.0369515011547344,-0.0031546689099867,-0.0118343195266272,1185.0,1092.5,1.41635687732342,0.0048690858980247,-0.0051013720044862,-0.0005490203430936
2006-09-05,1095.0,1107.5,1082.5,1100.0,277.0,1100.0,1113.0,1136.5,1093.5,1106.2,1235.3125,False,False,False,False,False,False,True,False,False,True,False,-0.0227272727272727,-0.0772727272727272,,,0.0059090909090909,-0.0056363636363636,-0.059090909090909,0.009090909090909,-0.0029530524920146,-0.0123185217773867,1175.0,1110.0,0.7270341207349081,0.0045724737082761,-0.0002966121897485,0.000201616417972
2006-09-06,1102.5,1102.5,1075.0,1077.5,212.0,1077.5,1103.5,1125.75,1093.4,1102.7666666666669,1234.8375,False,False,False,False,False,False,False,False,False,True,False,-0.0348027842227378,-0.0487238979118329,,,-0.0147563805104409,-0.0234493426140759,-0.0139211136890951,0.0208816705336426,-0.0031133814950275,-0.0064401510104374,1125.0,1070.0,0.7653429602888087,-9.1457837936628e-05,-0.0046639315462128,-0.0001603290030128
2006-09-07,1062.5,1117.5,1057.5,1112.5,181.0,1112.5,1098.0,1119.0,1094.9,1099.7666666666669,1234.6125,False,False,False,False,False,False,True,False,True,False,False,-0.0651685393258427,-0.0269662921348314,,,0.015820224719101,0.0114456928838949,-0.0044943820224719,0.0337078651685393,-0.0027278513624102,0.000893655049151,1100.0,1102.5,0.8537735849056604,0.0013699881267695,0.0014614459647061,0.0003855301326172
2006-09-08,1100.0,1115.0,1097.5,1112.5,48.0,1112.5,1097.0,1117.0,1095.4,1096.6333333333334,1234.4375,False,False,False,False,False,False,True,False,False,True,False,-0.0561797752808988,-0.0157303370786516,,,0.0153707865168538,0.0142621722846441,-0.0202247191011235,0.0157303370786516,-0.0028572297030305,0.0026857654431512,1072.5,1165.0,0.2651933701657458,0.0004564542632828,-0.0009135338634867,-0.0001293783406203
2006-09-11,1120.0,1130.0,1087.5,1097.5,85.0,1097.5,1100.0,1113.0,1098.6,1093.3333333333333,1233.9375,False,True,False,False,False,False,True,False,True,False,False,-0.0341685649202733,0.0022779043280182,,,-0.0010022779043279,0.0037965072133637,0.0136674259681093,0.0068337129840546,-0.0030182926829269,0.0038185085354896,1075.0,1187.5,1.7708333333333333,0.002912798106681,0.0024563438433982,-0.0001610629798964
2006-09-12,1097.5,1097.5,1075.0,1075.0,62.0,1075.0,1095.0,1104.0,1100.3,1090.7666666666669,1233.525,False,False,False,False,False,False,True,False,False,True,False,-0.055813953488372,0.0604651162790697,,,-0.0235348837209301,-0.0146666666666668,0.1511627906976744,0.041860465116279,-0.0023530849860951,0.0126811594202898,975.0,1227.5,0.7294117647058823,0.0015450331727711,-0.0013677649339099,0.0006652076968318
2006-09-13,1100.0,1100.0,1027.5,1040.0,162.0,1040.0,1087.5,1095.5,1100.6,1088.9666666666667,1233.025,False,False,False,False,False,False,True,False,False,True,False,-0.0144230769230769,0.0889423076923077,,,-0.0582692307692306,-0.0470833333333333,0.1514423076923076,0.0576923076923076,-0.0016529431571215,0.0198539479689639,940.0,1180.0,2.6129032258064515,0.0002725785934944,-0.0012724545792766,0.0007001418289735
2006-09-14,1052.5,1052.5,1030.0,1040.0,123.0,1040.0,1073.0,1085.5,1100.6,1088.0,1232.4625,False,False,False,False,False,False,False,False,False,True,False,0.0408653846153846,0.0961538461538461,,,-0.0582692307692306,-0.0461538461538461,0.1490384615384615,0.0336538461538461,-0.0008884803921568,0.0264854905573468,975.0,1200.0,0.7592592592592593,0.0,-0.0002725785934944,0.0007644627649647
2006-09-15,1030.0,1060.0,1015.0,1050.0,85.0,1050.0,1060.5,1078.75,1100.8,1087.2,1232.0125,False,False,False,False,False,False,True,False,False,False,False,0.0428571428571428,0.119047619047619,,,-0.0483809523809523,-0.0354285714285714,0.1833333333333333,0.0095238095238095,-0.0007358351729212,0.0264194669756662,927.5,1195.0,0.6910569105691057,0.0001816860465116,0.0001816860465116,0.0001526452192356
2006-09-19,1062.5,1080.0,1050.0,1060.0,40.0,1060.0,1053.0,1076.5,1101.7,1086.7333333333331,1231.55,False,False,False,False,False,False,True,False,False,False,False,0.0377358490566037,0.1084905660377358,,,-0.0393396226415094,-0.0252201257861633,0.1556603773584905,-0.0141509433962264,-0.0004294215078831,0.0213655364607524,925.0,1170.0,0.4705882352941176,0.0008169193065263,0.0006352332600146,0.000306413665038
2006-09-20,1027.5,1057.5,1012.5,1015.0,92.0,1015.0,1041.0,1068.0,1100.8,1085.1333333333334,1230.725,False,False,False,False,False,False,False,False,False,True,False,0.1231527093596059,0.1477832512315271,,,-0.0845320197044334,-0.0690968801313629,0.2413793103448276,0.0591133004926108,-0.0014744731830186,0.0262172284644194,925.0,1170.0,2.3,-0.0008175872093024,-0.0016345065158287,-0.0010450516751355
2006-09-21,1027.5,1037.5,1015.0,1025.0,105.0,1025.0,1038.0,1062.75,1099.7,1083.9666666666667,1229.9125,False,False,False,False,False,False,False,False,False,True,False,0.1048780487804878,0.1439024390243902,,,-0.0728780487804878,-0.0575284552845528,0.2439024390243902,0.048780487804878,-0.0010762938589748,0.0289343683839096,875.0,1157.5,1.141304347826087,-0.0010002728016731,-0.0001826855923706,0.0003981793240438
2006-09-22,1025.0,1082.5,1025.0,1082.5,99.0,1082.5,1046.5,1059.75,1100.6,1084.0333333333333,1229.45,False,False,False,False,False,False,True,True,False,False,False,0.0531177829099307,0.0623556581986143,,,-0.0167205542725172,-0.0014164742109314,0.1547344110854503,-0.0069284064665127,6.149872390142311e-05,0.0247699929228591,840.0,1135.0,0.9428571428571428,0.0008177357804832,0.0018180085821563,0.0011377925828762
2006-09-25,1075.0,1120.0,1057.5,1095.0,105.0,1095.0,1055.5,1058.0,1101.0,1084.5666666666666,1229.1875,False,False,False,False,False,False,True,True,False,True,False,0.0730593607305936,-0.002283105022831,,,-0.0054794520547945,0.0095281582952816,0.1232876712328767,-0.0136986301369863,0.0004917478562866,0.0217391304347826,847.5,1127.5,1.0606060606060606,0.000363306085377,-0.0004544296951062,0.0004302491323852
2006-09-26,1102.5,1107.5,1087.5,1100.0,122.0,1100.0,1063.5,1058.25,1099.6,1084.6666666666667,1228.95,False,False,False,False,True,False,False,True,False,True,False,0.0681818181818181,-0.0545454545454545,,,0.0003636363636364,0.0139393939393938,0.1181818181818181,0.0363636363636363,9.219422249551606e-05,0.0248051027639971,950.0,1152.5,1.161904761904762,-0.0012731902510004,-0.0016364963363774,-0.0003995536337911
2006-09-27,1175.0,1187.5,1132.5,1140.0,618.0,1140.0,1088.5,1064.75,1099.5,1085.0666666666666,1229.05,False,False,False,False,False,False,False,True,False,False,True,0.0219298245614035,-0.0921052631578947,,,0.0355263157894736,0.048187134502924,0.0350877192982456,0.0263157894736842,0.0003686409437206,0.0232448931674101,975.0,1182.5,5.065573770491803,-9.095043201446937e-05,0.0011822398189859,0.0002764467212251
2006-09-28,1150.0,1155.0,1125.0,1132.5,221.0,1132.5,1110.0,1074.0,1097.4,1085.9,1228.95,False,False,False,False,False,False,False,True,False,True,False,0.0353200883002207,-0.0618101545253863,,,0.0309933774834436,0.041147902869757,0.0176600441501103,0.1611479028697571,0.0007674125917059,0.0344506517690875,1080.0,1210.0,0.3576051779935275,-0.0019136139967194,-0.0018226635647049,0.0003987716479852
2006-09-29,1137.5,1162.5,1132.5,1140.0,226.0,1140.0,1121.5,1084.0,1095.8,1086.4,1228.875,False,False,False,False,False,False,False,True,False,False,False,0.0087719298245614,-0.0285087719298245,,,0.0387719298245614,0.047017543859649,0.006578947368421,0.175438596491228,0.000460235640648,0.0493542435424354,1075.0,1200.0,1.0226244343891402,-0.001460120459938,0.0004534935367813,-0.0003071769510579
2006-10-02,1157.5,1185.0,1137.5,1175.0,354.0,1175.0,1137.5,1096.5,1097.5,1086.5333333333333,1228.675,False,False,False,False,False,False,True,True,True,False,False,-0.0702127659574468,-0.0723404255319148,,,0.0659574468085106,0.075290780141844,-0.0638297872340425,0.1063829787234042,0.0001227144434898,0.0592795257637938,1100.0,1200.0,1.5663716814159292,0.0015489749430524,0.0030090954029905,-0.0003375211971581
2006-10-03,1180.0,1182.5,1165.0,1175.0,165.0,1175.0,1152.5,1108.0,1099.0,1086.3666666666666,1228.4125,False,False,False,False,False,False,True,False,False,True,False,-0.1148936170212766,-0.0531914893617021,,,0.0646808510638297,0.0754326241134752,-0.0531914893617021,0.076595744680851,-0.0001534165874014,0.0681407942238267,1017.5,1185.0,0.4661016949152542,0.0013648771610555,-0.0001840977819969,-0.0002761310308913
2006-10-04,1187.5,1187.5,1165.0,1165.0,137.0,1165.0,1157.5,1123.0,1099.0,1085.5333333333333,1227.8125,False,False,False,False,False,False,False,False,False,True,False,-0.111587982832618,0.0622317596566523,,,0.0566523605150214,0.068211731044349,-0.055793991416309,0.0600858369098712,-0.0007676718049498,0.0681211041852181,1032.5,1175.0,0.8303030303030303,0.0,-0.0013648771610555,-0.0006142552175483
2006-10-05,1177.5,1177.5,1160.0,1172.5,88.0,1172.5,1165.5,1137.75,1100.9,1085.4333333333334,1226.975,False,False,False,False,False,False,True,False,True,False,False,-0.0938166311300639,0.021321961620469,,,0.0610660980810233,0.0742572850035536,-0.0405117270788912,0.0703624733475479,-9.212910358373832e-05,0.070094484728631,1032.5,1125.0,0.6423357664233577,0.0017258606594605,0.0017258606594605,0.0006755427013661
2006-10-06,1172.5,1172.5,1150.0,1150.0,48.0,1150.0,1167.5,1144.5,1101.3,1084.7666666666669,1225.975,False,False,False,False,False,False,True,False,False,True,False,-0.0369565217391304,0.0391304347826087,,,0.0423478260869565,0.0567246376811592,0.0239130434782608,0.0608695652173913,-0.0006145714900284,0.0764525993883792,1040.0,1100.0,0.5454545454545454,0.0003632071188594,-0.0013626535406011,-0.0005224423864446
2006-10-10,1125.0,1140.0,1080.0,1092.5,172.0,1092.5,1151.0,1144.25,1100.3,1083.4,1224.4,False,False,False,False,False,False,False,False,False,True,False,-0.0022883295194508,0.137299771167048,,,-0.0071395881006864,0.0083295194508008,0.1212814645308924,0.102974828375286,-0.0012614608331796,0.0876119729080183,1045.0,1072.5,3.583333333333333,-0.0009088430428065,-0.0012720501616659,-0.0006468893431511
2006-10-11,1085.0,1092.5,1025.0,1040.0,162.0,1040.0,1124.0,1138.25,1098.6,1081.6666666666667,1222.6,False,False,False,False,False,False,False,False,False,True,False,0.0697115384615384,0.1778846153846154,,,-0.0563461538461537,-0.0400641025641026,0.1778846153846154,0.1682692307692307,-0.0016024653312789,0.0999341093784318,1037.5,1075.0,0.9418604651162792,-0.0015474239941744,-0.0006385809513679,-0.0003410044980992
2006-10-12,997.5,1055.0,997.5,1035.0,166.0,1035.0,1098.0,1127.75,1096.0,1079.8666666666666,1220.8875,False,False,False,False,False,False,False,False,False,True,False,0.1956521739130435,0.217391304347826,,,-0.0589371980676328,-0.0433494363929145,0.1884057971014492,0.1545893719806763,-0.0016668724533894,0.1123919308357348,1037.5,975.0,1.0246913580246917,-0.0023722627737225,-0.000824838779548,-6.440712211057149e-05
2006-10-13,1060.0,1075.0,1045.0,1062.5,151.0,1062.5,1076.0,1120.75,1095.4,1078.6,1219.4375,False,False,False,False,False,False,False,False,False,False,False,0.1270588235294117,0.2,,,-0.030964705882353,-0.0151529411764705,0.1247058823529411,0.1247058823529411,-0.0011743618270597,0.1086326120901182,1052.5,940.0,0.9096385542168676,-0.0005477451159392,0.0018245176577832,0.0004925106263297
2006-10-16,1075.0,1125.0,1075.0,1107.5,143.0,1107.5,1067.5,1117.5,1095.2,1078.2333333333331,1218.2,False,False,False,False,True,False,False,False,False,False,False,0.0790067720090293,0.128668171557562,,,0.0111060948081263,0.0264258841234012,0.0835214446952596,0.0609480812641083,-0.0003400624478314,0.0970917225950783,1060.0,975.0,0.9470198675496688,-0.0001826150474799,0.0003651300684593,0.0008342993792283
2006-10-17,1095.0,1107.5,1075.0,1090.0,81.0,1090.0,1067.0,1109.0,1094.3,1077.7333333333331,1216.95,False,False,False,False,False,False,False,False,False,True,False,0.1399082568807339,0.128440366972477,,,-0.0039449541284403,0.0112538226299696,0.0986238532110091,0.0458715596330275,-0.0004639366571817,0.0910730387736699,1085.0,927.5,0.5664335664335665,-0.0008224435712328,-0.0006398285237528,-0.0001238742093502
2006-10-18,1085.0,1122.5,1070.0,1112.5,83.0,1112.5,1081.5,1102.75,1094.9,1077.2,1215.425,False,False,False,False,False,False,True,False,False,False,False,0.1011235955056179,0.1056179775280898,,,0.015820224719101,0.0317303370786516,0.0921348314606741,0.0067415730337078,-0.000495110781037,0.0841079120380866,1135.0,925.0,1.0246913580246917,0.0005479952507079,0.0013704388219407,-3.117412385527827e-05
2006-10-19,1137.5,1237.5,1135.0,1237.5,562.0,1237.5,1122.0,1110.0,1101.4,1077.9333333333334,1214.075,False,False,False,False,False,False,True,True,True,False,True,0.0181818181818181,-0.0464646464646464,,,0.1099797979797979,0.1289427609427609,-0.0121212121212121,-0.0707070707070707,0.0006803141814583,0.0693693693693693,1142.5,925.0,6.771084337349397,0.0059015798075177,0.0053535845568097,0.0011754249624953
2006-10-20,1235.0,1235.0,1180.0,1197.5,322.0,1197.5,1149.0,1112.5,1107.7,1077.7666666666669,1212.5625,False,False,False,False,False,False,True,False,False,True,False,0.0647181628392484,-0.0375782881002087,,,0.0749895615866387,0.0999860821155182,-0.0062630480167014,-0.0104384133611691,-0.0001546407694923,0.0606741573033707,1185.0,875.0,0.5729537366548043,0.0056874605037464,-0.0002141193037712,-0.0008349549509506
2006-10-23,1210.0,1210.0,1177.5,1195.0,169.0,1195.0,1166.5,1117.0,1113.9,1077.7,1210.95,False,False,False,False,False,False,True,False,False,True,False,0.0460251046025104,-0.0397489539748954,,,0.0678661087866108,0.0981589958158995,-0.0292887029288702,-0.0585774058577405,-6.1860134236646e-05,0.0478961504028648,1180.0,840.0,0.5248447204968945,0.005566029266541,-0.0001214312372054,9.27806352556823e-05
2006-10-24,1215.0,1305.0,1215.0,1242.5,464.0,1242.5,1197.0,1132.0,1121.6,1078.2666666666669,1209.6375,False,False,False,False,False,False,True,True,False,False,False,-0.0100603621730382,-0.1146881287726358,,,0.0973038229376258,0.1321797451374914,-0.0704225352112676,-0.090543259557344,0.0005255348089527,0.0273851590106007,1132.5,847.5,2.7455621301775146,0.0068651925820255,0.0012991633154844,0.0005873949431894
2006-10-25,1247.5,1277.5,1220.0,1225.0,205.0,1225.0,1219.5,1150.5,1128.2,1078.8,1208.2375,False,False,False,False,False,False,True,True,False,True,False,0.0040816326530612,-0.0918367346938775,,,0.0790204081632652,0.1193469387755102,-0.073469387755102,-0.0897959183673469,0.0004943764676798,0.0021729682746631,1137.5,950.0,0.4418103448275862,0.00585002659103,-0.0010151659909954,-3.1158341272894915e-05
2006-10-26,1237.5,1262.5,1232.5,1260.0,122.0,1260.0,1224.0,1173.0,1138.0,1079.9333333333334,1206.825,False,False,False,False,False,False,True,True,False,False,False,-0.0634920634920634,-0.1269841269841269,,,0.0968253968253968,0.1429100529100528,-0.0873015873015873,-0.1349206349206349,0.0010494474967591,-0.026001705029838,1165.0,975.0,0.5951219512195122,0.0086115992970122,0.0027615727059821,0.0005550710290792
2006-10-27,1272.5,1277.5,1252.5,1275.0,102.0,1275.0,1239.5,1194.25,1148.0,1081.9333333333334,1204.8875,False,False,False,False,False,False,True,True,False,False,False,-0.096078431372549,-0.1176470588235294,,,0.0996078431372549,0.1514248366013071,-0.1137254901960784,-0.1450980392156863,0.0018485427321461,-0.0521247644965459,1125.0,1080.0,0.8360655737704918,0.0087108013937282,9.920209671595952e-05,0.000799095235387
2006-10-30,1230.0,1262.5,1220.0,1250.0,87.0,1250.0,1250.5,1208.5,1154.7,1083.9333333333334,1202.85,False,False,False,False,False,False,True,True,False,True,False,-0.082,-0.058,,,0.0762399999999999,0.1328533333333333,-0.08,-0.156,0.0018451319269327,-0.0732312784443525,1140.0,1075.0,0.8529411764705882,0.0058023729107127,-0.0029084284830154,-3.410805213382431e-06
2006-10-31,1225.0,1247.5,1225.0,1230.0,58.0,1230.0,1248.0,1222.5,1160.1,1086.0333333333333,1200.7125,False,False,False,False,False,False,True,True,False,True,False,-0.1056910569105691,-0.0040650406504065,,,0.056829268292683,0.1170460704607046,-0.0589430894308943,-0.1056910569105691,0.0019336423068658,-0.0871165644171779,1117.5,1100.0,0.6666666666666666,0.0046547711404188,-0.0011476017702939,8.851037993310557e-05
2006-11-01,1222.5,1230.0,1215.0,1230.0,40.0,1230.0,1249.0,1234.25,1165.3,1088.1,1198.4,False,False,False,False,False,False,True,True,False,True,False,-0.0955284552845528,-0.0040650406504065,,,0.0526016260162602,0.1153658536585366,-0.0609756097560975,-0.0691056910569105,0.0018993352326685,-0.0937816487745594,1082.5,1017.5,0.6896551724137931,0.0044623702050974,-0.0001924009353213,-3.430707419737082e-05
2006-11-02,1225.0,1225.0,1180.0,1180.0,64.0,1180.0,1233.0,1228.5,1166.9,1090.8333333333333,1196.4125,False,False,False,False,False,False,True,True,False,True,False,-0.0677966101694915,0.0423728813559322,,,0.0111016949152541,0.0755649717514125,-0.0190677966101694,-0.0169491525423728,0.0025057295645531,-0.0887260887260887,1100.0,1032.5,1.6,0.0013711543405605,-0.0030912158645368,0.0006063943318845
2006-11-06,1177.5,1182.5,1147.5,1152.5,52.0,1152.5,1208.5,1224.0,1167.7,1093.6666666666667,1195.5375,False,False,False,False,False,False,True,True,False,True,False,-0.0238611713665943,0.0368763557483731,,,-0.0131887201735358,0.0510484454085321,-0.0108459869848156,-0.0325379609544468,0.0025906735751296,-0.09109477124183,1077.5,1032.5,0.8125,0.0006851074762352,-0.0006860468643252,8.494401057656392e-05
2006-11-07,1177.5,1185.0,1147.5,1147.5,48.0,1147.5,1188.0,1219.25,1168.0,1095.9666666666667,1194.7875,False,False,False,False,False,False,True,True,False,True,False,0.0261437908496732,0.0457516339869281,,,-0.0178649237472766,0.0449092229484386,-0.0108932461873638,-0.0675381263616557,0.0020986039721402,-0.0920647939306951,1112.5,1040.0,0.9230769230769232,0.0002568493150684,-0.0004282581611668,-0.0004920696029894
2006-11-08,1142.5,1142.5,1087.5,1100.0,120.0,1100.0,1162.0,1205.0,1165.0,1098.2666666666669,1193.925,False,False,False,False,False,False,False,True,False,True,False,0.1136363636363636,0.0886363636363636,,,-0.059090909090909,0.0015757575757573,0.0272727272727272,-0.0363636363636363,0.0020942090566955,-0.0871369294605809,1112.5,1045.0,2.5,-0.0025751072961373,-0.0028319566112057,-4.394915444666265e-06
2006-11-09,1095.0,1127.5,1092.5,1112.5,70.0,1112.5,1138.5,1193.75,1162.5,1100.7666666666669,1193.8625,False,False,False,False,False,False,False,True,False,False,False,0.1011235955056179,0.0921348314606741,,,-0.0449438202247191,0.0105468164794005,0.0179775280898876,-0.0561797752808988,0.0022711443539351,-0.083979057591623,1097.5,1037.5,0.5833333333333334,-0.0021505376344086,0.0004245696617287,0.0001769352972395
2006-11-10,1125.0,1125.0,1100.0,1100.0,23.0,1100.0,1122.5,1177.75,1159.9,1103.1,1193.2,False,False,False,False,False,False,False,True,False,True,False,0.1181818181818181,0.1113636363636363,,,-0.0544545454545455,-0.0028181818181817,0.0113636363636363,-0.0909090909090909,0.0021152509594171,-0.0791763956697091,1075.0,1037.5,0.3285714285714285,-0.0022415725493576,-9.103491494902262e-05,-0.000155893394518
2006-11-13,1097.5,1137.5,1087.5,1125.0,61.0,1125.0,1117.0,1162.75,1158.0,1106.4333333333334,1192.7625,False,False,False,False,False,False,False,True,False,False,False,0.0622222222222222,0.0577777777777777,,,-0.0293333333333333,0.0165037037037036,-0.0155555555555555,-0.0933333333333333,0.0030126833971019,-0.073317566114814,1040.0,1052.5,2.652173913043478,-0.0016407599309154,0.0006008126184421,0.0008974324376848
2006-11-14,1162.5,1195.0,1157.5,1177.5,111.0,1177.5,1123.0,1155.5,1159.1,1110.9333333333334,1192.5625,False,False,False,False,True,False,True,True,False,False,False,0.019108280254777,-0.0148619957537154,,,0.0156263269639066,0.0565322009907996,-0.0615711252653927,-0.1464968152866242,0.0040506481036965,-0.0718303764604067,1040.0,1060.0,1.819672131147541,0.0009490121646103,0.0025897720955258,0.0010379647065946
2006-11-15,1222.5,1237.5,1202.5,1225.0,216.0,1225.0,1148.0,1155.0,1164.4,1115.9666666666667,1192.35,False,False,False,False,False,False,True,True,True,False,False,-0.0224489795918367,-0.0571428571428571,,,0.0494693877551019,0.0890068027210884,-0.0775510204081632,-0.1510204081632653,0.0045102900325576,-0.0766233766233766,1050.0,1085.0,1.945945945945946,0.004551700446582,0.0036026882819716,0.0004596419288611
2006-11-16,1207.5,1270.0,1182.5,1225.0,331.0,1225.0,1170.5,1154.5,1171.8,1119.6333333333334,1191.7625,False,False,False,False,False,False,True,True,False,False,False,-0.0081632653061224,-0.073469387755102,,,0.0434285714285714,0.0860136054421767,-0.0836734693877551,-0.1714285714285714,0.0032748816576856,-0.0874837592031182,1060.0,1135.0,1.5324074074074074,0.0063150708311997,0.0017633703846176,-0.001235408374872
2006-11-17,1247.5,1250.0,1200.0,1230.0,173.0,1230.0,1196.5,1159.5,1179.6,1123.0333333333333,1191.575,False,False,False,False,False,False,True,True,False,False,True,-0.0060975609756097,-0.065040650406504,,,0.0409756097560976,0.0869647696476965,-0.0975609756097561,-0.1707317073170731,0.0030275147665547,-0.1034928848641656,1015.0,1142.5,0.5226586102719033,0.0066124109867751,0.0002973401555753,-0.0002473668911308
2006-11-20,1222.5,1242.5,1190.0,1195.0,203.0,1195.0,1210.5,1163.75,1184.9,1124.5666666666666,1191.3625,False,False,False,False,False,False,True,True,False,True,False,-0.00418410041841,-0.0543933054393305,,,0.0084518828451882,0.0589400278940028,-0.0794979079497908,-0.1213389121338912,0.0013634881584017,-0.1123523093447905,1025.0,1185.0,1.1734104046242777,0.0044729513039076,-0.0021394596828674,-0.001664026608153
2006-11-21,1197.5,1242.5,1185.0,1200.0,227.0,1200.0,1215.0,1169.0,1188.6,1126.2333333333331,1191.1,False,False,False,False,False,False,True,True,False,True,False,-0.0333333333333333,-0.0416666666666666,,,0.0095,0.0614722222222224,-0.0416666666666666,-0.1666666666666666,0.0014798591174118,-0.1223267750213858,1082.5,1180.0,1.1182266009852218,0.0031129059397609,-0.0013600453641467,0.0001163709590101
2006-11-22,1225.0,1232.5,1197.5,1197.5,118.0,1197.5,1209.5,1178.75,1192.9,1127.5333333333333,1190.7125,False,False,False,False,False,False,True,True,False,False,False,-0.0354906054279749,-0.0334029227557411,,,0.0038413361169101,0.0584272790535838,-0.0563674321503131,-0.1649269311064718,0.0011529592621062,-0.1346765641569459,1095.0,1132.5,0.5198237885462555,0.0036046609103866,0.0004917549706256,-0.0003268998553056
2006-11-24,1175.0,1235.0,1150.0,1215.0,271.0,1215.0,1207.5,1189.0,1197.0,1130.1666666666667,1190.4,False,False,False,False,False,False,True,True,False,True,False,-0.0658436213991769,-0.0493827160493827,,,0.0148148148148148,0.0698216735253771,-0.0905349794238683,-0.1893004115226337,0.0023300398171362,-0.1476030277544154,1100.0,1137.5,2.296610169491525,0.0034252297410191,-0.0001794311693674,0.0011770805550299
2006-11-27,1202.5,1237.5,1197.5,1222.5,198.0,1222.5,1206.0,1201.25,1196.4,1132.7,1190.05,False,False,False,False,False,False,False,True,False,True,False,-0.0593047034764826,-0.0531697341513292,,,0.0213496932515336,0.0734560327198363,-0.0838445807770961,-0.2229038854805726,0.0022365439510314,-0.1604578563995837,1140.0,1165.0,0.7306273062730627,-0.0005015045135405,-0.0039267342545596,-9.349586610477716e-05
2006-11-28,1197.5,1225.0,1190.0,1190.0,182.0,1190.0,1205.0,1207.75,1196.1,1134.8,1189.5625,False,False,False,False,False,False,False,True,False,False,False,-0.0504201680672268,-0.042016806722689,,,-0.0051260504201679,0.0463865546218487,-0.0756302521008403,-0.1596638655462184,0.0018505463517799,-0.1666321672531567,1132.5,1125.0,0.9191919191919192,-0.0002508151492351,0.0002506893643053,-0.0003859975992514
2006-11-29,1202.5,1212.5,1155.0,1160.0,280.0,1160.0,1197.0,1206.0,1194.7,1136.4,1189.025,False,False,False,False,False,False,False,True,False,True,False,-0.0086206896551724,-0.021551724137931,,,-0.0299137931034483,0.0203448275862068,-0.0732758620689655,-0.125,0.0014079549454418,-0.1645936981757877,1140.0,1140.0,1.5384615384615383,-0.001171842303507,-0.0009210271542718,-0.0004425914063381
2006-11-30,1167.5,1175.0,1155.0,1155.0,221.0,1155.0,1188.5,1199.0,1191.2,1137.8666666666666,1188.7,False,False,False,False,False,False,False,True,False,True,False,0.0021645021645021,-0.0216450216450216,,,-0.0313419913419913,0.0148340548340549,-0.0822510822510822,-0.1212121212121212,0.0012889617998592,-0.1618015012510425,1175.0,1117.5,0.7892857142857143,-0.0029382135661517,-0.0017663712626447,-0.0001189931455826
2006-12-01,1155.0,1155.0,1122.5,1135.0,379.0,1135.0,1172.5,1190.0,1187.6,1139.1666666666667,1188.9,False,False,False,False,False,False,False,True,False,True,False,0.0176211453744493,-0.0022026431718061,,,-0.0463436123348016,-0.0036710719530103,-0.079295154185022,-0.105726872246696,0.0011411850768106,-0.1554621848739495,1175.0,1082.5,1.7149321266968325,-0.0030313236780061,-9.311011185439812e-05,-0.0001477767230485
2006-12-04,1132.5,1165.0,1132.5,1150.0,234.0,1150.0,1158.0,1182.0,1183.2,1140.6666666666667,1189.0125,False,False,False,False,False,False,False,True,False,True,False,0.0065217391304347,-0.0326086956521739,,,-0.0288695652173913,0.0081159420289854,-0.0652173913043478,-0.1043478260869565,0.0013150204558737,-0.1489001692047377,1165.0,1100.0,0.6174142480211082,-0.0037187288708585,-0.0006874051928523,0.000173835379063
2006-12-05,1157.5,1165.0,1127.5,1130.0,221.0,1130.0,1146.0,1175.5,1177.4,1141.7,1189.2875,False,False,False,False,False,False,False,True,False,True,False,0.0088495575221238,-0.0199115044247787,,,-0.0419469026548673,-0.0103539823008849,-0.0486725663716814,-0.1017699115044247,0.0009050830632681,-0.1471714164185453,1172.5,1077.5,0.9444444444444444,-0.0049261083743841,-0.0012073795035256,-0.0004099373926055
2006-12-06,1145.0,1152.5,1132.5,1150.0,68.0,1150.0,1144.0,1170.5,1173.4,1142.9,1189.625,False,False,False,False,False,False,False,True,False,False,False,-0.0130434782608695,-0.0391304347826087,,,-0.0203478260869566,0.0061739130434781,-0.0652173913043478,-0.108695652173913,0.0010499606264765,-0.1413925672789406,1150.0,1112.5,0.3076923076923077,-0.0034088972217487,0.0015172111526354,0.0001448775632083
2006-12-07,1162.5,1172.5,1150.0,1157.5,128.0,1157.5,1144.5,1166.5,1170.5,1143.8666666666666,1190.35,False,False,False,False,False,False,False,True,False,False,False,-0.0237580993520518,-0.0237580993520518,,,-0.011231101511879,0.0117782577393809,-0.0669546436285097,-0.0885529157667386,0.0008450868399578,-0.1337333904843549,1092.5,1112.5,1.8823529411764703,-0.0024775736864588,0.0009313235352899,-0.0002048737865186
2006-12-08,1162.5,1167.5,1155.0,1155.0,43.0,1155.0,1148.5,1160.5,1167.5,1144.1333333333334,1191.3125,False,False,False,False,False,False,False,True,False,True,False,-0.0194805194805194,-0.0281385281385281,,,-0.0108225108225108,0.0094083694083693,-0.0129870129870129,-0.0909090909090909,0.0002330730684071,-0.1236535975872468,1040.0,1097.5,0.3359375,-0.0025695931477516,-9.20194612927497e-05,-0.0006120137715507
2006-12-11,1162.5,1165.0,1157.5,1157.5,53.0,1157.5,1150.0,1154.0,1166.6,1144.3333333333333,1192.05,False,False,False,False,False,False,False,True,False,False,False,-0.038876889848812,-0.0410367170626349,,,-0.0078617710583152,0.0113750899928006,0.0107991360691144,-0.1274298056155507,0.000174774249927,-0.1135181975736568,1035.0,1075.0,1.2325581395348837,-0.0007714726555803,0.0017981204921712,-5.82988184801126e-05
2006-12-12,1155.0,1162.5,1140.0,1140.0,69.0,1140.0,1152.0,1149.0,1166.1,1143.7333333333331,1192.5,False,False,False,False,False,False,False,False,False,False,False,-0.0285087719298245,-0.0350877192982456,,,-0.0228947368421051,-0.0032748538011694,0.1535087719298245,-0.1271929824561403,-0.000524597808347,-0.1100957354221061,1062.5,1040.0,1.30188679245283,-0.0004287796929937,0.0003426929625866,-0.000699372058274
2006-12-13,1140.0,1140.0,1115.0,1135.0,62.0,1135.0,1149.0,1146.5,1165.6,1143.1333333333334,1192.5875,False,False,False,False,False,False,False,False,False,True,False,-0.026431718061674,0.013215859030837,,,-0.0269603524229074,-0.0071659324522761,0.1806167400881057,-0.092511013215859,-0.0005248731556537,-0.1068469254252071,1107.5,1040.0,0.8985507246376812,-0.0004289636238846,-1.8393089095471466e-07,-2.753473067184254e-07
2006-12-14,1135.0,1135.0,1122.5,1130.0,57.0,1130.0,1143.5,1144.0,1166.8,1143.1,1192.45,False,False,False,False,False,False,True,False,True,False,False,0.0,0.0,,,-0.0325663716814158,-0.0115929203539822,0.1504424778761062,-0.1017699115044247,-2.9160470066949868e-05,-0.1048951048951049,1090.0,1050.0,0.9193548387096774,0.0010284538909839,0.0014574175148686,0.0004957126855868
2006-12-15,1130.0,1132.5,1117.5,1132.5,56.0,1132.5,1139.0,1143.75,1167.6,1143.0333333333333,1192.1125,False,False,False,False,False,False,True,False,False,True,False,-0.0088300220750551,-0.0242825607064017,,,-0.0309933774834436,-0.0093009565857247,0.1169977924944812,-0.108167770419426,-5.8324341663940425e-05,-0.1051366120218579,1112.5,1060.0,0.9824561403508772,0.000685166152792,-0.0003432877381919,-2.916387159699056e-05
2006-12-18,1125.0,1130.0,1110.0,1112.5,109.0,1112.5,1130.0,1140.0,1168.1,1142.3333333333333,1191.6625,False,False,False,False,False,False,True,False,False,True,False,-0.0022471910112359,0.0067415730337078,,,-0.0499775280898875,-0.0268164794007489,0.1101123595505618,-0.0786516853932584,-0.0006127808578932,-0.1026315789473684,1237.5,1015.0,1.946428571428572,0.0004280455440458,-0.0002571206087461,-0.0005544565162293
2006-12-19,1110.0,1125.0,1100.0,1107.5,63.0,1107.5,1123.5,1137.75,1167.4,1142.1,1191.45,False,False,False,False,False,False,False,False,False,True,False,-0.0067720090293453,-0.0067720090293453,,,-0.0540857787810384,-0.0312415349887132,0.1331828442437923,-0.0970654627539503,-0.0002043020167527,-0.1021753460777851,1197.5,1025.0,0.5779816513761468,-0.000599623094055,-0.0010276686381008,0.0004084788411404
2006-12-20,1102.5,1112.5,1097.5,1105.0,71.0,1105.0,1117.5,1133.25,1164.5,1141.6333333333334,1191.025,False,False,False,False,False,False,False,False,False,True,False,0.0407239819004524,-0.0271493212669683,,,-0.0538461538461538,-0.0331523378582203,0.1040723981900452,-0.1221719457013574,-0.0004087710590088,-0.1034634899624972,1195.0,1082.5,1.126984126984127,-0.002490339201374,-0.001890716107319,-0.000204469042256
2006-12-21,1117.5,1137.5,1112.5,1130.0,90.0,1130.0,1117.5,1130.5,1160.7,1141.8,1190.8875,False,False,False,False,False,False,False,True,False,True,False,0.0,-0.0619469026548672,,,-0.0271681415929203,-0.0104424778761061,0.0663716814159292,-0.1769911504424778,0.0001459683540607,-0.1123396727111897,1242.5,1095.0,1.267605633802817,-0.0032738864478331,-0.0007835472464591,0.0005547394130695
2006-12-22,1142.5,1142.5,1115.0,1122.5,126.0,1122.5,1115.5,1127.25,1156.6,1142.3333333333333,1190.6125,False,False,False,False,False,False,False,True,False,True,False,-0.0155902004454342,-0.0690423162583518,,,-0.0303786191536747,-0.0176688938381588,0.0824053452115812,-0.2160356347438752,0.0004668806536328,-0.1248613883344422,1225.0,1100.0,1.4,-0.0035448729033374,-0.0002709864555043,0.0003209122995721
2006-12-25,1102.5,1112.5,1100.0,1110.0,104.0,1110.0,1115.0,1122.5,1151.8,1142.4666666666667,1190.375,False,False,False,False,False,False,False,True,False,True,False,0.009009009009009,-0.0315315315315315,,,-0.0376576576576576,-0.0292492492492492,0.0765765765765765,-0.2387387387387387,0.0001167065414017,-0.1358574610244989,1260.0,1140.0,0.8253968253968254,-0.0041673901719048,-0.0006225172685673,-0.0003501741122311
2006-12-26,1095.0,1115.0,1075.0,1100.0,103.0,1100.0,1113.5,1118.5,1148.0,1142.7666666666669,1190.125,False,False,False,False,False,False,False,True,False,False,False,0.0,-0.0227272727272727,,,-0.0436363636363636,-0.038878787878788,0.0863636363636363,-0.1909090909090909,0.0002625207828954,-0.1421546714349575,1275.0,1132.5,0.9903846153846154,-0.0033101045296166,0.0008572856422881,0.0001458142414937
2006-12-27,1100.0,1150.0,1100.0,1150.0,154.0,1150.0,1122.5,1120.0,1146.0,1143.2666666666669,1190.075,False,False,False,False,True,False,False,True,False,False,False,-0.0652173913043478,-0.0652173913043478,,,0.0034782608695652,0.0058550724637679,0.0217391304347826,-0.2347826086956521,0.0004373432853227,-0.1566964285714285,1250.0,1140.0,1.4951456310679612,-0.0017452006980802,0.0015649038315364,0.0001748225024272
2006-12-28,1150.0,1150.0,1110.0,1130.0,133.0,1130.0,1122.5,1120.0,1143.3,1143.5,1189.8875,False,False,True,False,False,False,False,True,False,True,False,-0.0619469026548672,-0.0442477876106194,,,-0.0117699115044247,-0.0119469026548672,0.0088495575221238,-0.2743362831858407,0.0002040518874797,-0.1741071428571428,1230.0,1175.0,0.8636363636363636,-0.0023615848858567,-0.0006163841877764,-0.0002332913978429
2006-12-29,1105.0,1120.0,1100.0,1105.0,86.0,1105.0,1119.0,1117.25,1138.9,1143.6,1189.2375,False,False,False,False,False,False,False,True,False,True,False,-0.0542986425339366,0.0316742081447963,,,-0.0306787330316742,-0.0349321266968324,0.0135746606334841,-0.2805429864253393,8.74431619446564e-05,-0.1913179682255538,1230.0,1175.0,0.6466165413533834,-0.0038633769426638,-0.001501792056807,-0.0001166087255351
2007-01-04,1095.0,1120.0,1055.0,1120.0,89.0,1120.0,1121.0,1118.0,1134.8,1144.2,1188.65,False,False,False,False,False,False,False,True,False,False,False,-0.0401785714285714,0.0446428571428571,,,-0.0132142857142856,-0.0216071428571428,0.0267857142857142,-0.21875,0.0005243838489775,-0.2052772808586762,1180.0,1165.0,1.0348837209302326,-0.0036129714487135,0.0002504054939503,0.0004369406870329
2007-01-05,1100.0,1125.0,1085.0,1100.0,67.0,1100.0,1121.0,1117.25,1131.2,1145.0,1187.7625,False,False,False,False,False,False,False,True,False,False,False,-0.0227272727272727,0.1954545454545454,,,-0.0283636363636364,-0.0409090909090909,0.0772727272727272,-0.2772727272727273,0.0006986899563318,-0.2230924144103826,1152.5,1172.5,0.7528089887640449,-0.0031824611032531,0.0004305103454604,0.0001743061073542
2007-01-09,1080.0,1085.0,1075.0,1075.0,86.0,1075.0,1106.0,1114.25,1127.8,1145.4666666666667,1186.825,False,False,False,False,False,False,False,True,False,False,False,0.0,0.2465116279069767,,,-0.0491162790697674,-0.0655503875968992,0.0465116279069767,-0.2604651162790697,0.0004074030962635,-0.2367063046892528,1147.5,1150.0,1.2835820895522387,-0.0030147189217947,0.0001677421814583,-0.0002912868600682
2007-01-10,1055.0,1070.0,1055.0,1060.0,55.0,1060.0,1092.0,1107.25,1124.0,1145.6,1185.7375,False,False,False,False,False,False,False,True,False,True,False,0.0188679245283018,0.2264150943396226,,,-0.060377358490566,-0.0807547169811319,0.0660377358490566,-0.2264150943396226,0.0001163873370576,-0.241815308195981,1100.0,1092.5,0.6395348837209303,-0.0033807829181494,-0.0003660639963547,-0.0002910157592059
2007-01-11,1055.0,1070.0,1025.0,1045.0,163.0,1045.0,1080.0,1099.5,1120.4,1145.4,1184.5625,False,False,False,False,False,False,False,False,False,False,False,0.0909090909090909,0.2105263157894736,,,-0.0721531100478469,-0.0960765550239235,0.0669856459330143,-0.1913875598086124,-0.0001746114894358,-0.2396543883583447,1112.5,1040.0,2.963636363636364,-0.003213138164941,0.0001676447532084,-0.0002909988264934
2007-01-12,1015.0,1100.0,1015.0,1075.0,300.0,1075.0,1071.0,1096.0,1117.4,1146.2,1183.5625,False,False,False,False,False,False,False,True,False,False,False,0.0883720930232558,0.1488372093023255,,,-0.0394418604651163,-0.0662325581395349,0.013953488372093,-0.2046511627906976,0.0006979584714709,-0.2363138686131387,1100.0,1035.0,1.8404907975460123,-0.0026848040093073,0.0005283341556336,0.0008725699609067
2007-01-15,1095.0,1095.0,1065.0,1075.0,59.0,1075.0,1066.0,1093.5,1115.2,1146.8666666666666,1182.3125,False,False,False,False,False,False,False,True,False,False,False,0.2232558139534883,0.1674418604651162,,,-0.0373953488372093,-0.0668527131782944,0.013953488372093,-0.2186046511627907,0.0005812939603556,-0.239140374942844,1125.0,1062.5,0.1966666666666666,-0.0019727403156384,0.0007120636936688,-0.0001166645111152
2007-01-16,1070.0,1100.0,1070.0,1075.0,98.0,1075.0,1066.0,1086.0,1112.2,1146.7666666666669,1181.125,False,False,False,False,False,False,False,False,False,True,False,0.2465116279069767,0.1348837209302325,,,-0.0346046511627907,-0.0667596899224808,-0.0186046511627906,-0.2558139534883721,-8.720169752610092e-05,-0.2412523020257826,1177.5,1107.5,1.6610169491525424,-0.0026973565905412,-0.0007246162749027,-0.0006684956578817
2007-01-17,1090.0,1090.0,1065.0,1080.0,118.0,1080.0,1070.0,1081.0,1109.1,1146.5666666666666,1180.05,False,False,False,False,False,False,False,False,False,True,False,0.2037037037037037,0.1157407407407407,,,-0.0269444444444443,-0.0616358024691357,0.0185185185185185,-0.3009259259259259,-0.0001744338169028,-0.2437557816836262,1225.0,1090.0,1.2040816326530612,-0.002795059056893,-9.770246635183027e-05,-8.723211937677392e-05
2007-01-18,1085.0,1150.0,1085.0,1140.0,339.0,1140.0,1089.0,1084.5,1108.5,1147.1,1179.275,False,False,False,False,True,False,False,True,False,False,True,0.1096491228070175,0.0657894736842105,,,0.0276315789473684,-0.0062280701754385,0.0043859649122807,-0.3771929824561403,0.0004649405747827,-0.2540341171046565,1225.0,1112.5,2.872881355932204,-0.0005412719891744,0.0022537870677186,0.0006393743916856
2007-01-19,1140.0,1170.0,1125.0,1170.0,218.0,1170.0,1108.0,1089.5,1109.0,1147.5,1178.2875,False,False,False,False,False,False,True,True,False,False,False,0.0555555555555555,0.0213675213675213,,,0.0521367521367521,0.0192307692307692,-0.0085470085470085,-0.4316239316239316,0.0003485838779957,-0.2767324460761817,1230.0,1237.5,0.6430678466076696,0.0004508566275924,0.0009921286167669,-0.000116356696787
2007-01-22,1200.0,1315.0,1190.0,1315.0,1050.0,1315.0,1156.0,1111.0,1116.0,1149.9333333333334,1178.0,False,False,False,False,False,False,True,True,True,False,False,-0.0456273764258555,-0.091254752851711,,,0.1513307984790874,0.1255259822560202,-0.1520912547528517,-0.55893536121673,0.0021160646994029,-0.3100810081008101,1195.0,1197.5,4.81651376146789,0.0062724014336917,0.0058215448060993,0.0017674808214071
2007-01-23,1255.0,1340.0,1245.0,1340.0,538.0,1340.0,1209.0,1137.5,1124.2,1152.6,1177.325,False,False,False,False,False,False,True,True,False,False,False,-0.0895522388059701,-0.1231343283582089,,,0.1610447761194029,0.1398507462686568,-0.2014925373134328,-0.5634328358208955,0.0023136098097054,-0.3446153846153846,1200.0,1195.0,0.5123809523809524,0.0072940757872265,0.0010216743535347,0.0001975451103025
2007-01-24,1330.0,1330.0,1285.0,1300.0,222.0,1300.0,1253.0,1161.5,1131.0,1154.2666666666669,1176.375,False,False,False,False,False,False,True,True,False,True,False,-0.073076923076923,-0.123076923076923,,,0.13,0.1121025641025639,-0.1846153846153846,-0.5807692307692308,0.0014439182164724,-0.3818338355574688,1197.5,1242.5,0.4126394052044609,0.0060123784261714,-0.001281697361055,-0.0008696915932329
2007-01-25,1280.0,1305.0,1265.0,1265.0,154.0,1265.0,1278.0,1183.5,1136.3,1155.4666666666667,1175.45,False,False,False,False,False,False,True,True,False,True,False,-0.0395256916996047,-0.1146245059288537,,,0.1017391304347826,0.0865876152832674,-0.1699604743083003,-0.549407114624506,0.0010385414262634,-0.4165610477397549,1215.0,1225.0,0.6936936936936937,0.004664261198627,-0.0013481172275444,-0.000405376790209
2007-01-26,1230.0,1245.0,1225.0,1235.0,128.0,1235.0,1291.0,1199.5,1141.2,1156.4,1174.5375,False,False,False,False,False,False,True,True,False,True,False,-0.0323886639676113,-0.068825910931174,,,0.0759514170040485,0.0636437246963562,-0.1902834008097166,-0.5182186234817814,0.0008071025020178,-0.4460191746561067,1222.5,1260.0,0.8311688311688312,0.0042937259025587,-0.0003705352960682,-0.0002314389242455
2007-01-29,1225.0,1260.0,1220.0,1255.0,149.0,1255.0,1279.0,1217.5,1147.1,1157.5,1173.5625,False,False,False,False,False,False,True,True,False,False,False,-0.047808764940239,-0.0557768924302788,,,0.0859760956175299,0.0776892430278884,-0.1872509960159362,-0.5378486055776892,0.0009503239740819,-0.475564681724846,1190.0,1275.0,1.1640625,0.0051434051085344,0.0008496792059756,0.0001432214720641
2007-01-30,1265.0,1265.0,1200.0,1220.0,133.0,1220.0,1255.0,1232.0,1151.7,1158.4333333333334,1172.475,False,False,False,False,False,False,True,True,False,True,False,-0.0368852459016393,-0.0778688524590164,,,0.055983606557377,0.0504644808743168,-0.1762295081967213,-0.4877049180327868,0.0008056858400714,-0.4959415584415584,1160.0,1250.0,0.8926174496644296,0.0039940956846402,-0.0011493094238942,-0.0001446381340105
2007-01-31,1200.0,1205.0,1185.0,1205.0,69.0,1205.0,1236.0,1244.5,1154.7,1159.9333333333334,1171.25,False,False,False,False,False,False,True,True,False,True,False,-0.0539419087136929,-0.0622406639004149,,,0.0417427385892115,0.037399723374827,-0.1369294605809128,-0.4356846473029045,0.0012931777688372,-0.5070309361189232,1155.0,1230.0,0.518796992481203,0.0025980774227071,-0.001396018261933,0.0004874919287658
2007-02-01,1200.0,1225.0,1190.0,1215.0,87.0,1215.0,1226.0,1252.0,1158.4,1162.2666666666669,1170.075,False,False,False,False,False,False,True,True,False,False,False,-0.0781893004115226,-0.0823045267489712,,,0.0465843621399176,0.0434019204389573,-0.1646090534979424,-0.448559670781893,0.0020075714121832,-0.5131789137380192,1135.0,1230.0,1.2608695652173914,0.0031940607734807,0.0005959833507735,0.0007143936433459
2007-02-02,1195.0,1215.0,1190.0,1195.0,124.0,1195.0,1218.0,1254.5,1161.8,1164.4,1168.7625,False,False,False,False,False,False,True,True,False,True,False,-0.0376569037656903,-0.0878661087866108,,,0.0277824267782427,0.0256066945606693,-0.1464435146443514,-0.4351464435146444,0.0018321309973662,-0.5133519330410522,1150.0,1180.0,1.4252873563218391,0.0029264933723531,-0.0002675674011275,-0.000175440414817
2007-02-05,1185.0,1195.0,1175.0,1195.0,54.0,1195.0,1206.0,1242.5,1165.6,1166.1666666666667,1166.925,False,False,False,False,False,False,True,True,False,False,False,-0.00836820083682,-0.0878661087866108,,,0.0246025104602511,0.0241283124128311,-0.1213389121338912,-0.4309623430962343,0.0015149349721309,-0.5006036217303823,1130.0,1152.5,0.4354838709677419,0.0032601235415236,0.0003336301691705,-0.0003171960252353
2007-02-06,1195.0,1195.0,1165.0,1175.0,92.0,1175.0,1197.0,1226.0,1166.6,1167.0666666666666,1165.15,False,False,False,False,False,False,True,True,False,True,False,-0.0425531914893617,-0.102127659574468,,,0.0071489361702128,0.0067517730496454,-0.1489361702127659,-0.4085106382978723,0.0007711641722836,-0.4849102773246329,1150.0,1147.5,1.7037037037037035,0.0008571918395336,-0.0024029317019899,-0.0007437707998472
2007-02-07,1160.0,1175.0,1110.0,1140.0,179.0,1140.0,1184.0,1210.0,1167.0,1167.7333333333331,1163.425,False,False,False,False,False,False,True,True,False,True,False,-0.0087719298245614,-0.0350877192982456,,,-0.0236842105263157,-0.0243274853801167,-0.1228070175438596,-0.4122807017543859,0.0005709065996801,-0.4677685950413223,1157.5,1100.0,1.945652173913044,0.0003427592116538,-0.0005144326278797,-0.0002002575726035
2007-02-08,1140.0,1150.0,1105.0,1120.0,134.0,1120.0,1165.0,1195.5,1167.6,1167.8333333333333,1161.3,False,False,False,False,False,False,True,True,False,False,False,-0.0044642857142857,0.0223214285714285,,,-0.0424999999999999,-0.0427083333333332,-0.1205357142857142,-0.4107142857142857,8.562865705734531e-05,-0.4537850271852781,1155.0,1112.5,0.7486033519553073,0.0005138746145939,0.00017111540294,-0.0004852779426228
2007-02-09,1125.0,1160.0,1115.0,1150.0,233.0,1150.0,1156.0,1187.0,1168.8,1166.6666666666667,1159.175,False,True,False,False,False,False,True,False,True,False,False,-0.0521739130434782,0.008695652173913,,,-0.0163478260869564,-0.0144927536231884,-0.1739130434782608,-0.4304347826086956,-0.0009999999999998,-0.4448188711036225,1157.5,1100.0,1.7388059701492538,0.0010266940451745,0.0005128194305806,-0.0010856286570572
2007-02-13,1170.0,1200.0,1170.0,1185.0,108.0,1185.0,1154.0,1180.0,1172.2,1166.5,1157.1625,False,False,False,True,True,False,True,False,False,False,False,-0.080168776371308,-0.0590717299578059,,,0.010801687763713,0.0156118143459915,-0.1561181434599156,-0.4556962025316455,-0.0001428775539363,-0.4360169491525423,1140.0,1125.0,0.463519313304721,0.0029005289199796,0.001873834874805,0.0008571224460635
2007-02-14,1185.0,1185.0,1115.0,1125.0,228.0,1125.0,1144.0,1170.5,1174.2,1165.5666666666666,1155.4375,False,False,False,False,False,False,True,False,False,True,False,-0.0622222222222222,-0.0488888888888888,,,-0.0437333333333333,-0.0360592592592592,-0.0977777777777777,-0.4266666666666667,-0.0008007549975691,-0.4297308842375053,1135.0,1177.5,2.111111111111111,0.001703287344575,-0.0011972415754045,-0.0006578774436328
2007-02-15,1160.0,1170.0,1130.0,1130.0,228.0,1130.0,1142.0,1163.0,1177.0,1164.0666666666666,1154.15,False,False,False,False,False,False,True,False,False,False,False,-0.0265486725663716,-0.0619469026548672,,,-0.0415929203539823,-0.0301474926253686,-0.1017699115044247,-0.4070796460176991,-0.0012885859916385,-0.4269131556319862,1130.0,1225.0,1.0,0.0023789294817331,0.0006756421371581,-0.0004878309940693
2007-02-16,1130.0,1130.0,1100.0,1115.0,446.0,1115.0,1141.0,1153.0,1179.8,1162.6,1152.725,False,False,False,False,False,False,True,False,False,True,False,0.0269058295964125,-0.0582959641255605,,,-0.058116591928251,-0.0426905829596411,-0.0896860986547085,-0.3273542600896861,-0.0012615402259304,-0.4150043365134432,1132.5,1225.0,1.956140350877193,0.002373283607391,-5.645874342136321e-06,2.70457657080966e-05
2007-02-19,1120.0,1120.0,1090.0,1090.0,127.0,1090.0,1129.0,1142.5,1180.4,1160.3333333333333,1150.9875,False,False,False,False,False,False,True,False,False,True,False,0.0642201834862385,-0.0825688073394495,,,-0.0829357798165138,-0.0645259938837919,-0.055045871559633,-0.3165137614678899,-0.0019534616489514,-0.4035010940919037,1112.5,1230.0,0.2847533632286995,0.0005083022704169,-0.0018649813369741,-0.000691921423021
2007-02-20,1085.0,1110.0,1080.0,1090.0,209.0,1090.0,1110.0,1132.0,1181.0,1157.8666666666666,1149.2125,False,False,False,False,False,False,True,False,False,True,False,0.0229357798165137,-0.0642201834862385,,,-0.0834862385321101,-0.0622629969418959,-0.0688073394495412,-0.3211009174311927,-0.0021303546752648,-0.3926678445229682,1107.5,1195.0,1.6456692913385826,0.0005080440304825,-2.582399343585649e-07,-0.0001768930263134
2007-02-21,1130.0,1130.0,1055.0,1055.0,385.0,1055.0,1096.0,1120.0,1180.2,1155.2666666666669,1147.35,False,False,False,False,False,False,False,False,False,True,False,0.0142180094786729,-0.0473933649289099,,,-0.1186729857819905,-0.0950394944707743,-0.0284360189573459,-0.2938388625592417,-0.0022505626406598,-0.3816964285714285,1105.0,1200.0,1.8421052631578947,-0.000677851211659,-0.0011858952421415,-0.000120207965395
2007-02-22,1075.0,1110.0,1075.0,1100.0,170.0,1100.0,1090.0,1116.0,1181.0,1153.5333333333333,1145.9,False,False,False,False,False,False,True,False,False,False,False,-0.0363636363636363,-0.0545454545454545,,,-0.0736363636363636,-0.0486666666666666,-0.0409090909090909,-0.3318181818181818,-0.0015026296018033,-0.3736559139784946,1130.0,1197.5,0.4415584415584415,0.0006773920406434,0.0013552432523024,0.0007479330388565
2007-02-23,1120.0,1145.0,1105.0,1145.0,194.0,1145.0,1096.0,1118.5,1181.2,1152.4,1144.45,False,False,False,False,False,False,True,False,False,True,True,-0.0829694323144104,-0.1135371179039301,,,-0.0316157205240175,-0.0064628820960699,-0.0829694323144104,-0.3318777292576419,-0.0009834548189285,-0.3656683057666517,1122.5,1215.0,1.1411764705882352,0.0001693193362682,-0.0005080727043752,0.0005191747828748
2007-02-26,1155.0,1175.0,1135.0,1160.0,215.0,1160.0,1110.0,1119.5,1180.8,1152.1333333333334,1143.0375,False,False,False,False,False,False,False,False,False,True,False,-0.1379310344827586,-0.1206896551724138,,,-0.0179310344827585,0.0067816091954022,-0.1293103448275862,-0.3448275862068966,-0.0002314546927438,-0.356855739169272,1110.0,1222.5,1.1082474226804124,-0.0003387533875339,-0.0005080727238021,0.0007520001261846
2007-02-27,1165.0,1165.0,1105.0,1115.0,141.0,1115.0,1115.0,1112.5,1172.8,1151.6333333333334,1141.275,False,False,False,False,False,False,False,False,False,True,False,-0.085201793721973,-0.0582959641255605,,,-0.0518385650224214,-0.0328550074738416,-0.1076233183856502,-0.3183856502242152,-0.000434165967177,-0.3424719101123595,1100.0,1190.0,0.6558139534883721,-0.0068212824010914,-0.0064825290135574,-0.0002027112744331
2007-02-28,1015.0,1090.0,1000.0,1070.0,308.0,1070.0,1118.0,1107.0,1162.0,1150.6,1139.4375,False,False,False,False,False,False,False,False,False,True,False,-0.0607476635514018,-0.0654205607476635,,,-0.0859813084112149,-0.0753271028037382,-0.0373831775700934,-0.2897196261682243,-0.0008980821600326,-0.3288166214995483,1150.0,1160.0,2.1843971631205674,-0.0092943201376935,-0.0024730377366021,-0.0004639161928555
2007-03-01,1075.0,1095.0,1030.0,1060.0,209.0,1060.0,1110.0,1100.0,1152.4,1150.0666666666666,1137.5,False,False,False,False,False,False,False,False,False,False,False,-0.0188679245283018,-0.0566037735849056,,,-0.0871698113207548,-0.0849685534591194,-0.0424528301886792,-0.2028301886792453,-0.0004637412323922,-0.3086363636363636,1130.0,1155.0,0.6785714285714286,-0.0083304408191599,0.0009638793185336,0.0004343409276403
2007-03-02,1050.0,1055.0,1030.0,1050.0,78.0,1050.0,1091.0,1093.5,1143.8,1149.2333333333331,1135.65,False,False,True,False,False,False,False,False,False,False,False,-0.0333333333333333,-0.0619047619047619,,,-0.0893333333333332,-0.0945079365079363,-0.0380952380952381,-0.1619047619047619,-0.000725121095223,-0.2926383173296754,1105.0,1135.0,0.3732057416267942,-0.0075187969924813,0.0008116438266786,-0.0002613798628307
2007-03-05,1030.0,1070.0,980.0,1000.0,262.0,1000.0,1059.0,1084.5,1134.4,1147.9,1133.6125,False,False,False,False,False,False,False,False,False,True,False,0.02,-0.05,,,-0.1344000000000001,-0.1479000000000001,0.025,-0.13,-0.0011615413653916,-0.2752420470262794,1120.0,1150.0,3.358974358974359,-0.0082863187588151,-0.0007675217663337,-0.0004364202701685
2007-03-06,980.0,1025.0,980.0,1020.0,160.0,1020.0,1040.0,1077.5,1125.0,1146.5,1131.775,False,False,False,False,False,False,False,False,False,True,False,0.0294117647058823,-0.0196078431372549,,,-0.1029411764705882,-0.1240196078431372,-0.0196078431372549,-0.1862745098039215,-0.0012211077191453,-0.2621809744779582,1100.0,1130.0,0.6106870229007634,-0.0083555555555556,-6.923679674052455e-05,-5.956635375369327e-05
2007-03-07,1065.0,1065.0,1000.0,1005.0,245.0,1005.0,1027.0,1072.5,1116.4,1144.2,1130.075,False,False,False,False,False,False,False,False,False,False,False,-0.0049751243781094,0.0099502487562189,,,-0.1108457711442787,-0.1385074626865672,-0.0348258706467661,-0.2288557213930348,-0.0020101380877468,-0.2559440559440559,1075.0,1150.0,1.53125,-0.0077033321390181,0.0006522234165374,-0.0007890303686015
2007-03-08,1005.0,1040.0,1005.0,1040.0,105.0,1040.0,1023.0,1066.5,1109.8,1141.7333333333331,1128.6,False,False,False,False,False,False,False,False,False,False,False,-0.0384615384615384,-0.0240384615384615,,,-0.0671153846153845,-0.0978205128205126,-0.1057692307692307,-0.25,-0.0021604577834873,-0.2475386779184247,1060.0,1157.5,0.4285714285714285,-0.0059470174806272,0.0017563146583909,-0.0001503196957404
2007-03-09,1040.0,1040.0,1015.0,1015.0,211.0,1015.0,1016.0,1053.5,1101.8,1138.9333333333334,1126.95,False,False,False,False,False,False,False,False,False,True,False,-0.0295566502463054,0.0,,,-0.0855172413793103,-0.1221018062397373,-0.1330049261083744,-0.2167487684729064,-0.0024584406462184,-0.2354057902230659,1045.0,1155.0,2.009523809523809,-0.007260845888546,-0.0013138284079187,-0.0002979828627311
2007-03-12,1020.0,1030.0,1010.0,1020.0,120.0,1020.0,1020.0,1039.5,1094.8,1136.1333333333334,1125.325,False,False,False,False,False,False,False,False,False,False,False,-0.0686274509803921,0.0098039215686274,,,-0.0733333333333332,-0.1138562091503269,-0.1715686274509804,-0.2352941176470588,-0.0024644994718929,-0.2231842231842231,1075.0,1157.5,0.5687203791469194,-0.0063938618925831,0.0008669839959628,-6.058825674485572e-06
2007-03-13,1060.0,1080.0,1030.0,1050.0,503.0,1050.0,1026.0,1033.0,1089.0,1134.2,1123.9,False,False,False,False,False,False,False,False,False,False,False,-0.0476190476190476,-0.0333333333333333,,,-0.0371428571428571,-0.0801904761904762,-0.1523809523809524,-0.2571428571428571,-0.0017045788514665,-0.2163601161665053,1075.0,1140.0,4.191666666666666,-0.0053259871441689,0.0010678747484141,0.0007599206204263
2007-03-14,1020.0,1020.0,995.0,1000.0,150.0,1000.0,1025.0,1026.0,1082.0,1131.5333333333333,1122.2125,False,False,False,False,False,False,False,False,False,True,False,0.015,0.025,,,-0.082,-0.1315333333333333,-0.12,-0.245,-0.0023566841454074,-0.2115009746588693,1075.0,1135.0,0.2982107355864811,-0.0064695009242144,-0.0011435137800454,-0.0006521052939409
2007-03-15,1025.0,1035.0,995.0,1000.0,171.0,1000.0,1017.0,1020.0,1076.4,1128.9,1120.475,False,False,False,False,False,False,False,False,False,False,False,0.015,0.055,,,-0.0764,-0.1289000000000001,-0.18,-0.285,-0.0023326542061592,-0.2196078431372549,1080.0,1130.0,1.14,-0.0052025269416572,0.0012669739825571,2.402993924819838e-05
2007-03-16,1000.0,1000.0,970.0,985.0,314.0,985.0,1011.0,1013.5,1071.0,1125.8333333333333,1118.675,False,False,False,False,False,False,False,False,False,False,False,0.0304568527918781,0.065989847715736,,,-0.0873096446700507,-0.1429780033840946,-0.1928934010152284,-0.2944162436548223,-0.0027239082161363,-0.2328564380858411,1140.0,1132.5,1.8362573099415205,-0.0050420168067227,0.0001605101349345,-0.000391254009977
2007-03-19,980.0,980.0,905.0,950.0,192.0,950.0,997.0,1008.5,1063.0,1122.2,1117.0875,False,False,False,False,False,False,False,False,False,True,False,0.0842105263157894,0.0631578947368421,,,-0.1189473684210526,-0.1812631578947369,-0.0789473684210526,-0.2473684210526315,-0.0032376878750073,-0.2444224095190877,1170.0,1112.5,0.6114649681528662,-0.0075258701787394,-0.0024838533720166,-0.0005137796588709
2007-03-20,955.0,1000.0,950.0,1000.0,204.0,1000.0,987.0,1006.5,1055.6,1119.6666666666667,1116.2125,False,False,False,False,False,False,False,False,False,False,False,0.015,-0.005,,,-0.0555999999999999,-0.1196666666666667,-0.205,-0.27,-0.0022625781482583,-0.252856433184302,1315.0,1107.5,1.0625,-0.0070102311481622,0.0005156390305771,0.0009751097267489
2007-03-22,1020.0,1040.0,1015.0,1015.0,224.0,1015.0,990.0,1007.5,1051.2,1117.7333333333331,1115.725,False,False,False,False,False,False,False,False,False,False,False,0.0098522167487684,0.0147783251231527,,,-0.0356650246305419,-0.1012151067323479,-0.2167487684729064,-0.2955665024630542,-0.0017296910413935,-0.2595533498759305,1340.0,1105.0,1.0980392156862746,-0.0041856925418567,0.0028245386063054,0.0005328871068648
2007-03-23,1015.0,1020.0,1005.0,1015.0,77.0,1015.0,993.0,1005.0,1046.6,1115.8666666666666,1115.25,False,False,False,False,False,False,False,False,False,True,False,0.0394088669950738,0.0,,,-0.0311330049261082,-0.0993760262725779,-0.1921182266009852,-0.3054187192118227,-0.0016728402437566,-0.2651741293532338,1300.0,1130.0,0.34375,-0.0043951844066502,-0.0002094918647934,5.685079763692765e-05
2007-03-26,1000.0,1020.0,990.0,1015.0,204.0,1015.0,999.0,1005.0,1042.6,1114.2666666666669,1114.85,False,False,False,False,False,False,False,False,False,False,False,0.0344827586206896,-0.0049261083743842,,,-0.0271921182266008,-0.0977996715927752,-0.167487684729064,-0.3201970443349753,-0.001435921981572,-0.2756218905472636,1265.0,1122.5,2.6493506493506493,-0.0038365624400537,0.0005586219665965,0.0002369182621845
2007-03-27,1010.0,1030.0,1000.0,1030.0,142.0,1030.0,1015.0,1006.0,1040.2,1112.6666666666667,1114.325,False,False,False,False,False,False,False,False,False,False,False,-0.0194174757281553,-0.0048543689320388,,,-0.0099029126213592,-0.0802588996763754,-0.1699029126213592,-0.3398058252427184,-0.0014379868184542,-0.2862823061630218,1235.0,1110.0,0.696078431372549,-0.0023072486060371,0.0015293138340165,-2.06483688223796e-06
2007-03-28,1015.0,1020.0,1010.0,1015.0,212.0,1015.0,1018.0,1002.5,1037.2,1111.1333333333334,1113.8375,False,False,False,False,False,False,False,False,False,True,False,-0.0197044334975369,-0.0147783251231527,,,-0.021871921182266,-0.094712643678161,-0.1724137931034483,-0.3448275862068966,-0.0013799724005519,-0.2952618453865336,1255.0,1100.0,1.4929577464788732,-0.002892402622445,-0.0005851540164078,5.8014417902325054e-05
2007-03-29,1015.0,1030.0,1010.0,1025.0,129.0,1025.0,1020.0,1005.0,1036.0,1109.4666666666667,1113.575,False,False,False,False,False,False,False,False,False,False,True,0.0048780487804878,-0.0536585365853658,,,-0.0107317073170731,-0.0824065040650406,-0.2195121951219512,-0.3707317073170731,-0.0015022232904699,-0.3079601990049751,1220.0,1150.0,0.6084905660377359,-0.0011583011583012,0.0017341014641438,-0.000122250889918
2007-03-30,1025.0,1065.0,1025.0,1055.0,286.0,1055.0,1028.0,1010.5,1034.2,1108.1,1113.575,False,False,False,False,True,False,False,False,False,True,False,-0.0379146919431279,-0.1184834123222748,,,0.0197156398104264,-0.0503317535545022,-0.2843601895734597,-0.4170616113744075,-0.0012333423577897,-0.3216229589312221,1205.0,1130.0,2.2170542635658914,-0.0017404757300328,-0.0005821745717316,0.0002688809326802
2007-04-02,1055.0,1085.0,1050.0,1050.0,180.0,1050.0,1035.0,1017.0,1030.4,1106.7,1113.3625,False,False,False,False,False,False,False,False,False,True,False,-0.0380952380952381,-0.1619047619047619,,,0.0186666666666665,-0.054,-0.3238095238095238,-0.4142857142857143,-0.0012650221378872,-0.3338249754178958,1215.0,1105.0,0.6293706293706294,-0.0036878881987577,-0.0019474124687248,-3.167978009757026e-05
2007-04-03,1040.0,1050.0,995.0,1010.0,239.0,1010.0,1031.0,1023.0,1024.4,1104.7333333333331,1112.8625,False,False,False,False,False,False,False,False,False,True,False,0.0148514851485148,-0.1633663366336633,,,-0.0142574257425743,-0.0937953795379535,-0.3415841584158416,-0.396039603960396,-0.0017802184539257,-0.3479960899315738,1195.0,1120.0,1.3277777777777775,-0.0058570870753611,-0.0021691988766034,-0.0005151963160384
2007-04-04,1000.0,1005.0,990.0,995.0,269.0,995.0,1027.0,1022.5,1019.6,1102.8,1112.4875,False,False,False,False,False,False,False,False,False,False,False,0.0050251256281407,-0.1055276381909547,,,-0.0247236180904522,-0.1083417085427135,-0.4170854271356783,-0.3417085427135678,-0.0017531132873895,-0.3550122249388753,1195.0,1100.0,1.1255230125523012,-0.0047077285209886,0.0011493585543724,2.710516653624262e-05
2007-04-05,1005.0,1030.0,1005.0,1030.0,117.0,1030.0,1028.0,1024.0,1018.0,1101.4,1112.125,False,False,False,False,False,False,False,False,False,False,False,-0.058252427184466,-0.145631067961165,,,0.0116504854368932,-0.0693203883495146,-0.4320388349514563,-0.3398058252427184,-0.0012711094970036,-0.359375,1175.0,1075.0,0.4349442379182156,-0.0015717092337917,0.0031360192871969,0.0004820037903858
2007-04-06,1050.0,1050.0,1010.0,1015.0,125.0,1015.0,1020.0,1024.0,1016.2,1099.8666666666666,1111.375,False,False,False,False,False,False,False,False,False,True,False,-0.083743842364532,-0.1921182266009852,,,-0.0011822660098522,-0.0836124794745483,-0.4630541871921182,-0.3645320197044335,-0.0013941083767731,-0.365234375,1140.0,1060.0,1.0683760683760684,-0.0017713048612477,-0.0001995956274559,-0.0001229988797694
2007-04-09,1015.0,1015.0,1005.0,1010.0,133.0,1010.0,1012.0,1023.5,1014.6,1098.2333333333331,1110.4875,False,False,False,False,False,False,False,False,False,False,False,-0.1287128712871287,-0.2128712871287128,,,-0.0045544554455445,-0.0873597359735971,-0.4356435643564356,-0.3762376237623762,-0.0014872370777309,-0.3707865168539326,1120.0,1045.0,1.064,-0.0015769761482357,0.0001943287130119,-9.312870095787664e-05
2007-04-10,1005.0,1030.0,995.0,1025.0,95.0,1025.0,1015.0,1023.0,1015.6,1097.0666666666666,1109.475,False,False,False,False,False,False,True,False,False,False,False,-0.1756097560975609,-0.1463414634146341,,,0.009170731707317,-0.0703089430894308,-0.4195121951219512,-0.375609756097561,-0.0010634419056877,-0.3743890518084066,1150.0,1075.0,0.7142857142857143,0.0009846396218983,0.0025616157701341,0.0004237951720432
2007-04-11,1020.0,1020.0,980.0,1000.0,192.0,1000.0,1016.0,1021.5,1014.8,1095.6333333333334,1108.575,False,False,False,False,False,False,False,False,False,True,False,-0.11,-0.205,,,-0.0147999999999999,-0.0956333333333334,-0.42,-0.36,-0.0013082235541085,-0.3759177679882525,1185.0,1075.0,2.0210526315789474,-0.0007883326763895,-0.0017729722982878,-0.0002447816484208
2007-04-12,985.0,985.0,965.0,970.0,293.0,970.0,1004.0,1016.0,1013.4,1093.8333333333333,1107.425,False,False,False,False,False,False,False,False,False,True,False,-0.0927835051546391,-0.1804123711340206,,,-0.044742268041237,-0.1276632302405497,-0.3556701030927835,-0.3556701030927835,-0.0016455889075119,-0.374507874015748,1125.0,1075.0,1.5260416666666667,-0.001381488059996,-0.0005931553836065,-0.0003373653534033
2007-04-13,965.0,970.0,920.0,930.0,456.0,930.0,987.0,1003.5,1009.0,1091.1666666666667,1106.1,False,False,False,False,False,False,False,False,False,True,False,-0.1182795698924731,-0.1182795698924731,,,-0.0849462365591397,-0.1732974910394266,-0.2688172043010752,-0.3494623655913978,-0.0024438674201923,-0.3677130044843049,1130.0,1080.0,1.5563139931740615,-0.0043607532210108,-0.0029792651610148,-0.0007982785126803
2007-04-16,915.0,920.0,870.0,880.0,529.0,880.0,961.0,986.5,1003.6,1087.9333333333334,1104.65,False,False,False,False,False,False,False,False,False,True,False,-0.096590909090909,-0.0397727272727272,,,-0.1404545454545454,-0.2362878787878788,-0.2386363636363636,-0.3352272727272727,-0.002971995833078,-0.3598580841358337,1115.0,1140.0,1.1600877192982455,-0.0053806297329613,-0.0010198765119504,-0.0005281284128857
2007-04-17,875.0,875.0,825.0,845.0,952.0,845.0,925.0,970.0,996.6,1084.4,1103.025,False,False,False,False,False,False,False,False,False,True,False,0.0355029585798816,0.0118343195266272,,,-0.1794082840236686,-0.2833136094674557,-0.2011834319526627,-0.3136094674556213,-0.0032583302594368,-0.3520618556701031,1090.0,1170.0,1.7996219281663517,-0.0070238811960666,-0.0016432514631053,-0.0002863344263588
2007-04-18,835.0,895.0,780.0,890.0,1215.0,890.0,903.0,959.5,990.2,1081.6,1101.6875,False,False,False,False,False,False,False,False,False,False,False,-0.1067415730337078,-0.0561797752808988,,,-0.1125842696629214,-0.2152808988764044,-0.2359550561797752,-0.3651685393258427,-0.0025887573964498,-0.3543512245961438,1090.0,1315.0,1.2762605042016806,-0.0064633407392445,0.000560540456822,0.0006695728629869
2007-04-19,875.0,895.0,835.0,880.0,306.0,880.0,885.0,944.5,985.4,1078.0,1100.4125,False,False,False,False,False,False,False,False,False,False,False,-0.096590909090909,-0.0909090909090909,,,-0.1197727272727272,-0.225,-0.2102272727272727,-0.3806818181818182,-0.0033395176252318,-0.3583906829010058,1055.0,1340.0,0.2518518518518518,-0.0048711183275827,0.0015922224116617,-0.0007507602287819
2007-04-20,890.0,895.0,810.0,820.0,249.0,820.0,863.0,925.0,978.2,1073.8666666666666,1098.875,False,False,False,False,False,False,False,False,False,True,False,0.0,-0.0792682926829268,,,-0.1929268292682927,-0.3095934959349592,-0.1829268292682926,-0.3109756097560975,-0.0038490191209337,-0.3535135135135135,1100.0,1300.0,0.8137254901960784,-0.0073604579840522,-0.0024893396564694,-0.0005095014957019
2007-04-23,825.0,835.0,795.0,795.0,186.0,795.0,846.0,903.5,970.6,1069.7333333333331,1097.0875,False,False,False,False,False,False,False,False,False,True,False,0.0628930817610062,-0.1069182389937107,,,-0.2208805031446541,-0.3455765199161423,-0.1698113207547169,-0.2452830188679245,-0.0038638913124767,-0.3414499169894853,1145.0,1265.0,0.7469879518072289,-0.0078302081186894,-0.0004697501346372,-1.4872191542932966e-05
2007-04-24,775.0,880.0,690.0,875.0,1879.0,875.0,852.0,888.5,967.6,1066.4666666666667,1095.55,False,False,False,False,False,False,False,False,False,False,False,-0.0228571428571428,-0.24,,,-0.1058285714285714,-0.2188190476190476,-0.2514285714285714,-0.3428571428571428,-0.0030630743264359,-0.3376477208778841,1160.0,1235.0,10.102150537634408,-0.0031004547333608,0.0047297533853286,0.0008008169860407
2007-04-25,860.0,865.0,795.0,795.0,637.0,795.0,833.0,868.0,959.4,1062.4,1093.475,False,False,False,False,False,False,False,False,False,True,False,0.0566037735849056,-0.270440251572327,,,-0.2067924528301886,-0.3363522012578617,-0.1886792452830188,-0.3018867924528302,-0.0038278112449798,-0.3317972350230415,1115.0,1255.0,0.3390101117615753,-0.0085470085470085,-0.0054465538136477,-0.0007647369185438
2007-04-26,810.0,835.0,760.0,795.0,327.0,795.0,816.0,850.5,950.6,1058.6666666666667,1091.45,False,False,False,False,False,False,False,False,False,True,False,0.0062893081761006,-0.2641509433962264,,,-0.1957232704402516,-0.3316561844863732,-0.1886792452830188,-0.3396226415094339,-0.0035264483627204,-0.3298059964726631,1070.0,1220.0,0.5133437990580848,-0.0092573111718913,-0.0007103026248827,0.0003013628822594
2007-04-27,800.0,830.0,800.0,820.0,216.0,820.0,816.0,839.5,942.8,1055.4666666666667,1089.55,False,False,False,False,False,False,False,False,False,False,False,-0.0792682926829268,-0.3353658536585366,,,-0.1497560975609755,-0.2871544715447154,-0.1829268292682926,-0.3902439024390244,-0.0030318342597271,-0.3335318642048838,1060.0,1205.0,0.6605504587155964,-0.0082732286805261,0.0009840824913652,0.0004946141029932
2007-05-01,820.0,855.0,820.0,845.0,140.0,845.0,826.0,836.0,936.0,1052.8,1087.85,False,False,False,False,False,False,False,False,False,False,False,-0.1597633136094674,-0.3254437869822485,,,-0.1076923076923077,-0.2459171597633135,-0.1124260355029585,-0.4260355029585799,-0.002532928064843,-0.3427033492822967,1050.0,1215.0,0.6481481481481481,-0.0072649572649572,0.0010082714155689,0.0004989061948841
2007-05-02,845.0,860.0,840.0,855.0,143.0,855.0,822.0,837.0,929.0,1049.8666666666666,1086.25,False,False,False,False,False,False,False,False,False,True,False,-0.2222222222222222,-0.3040935672514619,,,-0.0865497076023391,-0.227914230019493,-0.1286549707602339,-0.4385964912280701,-0.0027940055880112,-0.3554360812425328,1000.0,1195.0,1.0214285714285714,-0.007534983853606,-0.0002700265886488,-0.0002610775231682
2007-05-07,855.0,865.0,825.0,840.0,210.0,840.0,831.0,832.0,922.0,1046.7333333333331,1084.825,False,False,False,False,False,False,False,False,False,True,False,-0.3095238095238095,-0.3095238095238095,,,-0.0976190476190476,-0.2461111111111108,-0.119047619047619,-0.3988095238095238,-0.0029934399082861,-0.3587740384615384,1020.0,1195.0,1.4685314685314683,-0.0075921908893709,-5.720703576490415e-05,-0.0001994343202749
2007-05-08,845.0,845.0,790.0,800.0,393.0,800.0,832.0,824.0,913.0,1043.0666666666666,1083.325,False,False,False,False,False,False,False,False,False,True,False,-0.26875,-0.21875,,,-0.14125,-0.3038333333333332,-0.06875,-0.375,-0.0035152754697684,-0.3580097087378641,1005.0,1175.0,1.871428571428572,-0.0098576122672508,-0.0022654213778798,-0.0005218355614822
2007-05-09,795.0,800.0,745.0,755.0,668.0,755.0,819.0,817.5,901.0,1038.7333333333331,1081.7375,False,False,False,False,False,False,False,False,False,True,False,-0.2781456953642384,-0.0993377483443708,,,-0.1933774834437086,-0.3758057395143485,-0.0264900662251655,-0.3178807947019867,-0.0041717476413582,-0.3590214067278287,1040.0,1140.0,1.6997455470737914,-0.0133185349611542,-0.0034609226939034,-0.0006564721715897
2007-05-10,740.0,750.0,700.0,710.0,1202.0,710.0,792.0,809.0,887.4,1033.0,1079.9125,False,False,False,False,False,False,False,False,False,True,False,-0.1971830985915492,-0.056338028169014,,,-0.2498591549295774,-0.4549295774647887,0.0774647887323943,-0.2605633802816901,-0.0055501774766051,-0.361557478368356,1015.0,1120.0,1.7994011976047903,-0.0153256704980843,-0.00200713553693,-0.0013784298352469
2007-05-11,695.0,700.0,650.0,665.0,1811.0,665.0,754.0,788.0,873.6,1026.2666666666669,1078.3625,False,False,False,False,False,False,False,False,False,True,False,-0.1052631578947368,0.0150375939849624,,,-0.3136842105263158,-0.5432581453634089,0.1428571428571428,-0.2180451127819548,-0.006560997791347,-0.3515228426395939,1020.0,1150.0,1.5066555740432612,-0.0157967032967032,-0.0004710327986189,-0.0010108203147419
2007-05-14,675.0,685.0,565.0,580.0,4496.0,580.0,702.0,766.5,857.0,1016.4666666666668,1076.5625,False,False,False,False,False,False,False,False,False,True,False,0.0,0.1724137931034483,,,-0.4775862068965517,-0.7525287356321841,0.3103448275862069,-0.0948275862068965,-0.0096412408998492,-0.3372472276581865,1050.0,1185.0,2.482606294864716,-0.0193698949824971,-0.0035731916857938,-0.0030802431085021
2007-05-15,620.0,625.0,575.0,585.0,2710.0,585.0,659.0,745.5,839.2,1006.4,1074.6125,False,False,False,False,False,False,False,False,False,True,False,0.0683760683760683,0.188034188034188,,,-0.4345299145299146,-0.7203418803418803,0.2991452991452991,-0.0769230769230769,-0.0100026497085322,-0.3165660630449363,1000.0,1125.0,0.6027580071174378,-0.0212106768350809,-0.0018407818525838,-0.000361408808683
2007-05-16,585.0,590.0,530.0,545.0,2231.0,545.0,617.0,718.0,820.4,996.3333333333334,1072.7,False,False,False,False,False,False,False,False,False,True,False,0.2477064220183486,0.2293577981651376,,,-0.5053211009174311,-0.8281345565749236,0.5504587155963303,-0.036697247706422,-0.0101037136165941,-0.2869080779944289,1000.0,1130.0,0.8232472324723247,-0.0229156509019991,-0.0017049740669181,-0.0001010639080618
2007-05-17,550.0,590.0,545.0,570.0,2012.0,570.0,589.0,690.5,802.8,987.0666666666668,1070.925,False,False,False,False,False,False,False,False,False,False,False,0.175438596491228,0.1578947368421052,,,-0.4084210526315788,-0.7316959064327488,0.543859649122807,-0.0350877192982456,-0.0093880859111169,-0.2490948587979725,985.0,1115.0,0.9018377409233528,-0.0219232685600398,0.0009923823419592,0.0007156277054771
2007-05-18,570.0,605.0,565.0,595.0,1922.0,595.0,575.0,664.5,785.6,978.5333333333332,1069.275,False,False,False,False,False,False,False,False,False,False,False,0.134453781512605,0.1008403361344537,,,-0.3203361344537815,-0.6445938375350138,0.4621848739495798,-0.0672268907563025,-0.0087205341327159,-0.2084273890142964,950.0,1090.0,0.955268389662028,-0.0218940936863542,2.917487368559596e-05,0.000667551778401
2007-05-21,605.0,625.0,565.0,580.0,1389.0,580.0,575.0,638.5,768.8,969.5333333333332,1067.8,False,False,False,False,False,False,False,False,False,False,False,0.1724137931034483,0.1120689655172413,,,-0.3255172413793102,-0.6716091954022986,0.4310344827586206,-0.0258620689655172,-0.0092828164752802,-0.1667971808927173,1000.0,1090.0,0.722684703433923,-0.0218522372528616,4.185643349259929e-05,-0.0005622823425642
2007-05-22,560.0,630.0,535.0,625.0,1827.0,625.0,583.0,621.0,755.0,961.6,1066.725,False,False,False,False,False,False,False,False,False,False,False,0.112,0.032,,,-0.208,-0.53856,0.24,-0.048,-0.0082501386577923,-0.1280193236714976,1015.0,1055.0,1.3153347732181426,-0.0182781456953641,0.0035740915574975,0.0010326778174878
2007-05-23,655.0,725.0,655.0,680.0,4914.0,680.0,610.0,613.5,745.0,954.6,1065.8875,False,False,False,False,False,False,False,False,False,False,False,-0.0147058823529411,-0.0147058823529411,,,-0.0955882352941176,-0.4038235294117647,0.1470588235294117,-0.125,-0.0073329143096584,-0.1043194784026079,1015.0,1100.0,2.689655172413793,-0.0134228187919463,0.0048553269034178,0.0009172243481338
2007-05-24,655.0,680.0,640.0,670.0,1271.0,670.0,630.0,609.5,736.6,947.3333333333334,1064.4875,False,False,False,False,False,False,False,False,False,False,False,-0.0149253731343283,0.1194029850746268,,,-0.0994029850746269,-0.4139303482587065,0.1865671641791045,-0.1119402985074626,-0.007670654468684,-0.0869565217391304,1015.0,1145.0,0.2586487586487586,-0.0114037469454248,0.0020190718465214,-0.0003377401590255
2007-05-25,640.0,675.0,635.0,675.0,676.0,675.0,646.0,610.5,729.8,940.4,1062.9875,False,False,False,False,False,False,False,False,False,False,False,-0.0296296296296296,0.1037037037037037,,,-0.0811851851851851,-0.3931851851851851,0.1555555555555555,-0.1851851851851851,-0.0073727491847441,-0.0835380835380835,1030.0,1160.0,0.5318646734854445,-0.0093176212661003,0.0020861256793244,0.0002979052839398
2007-05-28,695.0,720.0,665.0,680.0,872.0,680.0,666.0,620.5,721.4,933.5333333333332,1060.9875,False,False,False,False,False,False,False,False,False,True,False,-0.0514705882352941,0.088235294117647,,,-0.0608823529411764,-0.3728431372549017,0.1470588235294117,-0.1911764705882352,-0.0073555666642863,-0.0942788074133763,1015.0,1115.0,1.2899408284023668,-0.0116440255059606,-0.0023264042398602,1.7182520457789847e-05
2007-05-29,690.0,705.0,685.0,695.0,489.0,695.0,680.0,631.5,714.0,927.1333333333332,1059.0875,False,False,False,False,False,False,False,False,False,False,False,-0.0719424460431654,0.0719424460431654,,,-0.0273381294964028,-0.3340047961630694,0.0863309352517985,-0.2733812949640288,-0.006902998489969,-0.1155977830562153,1025.0,1070.0,0.5607798165137615,-0.0103641456582632,0.0012798798476973,0.0004525681743172
2007-05-30,685.0,690.0,655.0,670.0,547.0,670.0,678.0,644.0,708.0,920.8666666666668,1056.9375,False,False,False,False,False,False,False,False,False,False,False,0.0,0.0970149253731343,,,-0.0567164179104477,-0.3744278606965175,0.0671641791044776,-0.2761194029850746,-0.0068051835227681,-0.1389751552795031,1055.0,1060.0,1.1186094069529653,-0.0084745762711864,0.0018895693870768,9.781496720091472e-05
2007-05-31,670.0,680.0,660.0,660.0,349.0,660.0,676.0,653.0,702.6,914.7333333333332,1055.15,False,False,False,False,False,False,False,False,False,False,False,0.1363636363636363,0.1590909090909091,,,-0.0645454545454545,-0.3859595959595958,0.053030303030303,-0.2431818181818182,-0.006705050652285,-0.1585758039816232,1050.0,1050.0,0.6380255941499086,-0.0076857386848846,0.0007888375863017,0.000100132870483
2007-06-01,660.0,675.0,645.0,655.0,433.0,655.0,672.0,659.0,693.8,908.1333333333332,1053.2625,False,False,False,False,False,False,False,False,False,True,False,0.1374045801526717,0.1603053435114503,,,-0.0592366412213739,-0.3864631043256996,0.0916030534351145,-0.2900763358778626,-0.0072676552635442,-0.1798937784522002,1010.0,1000.0,1.2406876790830943,-0.0126837705390603,-0.0049980318541756,-0.0005626046112592
2007-06-04,655.0,665.0,640.0,645.0,461.0,645.0,665.0,665.5,687.8,900.9333333333332,1051.325,False,False,False,False,False,False,False,False,False,False,False,0.1472868217054263,0.1782945736434108,,,-0.0663565891472867,-0.3967958656330747,0.1317829457364341,-0.2589147286821705,-0.0079917122983573,-0.200976709241172,995.0,1020.0,1.0646651270207852,-0.0087234661238732,0.0039603044151871,-0.000724057034813
2007-06-05,640.0,655.0,640.0,645.0,243.0,645.0,655.0,667.5,681.8,894.5333333333333,1049.35,False,False,False,False,False,False,False,False,False,True,False,0.1550387596899224,0.1782945736434108,,,-0.0570542635658914,-0.3868733850129198,0.1085271317829457,-0.2635658914728682,-0.0071545684900877,-0.2213483146067415,1030.0,1005.0,0.527114967462039,-0.0088002346729246,-7.676854905139252e-05,0.0008371438082695
2007-06-06,655.0,680.0,655.0,670.0,464.0,670.0,655.0,666.5,675.8,888.4,1047.475,False,False,False,False,False,False,False,False,False,True,False,0.0970149253731343,0.2611940298507462,,,-0.0086567164179103,-0.3259701492537313,0.0522388059701492,-0.3171641791044776,-0.0069037970883986,-0.2408102025506376,1015.0,1040.0,1.909465020576132,-0.0088783663805859,-7.813170766136045e-05,0.0002507714016891
2007-06-07,700.0,765.0,700.0,750.0,2771.0,750.0,673.0,674.5,672.0,883.5333333333333,1046.0375,False,False,False,False,True,False,False,False,False,False,True,0.02,0.1733333333333333,,,0.104,-0.1780444444444444,-0.08,-0.3546666666666667,-0.0055081868256243,-0.2662713120830245,1010.0,1015.0,5.9719827586206895,-0.0056547619047618,0.0032236044758241,0.0013956102627742
2007-06-08,740.0,825.0,740.0,745.0,2779.0,745.0,691.0,681.5,667.6,878.9333333333333,1044.575,False,False,False,False,False,False,False,False,False,True,False,0.0201342281879194,0.1677852348993288,,,0.1038926174496644,-0.1797762863534674,-0.087248322147651,-0.3154362416107382,-0.0052336165048543,-0.2796771826852531,1025.0,1020.0,1.0028870443883076,-0.0065907729179148,-0.000936011013153,0.00027457032077
2007-06-11,770.0,775.0,730.0,740.0,617.0,740.0,710.0,687.5,663.6,874.2666666666667,1043.0125,False,False,False,False,False,False,False,False,False,False,False,0.027027027027027,0.1216216216216216,,,0.1032432432432432,-0.1814414414414414,-0.1013513513513513,-0.25,-0.005337806923898,-0.2852363636363637,1000.0,1050.0,0.2220223101835192,-0.0060277275467148,0.0005630453711999,-0.0001041904190436
2007-06-12,740.0,755.0,715.0,745.0,546.0,745.0,730.0,692.5,661.4,870.1333333333333,1041.4375,False,False,False,False,False,False,False,False,False,False,False,0.0201342281879194,0.0402684563758389,,,0.1122147651006711,-0.1679642058165548,-0.1342281879194631,-0.2281879194630872,-0.0047502298498314,-0.28028880866426,970.0,1000.0,0.8849270664505673,-0.0033262775929846,0.0027014499537302,0.0005875770740666
2007-06-13,735.0,745.0,730.0,735.0,227.0,735.0,743.0,699.0,660.6,865.2666666666667,1039.6875,False,False,False,False,False,False,False,False,False,False,False,0.1496598639455782,0.0612244897959183,,,0.1012244897959183,-0.1772335600907029,-0.1632653061224489,-0.1768707482993197,-0.0056244702981739,-0.2698140200286123,930.0,1000.0,0.4157509157509158,-0.0012110202845896,0.0021152573083949,-0.0008742404483425
2007-06-14,740.0,770.0,735.0,765.0,413.0,765.0,746.0,709.5,662.8,860.2,1037.8375,False,False,False,False,False,False,True,False,True,False,False,0.1503267973856209,0.0392156862745098,,,0.1335947712418301,-0.1244444444444445,-0.196078431372549,-0.1830065359477124,-0.0058901030768037,-0.2629316420014094,880.0,985.0,1.8193832599118944,0.0033192516596257,0.0045302719442154,-0.0002656327786297
2007-06-15,780.0,780.0,755.0,760.0,503.0,760.0,749.0,720.0,666.6,854.8666666666667,1035.925,False,False,False,False,False,False,True,False,False,False,False,0.1447368421052631,0.0263157894736842,,,0.1228947368421052,-0.1248245614035087,-0.1973684210526315,-0.1118421052631579,-0.0062387896748031,-0.2445138888888888,845.0,950.0,1.2179176755447942,0.0057005700570058,0.00238131839738,-0.0003486865979993
2007-06-18,770.0,775.0,755.0,760.0,350.0,760.0,753.0,731.5,673.8,850.1333333333333,1033.8,False,False,False,False,False,False,True,False,False,False,False,0.0921052631578947,0.0263157894736842,,,0.113421052631579,-0.1185964912280701,-0.1381578947368421,-0.0921052631578947,-0.0055677540777917,-0.2274094326725906,890.0,1000.0,0.6958250497017893,0.0106856634016027,0.0049850933445969,0.0006710355970113
2007-06-19,755.0,765.0,750.0,760.0,116.0,760.0,756.0,743.0,680.8,846.0,1031.7,False,False,False,False,False,False,True,False,False,True,False,0.0197368421052631,-0.006578947368421,,,0.1042105263157895,-0.1131578947368421,-0.1052631578947368,-0.0197368421052631,-0.0048857368006304,-0.203028263795424,880.0,1015.0,0.3314285714285714,0.0102820211515863,-0.0004036422500163,0.0006820172771613
2007-06-20,750.0,845.0,750.0,845.0,1050.0,845.0,778.0,760.5,692.8,843.1333333333333,1030.2625,False,False,False,False,False,False,True,False,False,False,False,-0.0769230769230769,-0.1538461538461538,,,0.1801183431952663,0.0022090729783037,-0.2366863905325443,-0.1124260355029585,-0.003400015814027,-0.1829059829059829,820.0,1015.0,9.051724137931034,0.0173210161662817,0.0070389950146953,0.0014857209866033
2007-06-21,815.0,880.0,810.0,880.0,1536.0,880.0,801.0,773.5,705.2,840.8666666666667,1028.975,False,False,False,False,False,False,True,False,False,False,False,-0.096590909090909,-0.2102272727272727,,,0.1986363636363635,0.0444696969696969,-0.2840909090909091,-0.1193181818181818,-0.0026956314913184,-0.1590174531351001,795.0,1015.0,1.4628571428571429,0.0175836642087352,0.0002626480424534,0.0007043843227085
2007-06-22,860.0,890.0,850.0,870.0,1677.0,870.0,823.0,786.0,716.2,839.1333333333333,1027.5,False,False,False,False,False,False,True,False,False,True,False,-0.1034482758620689,-0.1781609195402299,,,0.1767816091954022,0.0354789272030651,-0.264367816091954,-0.132183908045977,-0.0020656232620958,-0.1412213740458015,875.0,1030.0,1.091796875,0.0153588383133203,-0.0022248258954149,0.0006300082292226
2007-06-25,860.0,880.0,830.0,830.0,346.0,830.0,837.0,795.0,726.2,836.6,1026.025,False,False,False,False,False,False,True,False,False,True,False,-0.0602409638554216,-0.1204819277108433,,,0.1250602409638553,-0.0079518072289156,-0.2289156626506024,-0.072289156626506,-0.0030281297314526,-0.1238993710691823,795.0,1015.0,0.2063208109719737,0.0137703112090333,-0.0015885271042869,-0.0009625064693568
2007-06-26,835.0,835.0,750.0,775.0,726.0,775.0,840.0,798.0,732.2,833.5333333333333,1024.2,False,False,False,False,False,False,True,False,False,True,False,-0.0258064516129032,-0.0774193548387096,,,0.0552258064516128,-0.07552688172043,-0.1935483870967742,0.0,-0.0036791170119172,-0.1021303258145363,795.0,1025.0,2.098265895953757,0.0081944823818628,-0.0055758288271704,-0.0006509872804645
2007-06-27,765.0,810.0,760.0,780.0,637.0,780.0,827.0,802.5,736.2,830.0666666666667,1022.5125,False,False,False,False,False,False,True,False,False,True,False,-0.0833333333333333,-0.0961538461538461,,,0.056153846153846,-0.0641880341880342,-0.2243589743589743,-0.0448717948717948,-0.004176371375793,-0.0897196261682242,820.0,1055.0,0.8774104683195593,0.0054333061668024,-0.0027611762150603,-0.0004972543638758
2007-06-28,775.0,805.0,775.0,795.0,344.0,795.0,810.0,805.5,741.2,827.1333333333333,1021.075,False,False,False,False,False,False,True,False,False,False,False,-0.1257861635220125,-0.1320754716981132,,,0.0676729559748427,-0.04041928721174,-0.2641509433962264,-0.0943396226415094,-0.0035463851051826,-0.0813159528243327,845.0,1050.0,0.5400313971742543,0.0067458175930922,0.0013125114262897,0.0006299862706103
2007-06-29,790.0,810.0,780.0,780.0,234.0,780.0,792.0,807.5,745.4,823.9333333333333,1019.475,False,False,False,False,False,False,True,False,False,True,False,-0.0833333333333333,-0.1282051282051282,,,0.0443589743589743,-0.0563247863247862,-0.2564102564102564,0.0064102564102564,-0.0038838093696901,-0.069969040247678,855.0,1010.0,0.6802325581395349,0.0056345586262408,-0.0011112589668514,-0.0003374242645075
2007-07-02,785.0,785.0,760.0,780.0,244.0,780.0,782.0,809.5,749.4,820.3333333333334,1017.9875,False,False,False,False,False,False,True,False,False,True,False,-0.0641025641025641,-0.1474358974358974,,,0.0392307692307692,-0.0517094017094017,-0.2756410256410256,0.0256410256410256,-0.0043884599756195,-0.0586781964175416,840.0,995.0,1.0427350427350428,0.0053376034160661,-0.0002969552101746,-0.0005046506059293
2007-07-03,785.0,785.0,745.0,755.0,512.0,755.0,778.0,809.0,751.8,817.0666666666667,1016.2,False,False,False,False,False,False,True,False,False,True,False,-0.0529801324503311,-0.1456953642384106,,,0.0042384105960265,-0.0822075055187638,-0.2781456953642384,0.0662251655629139,-0.0039980417754569,-0.0506798516687268,800.0,1030.0,2.098360655737705,0.003192338387869,-0.0021452650281971,0.0003904182001626
2007-07-04,745.0,745.0,710.0,715.0,1019.0,715.0,765.0,796.0,753.6,813.2666666666667,1014.2125,False,False,False,False,False,False,True,False,False,True,False,-0.0139860139860139,-0.1398601398601398,,,-0.053986013986014,-0.1374358974358974,-0.2097902097902098,0.2167832167832167,-0.0046725141405034,-0.0201005025125628,755.0,1015.0,1.990234375,0.0023885350318472,-0.0008038033560218,-0.0006744723650465
2007-07-05,710.0,725.0,680.0,695.0,976.0,695.0,745.0,777.5,755.0,809.4,1012.2,False,False,False,False,False,False,True,False,False,True,False,-0.0071942446043165,-0.1151079136690647,,,-0.0863309352517985,-0.1646043165467625,-0.1366906474820144,0.2805755395683453,-0.0047772012190099,0.0180064308681672,710.0,1010.0,0.957801766437684,0.0018543046357615,-0.0005342303960856,-0.0001046870785065
2007-07-06,690.0,735.0,690.0,715.0,1070.0,715.0,732.0,762.0,757.4,806.2666666666667,1010.4,False,False,False,False,False,False,True,False,False,False,False,-0.0489510489510489,-0.1468531468531468,,,-0.0593006993006992,-0.1276456876456876,-0.1958041958041958,0.1818181818181818,-0.003886224574169,0.0505249343832021,665.0,1025.0,1.096311475409836,0.0031687351465539,0.0013144305107924,0.0008909766448409
2007-07-09,725.0,750.0,715.0,730.0,826.0,730.0,722.0,752.0,760.8,802.6666666666666,1008.85,False,False,False,False,False,False,True,False,False,False,False,-0.0890410958904109,-0.1027397260273972,,,-0.0421917808219177,-0.0995433789954337,-0.2397260273972602,0.2534246575342466,-0.004485049833887,0.0837765957446808,580.0,1000.0,0.77196261682243,0.0044689800210304,0.0013002448744764,-0.000598825259718
2007-07-10,720.0,725.0,710.0,715.0,280.0,715.0,714.0,746.0,763.6,798.6666666666666,1007.225,False,False,False,False,False,False,True,False,False,True,False,-0.0979020979020979,-0.0489510489510489,,,-0.067972027972028,-0.1170163170163169,-0.2657342657342657,0.3986013986013986,-0.005008347245409,0.1226541554959785,585.0,970.0,0.3389830508474576,0.0036668412781561,-0.0008021387428742,-0.0005232974115219
2007-07-11,700.0,710.0,695.0,705.0,220.0,705.0,712.0,738.5,765.0,794.5333333333333,1005.5,False,False,False,False,False,False,True,False,False,True,False,-0.1276595744680851,-0.0851063829787234,,,-0.0851063829787234,-0.1269976359338061,-0.2907801418439716,0.4042553191489361,-0.0052022151367679,0.1672308733920108,545.0,930.0,0.7857142857142857,0.001830065359477,-0.001836775918679,-0.0001938678913588
2007-07-12,710.0,715.0,680.0,690.0,267.0,690.0,711.0,728.0,762.6,790.2,1003.65,False,False,False,False,False,False,False,False,False,True,False,-0.108695652173913,-0.0869565217391304,,,-0.1052173913043478,-0.1452173913043478,-0.2971014492753623,0.3985507246376811,-0.0054838437526363,0.2177197802197802,570.0,880.0,1.2136363636363636,-0.0031471282454759,-0.004977193604953,-0.0002816286158684
2007-07-13,695.0,695.0,675.0,680.0,204.0,680.0,704.0,718.0,760.0,785.5333333333333,1001.975,False,False,False,False,False,False,False,False,False,True,False,-0.1029411764705882,-0.0588235294117647,,,-0.1176470588235294,-0.1551960784313725,-0.2941176470588235,0.3602941176470588,-0.0059407621149114,0.2541782729805014,595.0,845.0,0.7640449438202247,-0.0034210526315789,-0.000273924386103,-0.000456918362275
2007-07-17,660.0,670.0,650.0,665.0,315.0,665.0,691.0,706.5,757.0,780.8666666666667,1000.175,False,False,False,False,False,False,False,False,False,True,False,-0.0150375939849624,-0.037593984962406,,,-0.1383458646616541,-0.174235588972431,-0.2406015037593984,0.3909774436090225,-0.0059762656876973,0.2922859164897382,580.0,890.0,1.5441176470588236,-0.0039630118890356,-0.0005419592574566,-3.550357278597153e-05
2007-07-18,650.0,660.0,645.0,645.0,164.0,645.0,677.0,695.5,753.0,775.8,997.9875,False,False,False,False,False,False,False,False,False,True,False,0.0542635658914728,-0.0310077519379844,,,-0.1674418604651162,-0.2027906976744185,-0.2248062015503876,0.4186046511627907,-0.0065308928417977,0.3285406182602444,625.0,880.0,0.5206349206349207,-0.0053120849933598,-0.0013490731043242,-0.0005546271541004
2007-07-19,640.0,645.0,615.0,615.0,431.0,615.0,659.0,685.5,748.2,769.9333333333333,995.5875,False,False,False,False,False,False,False,False,False,True,False,0.048780487804878,-0.016260162601626,,,-0.2165853658536586,-0.2519241192411923,-0.1626016260162601,0.4308943089430894,-0.0076197073339683,0.349380014587892,680.0,820.0,2.6280487804878048,-0.0064153969526863,-0.0011033119593264,-0.0010888144921705
2007-07-20,620.0,635.0,600.0,615.0,350.0,615.0,644.0,677.5,742.2,764.1333333333333,993.1625,False,False,False,False,False,False,False,False,False,True,False,0.024390243902439,-0.048780487804878,,,-0.206829268292683,-0.2424932249322493,-0.1463414634146341,0.4634146341463415,-0.0075902983772464,0.3667896678966789,670.0,795.0,0.8120649651972158,-0.0080840743734842,-0.0016686774207978,2.940895672182489e-05
2007-07-23,600.0,615.0,590.0,610.0,270.0,610.0,630.0,667.0,736.2,758.8,990.5125,False,False,False,False,False,False,False,False,False,True,False,0.0491803278688524,-0.0491803278688524,,,-0.2068852459016394,-0.2439344262295081,-0.1475409836065573,0.4672131147540984,-0.0070286417149886,0.3958020989505247,675.0,875.0,0.7714285714285715,-0.0081499592502037,-6.588487671951339e-05,0.0005616566622578
2007-07-24,605.0,655.0,595.0,655.0,433.0,655.0,628.0,659.5,732.0,754.2666666666667,988.125,False,False,False,False,False,False,False,False,False,False,False,-0.0229007633587786,-0.1374045801526717,,,-0.1175572519083969,-0.1515521628498727,-0.1984732824427481,0.3587786259541984,-0.0060102527841611,0.4078847611827141,680.0,795.0,1.6037037037037036,-0.0057377049180328,0.0024122543321708,0.0010183889308274
2007-07-25,645.0,680.0,630.0,680.0,276.0,680.0,635.0,656.0,728.8,749.6,985.825,False,False,False,False,False,False,False,False,False,False,False,-0.0808823529411764,-0.1985294117647058,,,-0.0717647058823528,-0.1023529411764706,-0.2058823529411764,0.2647058823529412,-0.0062255425115616,0.3940548780487805,695.0,795.0,0.6374133949191686,-0.004390779363337,0.0013469255546957,-0.0002152897274004
2007-07-26,690.0,690.0,645.0,645.0,313.0,645.0,641.0,650.0,720.8,744.6666666666666,983.175,False,False,False,False,False,False,False,False,False,True,False,-0.0620155038759689,-0.1240310077519379,,,-0.1175193798449611,-0.1545219638242893,-0.1860465116279069,0.5038759689922481,-0.0066248880931066,0.4038461538461538,670.0,820.0,1.134057971014493,-0.0110987791342952,-0.0067079997709581,-0.0003993455815449
2007-07-27,610.0,635.0,610.0,630.0,154.0,630.0,644.0,644.0,710.8,739.6,980.45,False,False,False,False,False,False,False,False,False,True,False,-0.0714285714285714,-0.0476190476190476,,,-0.1282539682539681,-0.173968253968254,-0.1269841269841269,0.5476190476190477,-0.0068505498467639,0.4184782608695652,660.0,845.0,0.4920127795527156,-0.0140686550365785,-0.0029698759022832,-0.0002256617536573
2007-07-30,615.0,645.0,610.0,640.0,225.0,640.0,650.0,640.0,701.6,734.4666666666667,977.825,False,False,False,False,False,False,False,False,False,False,False,-0.09375,-0.1015625,,,-0.09625,-0.1476041666666667,-0.1328125,0.484375,-0.0069891985113914,0.43125,655.0,855.0,1.4610389610389611,-0.0131128848346635,0.0009557702019149,-0.0001386486646275
2007-07-31,645.0,655.0,635.0,640.0,157.0,640.0,647.0,637.5,694.0,729.6666666666666,975.1625,False,False,False,False,False,False,False,False,False,False,False,-0.1171875,-0.1328125,,,-0.084375,-0.1401041666666666,-0.1171875,0.5078125,-0.0065783462768388,0.4431372549019607,645.0,840.0,0.6977777777777778,-0.0109510086455331,0.0021618761891303,0.0004108522345526
2007-08-01,635.0,650.0,620.0,625.0,176.0,625.0,636.0,635.5,688.0,725.0666666666667,972.5375,False,False,False,False,False,False,False,False,False,False,False,-0.128,-0.16,,,-0.1008,-0.1601066666666667,-0.048,0.48,-0.006344244207429,0.4492525570416995,645.0,800.0,1.1210191082802548,-0.0087209302325581,0.002230078412975,0.0002341020694097
2007-08-02,620.0,625.0,590.0,605.0,386.0,605.0,628.0,634.5,681.0,720.7333333333333,970.1,False,False,False,False,False,False,False,False,False,True,False,-0.0661157024793388,-0.1735537190082644,,,-0.1256198347107438,-0.1912947658402204,-0.0165289256198347,0.5619834710743802,-0.0060123947830913,0.4617809298660362,670.0,755.0,2.1931818181818183,-0.0102790014684287,-0.0015580712358706,0.0003318494243377
2007-08-03,605.0,610.0,580.0,585.0,349.0,585.0,619.0,631.5,672.6,716.8,967.825,False,False,False,False,False,False,False,False,False,True,False,0.0256410256410256,-0.1709401709401709,,,-0.1497435897435897,-0.2252991452991452,0.017094017094017,0.4786324786324786,-0.0054873511904762,0.4631828978622327,750.0,710.0,0.9041450777202072,-0.0124888492417484,-0.0022098477733196,0.000525043592615
2007-08-06,585.0,605.0,575.0,580.0,314.0,580.0,607.0,628.5,664.6,713.2666666666667,965.55,False,False,False,False,False,False,False,False,False,False,False,-0.0086206896551724,-0.1724137931034483,,,-0.1458620689655173,-0.2297701149425287,-0.0517241379310344,0.5431034482758621,-0.0049537339938311,0.4701670644391408,745.0,665.0,0.8997134670487106,-0.0120373156786036,0.0004515335631447,0.0005336171966451
2007-08-07,590.0,595.0,560.0,565.0,334.0,565.0,592.0,619.5,656.0,708.9333333333333,963.0625,False,False,False,False,False,False,False,False,False,True,False,-0.0176991150442477,-0.1061946902654867,,,-0.1610619469026548,-0.2547492625368731,-0.0265486725663716,0.5929203539823009,-0.0061124694376528,0.493139628732849,740.0,580.0,1.0636942675159236,-0.013109756097561,-0.0010724404189573,-0.0011587354438217
2007-08-08,560.0,575.0,540.0,545.0,393.0,545.0,576.0,606.0,647.6,704.4666666666667,960.25,False,False,False,False,False,False,False,False,False,False,False,-0.036697247706422,-0.0825688073394495,,,-0.188256880733945,-0.2925993883792049,-0.073394495412844,0.6330275229357798,-0.0063404939907257,0.5313531353135313,745.0,585.0,1.1766467065868262,-0.0129709697344039,0.000138786363157,-0.0002280245530728
2007-08-09,550.0,575.0,550.0,565.0,316.0,565.0,568.0,598.0,641.6,701.0666666666667,957.625,False,False,False,False,False,False,False,False,False,False,False,-0.1150442477876106,-0.0884955752212389,,,-0.1355752212389381,-0.240825958702065,-0.1415929203539823,0.584070796460177,-0.0048497527577025,0.5392976588628763,735.0,545.0,0.8040712468193384,-0.0093516209476309,0.0036193487867729,0.0014907412330232
2007-08-10,565.0,630.0,550.0,600.0,420.0,600.0,571.0,595.0,637.8,698.4666666666667,955.0625,False,False,False,False,False,False,False,False,False,False,False,-0.1916666666666666,-0.125,,,-0.0629999999999999,-0.1641111111111111,-0.1675,0.6,-0.003722439629665,0.5445378151260504,765.0,570.0,1.3291139240506329,-0.0059579805581688,0.0033936403894621,0.0011273131280375
2007-08-13,605.0,605.0,570.0,575.0,172.0,575.0,570.0,588.5,632.2,694.4666666666667,951.75,False,False,False,False,False,False,False,False,False,True,False,-0.1652173913043478,-0.0956521739130434,,,-0.0994782608695653,-0.207768115942029,-0.1913043478260869,0.6173913043478261,-0.005759815685898,0.5581988105352591,760.0,595.0,0.4095238095238095,-0.0088579563429293,-0.0028999757847604,-0.002037376056233
2007-08-14,570.0,580.0,540.0,555.0,416.0,555.0,568.0,580.0,625.2,691.2666666666667,948.5375,False,False,False,False,False,False,False,False,False,True,False,-0.09009009009009,-0.054054054054054,,,-0.1264864864864865,-0.2455255255255255,-0.1387387387387387,0.7387387387387387,-0.0046291831420581,0.5810344827586207,760.0,580.0,2.4186046511627906,-0.0111964171465131,-0.0023384608035838,0.0011306325438399
2007-08-15,545.0,545.0,515.0,525.0,478.0,525.0,564.0,570.0,617.6,687.6666666666666,945.1875,False,False,False,False,False,False,False,False,False,True,False,-0.0476190476190476,0.0285714285714285,,,-0.1763809523809524,-0.3098412698412697,-0.0952380952380952,1.0,-0.00523509452254,0.6307017543859649,760.0,625.0,1.1490384615384617,-0.0123056994818653,-0.0011092823353522,-0.0006059113804819
2007-08-16,490.0,500.0,470.5,500.0,1029.0,500.0,551.0,559.5,609.4,683.4,941.475,False,False,False,False,False,False,False,False,False,True,False,0.03,0.05,,,-0.2187999999999999,-0.3667999999999999,-0.085,1.23,-0.0062432933372353,0.6916890080428955,845.0,680.0,2.1527196652719667,-0.0134558582212012,-0.0011501587393359,-0.0010081988146953
2007-08-17,498.5,499.5,465.0,485.0,413.0,485.0,528.0,549.5,601.2,678.6,937.775,False,False,False,False,False,False,False,False,False,True,False,0.0824742268041237,0.134020618556701,,,-0.2395876288659794,-0.3991752577319588,-0.002061855670103,1.2061855670103092,-0.0070733863837311,0.7597816196542311,880.0,670.0,0.4013605442176871,-0.0136393878908847,-0.0001835296696835,-0.0008300930464957
2007-08-20,499.5,500.0,475.0,480.0,247.0,480.0,509.0,539.5,593.2,673.6,933.875,False,False,False,False,False,False,False,False,False,False,False,0.0833333333333333,0.15625,,,-0.2358333333333334,-0.4033333333333334,0.0625,1.0833333333333333,-0.0074228028503562,0.8118628359592215,870.0,675.0,0.5980629539951574,-0.0134861766689143,0.0001532112219704,-0.0003494164666251
2007-08-21,449.0,530.0,432.0,505.0,1066.0,505.0,499.0,533.5,586.8,669.1333333333333,930.025,False,False,False,False,False,False,False,False,False,False,False,0.0396039603960396,0.1188118811881188,,,-0.1619801980198019,-0.325016501650165,0.099009900990099,0.9801980198019802,-0.006675301384876,0.8509840674789129,830.0,680.0,4.315789473684211,-0.0109066121336061,0.0025795645353082,0.0007475014654802
2007-08-22,495.0,525.0,492.0,500.0,231.0,500.0,494.0,529.0,581.0,665.1333333333333,926.275,False,False,False,False,False,False,False,False,False,False,False,0.08,0.19,,,-0.162,-0.3302666666666666,0.15,0.87,-0.0060138318131702,0.8752362948960303,775.0,695.0,0.2166979362101313,-0.0099827882960412,0.0009238238375649,0.0006614695717057
2007-08-23,500.0,520.0,500.0,515.0,141.0,515.0,497.0,524.0,577.0,661.9333333333333,922.7,False,False,False,False,False,False,False,False,False,False,False,0.0194174757281553,0.1553398058252427,,,-0.1203883495145631,-0.2853074433656957,0.174757281553398,0.912621359223301,-0.0048343236982576,0.9103053435114504,780.0,670.0,0.6103896103896104,-0.0069324090121317,0.0030503792839095,0.0011795081149125
2007-08-24,525.0,535.0,515.0,525.0,253.0,525.0,505.0,516.5,573.4,659.4666666666667,919.175,False,False,False,False,False,False,False,False,False,False,False,0.0476190476190476,0.1333333333333333,,,-0.0921904761904761,-0.2561269841269842,0.1904761904761904,0.819047619047619,-0.0037403962798219,0.937076476282672,795.0,660.0,1.7943262411347518,-0.0062783397279386,0.000654069284193,0.0010939274184357
2007-08-27,540.0,545.0,510.0,520.0,174.0,520.0,513.0,511.0,569.8,657.5333333333333,915.875,False,False,False,False,False,False,False,False,False,True,False,0.0673076923076923,0.0576923076923076,,,-0.0957692307692306,-0.2644871794871794,0.2980769230769231,0.7403846153846154,-0.0029402818615026,0.9530332681017613,780.0,655.0,0.6877470355731226,-0.0063180063180063,-3.9666590067706335e-05,0.0008001144183192
2007-08-28,520.0,540.0,520.0,525.0,205.0,525.0,517.0,508.0,564.6,656.8,912.7375,False,False,False,False,False,False,False,False,False,True,False,0.0761904761904762,0.0476190476190476,,,-0.0754285714285714,-0.2510476190476189,0.3142857142857143,0.638095238095238,-0.0011165245635404,0.9438976377952756,780.0,645.0,1.1781609195402298,-0.0092100602196243,-0.002892053901618,0.0018237572979622
2007-08-29,515.0,540.0,500.0,540.0,368.0,540.0,525.0,509.5,559.0,656.2,909.7,False,False,False,False,False,False,False,False,False,True,True,0.1018518518518518,-0.0648148148148148,,,-0.0351851851851851,-0.2151851851851852,0.3796296296296296,0.7314814814814815,-0.0009143553794573,0.915603532875368,755.0,645.0,1.7951219512195122,-0.0100178890876565,-0.0008078288680321,0.000202169184083
2007-08-30,555.0,570.0,520.0,525.0,480.0,525.0,527.0,512.0,554.2,655.9333333333333,906.825,False,False,False,False,False,False,False,False,False,False,False,0.1333333333333333,-0.0761904761904762,,,-0.0556190476190477,-0.2493968253968252,0.4285714285714285,0.6761904761904762,-0.0004065453806282,0.8603515625,715.0,670.0,1.3043478260869563,-0.0086611331649223,0.0013567559227342,0.000507809998829
2007-08-31,525.0,555.0,525.0,550.0,358.0,550.0,532.0,518.5,551.0,655.6666666666666,904.0125,False,False,False,False,False,False,False,False,False,False,False,0.0818181818181818,-0.0918181818181818,,,-0.0018181818181818,-0.192121212121212,0.4090909090909091,0.5454545454545454,-0.0004067107269954,0.7945998071359691,695.0,750.0,0.7458333333333333,-0.0058076225045372,0.002853510660385,-1.653463671385256e-07
2007-09-03,545.0,560.0,540.0,555.0,171.0,555.0,539.0,526.0,547.6,655.1333333333333,901.2875,False,False,False,False,True,False,False,False,False,True,False,-0.009009009009009,-0.1621621621621621,,,0.0133333333333332,-0.1804204204204204,0.3603603603603603,0.6846846846846847,-0.0008140836470946,0.7566539923954373,715.0,745.0,0.4776536312849162,-0.0062089116143169,-0.0004012891097796,-0.0004073729200992
2007-09-04,555.0,565.0,540.0,565.0,198.0,565.0,547.0,532.0,544.6,654.9333333333333,898.4875,False,False,False,False,False,False,False,False,False,False,False,-0.0265486725663716,-0.1539823008849557,,,0.0361061946902654,-0.159174041297935,0.3628318584070796,0.7433628318584071,-0.0003053745928339,0.7340225563909775,730.0,740.0,1.1578947368421053,-0.0055086301872934,0.0007002814270235,0.0005087090542607
2007-09-05,575.0,650.0,575.0,595.0,1856.0,595.0,558.0,541.5,543.4,654.5333333333333,895.575,False,False,False,False,False,False,False,False,False,False,False,-0.1512605042016806,-0.2016806722689075,,,0.0867226890756302,-0.1000560224089635,0.3025210084033613,0.773109243697479,-0.000611122428193,0.7257617728531855,715.0,745.0,9.373737373737374,-0.0022083179977917,0.0033003121895016,-0.0003057478353591
2007-09-06,575.0,610.0,570.0,595.0,518.0,595.0,572.0,549.5,543.0,653.4,892.425,False,False,False,False,False,False,False,False,False,False,False,-0.1848739495798319,-0.2310924369747899,,,0.0873949579831932,-0.0981512605042016,0.2521008403361344,0.7983193277310925,-0.001734516886032,0.716105550500455,705.0,735.0,0.2790948275862069,-0.0007366482504603,0.0014716697473314,-0.0011233944578389
2007-09-07,600.0,625.0,580.0,595.0,505.0,595.0,581.0,556.5,543.4,652.4,889.275,False,False,False,False,False,False,True,False,False,False,False,-0.1605042016806722,-0.1865546218487395,,,0.0867226890756302,-0.096470588235294,0.2100840336134453,0.7478991596638656,-0.0015328019619865,0.7097933513027853,690.0,765.0,0.974903474903475,0.0007361059992638,0.0014727542497242,0.0002017149240455
2007-09-10,565.0,580.0,550.0,550.0,284.0,550.0,580.0,559.5,542.2,650.7333333333333,885.875,False,False,False,False,False,False,False,False,False,True,False,-0.1545454545454545,-0.0727272727272727,,,0.0141818181818181,-0.1831515151515151,0.4272727272727272,0.8272727272727273,-0.0025612129904722,0.7184986595174263,680.0,760.0,0.5623762376237624,-0.00221320545924,-0.0029493114585038,-0.0010284110284857
2007-09-11,555.0,565.0,530.0,550.0,287.0,550.0,577.0,562.0,541.6,649.0,882.65,False,False,False,False,False,False,False,False,False,False,False,-0.1309090909090909,0.009090909090909,,,0.0152727272727272,-0.18,0.4545454545454545,0.990909090909091,-0.0026707755521315,0.7526690391459074,665.0,760.0,1.0105633802816902,-0.0011078286558346,0.0011053768034054,-0.0001095625616592
2007-09-12,565.0,565.0,505.0,505.0,446.0,505.0,559.0,558.5,540.0,646.4666666666667,879.175,False,False,False,False,False,True,False,False,False,True,False,-0.0594059405940594,0.1386138613861386,,,-0.0693069306930693,-0.2801320132013202,0.594059405940594,1.2574257425742574,-0.0039187377539444,0.8003581020590869,645.0,760.0,1.5540069686411149,-0.002962962962963,-0.0018551343071283,-0.0012479622018129
2007-09-13,500.0,500.0,485.0,485.0,377.0,485.0,537.0,554.5,536.8,644.0,875.6125,False,False,False,False,False,False,False,False,False,True,False,-0.056701030927835,0.2474226804123711,,,-0.1068041237113401,-0.3278350515463917,0.7938144329896907,1.4742268041237114,-0.0038302277432712,0.8710550045085663,615.0,845.0,0.8452914798206278,-0.0059612518628912,-0.0029982888999282,8.851001067320362e-05
2007-09-14,495.0,499.5,485.5,499.5,138.0,499.5,517.9,549.45,532.78,641.86,872.035,False,False,False,False,False,False,False,False,False,True,False,-0.031031031031031,0.2512512512512512,,,-0.0666266266266265,-0.285005005005005,0.7817817817817818,1.3123123123123124,-0.0033340603870002,0.9437619437619436,615.0,880.0,0.3660477453580902,-0.0075453282780884,-0.0015840764151971,0.000496167356271
2007-09-18,497.0,497.0,460.5,465.0,310.0,465.0,500.9,540.45,528.38,639.3266666666667,868.2475,False,False,False,False,False,False,False,False,False,True,False,0.0967741935483871,0.4516129032258064,,,-0.1363010752688171,-0.3748960573476703,0.8172043010752689,1.4838709677419355,-0.0039625022158729,1.016837820334906,610.0,870.0,2.246376811594203,-0.0083273401718459,-0.0007820118937574,-0.0006284418288726
2007-09-19,475.0,490.0,470.5,478.0,130.0,478.0,486.5,531.75,525.3,637.1,864.6875,False,False,False,False,False,False,False,False,False,False,False,0.1610878661087866,0.4435146443514644,,,-0.0989539748953974,-0.3328451882845188,0.9142259414225942,1.2384937238493725,-0.0034950034008266,1.0658204043253408,655.0,830.0,0.4193548387096774,-0.0058633162002665,0.0024640239715793,0.0004674988150462
2007-09-20,483.0,483.0,453.5,475.0,284.0,475.0,480.5,519.75,523.3,634.8333333333334,861.2625,False,False,False,False,False,False,False,False,False,False,False,0.2105263157894736,0.5684210526315789,,,-0.1016842105263157,-0.3364912280701755,1.105263157894737,1.1578947368421053,-0.0035704909425045,1.1077441077441077,680.0,775.0,2.1846153846153844,-0.0038218994840435,0.002041416716223,-7.548754167787481e-05
2007-09-21,455.0,462.5,445.5,457.5,234.0,457.5,475.0,506.0,521.6,632.0,857.775,False,False,False,False,False,False,False,False,False,False,False,0.3224043715846995,0.639344262295082,,,-0.1401092896174864,-0.3814207650273224,1.1639344262295082,1.3169398907103824,-0.0044831223628692,1.1630434782608696,645.0,780.0,0.823943661971831,-0.0032592024539875,0.0005626970300559,-0.0009126314203646
2007-09-25,467.5,484.0,450.0,484.0,169.0,484.0,471.9,494.9,521.56,628.4533333333334,854.52,False,False,False,False,False,False,False,False,False,False,False,0.2913223140495867,0.6012396694214877,,,-0.0776033057851238,-0.2984573002754822,0.993801652892562,1.241735537190083,-0.0056434845334577,1.2206506364922207,630.0,795.0,0.7222222222222222,-7.669299792943729e-05,0.0031825094560581,-0.0011603621705884
2007-09-26,489.0,520.0,477.5,510.0,448.0,510.0,480.9,490.9,522.76,625.32,851.32,False,False,False,False,False,False,True,False,True,False,False,0.3235294117647059,0.4803921568627451,,,-0.0250196078431372,-0.2261176470588236,0.8137254901960784,1.0098039215686274,-0.0050107678202093,1.242819311468731,640.0,780.0,2.6508875739644973,0.0022955084551228,0.0023722014530523,0.0006327167132483
2007-09-27,545.0,560.0,535.0,555.0,689.0,555.0,496.3,491.4,524.76,622.8533333333334,848.445,False,False,False,True,True,False,True,False,False,False,False,0.2432432432432432,0.3873873873873873,,,0.0544864864864865,-0.1222582582582583,0.6666666666666666,0.8378378378378378,-0.003960268870146,1.2252747252747254,640.0,780.0,1.5379464285714286,0.0038112661025992,0.0015157576474763,0.0010504989500633
2007-09-28,570.0,585.0,560.0,575.0,693.0,575.0,516.3,498.4,527.76,620.5866666666667,845.57,False,False,False,False,False,False,True,False,False,False,False,0.2956521739130435,0.3478260869565217,,,0.0821565217391304,-0.0792811594202899,0.591304347826087,0.6956521739130435,-0.003652457889309,1.1609149277688604,625.0,755.0,1.0058055152394776,0.0056844020009095,0.0018731358983102,0.000307810980837
2007-10-01,585.0,615.0,580.0,605.0,537.0,605.0,545.8,510.4,531.36,618.8533333333334,842.8075,False,False,False,False,False,False,True,False,False,False,False,0.2396694214876033,0.2314049586776859,,,0.1217190082644627,-0.0228980716253443,0.4545454545454545,0.6528925619834711,-0.0028008790451157,1.0709247648902822,605.0,715.0,0.7748917748917749,0.0067750677506775,0.001090665749768,0.0008515788441932
2007-10-02,625.0,630.0,615.0,625.0,446.0,625.0,574.0,522.95,535.36,616.9866666666667,840.1575,False,False,False,False,False,False,True,False,False,False,False,0.24,0.152,,,0.1434239999999999,0.0128213333333333,0.44,0.696,-0.0030254570601201,1.0030595659240844,585.0,695.0,0.8305400372439479,0.0074716078900179,0.0006965401393403,-0.0002245780150044
2007-10-03,625.0,695.0,615.0,675.0,1346.0,675.0,607.0,543.95,541.56,615.8533333333334,837.745,False,False,False,False,False,False,True,False,False,False,False,0.1185185185185185,0.1629629629629629,,,0.1976888888888889,0.0876246913580246,0.3259259259259259,0.5111111111111111,-0.0018402649981597,0.9009100101112232,580.0,715.0,3.0179372197309418,0.0114484083019424,0.0039768004119244,0.0011851920619604
2007-10-04,670.0,705.0,665.0,690.0,1035.0,690.0,634.0,565.15,548.16,614.92,835.495,False,False,False,False,False,False,True,False,False,False,False,0.1159420289855072,0.1594202898550724,,,0.2055652173913044,0.1088115942028986,0.2898550724637681,0.4130434782608695,-0.0015178126151912,0.8127930637883748,565.0,730.0,0.7689450222882616,0.0120402802101576,0.0005918719082152,0.0003224523829684
2007-10-05,690.0,755.0,680.0,745.0,1861.0,745.0,668.0,592.15,556.36,614.72,833.545,False,False,False,False,False,False,True,False,False,False,False,0.0402684563758389,0.0805369127516778,,,0.2532080536912751,0.1748724832214764,0.1543624161073825,0.2080536912751678,-0.0003253513794897,0.7090264291142447,545.0,715.0,1.7980676328502416,0.0147386584226041,0.0026983782124464,0.0011924612357014
2007-10-09,750.0,805.0,735.0,750.0,2331.0,750.0,697.0,621.4,565.36,613.4533333333334,831.645,False,False,False,False,False,False,True,False,False,False,False,-0.0066666666666666,0.16,,,0.2461866666666666,0.1820622222222221,0.2933333333333333,0.2266666666666666,-0.0020648134060727,0.6060508529127776,565.0,705.0,1.2525523911875336,0.0159190604216782,0.001180401999074,-0.0017394620265829
2007-10-10,760.0,790.0,725.0,775.0,2108.0,775.0,727.0,650.5,574.36,612.0533333333333,829.8575,False,False,False,False,False,False,True,False,False,True,False,-0.0709677419354838,0.1483870967741935,,,0.2588903225806451,0.2102537634408602,0.2580645161290322,0.1677419354838709,-0.0022873823631928,0.5065334358186011,600.0,690.0,0.9043329043329044,0.0156696148756877,-0.0002494455459905,-0.0002225689571201
2007-10-11,745.0,760.0,740.0,755.0,1309.0,755.0,743.0,675.0,582.36,610.52,828.07,False,False,False,False,False,False,True,False,False,True,False,0.0397350993377483,0.119205298013245,,,0.2286622516556291,0.191364238410596,0.2582781456953642,0.2052980132450331,-0.0025115202341173,0.4348148148148148,575.0,680.0,0.6209677419354839,0.013737207225771,-0.0019324076499167,-0.0002241378709244
2007-10-12,755.0,795.0,745.0,770.0,1320.0,770.0,759.0,696.5,590.56,609.72,826.3825,False,False,False,False,False,False,True,False,False,False,False,0.0389610389610389,0.1883116883116883,,,0.2330389610389611,0.2081558441558441,0.2532467532467532,0.1493506493506493,-0.0013120776749982,0.3711414213926777,555.0,665.0,1.0084033613445378,0.0138851259821185,0.0001479187563475,0.001199442559119
2007-10-15,785.0,790.0,770.0,775.0,690.0,775.0,765.0,716.5,597.76,609.72,824.7325,False,False,False,False,False,False,True,False,False,True,False,0.0387096774193548,0.2903225806451613,,,0.2286967741935484,0.2132645161290322,0.1935483870967742,0.1354838709677419,0.0,0.319609211444522,525.0,645.0,0.5227272727272727,0.0120449678800857,-0.0018401581020328,0.0013120776749982
2007-10-16,755.0,755.0,730.0,745.0,802.0,745.0,764.0,730.5,603.76,609.2533333333333,822.8075,False,False,False,False,False,False,True,False,False,True,False,0.1677852348993288,0.3288590604026846,,,0.1895838926174496,0.1822102908277404,0.2684563758389262,0.1476510067114094,-0.000765964896923,0.2744695414099931,500.0,615.0,1.1623188405797102,0.0099377235987809,-0.0021072442813047,-0.000765964896923
2007-10-17,725.0,745.0,695.0,720.0,1143.0,720.0,753.0,740.0,608.76,608.2533333333333,820.795,False,True,False,False,False,False,True,False,False,True,False,0.2361111111111111,0.3402777777777778,,,0.1545,0.1552037037037037,0.2013888888888889,0.0972222222222222,-0.0016440518205133,0.2216216216216216,485.0,615.0,1.4251870324189526,0.0082134174387279,-0.001724306160053,-0.0008780869235903
2007-10-18,725.0,820.0,725.0,785.0,1345.0,785.0,759.0,751.0,618.16,608.32,819.17,False,False,False,False,False,False,True,True,False,False,False,0.0764331210191082,0.1783439490445859,,,0.2125350318471338,0.2250700636942674,0.1401273885350318,-0.0573248407643312,0.0001095914431002,0.166444740346205,480.0,610.0,1.1767279090113736,0.015206419050084,0.0069930016113561,0.0017536432636135
2007-10-19,785.0,800.0,775.0,800.0,904.0,800.0,765.0,762.0,628.16,608.5866666666667,817.67,False,False,False,False,False,False,True,True,False,False,False,0.14375,0.15625,,,0.2148,0.2392666666666666,0.125,-0.125,0.0004381736920515,0.113517060367454,505.0,655.0,0.6721189591078067,0.0159195109526235,0.0007130919025394,0.0003285822489512
2007-10-22,750.0,810.0,750.0,805.0,541.0,805.0,771.0,768.0,640.16,609.2533333333333,815.945,False,False,False,False,False,False,True,True,False,False,False,0.2422360248447205,0.1366459627329192,,,0.2047701863354037,0.2431635610766045,0.1055900621118012,-0.0807453416149068,0.0010942355670328,0.083984375,500.0,680.0,0.5984513274336283,0.0187453136715821,0.0028258027189585,0.0006560618749813
2007-10-23,855.0,900.0,840.0,870.0,1559.0,870.0,796.0,780.0,655.56,611.32,814.645,False,False,False,False,False,False,True,True,False,False,False,0.1379310344827586,0.0114942528735632,,,0.2464827586206897,0.2973333333333333,0.028735632183908,-0.1091954022988505,0.0033806626098716,0.0487179487179487,515.0,645.0,2.8817005545286505,0.0234913661602293,0.0047460524886472,0.0022864270428388
2007-10-24,885.0,925.0,880.0,890.0,1004.0,890.0,830.0,791.5,671.18,613.92,813.57,False,False,False,False,False,False,True,True,False,True,False,0.0842696629213483,0.0112359550561797,,,0.2458651685393259,0.3102022471910113,0.0786516853932584,0.0393258426966292,0.0042350794891841,0.0360075805432722,525.0,630.0,0.6440025657472739,0.0232724455436693,-0.00021892061656,0.0008544168793124
2007-10-25,890.0,900.0,825.0,845.0,930.0,845.0,842.0,800.5,686.38,615.6533333333333,812.195,False,False,False,False,False,False,True,True,False,True,False,0.0946745562130177,0.059171597633136,,,0.1877159763313609,0.2714161735700197,0.1005917159763313,0.059171597633136,0.0028154372590635,0.0224859462835727,520.0,640.0,0.9262948207171314,0.0221451673999825,-0.0011272781436867,-0.0014196422301205
2007-10-26,860.0,930.0,840.0,915.0,1568.0,915.0,865.0,815.0,703.86,618.12,811.27,False,False,False,False,False,False,True,True,False,False,False,0.0109289617486338,-0.0273224043715847,,,0.2307540983606557,0.3244590163934426,0.0546448087431694,-0.0273224043715847,0.0039905951379452,0.0049079754601227,525.0,640.0,1.686021505376344,0.0248344841303668,0.0026893167303842,0.0011751578788816
2007-10-29,945.0,1020.0,930.0,1000.0,1958.0,1000.0,904.0,837.5,724.86,621.92,810.895,False,False,False,False,False,False,True,True,False,False,False,-0.085,-0.14,,,0.27514,0.37808,0.05,-0.085,0.0061101106251607,-0.017910447761194,540.0,625.0,1.2487244897959184,0.0289711116629418,0.0041366275325749,0.0021195154872155
2007-10-30,1010.0,1020.0,970.0,990.0,908.0,990.0,928.0,862.0,746.16,625.72,810.545,False,False,False,False,False,False,True,True,False,True,False,-0.1111111111111111,-0.0202020202020202,,,0.2463030303030303,0.3679595959595959,0.1262626262626262,-0.1414141414141414,0.0060730038995078,-0.0464037122969837,525.0,605.0,0.4637385086823289,0.0285461563203601,-0.0004249553425816,-3.710672565284366e-05
2007-10-31,975.0,975.0,955.0,965.0,690.0,965.0,943.0,886.5,765.4,629.3866666666667,810.145,False,False,False,False,False,False,True,True,False,True,False,-0.0673575129533678,0.0103626943005181,,,0.206839378238342,0.3477858376511226,0.1088082901554404,-0.1088082901554404,0.0058257774764849,-0.0648618161308516,550.0,585.0,0.7599118942731278,0.0251371831721975,-0.0034089731481626,-0.0002472264230228
2007-11-01,970.0,990.0,920.0,925.0,932.0,925.0,959.0,900.5,782.0,632.6533333333333,809.395,False,False,False,False,False,False,True,True,False,True,False,-0.0324324324324324,0.027027027027027,,,0.1545945945945946,0.3160504504504505,0.081081081081081,-0.1027027027027027,0.0051634386393812,-0.0694058856191005,555.0,580.0,1.3507246376811597,0.0212276214833759,-0.0039095616888215,-0.0006623388371037
2007-11-02,890.0,945.0,880.0,925.0,1246.0,925.0,961.0,913.0,796.8,636.12,808.645,False,False,False,False,False,False,True,True,False,True,False,-0.0378378378378378,0.0432432432432432,,,0.1385945945945946,0.3123027027027027,0.081081081081081,0.0108108108108108,0.0054497055062986,-0.056407447973713,565.0,565.0,1.3369098712446352,0.0185742971887549,-0.002653324294621,0.0002862668669174
2007-11-05,910.0,930.0,885.0,915.0,948.0,915.0,944.0,924.0,810.4,639.72,807.845,False,False,False,False,False,False,True,True,False,True,False,-0.0601092896174863,0.0109289617486338,,,0.1143169398907104,0.3008524590163934,0.0218579234972677,0.0,0.0056274620146314,-0.0487012987012987,595.0,545.0,0.7608346709470305,0.016781836130306,-0.0017924610584489,0.0001777565083327
2007-11-06,900.0,965.0,860.0,880.0,1303.0,880.0,922.0,925.0,821.4,643.2533333333333,806.845,False,False,False,False,False,False,True,True,False,True,False,0.1022727272727272,0.0738636363636363,,,0.0665909090909091,0.269030303030303,0.1193181818181818,0.0170454545454545,0.0054929110355691,-0.0367567567567567,595.0,565.0,1.3744725738396624,0.0133917701485269,-0.0033900659817791,-0.0001345509790622
2007-11-07,905.0,930.0,870.0,900.0,1172.0,900.0,909.0,926.0,832.4,647.0533333333333,805.645,False,False,False,False,False,False,True,True,False,True,False,0.0833333333333333,-0.0388888888888888,,,0.0751111111111111,0.2810518518518519,0.0611111111111111,-0.0222222222222222,0.0058727771023511,-0.0426565874730021,595.0,600.0,0.8994627782041443,0.0132148005766458,-0.000176969571881,0.0003798660667819
2007-11-08,885.0,900.0,845.0,895.0,1191.0,895.0,903.0,931.0,841.2,650.8533333333334,804.27,False,False,False,False,False,False,True,True,False,True,False,0.0614525139664804,0.0,,,0.0601117318435753,0.2727895716945996,0.0111731843575419,0.0614525139664804,0.0058384889580859,-0.0418904403866809,550.0,575.0,1.016211604095563,0.0104612458392773,-0.0027535547373685,-3.428814426520172e-05
2007-11-09,910.0,910.0,855.0,890.0,544.0,890.0,896.0,928.5,849.2,653.9866666666667,802.145,False,False,False,False,False,False,True,True,False,True,False,0.0842696629213483,0.0112359550561797,,,0.0458426966292134,0.2651835205992509,-0.0337078651685393,0.0168539325842696,0.0047911272401068,-0.0376952073236402,550.0,555.0,0.4567590260285474,0.0094206311822892,-0.001040614656988,-0.001047361717979
2007-11-12,845.0,860.0,810.0,860.0,610.0,860.0,885.0,914.5,853.8,656.3866666666667,799.745,False,False,False,False,False,False,True,True,False,True,False,0.0755813953488372,0.0348837209302325,,,0.0072093023255814,0.2367596899224806,0.0872093023255814,0.1395348837209302,0.0036563814012065,-0.0158556588299617,505.0,525.0,1.1213235294117647,0.0053876786132582,-0.0040329525690309,-0.0011347458389002
2007-11-13,865.0,995.0,855.0,970.0,1569.0,970.0,903.0,912.5,862.6,660.72,798.095,False,False,False,False,False,False,True,True,False,False,False,-0.0257731958762886,-0.0773195876288659,,,0.110721649484536,0.3188453608247422,-0.0927835051546391,0.0257731958762886,0.0065585018363805,0.0021917808219178,485.0,500.0,2.572131147540984,0.0102017157431023,0.004814037129844,0.002902120435174
2007-11-14,1010.0,1010.0,965.0,975.0,571.0,975.0,918.0,913.5,870.6,665.32,796.645,False,False,False,False,False,False,True,True,False,True,False,-0.1128205128205128,-0.0153846153846153,,,0.107076923076923,0.3176205128205128,-0.1282051282051282,-0.0358974358974358,0.0069139662117477,0.0098522167487684,499.5,485.0,0.3639260675589547,0.0091890650126349,-0.0010126507304673,0.0003554643753671
2007-11-15,970.0,985.0,940.0,950.0,358.0,950.0,929.0,916.0,878.4,669.4533333333334,795.22,False,False,False,False,False,False,True,True,False,True,False,-0.0578947368421052,-0.0210526315789473,,,0.0753684210526316,0.2953122807017543,-0.0157894736842105,-0.0052631578947368,0.0061741918779501,0.019650655021834,465.0,480.0,0.626970227670753,0.0088797814207649,-0.0003092835918699,-0.0007397743337976
2007-11-16,920.0,985.0,920.0,965.0,425.0,965.0,944.0,920.0,886.2,673.7866666666666,793.77,False,False,False,False,False,False,True,True,False,True,False,-0.0673575129533678,0.0,,,0.0816580310880828,0.3017754749568221,0.0207253886010362,0.0,0.0064313135710609,0.0184782608695652,478.0,505.0,1.187150837988827,0.008801624915369,-7.815650539590852e-05,0.0002571216931107
2007-11-19,965.0,965.0,905.0,925.0,331.0,925.0,957.0,921.0,892.2,677.7866666666666,792.295,False,False,False,False,False,False,True,True,False,True,False,-0.0378378378378378,0.1351351351351351,,,0.0354594594594594,0.2672576576576577,0.1405405405405405,0.0702702702702702,0.0059015619467285,0.0255157437567861,475.0,500.0,0.7788235294117647,0.0067249495628782,-0.0020766753524907,-0.0005297516243323
2007-11-20,865.0,955.0,865.0,945.0,460.0,945.0,952.0,927.5,900.2,682.32,790.995,False,False,False,False,False,False,True,True,False,False,False,-0.0529100529100529,0.1798941798941798,,,0.0474074074074073,0.2779682539682539,0.1322751322751322,0.0317460317460317,0.0066439989056944,0.0269541778975741,457.5,515.0,1.3897280966767371,0.0088869140191068,0.0021619644562285,0.0007424369589658
2007-11-21,885.0,930.0,845.0,865.0,511.0,865.0,930.0,924.0,906.0,686.0533333333333,789.245,False,False,False,False,False,False,True,True,False,True,False,0.1098265895953757,0.2369942196531791,,,-0.0473988439306358,0.2068747591522158,0.2023121387283237,0.0289017341040462,0.00544175379951,0.0319264069264069,484.0,525.0,1.1108695652173912,0.0064017660044149,-0.0024851480146919,-0.0012022451061843
2007-11-22,855.0,915.0,840.0,895.0,774.0,895.0,919.0,924.0,910.4,690.2533333333333,787.745,False,False,False,False,False,False,True,True,False,True,False,0.0391061452513966,0.1173184357541899,,,-0.0172067039106145,0.2287672253258845,0.1229050279329608,-0.0279329608938547,0.0060847225173366,0.0232683982683982,510.0,520.0,1.5146771037181996,0.0048330404217925,-0.0015687255826223,0.0006429687178265
2007-11-26,905.0,925.0,900.0,900.0,279.0,900.0,906.0,925.0,914.4,694.72,786.27,False,False,False,False,False,False,True,True,False,True,False,0.0722222222222222,0.1111111111111111,,,-0.0159999999999999,0.2280888888888888,0.2166666666666666,-0.0055555555555555,0.0064294487947182,0.021081081081081,555.0,525.0,0.3604651162790697,0.0043744531933508,-0.0004585872284417,0.0003447262773816
2007-11-27,890.0,910.0,880.0,890.0,221.0,890.0,899.0,928.0,917.8,699.32,784.845,False,False,False,False,False,False,True,True,False,True,False,0.1797752808988764,0.0505617977528089,,,-0.0312359550561797,0.2142471910112359,0.2808988764044944,0.0337078651685393,0.0065778184522107,0.0113146551724137,575.0,540.0,0.7921146953405018,0.0037045107866637,-0.000669942406687,0.0001483696574924
2007-11-28,915.0,935.0,895.0,895.0,289.0,895.0,889.0,920.5,918.8,703.72,783.62,False,False,False,False,False,False,True,True,False,True,False,0.2458100558659217,0.1005586592178771,,,-0.0265921787709496,0.2137206703910614,0.3407821229050279,0.0502793296089385,0.0062524867845165,0.0135795763172189,605.0,525.0,1.3076923076923077,0.0010883761427949,-0.0026161346438687,-0.0003253316676942
2007-11-29,925.0,985.0,920.0,960.0,946.0,960.0,908.0,919.0,921.6,708.52,782.82,False,False,False,True,True,False,True,True,False,False,False,0.1145833333333333,-0.0052083333333333,,,0.0399999999999999,0.2619583333333333,0.203125,0.0260416666666666,0.0067746852594139,0.0201305767138193,625.0,550.0,3.273356401384083,0.0030381944444445,0.0019498183016495,0.0005221984748973
2007-11-30,965.0,970.0,925.0,930.0,349.0,930.0,915.0,917.0,925.0,713.2533333333333,781.72,False,False,False,False,False,False,True,True,False,False,False,0.075268817204301,-0.0268817204301075,,,0.0053763440860215,0.2330609318996415,0.2419354838709677,0.1129032258064516,0.0066362582719557,0.0321701199563795,675.0,555.0,0.3689217758985201,0.0036756756756756,0.0006374812312311,-0.0001384269874581
2007-12-03,935.0,980.0,935.0,965.0,347.0,965.0,928.0,917.0,927.0,718.72,780.62,False,False,False,False,False,False,True,True,False,True,False,0.0362694300518134,-0.1088082901554404,,,0.0393782383419689,0.2552124352331606,0.1088082901554404,0.0673575129533678,0.0076061145740576,0.0392584514721919,690.0,565.0,0.994269340974212,0.0021574973031283,-0.0015181783725472,0.0009698563021018
2007-12-04,990.0,1090.0,970.0,1050.0,2327.0,1050.0,960.0,929.5,929.0,725.72,780.245,False,False,False,False,False,False,True,True,False,True,True,-0.1095238095238095,-0.1095238095238095,,,0.1152380952380952,0.3088380952380952,-0.0238095238095238,-0.0047619047619047,0.0096455933417847,0.0311995696611081,745.0,595.0,6.706051873198847,0.0021528525296017,-4.644773526648813e-06,0.002039478767727
2007-12-05,1025.0,1120.0,1015.0,1115.0,2321.0,1115.0,1004.0,946.5,934.0,733.92,780.17,False,False,False,False,False,False,True,True,False,False,False,-0.116591928251121,-0.210762331838565,,,0.1623318385650224,0.3417757847533633,-0.0493273542600896,-0.1255605381165919,0.0111728798779157,0.0126782884310618,750.0,595.0,0.9974215728405672,0.0053533190578158,0.0032004665282141,0.001527286536131
2007-12-06,1125.0,1130.0,1050.0,1070.0,1324.0,1070.0,1026.0,967.0,938.2,741.72,779.945,False,False,False,False,False,False,True,True,False,True,False,-0.1074766355140186,-0.205607476635514,,,0.1231775700934579,0.306803738317757,0.014018691588785,-0.0560747663551401,0.0105160977188158,0.0036194415718717,775.0,595.0,0.5704437742352434,0.0044766574291196,-0.0008766616286962,-0.0006567821590999
2007-12-07,1080.0,1100.0,980.0,1000.0,1317.0,1000.0,1040.0,977.5,941.2,748.6533333333333,779.495,False,False,False,False,False,False,True,True,False,True,False,-0.095,-0.065,,,0.0587999999999999,0.2513466666666667,0.025,0.0,0.0092610732159076,0.0061381074168797,755.0,550.0,0.994712990936556,0.0031874203144921,-0.0012892371146275,-0.0012550245029082
2007-12-10,990.0,1055.0,970.0,1000.0,588.0,1000.0,1047.0,987.5,944.2,755.2533333333333,779.045,False,False,False,False,False,False,True,True,False,True,False,-0.14,-0.015,,,0.0557999999999999,0.2447466666666666,0.02,0.055,0.0087387896335004,0.0121518987341772,770.0,550.0,0.4464692482915717,0.0031772929464096,-1.0127368082478523e-05,-0.0005222835824071
2007-12-11,990.0,1005.0,920.0,935.0,941.0,935.0,1024.0,992.0,945.0,761.0533333333333,778.445,False,False,False,False,False,False,True,True,False,True,False,0.0,0.1283422459893048,,,-0.0106951871657754,0.1860392156862745,0.0427807486631016,0.1764705882352941,0.0076210164859229,0.0257056451612903,775.0,505.0,1.6003401360544218,0.0008465608465607,-0.0023307320998488,-0.0011177731475775
2007-12-12,930.0,1000.0,920.0,985.0,494.0,985.0,998.0,1001.0,949.2,767.32,777.87,False,False,False,False,False,False,True,True,True,False,False,-0.1065989847715736,0.0862944162436548,,,0.0363451776649745,0.2209949238578679,0.015228426395939,0.1116751269035533,0.0081669533788598,0.0319680319680319,745.0,485.0,0.5249734325185972,0.0044247787610619,0.0035782179145011,0.0005459368929369
2007-12-13,970.0,985.0,935.0,955.0,327.0,955.0,975.0,1000.5,951.4,773.0533333333333,776.92,False,False,False,False,False,False,True,True,False,True,False,-0.1099476439790576,0.0890052356020942,,,0.0037696335078534,0.1905200698080279,0.1099476439790576,0.0994764397905759,0.007416478380103,0.0389805097451274,720.0,499.5,0.6619433198380567,0.0023123817532057,-0.0021123970078562,-0.0007504749987568
2007-12-14,955.0,970.0,900.0,905.0,402.0,905.0,956.0,998.0,951.8,778.1866666666666,775.645,False,False,False,False,False,False,True,True,False,True,False,0.0331491712707182,0.1104972375690607,,,-0.0517127071823203,0.1401252302025783,0.1270718232044199,0.1878453038674033,0.0065965321088342,0.0455911823647294,785.0,465.0,1.2293577981651376,0.0004202563563773,-0.0018921253968283,-0.0008199462712688
2007-12-17,905.0,905.0,835.0,860.0,493.0,860.0,928.0,987.5,950.6,782.6533333333333,774.37,False,False,False,False,False,False,False,True,False,True,False,0.1453488372093023,0.2732558139534883,,,-0.1053488372093023,0.089937984496124,0.1337209302325581,0.1976744186046511,0.0057070818923661,0.0567088607594936,800.0,478.0,1.22636815920398,-0.0012623606143487,-0.0016826169707261,-0.000889450216468
2007-12-18,840.0,950.0,835.0,935.0,629.0,935.0,928.0,976.0,953.6,787.92,773.695,False,False,False,False,False,False,True,True,True,False,False,0.1283422459893048,0.2192513368983957,,,-0.0198930481283422,0.1573048128342246,-0.0374331550802139,0.0962566844919786,0.0066842657460994,0.0671106557377049,805.0,475.0,1.2758620689655171,0.0031459731543624,0.0044083337687111,0.0009771838537332
2007-12-19,930.0,940.0,870.0,880.0,513.0,880.0,907.0,952.5,950.0,792.6533333333333,772.795,False,False,False,False,False,False,False,True,False,True,False,0.2159090909090909,0.3636363636363636,,,-0.0795454545454545,0.0992575757575757,0.0454545454545454,0.1306818181818181,0.0059715049874682,0.0955380577427821,870.0,457.5,0.8155802861685215,-0.0037894736842105,-0.0069354468385729,-0.0007127607586311
2007-12-20,885.0,895.0,850.0,850.0,313.0,850.0,886.0,930.5,945.0,796.6533333333333,771.795,False,False,False,False,False,False,False,True,False,True,False,0.2235294117647059,0.3588235294117647,,,-0.1117647058823529,0.0627607843137255,0.0647058823529411,0.188235294117647,0.0050210045356407,0.1214400859752821,890.0,484.0,0.6101364522417154,-0.0052910052910052,-0.0015015316067947,-0.0009505004518275
2007-12-21,845.0,945.0,830.0,935.0,537.0,935.0,892.0,924.0,944.4,801.72,771.47,False,False,False,False,False,False,False,True,False,False,False,0.0748663101604278,0.2352941176470588,,,-0.0100534759358288,0.1425454545454545,-0.0267379679144385,0.1283422459893048,0.006319745879692,0.1352813852813852,845.0,510.0,1.7156549520766773,-0.0006353240152478,0.0046556812757574,0.0012987413440512
2007-12-25,950.0,985.0,945.0,985.0,714.0,985.0,917.0,922.5,945.2,807.32,771.295,False,False,False,False,True,False,True,True,False,False,False,0.1116751269035533,0.0862944162436548,,,0.0404060913705583,0.1803857868020304,-0.1015228426395939,0.0304568527918781,0.0069365307436952,0.1327913279132791,915.0,555.0,1.329608938547486,0.0008463817181549,0.0014817057334027,0.0006167848640031
2007-12-26,995.0,1060.0,980.0,1055.0,914.0,1055.0,941.0,934.5,950.4,813.4533333333334,771.545,False,False,False,False,False,False,True,True,True,False,True,0.0805687203791469,-0.0284360189573459,,,0.0991469194312796,0.228954186413902,-0.1658767772511848,-0.0473933649289099,0.0075398711665491,0.1080791867308721,1000.0,575.0,1.280112044817927,0.0054713804713804,0.0046249987532254,0.0006033404228539
2007-12-27,1055.0,1080.0,1015.0,1070.0,852.0,1070.0,979.0,943.0,955.4,819.7866666666666,771.695,False,False,False,False,False,False,True,True,False,True,False,0.1214953271028037,-0.0093457943925233,,,0.1071028037383177,0.2338442367601246,-0.2009345794392523,-0.0841121495327102,0.0077255871446228,0.0858960763520678,990.0,605.0,0.9321663019693656,0.0052334100900146,-0.0002379703813657,0.0001857159780737
2007-12-28,1050.0,1065.0,1035.0,1040.0,285.0,1040.0,1017.0,951.5,962.4,825.72,771.82,False,False,False,False,False,False,True,True,False,False,False,0.110576923076923,0.0432692307692307,,,0.0746153846153846,0.2060384615384615,-0.2403846153846154,-0.0528846153846153,0.0071856480808668,0.0693641618497109,965.0,625.0,0.3345070422535211,0.0072734829592684,0.0020400728692538,-0.000539939063756
2008-01-04,1005.0,1020.0,990.0,1005.0,299.0,1005.0,1031.0,961.5,966.8,831.7866666666666,771.745,False,False,False,False,False,False,True,True,False,True,False,0.1492537313432835,0.0199004975124378,,,0.0380099502487562,0.1723515754560531,-0.263681592039801,-0.0398009950248756,0.0072935368043087,0.046801872074883,925.0,675.0,1.0491228070175438,0.0045510964004964,-0.002722386558772,0.0001078887234418
2008-01-07,1005.0,1160.0,980.0,1095.0,2325.0,1095.0,1053.0,985.0,974.6,839.0533333333333,771.97,False,False,False,False,False,False,True,True,False,False,False,-0.0228310502283105,-0.0684931506849315,,,0.1099543378995433,0.2337412480974125,-0.3607305936073059,-0.1643835616438356,0.0086605539576347,0.0101522842639593,925.0,690.0,7.775919732441472,0.0080032833983173,0.0034521869978208,0.001367017153326
2008-01-08,1115.0,1150.0,1080.0,1140.0,1878.0,1140.0,1070.0,1005.5,984.6,847.52,772.67,False,False,False,False,False,False,True,True,False,False,False,-0.1008771929824561,-0.1447368421052631,,,0.1363157894736842,0.2565614035087719,-0.3508771929824561,-0.2280701754385964,0.009989931407715,-0.0248632521133764,915.0,745.0,0.807741935483871,0.0101564086938858,0.0021531252955685,0.0013293774500803
2008-01-09,1100.0,1215.0,1085.0,1200.0,1957.0,1200.0,1096.0,1037.5,996.8,857.0533333333333,773.67,False,False,False,False,False,False,True,True,False,False,False,-0.1166666666666666,-0.1666666666666666,,,0.1693333333333333,0.2857888888888889,-0.3541666666666667,-0.3208333333333333,0.0111233839978841,-0.072289156626506,880.0,750.0,1.0420660276890308,0.0122391653290529,0.002082756635167,0.001133452590169
2008-01-10,1190.0,1225.0,1155.0,1155.0,1095.0,1155.0,1119.0,1068.0,1004.6,865.7933333333333,774.52,False,False,False,False,False,False,True,True,False,True,False,-0.0606060606060606,-0.0822510822510822,,,0.1302164502164502,0.2503953823953824,-0.1991341991341991,-0.2554112554112554,0.010094787824654,-0.1128277153558052,900.0,775.0,0.5595298926928973,0.0077642842922556,-0.0044748810367972,-0.0010285961732301
2008-01-11,1165.0,1175.0,1075.0,1155.0,1010.0,1155.0,1149.0,1090.0,1013.6,874.9933333333333,775.545,False,False,False,False,False,False,True,True,False,False,False,-0.1125541125541125,-0.1168831168831168,,,0.1224242424242424,0.2424300144300144,-0.2251082251082251,-0.277056277056277,0.0105143658237396,-0.1509174311926605,895.0,755.0,0.9223744292237442,0.0088792423046566,0.0011149580124009,0.0004195779990855
2008-01-15,1140.0,1170.0,1045.0,1070.0,878.0,1070.0,1144.0,1098.5,1017.8,882.8866666666667,775.895,False,False,False,False,False,False,True,True,False,True,False,-0.0467289719626168,-0.0887850467289719,,,0.048785046728972,0.1748722741433022,-0.1682242990654205,-0.2289719626168224,0.0089403698473945,-0.1747837960855712,890.0,770.0,0.8693069306930693,0.0041265474552956,-0.004752694849361,-0.0015739959763451
2008-01-16,1010.0,1100.0,995.0,1025.0,1300.0,1025.0,1121.0,1095.5,1016.8,890.22,775.945,False,False,False,False,False,False,False,True,False,True,False,-0.048780487804878,-0.1219512195121951,,,0.008,0.1314926829268292,-0.1073170731707317,-0.1804878048780487,0.0082376640980132,-0.1875855773619351,860.0,775.0,1.4806378132118452,-0.0009834775767112,-0.0051100250320069,-0.0007027057493812
2008-01-17,1040.0,1100.0,995.0,1060.0,1089.0,1060.0,1093.0,1094.5,1014.6,898.2533333333333,776.17,False,False,False,False,False,False,False,True,False,True,False,-0.0566037735849056,-0.1320754716981132,,,0.0428301886792452,0.1525911949685534,-0.1981132075471698,-0.1462264150943396,0.0089432825186658,-0.1936957514846962,970.0,745.0,0.8376923076923077,-0.002168342203824,-0.0011848646271128,0.0007056184206525
2008-01-18,1020.0,1095.0,1005.0,1085.0,1208.0,1085.0,1079.0,1099.0,1015.2,906.2666666666668,776.52,False,False,False,False,False,False,True,True,False,False,True,-0.0230414746543778,-0.1658986175115207,,,0.064331797235023,0.1647311827956988,-0.2073732718894009,-0.1981566820276497,0.008842136236575,-0.2074613284804367,975.0,720.0,1.1092745638200183,0.0005910165484633,0.0027593587522874,-0.0001011462820907
2008-01-21,1055.0,1080.0,1025.0,1025.0,841.0,1025.0,1053.0,1101.0,1016.2,913.1333333333332,776.495,False,False,False,False,False,False,True,True,False,False,False,-0.0048780487804878,-0.1121951219512195,,,0.0085853658536584,0.1091382113821139,-0.1902439024390244,-0.1512195121951219,0.0075198948674889,-0.2175295186194368,950.0,785.0,0.6961920529801324,0.0009840582562487,0.0003930417077853,-0.001322241369086
2008-01-22,985.0,1045.0,945.0,1020.0,1059.0,1020.0,1043.0,1093.5,1017.0,919.3333333333334,776.52,False,False,False,False,False,False,True,True,False,True,False,-0.0441176470588235,-0.1323529411764706,,,0.0029411764705882,0.0986928104575163,-0.0833333333333333,-0.1519607843137254,0.006744017403916,-0.2167352537722908,965.0,800.0,1.2592152199762188,0.0007866273352998,-0.0001974309209489,-0.0007758774635729
2008-01-23,1060.0,1100.0,950.0,975.0,1189.0,975.0,1033.0,1077.0,1018.6,924.6666666666666,776.27,False,False,False,False,False,False,True,True,True,False,False,-0.0769230769230769,-0.0974358974358974,,,-0.0447179487179487,0.0516239316239316,-0.0615384615384615,-0.1384615384615384,0.0057678442682046,-0.2084493964716806,925.0,805.0,1.1227573182247403,0.0015707834282348,0.0007841560929349,-0.0009761731357113
2008-01-24,1000.0,1020.0,970.0,1000.0,566.0,1000.0,1021.0,1057.0,1019.2,929.9333333333332,775.995,False,False,False,False,False,False,True,True,False,True,False,-0.08,-0.145,,,-0.0192,0.0700666666666668,-0.105,-0.22,0.0056634884221089,-0.1967833491012299,945.0,870.0,0.4760302775441548,0.0005886970172684,-0.0009820864109663,-0.0001043558460957
2008-01-25,1035.0,1065.0,1005.0,1060.0,599.0,1060.0,1016.0,1047.5,1023.4,935.7333333333332,776.045,False,False,False,False,False,False,True,True,True,False,False,-0.1462264150943396,-0.2547169811320754,,,0.0345283018867924,0.1172327044025158,-0.1698113207547169,-0.3349056603773584,0.006198347107438,-0.2042959427207637,865.0,890.0,1.058303886925795,0.0041039671682625,0.0035152701509941,0.0005348586853291
2008-01-28,1060.0,1090.0,1015.0,1020.0,632.0,1020.0,1015.0,1034.0,1028.0,940.3333333333334,776.095,False,False,False,False,False,False,True,True,False,False,False,-0.1078431372549019,-0.2745098039215686,,,-0.0078431372549019,0.0781045751633986,-0.0686274509803921,-0.2696078431372549,0.0048918823112372,-0.2026112185686653,895.0,845.0,1.0550918196994992,0.0044747081712062,0.0003707410029436,-0.0013064647962007
2008-01-29,1040.0,1060.0,940.0,975.0,1175.0,975.0,1006.0,1024.5,1032.6,944.1333333333332,775.995,False,False,False,False,False,False,True,True,False,True,False,-0.0923076923076923,-0.282051282051282,,,-0.0590769230769229,0.0316581196581197,-0.0717948717948717,-0.2307692307692307,0.0040248552464339,-0.2025378233284529,900.0,915.0,1.859177215189873,0.0044547743559944,-1.9933815211758965e-05,-0.0008670270648033
2008-01-30,960.0,985.0,885.0,900.0,1044.0,900.0,991.0,1012.0,1031.2,946.2,775.345,False,False,False,False,False,False,False,True,False,True,False,-0.0222222222222222,-0.1777777777777777,,,-0.1457777777777778,-0.0513333333333333,0.0888888888888888,-0.2055555555555555,0.0021841752976821,-0.2050395256916996,890.0,1000.0,0.8885106382978724,-0.001357641582622,-0.0058124159386165,-0.0018406799487518
2008-01-31,890.0,940.0,880.0,920.0,838.0,920.0,975.0,998.0,1032.8,948.4666666666668,774.87,False,False,False,False,False,False,True,True,True,False,False,-0.0706521739130434,-0.1576086956521739,,,-0.1226086956521738,-0.0309420289855074,0.0815217391304347,-0.2065217391304347,0.0023898221691151,-0.2114228456913827,895.0,990.0,0.8026819923371648,0.0015491866769944,0.0029068282596165,0.000205646871433
2008-02-01,915.0,935.0,875.0,905.0,993.0,905.0,944.0,980.0,1035.0,950.2,774.345,False,False,False,False,False,False,True,True,False,False,False,-0.1270718232044199,0.0220994475138121,,,-0.143646408839779,-0.0499447513812155,0.0386740331491712,-0.1823204419889502,0.0018241773661684,-0.210204081632653,960.0,965.0,1.1849642004773269,0.0021256038647343,0.0005764171877398,-0.0005656448029467
2008-02-04,905.0,940.0,870.0,910.0,1196.0,910.0,922.0,968.5,1034.0,952.2666666666668,773.77,False,False,False,False,False,False,False,True,False,True,False,-0.1868131868131868,-0.0164835164835164,,,-0.1362637362637362,-0.0464468864468865,0.0384615384615384,-0.2087912087912088,0.0021702604312518,-0.216313887454827,930.0,925.0,1.204431017119839,-0.0009671179883945,-0.0030927218531289,0.0003460830650833
2008-02-05,910.0,910.0,860.0,885.0,957.0,885.0,904.0,955.0,1030.0,953.8,773.195,False,False,False,False,False,False,False,True,False,True,False,-0.2090395480225988,0.0056497175141242,,,-0.1638418079096045,-0.0777401129943502,0.0903954802259887,-0.2090395480225988,0.0016076046690429,-0.2225130890052356,965.0,925.0,0.8001672240802675,-0.003883495145631,-0.0029163771572364,-0.0005626557622088
2008-02-06,860.0,885.0,840.0,880.0,608.0,880.0,900.0,945.5,1023.0,955.2,772.745,False,False,False,False,False,False,False,True,False,True,False,-0.1590909090909091,0.0397727272727272,,,-0.1625,-0.0854545454545455,0.125,-0.1761363636363636,0.0014656616415411,-0.2268640930724484,1050.0,915.0,0.6353187042842215,-0.0068426197458455,-0.0029591246002144,-0.0001419430275018
2008-02-07,885.0,890.0,840.0,855.0,684.0,855.0,887.0,931.0,1014.4,956.6666666666666,772.37,False,False,False,False,False,False,False,True,False,True,False,-0.0935672514619883,-0.0058479532163742,,,-0.1864327485380116,-0.1189083820662767,0.1403508771929824,-0.1345029239766081,0.001533101045296,-0.2191192266380236,1115.0,880.0,1.125,-0.0084779179810725,-0.001635298235227,6.743940375494644e-05
2008-02-08,870.0,870.0,735.0,790.0,1615.0,790.0,864.0,904.0,1004.4,957.6,771.92,False,False,False,False,False,False,False,True,False,True,False,0.170886075949367,0.0886075949367088,,,-0.2713924050632911,-0.2121518987341772,0.1265822784810126,-0.0569620253164556,0.0009746588693957,-0.1913716814159292,1070.0,900.0,2.361111111111111,-0.0099561927518916,-0.001478274770819,-0.0005584421759003
2008-02-12,745.0,785.0,725.0,740.0,956.0,740.0,830.0,876.0,993.8,957.0,771.395,False,False,False,False,False,False,False,False,False,True,False,0.2094594594594594,0.1216216216216216,,,-0.3429729729729729,-0.2932432432432432,0.1756756756756756,-0.0135135135135135,-0.0006269592476489,-0.1672374429223744,1000.0,895.0,0.5919504643962848,-0.0106661300060374,-0.0007099372541457,-0.0016016181170447
2008-02-13,795.0,795.0,690.0,700.0,710.0,700.0,793.0,848.5,978.0,955.6666666666666,770.445,False,False,False,False,False,False,False,False,False,True,False,0.2714285714285714,0.3357142857142857,,,-0.3971428571428571,-0.3652380952380952,0.2785714285714286,0.0,-0.0013951866062086,-0.1461402474955804,1000.0,890.0,0.7426778242677824,-0.0161554192229038,-0.0054892892168663,-0.0007682273585596
2008-02-14,720.0,790.0,705.0,740.0,1109.0,740.0,765.0,832.5,962.0,954.8,769.745,False,False,False,False,False,False,False,False,False,True,False,0.2364864864864864,0.2364864864864864,,,-0.3,-0.2902702702702702,0.2432432432432432,-0.1216216216216216,-0.0009076944560815,-0.1375375375375375,935.0,860.0,1.5619718309859154,-0.0166320166320166,-0.0004765974091127,0.000487492150127
2008-02-15,715.0,790.0,710.0,775.0,1406.0,775.0,749.0,818.0,945.0,953.5333333333332,769.52,False,False,True,False,False,False,False,False,False,True,False,0.0967741935483871,0.1548387096774193,,,-0.2193548387096774,-0.2303655913978493,0.2129032258064516,-0.1548387096774193,-0.0013283926448997,-0.1314180929095354,985.0,970.0,1.2678088367899008,-0.0179894179894179,-0.0013574013574013,-0.0004206981888182
2008-02-18,770.0,925.0,770.0,925.0,2319.0,925.0,776.0,820.0,935.8,954.0,770.17,False,False,False,False,False,False,False,True,False,False,True,-0.0702702702702702,-0.0486486486486486,,,-0.0116756756756756,-0.0313513513513513,0.0648648648648648,-0.3189189189189189,0.0004891684136968,-0.1469512195121951,955.0,975.0,1.6493598862019914,-0.0098311605043813,0.0081582574850366,0.0018175610585966
2008-02-19,900.0,915.0,870.0,895.0,1272.0,895.0,807.0,818.5,925.4,954.6666666666666,770.27,False,False,False,False,False,False,False,True,False,True,False,-0.0726256983240223,0.0614525139664804,,,-0.0339664804469273,-0.0666666666666666,0.1564245810055866,-0.3407821229050279,0.0006983240223463,-0.1612706169822846,905.0,950.0,0.5485122897800776,-0.0112383834017721,-0.0014072228973908,0.0002091556086494
2008-02-20,890.0,945.0,885.0,890.0,959.0,890.0,845.0,819.0,918.2,954.3333333333334,770.745,False,False,False,False,False,False,False,False,False,False,False,0.0505617977528089,0.0168539325842696,,,-0.031685393258427,-0.0722846441947566,0.1573033707865168,-0.3651685393258427,-0.0003492839678657,-0.1782661782661782,860.0,965.0,0.7539308176100629,-0.0078414288825963,0.0033969545191758,-0.0010476079902121
2008-02-21,905.0,930.0,890.0,915.0,654.0,915.0,880.0,822.5,913.8,953.2,771.345,False,False,False,False,True,False,False,False,False,False,True,0.0,0.0710382513661202,,,0.0013114754098361,-0.0417486338797814,0.1420765027322404,-0.3879781420765027,-0.0011889774793677,-0.2018237082066869,935.0,925.0,0.6819603753910324,-0.0048150579995623,0.0030263708830339,-0.0008396935115019
2008-02-22,895.0,910.0,850.0,850.0,512.0,850.0,895.0,822.0,905.4,951.3333333333334,771.495,False,False,False,False,False,False,False,False,False,True,False,0.0529411764705882,0.1705882352941176,,,-0.0651764705882352,-0.1192156862745098,0.1470588235294117,-0.3235294117647059,-0.0019621583742116,-0.2214111922141119,880.0,945.0,0.7828746177370031,-0.0092776673293571,-0.0044626093297947,-0.0007731808948439
2008-02-25,855.0,880.0,850.0,860.0,399.0,860.0,882.0,829.0,896.4,949.9333333333332,771.57,False,False,False,False,False,False,False,False,False,True,True,0.0232558139534883,0.0930232558139534,,,-0.0423255813953488,-0.1045736434108525,0.1744186046511628,-0.313953488372093,-0.0014737876342201,-0.2466827503015681,850.0,865.0,0.779296875,-0.0100401606425702,-0.0007624933132131,0.0004883707399914
2008-02-26,875.0,875.0,820.0,830.0,398.0,830.0,869.0,838.0,888.6,948.6666666666666,771.445,False,False,False,False,False,False,False,False,False,False,False,0.144578313253012,0.1385542168674698,,,-0.0706024096385542,-0.1429718875502007,0.2048192771084337,-0.2951807228915662,-0.001335207308503,-0.2720763723150358,935.0,895.0,0.9974937343358397,-0.0087778528021606,0.0012623078404096,0.0001385803257171
2008-02-27,820.0,960.0,815.0,935.0,2130.0,935.0,878.0,861.5,885.2,948.8,771.92,False,False,False,False,True,False,False,True,False,False,False,-0.0320855614973262,0.0320855614973262,,,0.0532620320855614,-0.01475935828877,0.1283422459893048,-0.3636363636363636,0.0001405283867341,-0.3041207196749855,985.0,900.0,5.351758793969849,-0.0038409399005874,0.0049369129015732,0.0014757356952371
2008-02-28,945.0,990.0,915.0,915.0,1401.0,915.0,878.0,879.0,882.8,948.8,772.495,False,False,False,False,False,False,False,False,False,False,False,0.0710382513661202,0.081967213114754,,,0.0351912568306011,-0.0369398907103824,0.2021857923497267,-0.3715846994535519,0.0,-0.3265073947667804,1055.0,890.0,0.6577464788732394,-0.0027186225645673,0.00112231733602,-0.0001405283867341
2008-02-29,900.0,925.0,880.0,895.0,325.0,895.0,887.0,891.0,878.6,949.0,773.195,False,False,False,False,False,False,False,True,False,True,False,0.1117318435754189,0.0893854748603352,,,0.0183240223463686,-0.0603351955307262,0.2234636871508379,-0.3854748603351955,0.0002107481559536,-0.3473625140291806,1070.0,895.0,0.23197715917202,-0.0047803323469154,-0.002061709782348,0.0002107481559536
2008-03-03,865.0,890.0,855.0,880.0,310.0,880.0,891.0,886.5,871.4,948.7333333333332,774.045,False,False,False,False,False,False,False,False,False,True,False,0.0681818181818181,0.0113636363636363,,,0.0097727272727273,-0.0781060606060605,0.1931818181818181,-0.3636363636363636,-0.0002810765230835,-0.3519458544839255,1040.0,960.0,0.953846153846154,-0.00826256598577,-0.0034822336388546,-0.0004918246790371
2008-03-04,905.0,1005.0,895.0,950.0,1803.0,950.0,915.0,892.0,868.6,949.4666666666668,775.47,False,False,False,False,False,False,False,True,False,False,True,-0.0052631578947368,-0.0842105263157894,,,0.0856842105263157,0.0005614035087717,0.131578947368421,-0.4157894736842105,0.0007723634321024,-0.3598654708520179,1005.0,930.0,5.816129032258065,-0.0032235781717706,0.0050389878139994,0.001053439955186
2008-03-05,955.0,985.0,905.0,905.0,776.0,905.0,909.0,893.5,865.8,949.6666666666666,777.095,False,False,False,False,False,False,False,True,False,True,False,0.0662983425414364,-0.011049723756906,,,0.0433149171270718,-0.0493554327808471,0.1381215469613259,-0.4143646408839779,0.0002106002106,-0.3648573027420257,1095.0,965.0,0.4303937881308929,-0.0032340032340033,-1.04250622327e-05,-0.0005617632215024
2008-03-06,920.0,985.0,900.0,980.0,994.0,980.0,922.0,900.0,869.0,951.2666666666668,779.07,False,False,False,False,False,False,True,True,True,False,False,0.010204081632653,-0.0612244897959183,,,0.1132653061224489,0.0293197278911563,0.0459183673469387,-0.3622448979591837,0.001681967902446,-0.3622222222222222,1140.0,1050.0,1.2809278350515465,0.0036823935558113,0.0069163967898146,0.0014713676918459
2008-03-07,965.0,1025.0,950.0,995.0,1594.0,995.0,942.0,914.5,872.0,951.6,781.32,False,False,False,False,False,False,True,True,False,True,False,-0.0201005025125628,-0.0552763819095477,,,0.1236180904522613,0.0436180904522612,0.0,-0.3869346733668342,0.000350287235533,-0.3685073810825587,1200.0,1115.0,1.6036217303822935,0.003440366972477,-0.0002420265833342,-0.0013316806669129
2008-03-10,965.0,980.0,930.0,940.0,930.0,940.0,954.0,922.5,873.4,951.1333333333332,783.17,False,False,False,False,False,False,True,False,False,True,False,-0.0531914893617021,0.0478723404255319,,,0.0708510638297872,-0.0118439716312055,0.0744680851063829,-0.3670212765957447,-0.0004906427419921,-0.3734417344173442,1155.0,1070.0,0.5834378920953576,0.0016029310739637,-0.0018374358985132,-0.0008409299775252
2008-03-11,930.0,970.0,910.0,945.0,863.0,945.0,953.0,934.0,874.8,951.0666666666668,784.92,False,False,False,False,False,False,True,False,False,True,False,-0.0793650793650793,0.0952380952380952,,,0.0742857142857143,-0.0064197530864199,0.1164021164021164,-0.3492063492063492,-7.009673349191643e-05,-0.3779443254817987,1155.0,1000.0,0.9279569892473118,0.0016003657978966,-2.5652760671573613e-06,0.0004205460085002
2008-03-12,990.0,990.0,955.0,965.0,723.0,965.0,965.0,937.0,878.0,951.0666666666668,786.845,False,False,False,False,False,False,True,False,False,False,False,-0.0725388601036269,0.0673575129533678,,,0.0901554404145077,0.014438687392055,0.0518134715025906,-0.3419689119170984,0.0,-0.375667022411953,1070.0,1000.0,0.8377752027809965,0.0036446469248292,0.0020442811269325,7.009673349191643e-05
2008-03-13,975.0,1015.0,970.0,990.0,1080.0,990.0,967.0,944.5,882.4,951.9333333333332,788.67,False,False,False,False,False,False,True,True,False,False,False,-0.0707070707070707,0.0555555555555555,,,0.1086868686868687,0.0384511784511786,0.0151515151515151,-0.3737373737373737,0.0009104279011131,-0.3758602435150873,1025.0,935.0,1.4937759336099583,0.0049864007252946,0.0013417538004654,0.0009104279011131
2008-03-14,1000.0,1005.0,965.0,975.0,704.0,975.0,963.0,952.5,887.2,952.3333333333334,790.145,False,False,False,False,False,False,True,True,False,False,False,-0.0358974358974358,0.0,,,0.090051282051282,0.0232478632478632,0.0051282051282051,-0.4,0.0004200210010502,-0.3774278215223097,1060.0,985.0,0.6518518518518519,0.0054102795311091,0.0004238788058145,-0.0004904069000629
2008-03-17,965.0,965.0,885.0,890.0,837.0,890.0,953.0,953.5,891.2,952.6666666666666,791.245,False,False,False,False,False,False,True,True,False,True,False,0.1067415730337078,0.1348314606741573,,,-0.0013483146067416,-0.0704119850187265,0.1067415730337078,-0.3595505617977528,0.0003498950314904,-0.3770319874147876,1085.0,955.0,1.1889204545454546,0.0044883303411131,-0.000921949189996,-7.012596955979409e-05
2008-03-18,895.0,900.0,860.0,870.0,422.0,870.0,938.0,945.5,896.4,952.3333333333334,792.22,False,False,False,False,False,False,True,False,False,False,False,0.1896551724137931,0.1494252873563218,,,-0.0303448275862068,-0.0946360153256705,0.1091954022988505,-0.3045977011494253,-0.0003500175008749,-0.3664727657324167,1025.0,905.0,0.5041816009557945,0.005800981704596,0.0013126513634829,-0.0006999125323654
2008-03-19,890.0,915.0,860.0,895.0,284.0,895.0,924.0,944.5,904.2,952.2666666666668,793.295,False,False,False,False,False,False,True,False,False,False,False,0.1508379888268156,0.1787709497206704,,,-0.0102793296089385,-0.0639851024208567,0.0223463687150838,-0.3966480446927374,-7.00084010080573e-05,-0.3647432503970355,1020.0,860.0,0.6729857819905213,0.0086264100862641,0.002825428381668,0.0002800090998669
2008-03-21,880.0,945.0,880.0,920.0,645.0,920.0,910.0,938.5,911.4,952.6666666666666,794.42,False,False,False,True,True,False,True,True,False,True,False,0.1358695652173913,0.1956521739130435,,,0.0093478260869565,-0.0355072463768115,-0.0434782608695652,-0.4347826086956521,0.0004198740377885,-0.3718700053276505,975.0,935.0,2.2711267605633805,0.0078999341672151,-0.0007264759190489,0.0004898824387965
2008-03-24,935.0,955.0,915.0,940.0,281.0,940.0,903.0,933.0,918.0,953.2666666666668,795.77,False,False,False,False,False,False,True,True,False,True,False,0.0372340425531914,0.1648936170212765,,,0.0234042553191489,-0.014113475177305,-0.1329787234042553,-0.4414893617021276,0.0006294146443808,-0.3772775991425509,1000.0,880.0,0.4356589147286822,0.0071895424836601,-0.000710391683555,0.0002095406065923
2008-03-25,960.0,995.0,940.0,985.0,562.0,985.0,922.0,937.5,920.4,953.6,797.395,False,False,False,False,False,False,True,True,False,True,True,0.0253807106598984,0.065989847715736,,,0.0655837563451776,0.0318781725888324,-0.1269035532994923,-0.5076142131979695,0.0003495525727068,-0.392,1060.0,850.0,2.0,0.0026075619295958,-0.0045819805540643,-0.000279862071674
2008-03-26,1000.0,1045.0,990.0,1035.0,658.0,1035.0,955.0,946.5,926.0,955.0,799.295,False,False,False,False,False,False,True,True,False,False,False,-0.0338164251207729,0.038647342995169,,,0.1053140096618357,0.0772946859903381,-0.1932367149758454,-0.5463768115942029,0.0014659685863874,-0.4131537242472266,1020.0,935.0,1.1708185053380782,0.0060475161987041,0.0034399542691083,0.0011164160136805
2008-03-27,1025.0,1055.0,1010.0,1030.0,729.0,1030.0,982.0,953.0,931.6,955.8666666666668,801.22,False,False,False,False,False,False,True,True,False,True,False,0.0242718446601941,0.0,,,0.0955339805825242,0.0719741100323623,-0.1990291262135922,-0.5679611650485437,0.0009066815455434,-0.4370933892969569,975.0,985.0,1.10790273556231,0.0060111635895234,-3.635260918070319e-05,-0.0005592870408439
2008-03-28,1030.0,1050.0,1015.0,1045.0,321.0,1045.0,1007.0,958.5,936.8,955.8,803.22,False,False,False,False,False,False,True,False,False,True,False,0.0526315789473684,-0.0191387559808612,,,0.1035406698564593,0.0853588516746411,-0.1961722488038277,-0.5909090909090909,-6.974959893998055e-05,-0.4604068857589984,900.0,1055.0,0.4403292181069959,0.0055508112724166,-0.0004603523171067,-0.0009764311444834
2008-03-31,1040.0,1060.0,975.0,975.0,515.0,975.0,1014.0,958.5,941.8,953.9333333333332,804.745,False,False,False,False,False,False,True,False,False,True,False,0.123076923076923,0.0205128205128205,,,0.0340512820512821,0.0216068376068377,-0.0717948717948717,-0.5384615384615384,-0.0019568103990496,-0.4744913928012519,920.0,1070.0,1.604361370716511,0.0053089827988957,-0.0002418284735209,-0.0018870608001096
2008-04-01,1020.0,1080.0,995.0,1010.0,1510.0,1010.0,1019.0,970.5,947.8,953.1333333333332,806.045,False,False,False,False,False,False,True,False,False,False,True,0.0396039603960396,0.0,,,0.0615841584158416,0.0563036303630364,-0.1386138613861386,-0.552970297029703,-0.0008393369238301,-0.4931993817619783,905.0,1040.0,2.9320388349514563,0.0063304494619117,0.001021466663016,0.0011174734752195
2008-04-02,1050.0,1050.0,995.0,1000.0,1321.0,1000.0,1012.0,983.5,954.6,953.1333333333332,807.32,False,True,False,False,False,False,True,False,False,False,False,0.075,0.055,,,0.0453999999999999,0.0468666666666667,-0.13,-0.573,0.0,-0.5179969496695476,910.0,1005.0,0.8748344370860928,0.0071234024722397,0.0007929530103279,0.0008393369238301
2008-04-03,1020.0,1095.0,1015.0,1055.0,1841.0,1055.0,1017.0,999.5,959.4,953.8666666666668,808.895,False,False,False,False,False,False,True,True,False,True,False,-0.0236966824644549,-0.0379146919431279,,,0.0906161137440758,0.095860979462875,-0.1800947867298578,-0.5654028436018957,0.0007688006709535,-0.5338669334667334,885.0,1095.0,1.3936411809235427,0.0050031269543464,-0.0021202755178933,0.0007688006709535
2008-04-04,1085.0,1130.0,1080.0,1100.0,2056.0,1100.0,1028.0,1017.5,966.8,956.0666666666668,810.67,False,False,False,False,False,False,True,True,False,False,False,-0.0681818181818181,-0.0863636363636363,,,0.1210909090909091,0.1308484848484847,-0.2363636363636363,-0.5386363636363637,0.0023010947632662,-0.5433415233415234,880.0,1140.0,1.1167843563280826,0.0076541166735622,0.0026509897192158,0.0015322940923126
2008-04-07,1090.0,1115.0,1085.0,1095.0,471.0,1095.0,1052.0,1033.0,974.8,957.5333333333332,812.47,False,False,False,False,False,False,True,True,False,False,False,-0.091324200913242,-0.1050228310502283,,,0.1097716894977169,0.1255403348554034,-0.2876712328767123,-0.5383561643835616,0.0015317134303415,-0.5520813165537269,855.0,1200.0,0.2290856031128404,0.0082068116536725,0.0005526949801103,-0.0007693813329246
2008-04-08,1110.0,1110.0,1015.0,1050.0,577.0,1050.0,1060.0,1039.5,981.6,958.8,813.895,False,False,False,False,False,False,True,True,False,True,False,-0.0380952380952381,-0.0619047619047619,,,0.0651428571428571,0.0868571428571429,-0.3285714285714285,-0.5019047619047619,0.0013210958142123,-0.5512265512265512,790.0,1155.0,1.2250530785562632,0.0069274653626732,-0.0012793462909992,-0.0002106176161292
2008-04-09,1040.0,1075.0,1015.0,1075.0,798.0,1075.0,1075.0,1043.5,986.6,961.0666666666668,815.47,False,False,False,False,False,False,True,True,False,True,False,-0.0186046511627906,-0.1023255813953488,,,0.0822325581395348,0.1059844961240308,-0.3069767441860465,-0.5367441860465116,0.0023584905660379,-0.5502156205079061,740.0,1155.0,1.3830155979202774,0.0050679099939185,-0.0018595553687547,0.0010373947518256
2008-04-10,1055.0,1080.0,1015.0,1030.0,958.0,1030.0,1070.0,1043.5,991.6,963.3333333333334,816.82,False,False,False,False,False,False,True,True,False,True,False,-0.0145631067961165,-0.1116504854368932,,,0.0372815533980582,0.0647249190938511,-0.2718446601941747,-0.5169902912621359,0.0023529411764704,-0.5451844753234307,700.0,1070.0,1.200501253132832,0.0050423557886244,-2.555420529406268e-05,-5.5493895675016135e-06
2008-04-11,1020.0,1045.0,1015.0,1025.0,594.0,1025.0,1055.0,1041.5,993.4,964.5333333333332,818.145,False,False,False,False,False,False,True,True,False,True,False,-0.0195121951219512,-0.1414634146341463,,,0.0308292682926829,0.0589918699186993,-0.3024390243902439,-0.526829268292683,0.0012441249654407,-0.5387902064330292,740.0,1025.0,0.6200417536534447,0.0018119589289308,-0.0032303968596935,-0.0011088162110296
2008-04-14,1015.0,1015.0,990.0,995.0,343.0,995.0,1035.0,1043.5,993.4,966.0666666666668,818.895,False,False,False,False,False,False,False,True,False,True,False,-0.0150753768844221,-0.1809045226130653,,,0.001608040201005,0.029078726968174,-0.2663316582914573,-0.550251256281407,0.0015871920502384,-0.5399137517968375,775.0,1060.0,0.5774410774410774,0.0,-0.0018119589289308,0.0003430670847976
2008-04-15,1005.0,1015.0,990.0,1010.0,209.0,1010.0,1027.0,1043.5,996.2,968.2,819.545,False,False,False,False,False,False,True,True,True,False,False,-0.0247524752475247,-0.1485148514851485,,,0.0136633663366336,0.0413861386138613,-0.2673267326732673,-0.5915841584158416,0.0022034015010671,-0.5436511739338763,925.0,1085.0,0.60932944606414,0.0028106805862277,0.0028106805862277,0.0006162094508287
2008-04-16,1025.0,1070.0,1020.0,1055.0,659.0,1055.0,1023.0,1049.0,1000.6,969.8,820.47,False,False,False,False,False,False,True,True,False,False,True,-0.0853080568720379,-0.2085308056872037,,,0.051563981042654,0.0807582938388626,-0.3175355450236967,-0.614218009478673,0.0016498247061248,-0.5479504289799809,895.0,1025.0,3.15311004784689,0.0043973615830501,0.0015866809968224,-0.0005535767949422
2008-04-17,1065.0,1080.0,1010.0,1015.0,465.0,1015.0,1020.0,1045.0,1002.6,970.2,821.395,False,False,False,False,False,False,True,True,False,True,False,-0.0985221674876847,-0.1871921182266009,,,0.0122167487684728,0.0441379310344827,-0.3103448275862069,-0.5768472906403941,0.0004122861265719,-0.5489952153110048,890.0,1020.0,0.7056145675265554,0.0019948134849391,-0.0024025480981109,-0.0012375385795529
2008-04-18,1025.0,1025.0,1000.0,1005.0,266.0,1005.0,1016.0,1035.5,1003.2,969.5333333333332,822.545,False,False,False,False,False,False,True,False,False,True,False,-0.1243781094527363,-0.1641791044776119,,,0.0017910447761193,0.0352902155887231,-0.2786069651741293,-0.572139303482587,-0.0006876160352061,-0.5523418638338967,915.0,975.0,0.5720430107526882,0.0005980861244019,-0.0013967273605372,-0.001099902161778
2008-04-21,1020.0,1020.0,970.0,980.0,346.0,980.0,1013.0,1024.0,1003.4,968.3333333333334,823.545,False,False,False,False,False,False,True,False,False,True,False,-0.1683673469387755,-0.0765306122448979,,,-0.0238775510204081,0.0119047619047618,-0.2448979591836734,-0.5530612244897959,-0.0012392426850256,-0.55390625,850.0,1000.0,1.300751879699248,0.0001993223041657,-0.0003987638202361,-0.0005516266498194
2008-04-22,985.0,1005.0,980.0,985.0,296.0,985.0,1008.0,1017.5,1007.2,967.6,824.495,False,False,False,False,False,False,True,False,True,False,False,-0.1269035532994923,-0.116751269035533,,,-0.0225380710659898,0.0176649746192893,-0.2436548223350254,-0.5172588832487309,-0.0007578889348215,-0.5557248157248158,860.0,1060.0,0.8554913294797688,0.0037728355837967,0.0035735132796309,0.000481353750204
2008-04-23,995.0,1015.0,960.0,965.0,434.0,965.0,990.0,1006.5,1011.0,967.0666666666668,825.42,False,False,False,False,False,False,True,False,False,True,False,-0.1347150259067357,-0.0984455958549222,,,-0.0476683937823834,-0.0021416234887739,-0.2435233160621761,-0.5341968911917099,-0.0005514959327173,-0.5556880278191754,830.0,1020.0,1.4662162162162162,0.0037586547972304,-1.4180786566311571e-05,0.0002063930021042
2008-04-24,955.0,975.0,905.0,915.0,694.0,915.0,970.0,995.0,1011.8,964.6666666666666,826.095,False,False,False,False,False,False,True,False,False,True,False,-0.0983606557377049,-0.0546448087431694,,,-0.1057923497267759,-0.0542805100182148,-0.2349726775956284,-0.5284153005464481,-0.0024879060124397,-0.5571859296482412,935.0,975.0,1.599078341013825,0.0007906700929036,-0.0029679847043267,-0.0019364100797223
2008-04-25,920.0,930.0,875.0,880.0,947.0,880.0,945.0,980.5,1010.2,961.2,826.72,False,False,False,False,False,False,False,False,False,True,False,-0.0454545454545454,-0.0454545454545454,,,-0.1479545454545455,-0.0922727272727273,-0.2613636363636363,-0.5085227272727273,-0.0036066028575391,-0.5559918408975012,915.0,900.0,1.3645533141210375,-0.0015838447832111,-0.0023745148761148,-0.0011186968450993
2008-04-28,880.0,895.0,785.0,815.0,1569.0,815.0,912.0,962.5,1005.2,956.0666666666668,827.22,False,False,False,False,False,False,False,False,False,True,False,0.1104294478527607,-0.0429447852760736,,,-0.2333742331288344,-0.1730879345603274,-0.1963190184049079,-0.5306748466257669,-0.0053692211142875,-0.5544415584415584,895.0,920.0,1.6568109820485744,-0.0049741345005968,-0.0033902897173857,-0.0017626182567484
2008-04-30,830.0,875.0,820.0,860.0,1588.0,860.0,887.0,947.5,1000.2,952.1333333333332,828.045,False,False,False,False,False,False,False,False,False,True,False,0.0116279069767441,-0.1802325581395348,,,-0.1630232558139535,-0.1071317829457362,-0.2674418604651162,-0.5773255813953488,-0.0041310740792609,-0.5525593667546174,880.0,905.0,1.0121096239643084,-0.00499900019996,-2.486569936311148e-05,0.0012381470350266
2008-05-01,845.0,850.0,825.0,835.0,1372.0,835.0,861.0,925.5,992.2,947.8666666666668,828.645,False,False,False,False,False,False,False,False,False,True,False,0.0419161676646706,-0.1077844311377245,,,-0.1882634730538922,-0.1351696606786428,-0.2934131736526946,-0.5700598802395209,-0.0045013363342239,-0.5471096704484063,950.0,910.0,0.8639798488664987,-0.0080628905462608,-0.0030638903463008,-0.000370262254963
2008-05-02,865.0,875.0,825.0,825.0,990.0,825.0,843.0,906.5,984.0,944.6,829.12,False,False,False,False,False,False,False,False,False,True,False,0.0484848484848484,-0.0909090909090909,,,-0.1927272727272727,-0.144969696969697,-0.3151515151515151,-0.5527272727272727,-0.0034582539346461,-0.5442912300055157,905.0,885.0,0.7215743440233237,-0.0083333333333333,-0.0002704427870725,0.0010430823995778
2008-05-07,840.0,875.0,830.0,840.0,958.0,840.0,835.0,890.0,975.8,942.1333333333332,829.745,False,False,False,False,False,False,False,False,False,True,False,0.0,-0.1488095238095238,,,-0.1616666666666666,-0.1215873015873014,-0.3333333333333333,-0.5571428571428572,-0.0026181715256157,-0.5423595505617977,980.0,880.0,0.9676767676767676,-0.0084033613445378,-7.002801120448154e-05,0.0008400824090303
2008-05-08,860.0,905.0,855.0,905.0,1493.0,905.0,853.0,882.5,973.0,940.0666666666668,830.745,False,False,False,False,False,False,False,False,False,False,False,-0.1381215469613259,-0.1933701657458563,,,-0.0751381215469613,-0.0387476979742174,-0.3646408839779005,-0.5906077348066299,-0.002198425643571,-0.5461189801699716,995.0,855.0,1.558455114822547,-0.0028776978417265,0.0055256635028112,0.0004197458820447
2008-05-09,920.0,945.0,865.0,870.0,1842.0,870.0,855.0,871.0,967.4,937.2,831.645,False,False,False,False,False,False,False,False,False,True,False,-0.1896551724137931,-0.1494252873563218,,,-0.1119540229885057,-0.0772413793103448,-0.3218390804597701,-0.5459770114942529,-0.0030587565798834,-0.5493685419058554,940.0,790.0,1.233757535164099,-0.0057887120115774,-0.0029110141698508,-0.0008603309363123
2008-05-12,885.0,885.0,840.0,870.0,590.0,870.0,862.0,861.5,962.2,935.1333333333332,832.595,False,False,False,False,False,False,False,False,False,False,False,-0.1436781609195402,-0.1724137931034483,,,-0.1059770114942529,-0.0748659003831416,-0.3275862068965517,-0.5293103448275862,-0.002210023526057,-0.5490423679628554,945.0,740.0,0.3203040173724212,-0.0054042818540843,0.0003844301574931,0.0008487330538264
2008-05-13,880.0,890.0,835.0,865.0,1205.0,865.0,870.0,856.5,954.6,933.0666666666668,833.595,False,False,False,False,False,False,False,False,False,True,False,-0.1329479768786127,-0.1907514450867052,,,-0.1035838150289017,-0.07868978805395,-0.3121387283236994,-0.5150289017341041,-0.0022149185481563,-0.5478108581436076,965.0,700.0,2.042372881355932,-0.0079614498219149,-0.0025571679678306,-4.895022099238224e-06
2008-05-14,880.0,900.0,830.0,840.0,1877.0,840.0,870.0,852.5,944.2,931.2666666666668,834.57,False,False,False,False,False,False,False,False,False,True,False,-0.1488095238095238,-0.1369047619047619,,,-0.1240476190476191,-0.1086507936507937,-0.3154761904761904,-0.4410714285714285,-0.001932851313623,-0.5413489736070382,990.0,740.0,1.557676348547718,-0.0110146155475534,-0.0030531657256384,0.0002820672345332
2008-05-15,825.0,850.0,765.0,780.0,3900.0,780.0,845.0,849.0,931.6,928.3333333333334,835.395,False,False,False,False,False,False,False,False,False,True,False,-0.0641025641025641,-0.0512820512820512,,,-0.1943589743589744,-0.1901709401709402,-0.2948717948717949,-0.3506410256410256,-0.0031597845601436,-0.5248527679623086,975.0,775.0,2.0777836973894512,-0.0135251180764276,-0.0025105025288742,-0.0012269332465205
2008-05-16,790.0,810.0,665.0,705.0,6231.0,705.0,812.0,833.5,917.8,923.6,835.845,False,False,True,False,False,False,False,False,False,True,False,0.0496453900709219,0.0567375886524822,,,-0.3018439716312056,-0.3100709219858156,-0.2056737588652482,-0.2765957446808511,-0.0051248736826909,-0.4984403119376124,890.0,925.0,1.5976923076923075,-0.0150359555458706,-0.0015108374694429,-0.0019650891225472
2008-05-19,725.0,755.0,695.0,745.0,5992.0,745.0,787.0,824.5,904.6,919.9333333333332,836.52,False,False,False,False,False,False,False,False,False,False,False,-0.0335570469798657,-0.0201342281879194,,,-0.2142281879194631,-0.2348098434004472,-0.2550335570469799,-0.3087248322147651,-0.0039857960721793,-0.4740448756822317,870.0,895.0,0.9616433959236078,-0.0145920848994029,0.0004438706464676,0.0011390776105115
2008-05-20,755.0,775.0,705.0,750.0,7693.0,750.0,764.0,817.0,893.4,916.9333333333332,836.995,False,False,False,False,False,False,False,False,False,False,False,-0.0666666666666666,-0.0666666666666666,,,-0.1911999999999999,-0.2225777777777775,-0.2933333333333333,-0.346,-0.0032717754834957,-0.4543451652386781,895.0,890.0,1.283878504672897,-0.0125363778822476,0.0020557070171553,0.0007140205886836
2008-05-21,715.0,785.0,695.0,715.0,10504.0,715.0,739.0,804.5,881.0,914.4666666666668,837.17,False,False,False,False,False,False,False,False,False,True,False,0.0139860139860139,-0.0909090909090909,,,-0.2321678321678321,-0.2789743589743592,-0.1258741258741259,-0.2727272727272727,-0.0026973828096519,-0.4274704785581106,920.0,915.0,1.3653971142597163,-0.0140749148694664,-0.0015385369872188,0.0005743926738437
2008-05-22,725.0,745.0,705.0,730.0,2630.0,730.0,729.0,787.0,870.4,911.9333333333332,837.595,False,False,False,False,False,False,False,False,False,False,False,0.0136986301369863,-0.1027397260273972,,,-0.1923287671232876,-0.2492237442922372,-0.1643835616438356,-0.3054794520547945,-0.0027779808465534,-0.3973951715374841,940.0,850.0,0.2503808073115003,-0.0121783088235294,0.001896606045937,-8.059803690153551e-05
2008-05-23,735.0,755.0,735.0,740.0,647.0,740.0,736.0,774.0,859.6,909.7333333333332,838.145,False,False,False,False,False,False,False,False,False,True,False,0.0067567567567567,-0.1486486486486486,,,-0.1616216216216216,-0.2293693693693692,-0.1959459459459459,-0.2777027027027027,-0.0024182910743074,-0.369250645994832,985.0,860.0,0.2460076045627376,-0.0125639832480222,-0.0003856744244928,0.000359689772246
2008-05-26,735.0,735.0,715.0,720.0,849.0,720.0,731.0,759.0,846.2,907.2,838.545,False,False,False,False,False,False,False,False,False,True,False,0.0138888888888888,-0.1805555555555555,,,-0.1752777777777778,-0.26,-0.1458333333333333,-0.2291666666666666,-0.002792475014697,-0.3376152832674571,1035.0,830.0,1.312210200927357,-0.0158354998818246,-0.0032715166338023,-0.0003741839403896
2008-05-27,725.0,725.0,690.0,700.0,1354.0,700.0,721.0,742.5,833.6,904.7333333333332,838.845,False,False,False,False,False,False,False,False,False,False,False,0.0,-0.1928571428571428,,,-0.1908571428571429,-0.2924761904761903,-0.0928571428571428,-0.2192857142857142,-0.0027264018863755,-0.3057912457912457,1030.0,935.0,1.594817432273263,-0.0151151631477927,0.0007203367340318,6.607312832155937e-05
2008-05-28,710.0,735.0,700.0,725.0,1244.0,725.0,723.0,731.0,822.4,902.6666666666666,839.345,False,False,False,False,False,False,False,False,False,False,False,-0.1034482758620689,-0.2275862068965517,,,-0.1343448275862068,-0.2450574712643677,-0.1448275862068965,-0.2772413793103448,-0.0022895125553913,-0.2874145006839945,1045.0,915.0,0.9187592319054652,-0.0136186770428016,0.0014964861049911,0.0004368893309841
2008-05-29,715.0,745.0,715.0,740.0,724.0,740.0,725.0,727.0,812.8,901.1333333333332,840.02,False,False,False,False,False,False,False,False,False,False,False,-0.1148648648648648,-0.2229729729729729,,,-0.0983783783783783,-0.2177477477477475,-0.2094594594594594,-0.2972972972972973,-0.0017015609972627,-0.281636863823934,975.0,895.0,0.5819935691318328,-0.0118110236220472,0.0018076534207543,0.0005879515581285
2008-05-30,740.0,755.0,730.0,745.0,831.0,745.0,726.0,731.0,803.2,900.5333333333333,840.82,False,False,False,False,False,False,False,False,False,True,True,-0.1543624161073825,-0.2080536912751678,,,-0.0781208053691275,-0.2087695749440715,-0.2348993288590604,-0.3194630872483222,-0.0006662718389101,-0.2859781121751025,1010.0,880.0,1.1477900552486189,-0.0119521912350596,-0.0001411676130123,0.0010352891583526
2008-06-02,750.0,760.0,725.0,730.0,796.0,730.0,728.0,729.5,793.8,900.4,841.57,False,False,False,False,False,False,False,False,False,False,False,-0.1917808219178082,-0.1986301369863013,,,-0.0873972602739725,-0.2334246575342465,-0.1712328767123287,-0.3904109589041096,-0.0001480823337775,-0.2941055517477723,1000.0,950.0,0.9578820697954272,-0.0118417737465357,0.0001104174885238,0.0005181895051326
2008-06-03,720.0,720.0,695.0,700.0,1185.0,700.0,728.0,724.5,785.2,900.4,842.245,False,False,False,False,False,False,False,False,False,False,False,-0.1928571428571428,-0.15,,,-0.1217142857142857,-0.2862857142857142,-0.2285714285714285,-0.3614285714285714,0.0,-0.2952380952380952,1055.0,905.0,1.4886934673366834,-0.0109526235354048,0.0008891502111308,0.0001480823337775
2008-06-04,685.0,695.0,630.0,650.0,2216.0,650.0,713.0,718.0,776.0,899.2,842.77,False,False,False,False,False,False,False,False,False,True,False,-0.1384615384615384,-0.1153846153846153,,,-0.1938461538461538,-0.3833846153846154,-0.2,-0.2684615384615385,-0.0013345195729536,-0.2950557103064067,1100.0,980.0,1.870042194092827,-0.0118556701030928,-0.0009030465676879,-0.0013345195729536
2008-06-05,640.0,675.0,630.0,655.0,1517.0,655.0,696.0,710.5,769.6,897.6,843.22,False,False,False,False,False,False,False,False,False,False,False,-0.1221374045801526,-0.1603053435114503,,,-0.1749618320610687,-0.370381679389313,-0.1984732824427481,-0.2778625954198473,-0.0017825311942959,-0.2923997185080929,1095.0,995.0,0.6845667870036101,-0.0083160083160082,0.0035396617870845,-0.0004480116213422
2008-06-06,675.0,675.0,630.0,630.0,1063.0,630.0,673.0,699.5,760.4,893.6666666666666,843.37,False,False,False,False,False,False,False,False,False,True,False,-0.0634920634920634,-0.1111111111111111,,,-0.2069841269841269,-0.4185185185185184,-0.2301587301587301,-0.238095238095238,-0.0044013427825438,-0.2890636168691922,1050.0,940.0,0.7007251153592617,-0.0120988953182536,-0.0037828870022453,-0.0026188115882479
2008-06-09,605.0,620.0,585.0,590.0,1624.0,590.0,645.0,686.5,750.6,889.6,843.445,False,False,False,False,False,False,False,False,False,True,False,-0.0084745762711864,-0.059322033898305,,,-0.2722033898305085,-0.5077966101694915,-0.2042372881355932,-0.1042372881355932,-0.0045713429256594,-0.2794610342316097,1075.0,945.0,1.5277516462841016,-0.0130562216893151,-0.0009573263710615,-0.0001700001431155
2008-06-10,595.0,600.0,555.0,565.0,1038.0,565.0,618.0,673.0,740.2,885.2666666666667,843.495,False,False,False,False,False,False,False,False,False,True,False,0.0530973451327433,-0.0619469026548672,,,-0.3100884955752213,-0.5668436578171091,-0.2123893805309734,-0.1079646017699115,-0.0048949469086528,-0.2713224368499257,1030.0,965.0,0.6391625615763546,-0.0140502566873817,-0.0009940349980666,-0.0003236039829933
2008-06-11,575.0,600.0,555.0,560.0,940.0,560.0,600.0,656.5,729.0,880.5333333333333,843.67,False,False,False,False,False,False,False,False,False,True,False,0.0267857142857142,0.1160714285714285,,,-0.3017857142857142,-0.5723809523809523,-0.2366071428571428,-0.0830357142857142,-0.0053755299818292,-0.2546077684691545,1025.0,990.0,0.905587668593449,-0.015363511659808,-0.0013132549724262,-0.0004805830731764
2008-06-12,560.0,595.0,560.0,575.0,583.0,575.0,584.0,640.0,715.8,876.8666666666667,844.045,False,False,False,False,False,False,False,False,False,True,False,-0.0434782608695652,0.0608695652173913,,,-0.2448695652173912,-0.5249855072463768,-0.217391304347826,-0.1234782608695652,-0.0041815555386603,-0.237890625,995.0,975.0,0.6202127659574468,-0.0184409052808047,-0.0030773936209967,0.0011939744431688
2008-06-13,585.0,610.0,585.0,590.0,720.0,590.0,576.0,624.5,704.6,873.2666666666667,844.57,False,False,False,False,False,False,False,False,False,False,False,-0.0508474576271186,0.0084745762711864,,,-0.1942372881355932,-0.4801129943502825,-0.2347457627118644,-0.185593220338983,-0.0041224520955798,-0.2232185748598878,1010.0,890.0,1.234991423670669,-0.0158955435708202,0.0025453617099845,5.9103443080497226e-05
2008-06-16,600.0,605.0,575.0,585.0,712.0,585.0,575.0,610.0,693.2,870.0,845.095,False,False,False,False,False,False,False,False,False,True,False,-0.0512820512820512,0.0512820512820512,,,-0.184957264957265,-0.4871794871794871,-0.27008547008547,-0.2581196581196581,-0.0037547892720306,-0.2065573770491803,1055.0,870.0,0.9888888888888888,-0.0164454702827466,-0.0005499267119264,0.0003676628235492
2008-06-17,585.0,605.0,575.0,595.0,907.0,595.0,581.0,599.5,682.4,865.4666666666667,845.545,False,False,False,False,False,False,False,False,False,False,False,-0.1092436974789916,0.0672268907563025,,,-0.1468907563025209,-0.4545658263305323,-0.2294117647058823,-0.2689075630252101,-0.0052380218764442,-0.1946622185154295,1015.0,895.0,1.273876404494382,-0.0158264947245018,0.0006189755582447,-0.0014832326044136
2008-06-18,585.0,595.0,575.0,575.0,630.0,575.0,584.0,592.0,671.8,860.9333333333333,845.92,False,False,False,False,False,False,False,False,False,False,False,0.0869565217391304,0.0782608695652174,,,-0.1683478260869564,-0.4972753623188405,-0.117391304347826,-0.2878260869565217,-0.0052656032213103,-0.1956081081081081,1005.0,920.0,0.6945975744211687,-0.0157785055075915,4.798921691027622e-05,-2.758134486603117e-05
2008-06-19,580.0,580.0,550.0,550.0,870.0,550.0,579.0,581.5,662.6,856.3333333333334,846.095,False,False,False,False,False,False,False,False,False,False,False,0.109090909090909,0.0636363636363636,,,-0.2047272727272727,-0.556969696969697,-0.0809090909090909,-0.3,-0.0053717399766445,-0.1962166809974205,980.0,940.0,1.380952380952381,-0.0138846966495622,0.0018938088580293,-0.0001061367553341
2008-06-20,555.0,570.0,540.0,560.0,595.0,560.0,573.0,574.5,656.8,852.0666666666667,846.27,False,False,False,False,False,False,False,False,False,False,False,0.0625,0.0178571428571428,,,-0.1728571428571427,-0.5215476190476191,-0.0660714285714285,-0.4017857142857143,-0.0050074329082231,-0.2116623150565709,985.0,985.0,0.6839080459770115,-0.0088306942752741,0.005054002374288,0.0003643070684213
2008-06-23,545.0,565.0,540.0,555.0,408.0,555.0,567.0,571.0,649.2,846.8,846.445,False,False,False,False,False,False,False,False,False,True,False,0.1081081081081081,0.09009009009009,,,-0.1697297297297298,-0.5257657657657657,-0.1027027027027027,-0.4378378378378378,-0.0062194929932295,-0.2447460595446585,965.0,1035.0,0.6857142857142857,-0.0117067159581021,-0.0028760216828279,-0.0012120600850064
2008-06-24,545.0,550.0,525.0,530.0,450.0,530.0,554.0,567.5,640.4,841.8,846.47,False,False,False,False,False,False,False,False,False,True,False,0.1981132075471698,0.0188679245283018,,,-0.2083018867924528,-0.5883018867924528,-0.0613207547169811,-0.4584905660377358,-0.0059396531242575,-0.2783259911894273,915.0,1030.0,1.1029411764705883,-0.013741411617739,-0.0020346956596368,0.0002798398689719
2008-06-25,525.0,630.0,500.0,625.0,2702.0,625.0,564.0,574.0,636.8,837.0666666666667,846.895,False,False,False,False,False,False,False,False,False,False,True,-0.008,-0.168,,,-0.0188799999999999,-0.3393066666666667,-0.224,-0.5008,-0.0056546670914302,-0.321602787456446,880.0,1045.0,6.004444444444444,-0.0056532663316583,0.0080881452860806,0.0002849860328272
2008-06-26,625.0,630.0,580.0,610.0,1369.0,610.0,576.0,577.5,632.0,831.9333333333333,847.32,False,False,False,False,False,False,False,False,False,True,False,-0.040983606557377,-0.1393442622950819,,,-0.0360655737704918,-0.3638251366120217,-0.2663934426229508,-0.5204918032786885,-0.0061703662152417,-0.3623376623376623,815.0,975.0,0.506661732050333,-0.0075949367088606,-0.0019416703772023,-0.0005156991238114
2008-06-27,580.0,610.0,570.0,595.0,722.0,595.0,583.0,578.0,626.2,827.3333333333334,847.545,False,False,False,False,False,False,False,False,False,True,False,-0.042016806722689,-0.1848739495798319,,,-0.052436974789916,-0.3904761904761905,-0.3067226890756303,-0.5294117647058824,-0.0055600322320708,-0.3975778546712803,860.0,1010.0,0.5273922571219869,-0.0092622165442349,-0.0016672798353743,0.0006103339831709
2008-06-30,605.0,620.0,585.0,615.0,682.0,615.0,595.0,581.0,622.0,822.9333333333333,847.845,False,False,False,False,False,False,False,False,False,False,True,-0.016260162601626,-0.2365853658536585,,,-0.0113821138211382,-0.3381029810298102,-0.3382113821138211,-0.532520325203252,-0.0053467271548931,-0.4259036144578313,835.0,1000.0,0.9445983379501384,-0.0067524115755627,0.0025098049686722,0.0002133050771776
2008-07-01,620.0,635.0,600.0,635.0,845.0,635.0,616.0,585.0,619.4,818.5333333333333,848.195,False,False,False,False,True,False,False,False,False,False,False,-0.1496062992125984,-0.2992125984251969,,,0.0245669291338583,-0.2890288713910761,-0.3236220472440945,-0.5118110236220472,-0.0053754683173154,-0.4511965811965812,825.0,1055.0,1.2390029325513197,-0.0041976105908944,0.0025548009846683,-2.8741162422320048e-05
2008-07-02,640.0,645.0,620.0,620.0,830.0,620.0,615.0,589.5,615.2,813.6,848.32,False,False,False,False,False,False,False,False,False,True,False,-0.1612903225806451,-0.3104838709677419,,,0.0077419354838708,-0.3122580645161291,-0.3064516129032258,-0.4596774193548387,-0.0060635857096033,-0.4680237489397794,840.0,1100.0,0.9822485207100592,-0.0068270481144342,-0.0026294375235397,-0.0006881173922878
2008-07-03,615.0,615.0,585.0,585.0,509.0,585.0,610.0,593.0,609.0,808.4,848.27,False,False,False,False,False,False,False,False,False,True,False,-0.1025641025641025,-0.2307692307692307,,,-0.041025641025641,-0.3818803418803418,-0.2512820512820513,-0.3846153846153846,-0.0064324591786244,-0.4753794266441821,905.0,1095.0,0.6132530120481928,-0.0101806239737274,-0.0033535758592932,-0.0003688734690211
2008-07-04,575.0,585.0,550.0,570.0,576.0,570.0,605.0,594.0,602.0,804.1333333333333,848.145,False,False,False,False,False,False,False,False,False,True,False,-0.1491228070175438,-0.2078947368421052,,,-0.0561403508771929,-0.4107602339181286,-0.1657894736842105,-0.3771929824561403,-0.0053059194163488,-0.4728956228956228,870.0,1050.0,1.1316306483300589,-0.0116279069767441,-0.0014472830030166,0.0011265397622756
2008-07-07,555.0,610.0,540.0,605.0,725.0,605.0,603.0,599.0,597.0,800.6,848.42,False,False,False,False,False,False,False,False,False,False,False,-0.2239669421487603,-0.2942148760330578,,,0.0132231404958677,-0.3233057851239669,-0.2570247933884297,-0.4545454545454545,-0.0044133566491797,-0.4742904841402338,870.0,1075.0,1.2586805555555556,-0.0083752093802345,0.0032526975965096,0.0008925627671691
2008-07-08,600.0,600.0,530.0,540.0,1322.0,540.0,584.0,600.0,590.6,795.8666666666667,848.37,False,False,False,False,False,False,False,False,False,True,False,-0.1759259259259259,-0.1509259259259259,,,-0.0937037037037037,-0.4738271604938271,-0.2009259259259259,-0.4305555555555556,-0.0059473948735131,-0.47175,865.0,1030.0,1.823448275862069,-0.0108364375211648,-0.0024612281409303,-0.0015340382243334
2008-07-09,540.0,555.0,515.0,520.0,1259.0,520.0,564.0,589.5,585.4,790.5333333333333,848.445,False,False,False,False,False,False,False,False,False,False,False,-0.1778846153846154,-0.0240384615384615,,,-0.1257692307692307,-0.5202564102564102,-0.1682692307692307,-0.3951923076923077,-0.0067465002529938,-0.4619168787107718,840.0,1025.0,0.9523449319213312,-0.0088828151691152,0.0019536223520496,-0.0007991053794806
2008-07-10,515.0,535.0,505.0,525.0,1381.0,525.0,552.0,581.0,580.2,785.0,848.645,False,False,False,False,False,False,False,False,False,True,False,-0.1428571428571428,-0.0371428571428571,,,-0.1051428571428572,-0.4952380952380952,-0.2714285714285714,-0.4057142857142857,-0.0070488322717621,-0.4506884681583477,780.0,995.0,1.096902303415409,-0.0089624267493966,-7.961158028142734e-05,-0.0003023320187683
2008-07-11,515.0,520.0,475.0,485.0,2164.0,485.0,535.0,570.0,574.4,778.3333333333334,848.5725,False,False,False,False,False,False,False,False,False,True,False,-0.0690721649484536,0.0783505154639175,,,-0.1843298969072164,-0.604810996563574,-0.2505154639175257,-0.3402061855670103,-0.0085653104925053,-0.4330701754385965,705.0,1010.0,1.5669804489500363,-0.0100974930362118,-0.0011350662868151,-0.0015164782207431
2008-07-14,470.0,477.0,462.5,469.5,1408.0,469.5,507.9,555.45,569.58,770.7933333333333,848.595,False,False,False,False,False,False,False,False,False,False,False,-0.0905218317358892,0.060702875399361,,,-0.2131629392971246,-0.641732339368122,-0.235356762513312,-0.3205537806176783,-0.0097821292348144,-0.4125483841929967,745.0,1055.0,0.6506469500924215,-0.0084623757856665,0.0016351172505453,-0.0012168187423091
2008-07-15,451.5,456.5,432.5,445.0,1607.0,445.0,488.9,536.45,564.78,762.9933333333333,848.43,False,False,False,False,False,False,False,False,False,True,False,0.0303370786516853,0.1179775280898876,,,-0.2691685393258426,-0.7145917602996255,-0.1707865168539326,-0.2561797752808988,-0.01022289404014,-0.3878273837263492,750.0,1015.0,1.1413352272727273,-0.0084988845214066,-3.6508735740167775e-05,-0.0004407648053256
2008-07-16,454.0,461.0,425.5,427.5,772.0,427.5,470.4,517.2,559.48,754.76,848.1925,False,False,False,False,False,False,False,False,False,True,False,0.1871345029239766,0.1345029239766081,,,-0.3087251461988304,-0.7655204678362573,-0.1298245614035087,-0.1812865497076023,-0.0109085448796085,-0.3621423047177108,715.0,1005.0,0.4803982576228998,-0.0094730821477085,-0.0009741976263018,-0.0006856508394684
2008-07-17,447.5,454.5,442.5,450.0,1092.0,450.0,455.4,503.7,554.48,747.76,848.155,False,False,False,False,False,False,False,False,False,False,False,0.1233333333333333,-0.0055555555555555,,,-0.2321777777777778,-0.6616888888888889,-0.1766666666666666,-0.3033333333333333,-0.0093612923932812,-0.3542783402819138,730.0,980.0,1.4145077720207253,-0.0090174577982975,0.000455624349411,0.0015472524863272
2008-07-18,450.0,460.0,440.5,451.5,734.0,451.5,448.7,491.85,548.94,740.3133333333334,847.9925,False,False,False,False,False,False,False,False,False,True,False,0.1583610188261351,-0.0863787375415282,,,-0.2158139534883722,-0.6396751568844593,-0.1251384274640088,-0.3167220376522702,-0.0100588039298674,-0.3481752566839483,740.0,985.0,0.6721611721611722,-0.0100921776514736,-0.0010747198531761,-0.0006975115365861
2008-07-22,441.5,445.0,421.0,427.0,750.0,427.0,440.2,474.05,542.62,732.6733333333333,847.5775,False,False,False,False,False,False,False,False,False,True,False,0.1662763466042154,-0.0468384074941452,,,-0.2707728337236534,-0.7158626073380171,-0.040983606557377,-0.2763466042154566,-0.0104275666281472,-0.3281299440987237,720.0,965.0,1.021798365122616,-0.0116471932475766,-0.0015550155961029,-0.0003687626982798
2008-07-23,432.0,471.5,427.5,458.5,1107.0,458.5,442.9,465.9,537.16,724.72,847.095,False,False,False,False,False,False,False,False,False,False,False,0.0850599781897491,-0.0632497273718647,,,-0.1715594329334786,-0.5806324972737187,-0.0850599781897491,-0.3402399127589967,-0.0109743533134634,-0.3174500965872504,700.0,915.0,1.476,-0.0101645692158761,0.0014826240317005,-0.0005467866853162
2008-07-24,468.5,508.5,466.0,507.5,1425.0,507.5,458.9,464.65,534.46,716.82,846.7575,False,False,False,False,False,False,False,False,False,False,False,-0.0443349753694581,-0.1527093596059113,,,-0.0531231527093596,-0.4124532019704434,-0.0748768472906404,-0.4088669950738916,-0.0110208978544125,-0.3187345313676961,725.0,880.0,1.2872628726287263,-0.0050518280133217,0.0051127412025544,-4.654454094901901e-05
2008-07-25,515.0,524.5,497.5,505.5,1307.0,505.5,470.0,462.7,532.68,708.96,846.26,False,False,False,False,False,False,False,False,False,False,False,-0.1147378832838773,-0.1335311572700296,,,-0.0537685459940651,-0.4024925816023739,0.0019782393669634,-0.4460929772502472,-0.0110866621530128,-0.3227793386643613,740.0,815.0,0.9171929824561404,-0.0033415934519788,0.0017102345613428,-6.576429860037127e-05
2008-07-28,525.0,534.5,514.5,523.0,756.0,523.0,484.3,466.5,531.2,701.9333333333333,845.75,False,False,False,False,False,False,False,False,False,False,True,-0.2112810707456979,-0.0908221797323135,,,-0.015678776290631,-0.3421287444231994,-0.0248565965583174,-0.4627151051625239,-0.0100104473359294,-0.3366559485530547,745.0,860.0,0.5784238714613619,-0.002786144578313,0.0005554488736657,0.0010762148170834
2008-07-29,511.0,511.0,496.0,498.0,421.0,498.0,498.5,469.35,528.92,694.24,844.865,False,False,False,False,False,False,False,False,False,True,False,-0.1827309236947791,-0.0973895582329317,,,-0.0620883534136545,-0.3940562248995984,0.0341365461847389,-0.4487951807228915,-0.0110816624414226,-0.3501651219772025,730.0,835.0,0.5568783068783069,-0.0043106708008774,-0.0015245262225643,-0.0010712151054931
2008-07-30,515.5,515.5,497.5,497.5,424.0,497.5,506.3,474.6,527.62,687.14,843.9025,False,False,False,False,False,False,False,False,False,False,False,-0.1366834170854271,-0.1326633165829145,,,-0.0605427135678392,-0.3811859296482411,-0.0140703517587939,-0.4472361809045226,-0.0103326832959804,-0.3691529709228825,700.0,825.0,1.007125890736342,-0.0024638944695044,0.0018467763313729,0.0007489791454421
2008-07-31,498.5,503.0,477.5,485.0,586.0,485.0,501.8,480.35,522.02,679.94,842.6025,False,False,False,False,False,False,False,False,False,True,False,-0.1134020618556701,-0.1082474226804123,,,-0.0763298969072164,-0.401938144329897,0.0721649484536082,-0.4835051546391752,-0.0105891696326145,-0.397418548974706,650.0,840.0,1.3820754716981132,-0.0107275583310984,-0.0082636638615939,-0.000256486336634
2008-08-01,476.5,476.5,447.5,447.5,870.0,447.5,490.2,480.1,515.52,672.64,841.09,False,False,False,False,False,False,False,False,False,True,False,-0.0212290502793296,-0.1452513966480447,,,-0.1519999999999999,-0.5031061452513966,0.1329608938547486,-0.4943016759776536,-0.0108527592768792,-0.4152676525723807,655.0,905.0,1.484641638225256,-0.0126086281812538,-0.0018810698501554,-0.0002635896442647
2008-08-04,397.5,425.0,397.5,412.5,1323.0,412.5,468.1,476.2,508.22,664.6733333333333,839.2775,False,False,False,False,False,False,False,False,False,True,False,0.1527272727272727,-0.1187878787878787,,,-0.2320484848484849,-0.6113292929292928,0.2957575757575758,-0.4029090909090909,-0.0119858376545872,-0.4235405291894161,630.0,870.0,1.5206896551724138,-0.0143638581716578,-0.0017552299904039,-0.0011330783777079
2008-08-05,402.5,422.0,392.0,407.0,859.0,407.0,449.9,474.2,499.9,656.0333333333333,837.5375,False,False,False,False,False,False,False,False,False,True,False,0.1044226044226044,-0.1179361179361179,,,-0.2282555282555282,-0.6118755118755118,0.3636363636363636,-0.3452088452088452,-0.0131700624968243,-0.4300716997047658,590.0,870.0,0.6492819349962207,-0.0166433286657332,-0.0022794704940753,-0.001184224842237
2008-08-06,419.5,434.0,415.5,429.5,452.0,429.5,436.3,471.3,491.68,648.2266666666667,835.835,False,False,False,False,False,False,False,False,False,True,False,0.0046565774155995,-0.1408614668218859,,,-0.1447729918509895,-0.5092588280946838,0.2724097788125728,-0.3213038416763679,-0.0120431124915152,-0.4288987905792488,565.0,865.0,0.5261932479627474,-0.0167181906931336,-7.486202740043801e-05,0.001126950005309
2008-08-07,430.0,434.5,418.0,430.0,299.0,430.0,425.3,463.55,484.08,640.56,834.11,False,False,False,False,False,False,False,False,False,False,False,0.005813953488372,-0.1348837209302325,,,-0.125767441860465,-0.489674418604651,0.2186046511627907,-0.2802325581395349,-0.0119686940593648,-0.4173012619997842,560.0,840.0,0.661504424778761,-0.0156998843166419,0.0010183063764917,7.441843215039157e-05
2008-08-08,425.0,449.5,422.5,438.0,649.0,438.0,423.4,456.8,478.2,633.3333333333334,832.575,False,False,False,False,False,False,False,False,False,False,False,-0.1267123287671233,-0.1541095890410959,,,-0.0917808219178081,-0.4459665144596652,0.1872146118721461,-0.2899543378995434,-0.0114105263157893,-0.4019045534150613,575.0,780.0,2.17056856187291,-0.0122961104140526,0.0034037739025892,0.0005581677435755
2008-08-11,450.0,488.0,449.5,475.5,515.0,475.5,436.0,452.05,474.42,626.54,831.3525,False,False,False,False,True,False,False,False,False,False,False,-0.2355415352260778,-0.1692954784437434,,,0.0022712933753942,-0.3176445846477391,0.0662460567823343,-0.29863301787592,-0.010842617124738,-0.384006194005088,590.0,705.0,0.7935285053929122,-0.0079676236246363,0.0043284867894163,0.0005679091910512
2008-08-12,495.5,495.5,449.5,449.5,575.0,449.5,444.5,447.2,468.2,619.6666666666666,829.675,False,False,False,False,False,False,False,False,False,True,False,-0.2013348164627363,-0.0889877641824249,,,-0.0416017797552836,-0.3785687801260659,-0.0100111234705228,-0.2024471635150166,-0.0110919849381387,-0.3585420393559927,585.0,745.0,1.116504854368932,-0.0132849209739428,-0.0053172973493064,-0.0002493678134006
2008-08-13,435.0,436.5,427.5,431.5,397.0,431.5,444.9,440.6,463.86,613.22,827.8325,False,False,False,False,False,False,False,False,False,False,False,-0.1448435689455388,-0.0278099652375434,,,-0.0749942062572422,-0.4211355735805331,0.0359212050984936,-0.1413673232908459,-0.0105128121500711,-0.3272582841579664,595.0,750.0,0.6904347826086956,-0.0093562712887508,0.0039286496851919,0.0005791727880676
2008-08-14,430.0,442.0,417.5,432.5,501.0,432.5,445.4,435.35,460.36,607.2533333333333,825.97,False,False,False,False,False,False,False,False,False,False,False,-0.1398843930635838,0.0855491329479768,,,-0.0644161849710983,-0.4040539499036609,0.099421965317919,-0.1710982658959537,-0.009825663095029,-0.2943378890547836,575.0,715.0,1.2619647355163728,-0.007602745677296,0.0017535256114548,0.000687149055042
2008-08-15,418.0,418.5,382.5,382.5,1082.0,382.5,434.3,428.85,454.66,601.4866666666667,823.5325,False,False,False,False,False,False,False,False,False,True,False,-0.0313725490196078,0.3241830065359477,,,-0.1886535947712418,-0.5725141612200436,0.2366013071895424,-0.0758169934640522,-0.0095873557740265,-0.2539815786405503,550.0,730.0,2.1596806387225547,-0.0125368407161395,-0.0049340950388434,0.0002383073210024
2008-08-18,363.0,382.0,353.5,363.5,1535.0,363.5,411.9,423.95,449.8,594.8666666666667,820.9,False,False,False,False,False,False,False,False,False,False,False,0.0866574965612104,0.4030261348005502,,,-0.237414030261348,-0.6364970197157267,0.3204951856946355,0.0729023383768913,-0.011128544211588,-0.2114636159924519,560.0,740.0,1.4186691312384474,-0.0108048021342819,0.0017320385818575,-0.0015411884375614
2008-08-19,359.5,380.5,354.0,359.0,670.0,359.0,393.8,419.15,445.38,588.52,818.47,False,False,False,False,False,False,False,False,False,False,False,0.1406685236768802,0.4345403899721448,,,-0.2406128133704735,-0.6393314763231197,0.4721448467966573,0.0598885793871866,-0.0107841138222434,-0.1752355958487415,555.0,720.0,0.4364820846905538,-0.0099241097489784,0.0008806923853034,0.0003444303893446
2008-08-20,356.0,372.0,355.0,369.0,379.0,369.0,381.3,413.1,442.34,582.44,815.74,False,False,False,False,False,False,False,False,False,False,False,0.1368563685636856,0.3292682926829268,,,-0.1987533875338752,-0.578428184281843,0.3658536585365853,0.1300813008130081,-0.0104388434860241,-0.1327765674170903,530.0,700.0,0.5656716417910448,-0.0068725414839264,0.0030515682650519,0.0003452703362192
2008-08-21,369.0,379.0,368.0,372.0,271.0,372.0,369.2,407.3,440.12,576.2,812.6,False,False,False,False,False,False,False,False,False,False,False,0.2620967741935484,0.3978494623655914,,,-0.1831182795698925,-0.5489247311827958,0.3803763440860215,0.0887096774193548,-0.010829573064908,-0.0969801129388657,625.0,725.0,0.7150395778364116,-0.005044078887576,0.0018284625963503,-0.0003907295788838
2008-08-22,377.0,379.0,370.5,370.5,111.0,370.5,366.8,400.55,436.94,569.0733333333334,809.5025,False,False,False,False,False,False,False,False,False,True,False,0.3670715249662618,0.3684210526315789,,,-0.1793252361673414,-0.5359604138551508,0.3603238866396761,0.0634278002699055,-0.0125232834666885,-0.0610410685307701,610.0,740.0,0.4095940959409594,-0.0072778871240902,-0.0022338082365142,-0.0016937104017804
2008-08-25,390.5,398.0,380.5,395.0,271.0,395.0,373.1,392.5,434.68,562.74,806.6525,False,False,False,False,False,False,False,False,False,False,False,0.2911392405063291,0.3531645569620253,,,-0.1004556962025316,-0.4246582278481013,0.2164556962025316,0.0341772151898734,-0.0112544573574534,-0.0226751592356687,595.0,745.0,2.4414414414414414,-0.0051992270175761,0.0020786601065141,0.001268826109235
2008-08-26,400.0,411.5,390.0,409.5,248.0,409.5,383.2,388.5,433.98,556.6,804.075,False,False,False,False,False,False,False,False,False,False,False,0.2576312576312576,0.3553113553113553,,,-0.0597802197802198,-0.3592185592185593,0.0598290598290598,-0.0073260073260073,-0.0110312612288896,-0.0002574002574003,615.0,730.0,0.915129151291513,-0.0016129775565694,0.0035862494610067,0.0002231961285638
2008-08-27,404.5,420.0,402.5,419.5,179.0,419.5,393.3,387.3,432.42,550.66,801.5475,False,False,False,False,False,False,False,False,False,True,False,0.169249106078665,0.302741358760429,,,-0.0307985697258641,-0.3126579261025029,0.0369487485101311,-0.0464839094159713,-0.01078705553336,0.0104570100697134,635.0,700.0,0.7217741935483871,-0.0036076037186069,-0.0019946261620375,0.0002442056955295
2008-08-28,469.5,469.5,469.5,469.5,59.0,469.5,412.8,391.0,430.9,545.72,799.32,False,False,False,False,True,False,False,False,False,False,True,0.1075612353567625,0.1160809371671991,,,0.0822151224707135,-0.1623429179978701,-0.1277955271565495,-0.1277955271565495,-0.0090522612328665,0.0139386189258311,620.0,650.0,0.329608938547486,-0.0035275005801811,8.010313842580835e-05,0.0017347943004935
2008-08-29,499.5,510.0,475.0,506.5,2345.0,506.5,440.0,403.4,430.94,542.0733333333334,797.4525,False,False,False,False,False,False,True,False,False,False,False,0.0009871668311944,0.0266535044422507,,,0.1491806515301086,-0.0702336294833827,-0.2398815399802566,-0.2053307008884501,-0.0067272570746885,-0.0050818046603866,585.0,655.0,39.74576271186441,9.282034621993888e-05,0.003620320926401,0.002325004158178
2008-09-01,486.5,510.0,486.5,510.0,2150.0,510.0,463.0,418.05,430.42,539.4733333333334,795.5025,False,False,False,False,False,False,False,False,False,True,False,0.0480392156862745,-0.0058823529411764,,,0.1560392156862745,-0.0577908496732026,-0.3431372549019608,-0.2558823529411764,-0.0048195153297661,-0.0424590360004784,570.0,630.0,0.9168443496801706,-0.0012081222991496,-0.0013009426453695,0.0019077417449223
2008-09-02,508.5,540.0,503.0,515.0,2477.0,515.0,484.1,433.65,431.1,536.4066666666666,793.6025,False,False,False,False,False,False,True,False,True,False,False,0.0776699029126213,-0.1359223300970873,,,0.1629126213592232,-0.0415663430420711,-0.3941747572815534,-0.283495145631068,-0.0057170554678665,-0.0795572466274645,605.0,590.0,1.152093023255814,0.0015773602412433,0.0027854825403929,-0.0008975401381004
2008-09-03,509.5,524.5,490.5,490.5,1474.0,490.5,498.3,445.8,430.82,532.9466666666667,791.605,False,False,False,False,False,False,False,False,False,True,False,0.1141692150866462,-0.0886850152905198,,,0.1216717635066259,-0.086537546721033,-0.4148827726809378,-0.2874617737003058,-0.006492206849966,-0.1197846567967699,540.0,565.0,0.595074687121518,-0.0006499234018848,-0.0022272836431281,-0.0007751513820995
2008-09-04,510.0,535.0,507.5,520.0,1888.0,520.0,508.4,460.6,432.22,530.3466666666667,789.905,False,False,False,False,False,False,True,False,True,False,False,0.0076923076923076,-0.085576923076923,,,0.1688076923076922,-0.0198974358974359,-0.4,-0.2846153846153846,-0.0049024537409493,-0.1552323056882327,520.0,560.0,1.2808683853459972,0.0032390912035538,0.0038890146054386,0.0015897531090167
2008-09-05,500.0,515.0,496.0,507.0,841.0,507.0,508.5,474.25,434.6,527.3733333333333,787.59,False,False,False,False,False,False,True,False,False,False,False,0.0256410256410256,-0.0670611439842209,,,0.142800788954635,-0.0401840894148586,-0.4230769230769231,-0.2090729783037475,-0.005638004702551,-0.1780706378492356,525.0,575.0,0.4454449152542373,0.0054763000460193,0.0022372088424654,-0.0007355509616016
2008-09-08,515.5,538.0,515.5,534.5,919.0,534.5,513.4,488.2,439.48,524.6333333333333,785.3875,False,False,False,False,False,False,True,False,False,False,False,-0.0514499532273152,-0.1019644527595884,,,0.1777736202057998,0.018459619582164,-0.4761459307764266,-0.2497661365762394,-0.0052226952157062,-0.2030929946743137,485.0,590.0,1.0927467300832343,0.0111040320378629,0.0056277319918436,0.0004153094868448
2008-09-09,541.0,555.0,532.0,555.0,907.0,555.0,521.4,502.75,445.4,522.4333333333333,783.4125,False,False,False,False,False,False,True,False,False,False,False,-0.1981981981981982,-0.0477477477477477,,,0.1974774774774775,0.0586786786786787,-0.481981981981982,-0.3036036036036036,-0.0042110636125822,-0.2301342615614122,469.5,585.0,0.9869423286180632,0.0132914234396047,0.0021873914017418,0.0010116316031239
2008-09-10,538.0,558.5,532.5,546.5,796.0,546.5,532.6,515.45,450.08,520.3866666666667,781.32,False,False,False,False,False,False,True,False,False,True,False,-0.182067703568161,-0.0777676120768527,,,0.1764318389752973,0.0477828606282403,-0.4327538883806038,-0.2955169258920402,-0.003932972917574,-0.2520128043457174,445.0,595.0,0.8776185226019846,0.010398151439744,-0.0028932719998606,0.0002780906950082
2008-09-11,549.5,550.0,521.5,524.0,755.0,524.0,533.4,520.9,453.84,517.7066666666667,779.315,False,False,False,False,False,False,True,False,False,True,False,-0.0925572519083969,-0.0200381679389312,,,0.1338931297709924,0.0120101781170482,-0.3606870229007634,-0.2805343511450381,-0.0051766766251157,-0.2660779420234209,427.5,575.0,0.9484924623115578,0.0082848580997708,-0.0021132933399732,-0.0012437037075417
2008-09-12,515.0,528.0,512.5,520.0,564.0,520.0,536.0,522.25,457.12,514.7733333333333,777.19,False,False,False,False,False,False,True,False,False,True,False,-0.0903846153846153,-0.0307692307692307,,,0.1209230769230769,0.010051282051282,-0.3076923076923077,-0.2778846153846154,-0.005698300870286,-0.2731450454763044,450.0,550.0,0.7470198675496689,0.0071753587679384,-0.0011094993318323,-0.0005216242451702
2008-09-16,482.5,534.5,480.5,507.0,1120.0,507.0,530.5,521.95,458.38,511.6,775.4,False,False,False,False,False,False,True,False,False,True,False,-0.0532544378698224,-0.0522682445759368,,,0.0958974358974359,-0.0090729783037475,-0.2998027613412228,-0.2406311637080868,-0.0062027625749282,-0.2716735319475046,451.5,560.0,1.98581560283688,0.0027488110301496,-0.0044265477377888,-0.0005044617046421
2008-09-17,510.0,510.0,440.0,445.0,1440.0,445.0,508.5,514.95,458.2,507.8,773.15,False,False,False,False,False,False,False,False,False,True,False,0.1876404494382022,-0.0247191011235955,,,-0.0296629213483145,-0.141123595505618,-0.2584269662921348,-0.1617977528089887,-0.0074832611264277,-0.2609962132245849,427.0,555.0,1.2857142857142858,-0.0003928415539066,-0.0031416525840562,-0.0012804985514995
2008-09-18,440.0,448.0,415.0,447.0,876.0,447.0,488.6,510.6,458.82,504.4266666666667,770.885,False,False,False,False,False,False,True,False,True,False,False,0.1275167785234899,-0.0268456375838926,,,-0.0264429530201342,-0.1284712900820283,-0.3120805369127516,-0.1588366890380313,-0.0066874603510255,-0.2495103799451626,458.5,530.0,0.6083333333333333,0.0013512924458393,0.0017441339997459,0.0007958007754021
2008-09-19,467.0,480.0,455.0,475.5,420.0,475.5,478.9,506.15,460.54,502.1,768.8125,False,False,False,False,False,False,True,False,False,False,False,0.0799158780231335,-0.138801261829653,,,0.0314616193480546,-0.0559411146161935,-0.3385909568874868,-0.1966351209253417,-0.004633871074819,-0.2409364812802528,507.5,625.0,0.4794520547945205,0.0037347461675425,0.0023834537217031,0.0020535892762065
2008-09-22,480.5,490.0,473.0,473.0,418.0,473.0,469.5,502.75,464.16,499.67333333333335,766.7025,False,False,False,False,False,False,True,False,False,False,False,0.0655391120507399,-0.1860465116279069,,,0.0186892177589851,-0.0563918252290345,-0.3403805496828753,-0.1733615221987315,-0.0048565062507505,-0.2377921432123322,505.5,610.0,0.9952380952380953,0.0077990348155808,0.0040642886480383,-0.0002226351759314
2008-09-24,478.0,481.5,467.5,480.0,265.0,480.0,464.1,497.3,468.82,497.67333333333335,764.3025,False,False,False,False,False,False,True,False,False,False,False,0.0010416666666666,-0.3020833333333333,,,0.0232916666666666,-0.0368194444444444,-0.3333333333333333,-0.2,-0.004018700352306,-0.2328574301226623,523.0,595.0,0.6339712918660287,0.0099398489825518,0.002140814166971,0.0008378058984444
2008-09-25,488.5,529.0,485.5,528.5,968.0,528.5,480.8,494.65,475.6,496.85333333333335,762.295,False,False,False,False,False,False,True,False,False,False,False,-0.1788079470198675,-0.4096499526963103,,,0.1000946073793755,0.0598801639861242,-0.3964049195837275,-0.2838221381267738,-0.001650386431945,-0.2303649044779136,498.0,615.0,3.652830188679245,0.014255677039529,0.0043158280569772,0.002368313920361
2008-09-26,528.5,529.0,500.0,504.0,565.0,504.0,492.2,490.4,481.0,496.04,759.99,False,False,False,False,False,False,True,False,False,True,False,-0.1369047619047619,-0.4305555555555556,,,0.0456349206349206,0.0157936507936507,-0.3432539682539682,-0.2490079365079365,-0.0016396527161788,-0.2250203915171288,497.5,635.0,0.5836776859504132,0.0112266112266111,-0.0030290658129178,1.073371576622577e-05
2008-09-29,512.5,525.0,508.0,513.5,745.0,513.5,499.8,489.35,486.66,495.42,757.3075,False,False,False,False,False,False,True,False,False,False,False,-0.2025316455696202,-0.3924050632911392,,,0.0522687439143134,0.0352093476144108,-0.3184031158714703,-0.2599805258033106,-0.0012514634047878,-0.2227444569326657,485.0,620.0,1.3185840707964602,0.0116302963054288,0.0004036850788177,0.0003881893113909
2008-09-30,488.5,505.0,487.5,504.0,593.0,504.0,506.0,487.75,492.0,494.47333333333336,754.2525,False,False,False,False,False,False,True,False,False,True,False,-0.2361111111111111,-0.4196428571428571,,,0.0238095238095238,0.0189021164021163,-0.3779761904761904,-0.2430555555555555,-0.0019144948834449,-0.2189646335212711,447.5,585.0,0.7959731543624161,0.0108536585365853,-0.0007766377688435,-0.0006630314786571
2008-10-01,508.0,512.5,480.0,480.5,812.0,480.5,506.1,485.1,495.42,493.0133333333333,751.305,False,True,False,False,False,False,True,False,False,True,False,-0.3028095733610822,-0.4172736732570239,,,-0.03105098855359,-0.0260423170308705,-0.3579604578563995,-0.2247658688865765,-0.0029613803548248,-0.2172747887033602,412.5,570.0,1.369308600337268,0.0069032336199588,-0.0039504249166264,-0.0010468854713798
2008-10-02,485.5,485.5,432.5,434.0,503.0,434.0,487.2,484.0,496.4,491.0,748.475,False,False,False,False,False,False,True,False,False,True,False,-0.2811059907834101,-0.3375576036866359,,,-0.1437788018433179,-0.1313364055299539,-0.2880184331797235,-0.1094470046082949,-0.0041004752206381,-0.2127066115702479,407.0,605.0,0.6194581280788177,0.0019742143432714,-0.0049290192766873,-0.0011390948658133
2008-10-03,426.5,448.0,415.0,435.0,696.0,435.0,473.4,482.8,497.02,488.8666666666667,745.65,False,False,False,False,False,False,True,False,False,True,False,-0.3402298850574712,-0.2873563218390804,,,-0.1425747126436781,-0.123831417624521,-0.3045977011494253,-0.1298850574712643,-0.0043638347197599,-0.21023198011599,429.5,540.0,1.3836978131212725,0.0012474347108768,-0.0007267796323946,-0.0002633594991218
2008-10-06,420.0,441.5,400.0,409.5,512.0,409.5,452.6,476.2,494.62,486.66,743.0225,False,False,False,False,False,False,False,False,False,True,False,-0.238095238095238,-0.1819291819291819,,,-0.2078632478632478,-0.1884249084249085,-0.2673992673992674,-0.0476190476190476,-0.00453430868916,-0.1976060478790423,430.0,520.0,0.735632183908046,-0.0048522097772026,-0.0060996444880794,-0.0001704739694001
2008-10-07,379.5,414.5,375.5,385.0,848.0,385.0,428.8,467.4,489.76,484.46,740.0225,False,False,False,False,False,False,False,False,False,True,False,-0.2402597402597402,-0.0649350649350649,,,-0.272103896103896,-0.2583376623376623,-0.2727272727272727,0.0714285714285714,-0.0045411385872931,-0.1778990158322635,438.0,525.0,1.65625,-0.0099232277033649,-0.0050710179261622,-6.829898133073852e-06
2008-10-08,370.0,373.5,335.0,335.0,856.0,335.0,399.7,452.9,482.76,481.46,736.9225,False,False,False,False,False,False,False,False,False,True,False,-0.1641791044776119,0.0597014925373134,,,-0.4410746268656716,-0.4371940298507462,-0.1611940298507462,0.2537313432835821,-0.006231047231338,-0.1436299403841907,475.5,485.0,1.009433962264151,-0.0144999585715469,-0.0045767308681819,-0.0016899086440448
2008-10-09,322.5,338.0,310.0,312.0,1287.0,312.0,375.3,431.25,474.64,478.22,733.9575,False,False,True,False,False,False,False,False,False,True,False,-0.078525641025641,0.0576923076923076,,,-0.5212820512820512,-0.5327564102564103,-0.1201923076923077,0.4118589743589743,-0.006775124419723,-0.0862608695652173,449.5,469.5,1.5035046728971964,-0.0171077026799258,-0.0026077441083789,-0.000544077188385
2008-10-10,289.0,300.0,287.0,287.0,966.0,287.0,345.7,409.55,466.5,474.98,731.0925,False,False,False,False,False,False,False,False,False,True,False,0.0801393728222996,0.0714285714285714,,,-0.6254355400696864,-0.6549825783972126,-0.0418118466898954,0.5679442508710801,-0.0068213398458882,-0.0203882309852277,431.5,445.0,0.7505827505827506,-0.0174490889603429,-0.0003413862804171,-4.6215426165226864e-05
2008-10-14,309.5,312.0,301.5,312.0,909.0,312.0,326.2,389.4,458.18,470.8066666666667,727.9775,False,False,False,False,False,False,False,False,False,True,False,0.0737179487179487,0.0080128205128205,,,-0.468525641025641,-0.5089957264957266,-0.1971153846153846,0.3782051282051282,-0.0088642188584132,0.0431432973805855,432.5,427.5,0.9409937888198758,-0.0181588022174691,-0.0007097132571261,-0.0020428790125249
2008-10-15,300.0,303.0,287.0,292.5,1336.0,292.5,307.7,368.25,449.6,466.5733333333333,725.04,False,False,False,False,False,False,False,False,False,True,False,0.2307692307692307,0.0666666666666666,,,-0.5370940170940172,-0.5951225071225071,-0.2263247863247862,0.2991452991452991,-0.0090732432200726,0.1026476578411405,382.5,450.0,1.4697469746974698,-0.0190836298932383,-0.0009248276757692,-0.0002090243616593
2008-10-16,275.0,280.0,268.5,280.0,880.0,280.0,296.7,348.2,439.42,462.3733333333333,722.19,False,False,False,False,False,False,False,False,False,True,False,0.2678571428571428,0.1428571428571428,,,-0.5693571428571429,-0.6513333333333331,-0.1203571428571428,0.2607142857142857,-0.0090835688332661,0.1605399195864446,363.5,451.5,0.6586826347305389,-0.0231669018251331,-0.0040832719318947,-1.0325613193529204e-05
2008-10-17,282.5,287.5,276.0,287.5,592.0,287.5,291.8,333.55,428.72,458.00666666666666,718.9525,False,False,False,False,False,False,False,False,False,True,False,0.1478260869565217,0.1095652173913043,,,-0.4912000000000001,-0.5930666666666666,-0.0730434782608695,0.248695652173913,-0.0095340679174974,0.2032678758806775,359.0,427.0,0.6727272727272727,-0.0249580145549542,-0.0017911127298211,-0.0004504990842313
2008-10-20,287.5,310.0,285.0,310.0,566.0,310.0,296.4,321.05,419.26,453.67333333333335,715.5775,False,False,False,False,False,False,False,False,False,False,False,-0.0080645161290322,0.0677419354838709,,,-0.3524516129032258,-0.4634623655913979,-0.0596774193548387,0.1451612903225806,-0.0095516597845732,0.2427970721071483,369.0,458.5,0.956081081081081,-0.022563564375328,0.0023944501796262,-1.7591867075837306e-05
2008-10-21,335.0,335.0,335.0,335.0,52.0,335.0,301.0,313.6,411.7,449.8733333333333,711.9775,False,False,False,False,False,False,False,False,False,False,False,-0.0611940298507462,0.044776119402985,,,-0.2289552238805969,-0.3429054726368157,-0.0761194029850746,0.0597014925373134,-0.0084468220684342,0.2611607142857142,372.0,507.5,0.0918727915194346,-0.018362885596308,0.00420067877902,0.001104837716139
2008-10-22,335.0,360.0,335.0,360.0,1216.0,360.0,314.5,311.1,405.3,446.8733333333333,708.4275,False,False,False,False,False,False,False,False,False,False,False,-0.1333333333333333,-0.1291666666666666,,,-0.1258333333333333,-0.2413148148148146,-0.1361111111111111,-0.0236111111111111,-0.0067133117512792,0.2516875602700095,370.5,505.5,23.384615384615383,-0.0157907722674561,0.0025721133288518,0.0017335103171549
2008-10-23,345.0,355.5,325.5,355.0,540.0,355.0,329.5,313.1,399.22,444.00666666666666,705.0025,False,False,False,False,False,False,False,False,False,False,True,-0.0985915492957746,-0.1309859154929577,,,-0.1245633802816902,-0.2507230046948356,-0.0605633802816901,-0.1056338028169014,-0.0064563595141212,0.2109549664643882,395.0,523.0,0.4440789473684211,-0.0152296979109262,0.0005610743565298,0.0002569522371579
2008-10-24,358.5,364.5,315.0,330.0,466.0,330.0,338.0,314.9,394.62,440.34,701.6275,False,False,False,False,False,False,False,False,False,False,False,-0.0333333333333333,-0.0636363636363636,,,-0.1958181818181818,-0.3343636363636363,0.0863636363636363,-0.0227272727272727,-0.0083268989114472,0.1665608129564942,409.5,498.0,0.8629629629629629,-0.0116567837413208,0.0035729141696054,-0.0018705393973259
2008-10-27,327.5,327.5,305.5,307.5,852.0,307.5,337.5,316.95,389.04,437.24,697.69,False,False,False,False,False,False,False,False,False,True,False,0.0764227642276422,-0.016260162601626,,,-0.2651707317073171,-0.4219186991869919,0.2048780487804878,0.0943089430894309,-0.0070899277284785,0.1232055529263291,419.5,497.5,1.8283261802575108,-0.0143429981492905,-0.0026862144079696,0.0012369711829686
2008-10-28,302.5,316.5,282.5,314.5,483.0,314.5,333.4,317.2,382.6,434.5,693.5625,False,False,False,False,False,False,False,False,False,True,False,0.1128775834658187,-0.0461049284578696,,,-0.2165341812400636,-0.3815580286168522,0.1399046104928457,0.0572337042925278,-0.0063060989643268,0.0915825977301387,469.5,485.0,0.5669014084507042,-0.0168322007318348,-0.0024892025825442,0.0007838287641517
2008-10-29,327.0,334.0,303.0,312.0,257.0,312.0,323.8,319.15,376.16,431.66,689.1225,False,False,False,False,False,False,False,False,False,True,True,0.0048076923076923,-0.1025641025641025,,,-0.2056410256410257,-0.3835256410256411,0.1330128205128205,0.0737179487179487,-0.0065792521892229,0.0708130972896757,506.5,447.5,0.5320910973084886,-0.0171203743088047,-0.0002881735769699,-0.0002731532248961
2008-10-30,319.5,324.0,303.5,320.0,395.0,320.0,316.8,323.15,369.76,429.46,684.9475,False,False,False,False,False,False,False,False,False,True,False,-0.0359375,-0.121875,,,-0.1554999999999999,-0.3420624999999999,0.21875,0.0625,-0.0051227122432823,0.0535355098251586,510.0,412.5,1.5369649805447472,-0.0173085244482908,-0.0001881501394861,0.0014565399459405
2008-10-31,312.5,319.0,310.0,319.0,233.0,319.0,314.6,326.3,361.38,427.4533333333333,680.7675,False,False,False,False,False,False,False,False,False,True,False,-0.0313479623824451,-0.1394984326018808,,,-0.1328526645768025,-0.3399791013584116,0.1927899686520376,0.0940438871473354,-0.0046944695717271,0.040300337113086,515.0,407.0,0.589873417721519,-0.0231888870441086,-0.0058803625958178,0.0004282426715552
2008-11-04,320.5,336.5,313.5,331.0,279.0,331.0,319.3,328.4,354.46,425.9333333333333,677.0725,False,False,False,False,False,False,False,False,False,False,False,-0.0861027190332326,-0.1691842900302115,,,-0.0708761329305135,-0.286807653575025,0.2598187311178248,0.0317220543806646,-0.0035686335889811,0.0295371498172961,490.5,429.5,1.1974248927038629,-0.0195226541781865,0.0036662328659221,0.0011258359827459
2008-11-05,338.5,352.5,333.5,350.0,415.0,350.0,326.4,329.9,347.92,424.9,673.6975,False,False,False,False,True,False,False,False,False,False,False,-0.1428571428571428,-0.2842857142857143,,,0.005942857142857,-0.2139999999999999,0.1571428571428571,-0.05,-0.0024319447713186,0.0180357684146712,520.0,430.0,1.4874551971326164,-0.0187974246953321,0.0007252294828544,0.0011366888176624
2008-11-06,330.0,333.5,311.0,313.5,419.0,313.5,326.7,325.25,340.3,423.08,669.965,False,False,False,False,False,False,False,False,False,True,False,-0.1068580542264752,-0.2781499202551833,,,-0.0854864433811802,-0.3495374800637958,0.2567783094098884,0.0127591706539074,-0.0043017868960952,0.0221368178324365,507.0,438.0,1.0096385542168675,-0.0223920070526006,-0.0035945823572685,-0.0018698421247766
2008-11-07,299.5,325.0,293.0,308.5,335.0,308.5,324.4,320.6,333.42,421.17333333333335,666.0825,False,False,False,False,False,False,False,False,False,False,False,-0.0891410048622366,-0.2016207455429497,,,-0.0807779578606159,-0.3652296056185846,0.3241491085899514,-0.0226904376012965,-0.0045270355831327,0.0319713038053649,534.5,475.5,0.7995226730310262,-0.0206346349949013,0.0017573720576993,-0.0002252486870374
2008-11-10,315.0,317.5,305.0,309.0,396.0,309.0,322.4,318.5,328.42,419.6,662.5025,False,False,False,False,False,False,False,False,False,False,False,-0.1116504854368932,-0.1375404530744336,,,-0.0628478964401295,-0.3579288025889968,0.3155339805825243,-0.0695792880258899,-0.0037496027963139,0.0277864992150707,555.0,449.5,1.182089552238806,-0.0152244077705377,0.0054102272243635,0.0007774327868188
2008-11-11,306.5,310.0,300.5,302.5,304.0,302.5,316.7,318.0,323.12,417.52,658.915,False,False,False,False,False,False,False,False,False,True,False,-0.0909090909090909,-0.0363636363636363,,,-0.0681652892561983,-0.3802314049586776,0.3223140495867768,-0.0082644628099173,-0.0049817972791723,0.0179245283018867,546.5,431.5,0.7676767676767676,-0.0164025748947759,-0.0011781671242382,-0.0012321944828584
2008-11-12,297.5,300.0,291.5,300.0,347.0,300.0,306.7,316.55,318.74,414.7533333333333,655.54,False,False,False,False,False,False,False,False,False,False,False,-0.165,0.0316666666666666,,,-0.0624666666666667,-0.3825111111111109,0.365,-0.04,-0.0066706315400319,0.0085294582214499,524.0,432.5,1.1414473684210529,-0.0137416075798456,0.0026609673149303,-0.0016888342608595
2008-11-13,290.0,290.0,275.0,280.0,467.0,280.0,300.0,313.35,314.54,411.7466666666666,651.94,False,False,False,False,False,False,False,False,False,False,False,-0.1917857142857142,0.1107142857142857,,,-0.1233571428571429,-0.4705238095238093,0.4375,-0.0178571428571428,-0.0073022246688902,-0.0003191319610659,520.0,382.5,1.345821325648415,-0.0133528327080816,0.000388774871764,-0.0006315931288583
2008-11-14,283.5,293.0,279.5,281.0,242.0,281.0,294.5,309.45,312.38,408.52,648.045,False,False,False,False,False,False,False,False,False,False,False,-0.1234875444839857,0.1868327402135231,,,-0.1116725978647686,-0.4538078291814946,0.3505338078291815,-0.0622775800711743,-0.0078984301054211,-0.0124414283406041,507.0,363.5,0.5182012847965739,-0.0069146552276074,0.0064381774804741,-0.0005962054365308
2008-11-17,280.0,281.0,273.0,274.5,210.0,274.5,287.6,305.0,310.88,405.54,644.3175,False,False,False,False,False,False,False,False,False,False,False,-0.029143897996357,0.3060109289617486,,,-0.1325318761384335,-0.4773770491803279,0.3442622950819672,0.0510018214936247,-0.0073482270552842,-0.0178688524590163,445.0,359.0,0.8677685950413223,-0.0048250128667009,0.0020896423609065,0.0005502030501368
2008-11-18,273.5,275.0,269.0,275.0,268.0,275.0,282.1,299.4,310.4,402.5733333333333,640.8175,False,False,False,False,False,False,False,False,False,False,False,0.06,0.3472727272727273,,,-0.1287272727272726,-0.4639030303030302,0.2709090909090909,-0.0381818181818181,-0.007369257774981,-0.0252171008684033,447.0,369.0,1.276190476190476,-0.0015463917525773,0.0032786211141235,-2.1030719696814304e-05
2008-11-19,278.0,293.0,250.0,250.5,676.0,250.5,272.2,289.45,307.94,399.44666666666666,637.57,False,False,False,False,False,False,False,False,False,True,False,0.2355289421157684,0.4311377245508982,,,-0.2293013972055888,-0.5945974717232202,0.4850299401197604,0.0898203592814371,-0.007827494701003,-0.0122646398341682,475.5,372.0,2.5223880597014925,-0.0079885692017924,-0.0064421774492151,-0.000458236926022
2008-11-20,232.05127071823205,237.05237569060773,225.54983425414363,226.3,1008.0,226.3,261.46,280.73,305.29200000000003,396.4973333333333,634.1015,False,False,False,False,False,False,False,False,False,True,False,0.374281926646045,0.5620857269111798,,,-0.3490587715422006,-0.7520871998821621,0.7719840919133892,0.2814847547503313,-0.0074384695315311,0.0086203825740033,473.0,370.5,1.4911242603550297,-0.0086736632469896,-0.0006850940451971,0.0003890251694718
2008-11-21,230.29675126903552,246.3,230.29675126903552,246.3,1610.0,246.3,254.52,274.51000000000005,303.944,394.2813333333333,630.808,False,False,False,False,False,False,False,False,False,False,False,0.3540397888753552,0.5834348355663824,,,-0.2340397888753552,-0.6008174313168221,0.6280958181079983,0.0982541615915549,-0.0056203523034314,0.0201814141561326,480.0,395.0,1.5972222222222223,-0.0044350275050667,0.0042386357419228,0.0018181172280997
2008-11-25,266.5,266.5,266.5,266.5,164.0,266.5,252.92,270.26000000000005,303.10400000000004,392.408,627.5905,False,False,False,False,False,False,False,False,False,False,False,0.3452157598499062,0.4277673545966229,,,-0.1373508442776737,-0.4724502814258912,0.450281425891182,0.0318949343339587,-0.0047739427670518,0.0315992007696291,528.5,409.5,0.101863354037267,-0.0027713260135134,0.0016637014915533,0.0008464095363795
2008-11-26,291.5,291.5,291.5,291.5,261.0,291.5,256.22,269.16,302.36400000000003,390.568,624.623,False,False,False,False,False,False,False,False,False,False,False,0.2710120068610634,0.4305317324185249,,,-0.0372692967409949,-0.3398559176672384,0.320754716981132,-0.0754716981132075,-0.0047110874418796,0.0244835785406448,504.0,419.5,1.5914634146341464,-0.0024473813020068,0.0003239447115065,6.285532517223778e-05
2008-11-27,306.0,322.5,293.0,309.5,2644.0,309.5,268.02,270.11,301.344,388.9613333333333,621.7705000000001,False,False,False,False,True,False,False,False,False,True,True,0.1583198707592892,0.308562197092084,,,0.0263521809369951,-0.2567409800753903,0.2180936995153473,-0.1114701130856219,-0.0041306590886498,0.01606752804413,513.5,469.5,10.130268199233717,-0.0033848359350112,-0.0009374546330043,0.0005804283532297
2008-11-28,307.0,311.0,300.5,311.0,640.0,311.0,284.96,273.21,299.384,387.268,619.0505,False,False,False,False,False,False,False,False,False,True,False,0.1366559485530546,0.2668810289389067,,,0.0373504823151124,-0.2452347266881028,0.2073954983922829,-0.0964630225080385,-0.0043725103373718,0.006734746165953,504.0,506.5,0.2420574886535552,-0.006546776046816,-0.0031619401118047,-0.000241851248722
2008-12-01,316.0,333.5,312.5,333.5,871.0,333.5,302.4,278.46,298.524,385.37466666666666,616.768,False,False,False,False,False,False,False,False,False,False,False,0.169415292353823,0.224887556221889,,,0.1048755622188905,-0.1555462268865567,0.1544227886056971,-0.1439280359820089,-0.0049129678131411,-0.0043453278747395,480.5,510.0,1.3609375,-0.0028808404014418,0.0036659356453742,-0.0005404574757692
2008-12-02,321.0,358.5,319.0,358.5,1808.0,358.5,320.8,286.86,299.664,384.1613333333333,614.8605,False,False,False,False,False,False,True,False,True,False,False,0.0613668061366806,0.1338912133891213,,,0.1641171548117155,-0.0715797303579729,0.0404463040446304,-0.1576011157601115,-0.0031583952575481,-0.0287945339189848,434.0,515.0,2.0757749712973594,0.0038042607720646,0.0066851011735064,0.0017545725555929
2008-12-03,370.0,405.0,366.5,370.5,2599.0,370.5,336.6,296.41,302.184,383.348,613.2130000000001,False,False,False,False,False,False,True,False,False,False,False,0.1255060728744939,0.0796221322537112,,,0.1843886639676112,-0.0346774628879892,0.0148448043184885,-0.117408906882591,-0.0021216579539563,-0.0390000337370534,435.0,490.5,1.4375,0.0083392899690256,0.0045350291969609,0.0010367373035917
2008-12-04,360.5,372.0,352.0,358.5,1208.0,358.5,346.4,307.21,303.944,382.3613333333333,611.3055,False,False,False,False,False,False,True,False,False,True,False,0.1297071129707113,0.1422594142259414,,,0.1521785216178521,-0.0665588098558808,0.0655509065550906,-0.0418410041841004,-0.002580456182808,-0.049835617330165,409.5,520.0,0.464794151596768,0.0057905403626983,-0.0025487496063272,-0.0004587982288516
2008-12-05,353.5,367.5,352.5,353.5,848.0,353.5,354.9,319.93,305.60400000000004,381.9746666666666,609.198,False,False,False,False,False,False,True,False,False,True,False,0.1145685997171145,0.1386138613861386,,,0.1354908062234793,-0.0805506836397924,0.106082036775106,-0.0763790664780763,-0.001012283537128,-0.0762041696621135,385.0,507.0,0.7019867549668874,0.0054318660750514,-0.0003586742876469,0.0015681726456799
2008-12-08,367.5,393.5,357.0,390.0,1332.0,390.0,366.2,334.3,308.404,382.328,606.523,False,False,False,False,False,False,True,True,False,False,False,0.0474358974358974,-0.0269230769230769,,,0.2092205128205128,0.0196717948717949,-0.0153846153846153,-0.1487179487179487,0.000924162847956,-0.097517200119653,335.0,534.5,1.570754716981132,0.0090790002723698,0.0036471341973184,0.0019364463850841
2008-12-09,394.5,399.0,375.5,380.5,1437.0,380.5,370.6,345.7,310.86400000000003,382.61466666666666,603.9505,False,False,False,False,False,False,True,True,False,True,False,0.0683311432325887,-0.0302233902759526,,,0.1830118265440209,-0.0055575996495838,-0.0052562417871222,-0.1261498028909329,0.0007492307317022,-0.1106450679780156,312.0,555.0,1.0788288288288288,0.0079134283802564,-0.0011655718921134,-0.0001749321162538
2008-12-10,385.5,420.0,382.5,417.0,1937.0,417.0,379.9,358.25,314.30400000000003,383.25466666666665,601.5855,False,False,False,False,False,False,True,True,False,False,False,-0.0407673860911271,-0.1618705035971223,,,0.2462733812949639,0.0809240607513989,-0.092326139088729,-0.1954436450839328,0.0016699079115365,-0.1233775296580599,287.0,546.5,1.34794711203897,0.0109448177560578,0.0030313893758013,0.0009206771798343
2008-12-11,420.0,420.5,396.0,405.0,807.0,405.0,389.2,367.8,316.504,383.69466666666665,599.0355000000001,False,False,False,False,False,False,True,True,False,True,False,0.0111111111111111,-0.0814814814814814,,,0.2185086419753086,0.0526057613168724,-0.0617283950617283,-0.1814814814814815,0.0011467451550017,-0.1307775965198478,312.0,524.0,0.4166236448115643,0.0069509390086696,-0.0039938787473881,-0.0005231627565348
2008-12-12,400.0,405.5,387.5,394.0,873.0,394.0,397.3,376.1,319.724,384.008,596.7555,False,False,False,False,False,False,True,True,False,False,False,0.0215736040609137,0.0177664974619289,,,0.1885177664974619,0.0253604060913706,-0.031725888324873,-0.2043147208121827,0.000815955223155,-0.1413187981919703,292.5,520.0,1.0817843866171004,0.0100711863982684,0.0031202473895987,-0.0003307899318466
2008-12-15,395.5,413.5,382.5,408.5,721.0,408.5,401.0,383.6,323.724,384.188,594.498,False,False,False,False,False,False,True,True,False,False,False,-0.0709914320685434,-0.018359853121175,,,0.2075299877600979,0.059515299877601,-0.0881272949816401,-0.2705018359853121,0.000468520620113,-0.1548488008342023,280.0,507.0,0.8258877434135166,0.0123562046681741,0.0022850182699057,-0.0003474346030419
2008-12-16,400.5,412.5,395.5,406.5,726.0,406.5,406.2,388.4,327.624,384.148,592.3805,False,False,False,False,False,False,True,False,False,True,False,-0.092250922509225,-0.04920049200492,,,0.1940369003690036,0.0549864698646985,-0.04920049200492,-0.2312423124231242,-0.0001041265345647,-0.1625901132852728,287.5,445.0,1.0069348127600557,0.0119038898249213,-0.0004523148432527,-0.0005726471546777
2008-12-17,411.0,420.5,400.0,400.0,649.0,400.0,402.8,391.35,331.524,383.888,589.7055,False,False,False,False,False,False,True,False,False,True,False,-0.12625,-0.0375,,,0.17119,0.04028,-0.05375,-0.22375,-0.0006772808735882,-0.1731186917081895,310.0,447.0,0.8939393939393939,0.0117638542006007,-0.0001400356243205,-0.0005731543390235
2008-12-18,400.0,414.0,398.0,409.5,373.0,409.5,403.7,396.45,335.904,383.088,587.178,False,False,False,False,False,False,True,False,False,False,False,-0.0915750915750915,-0.0793650793650793,,,0.1797216117216117,0.0644981684981684,-0.0476190476190476,-0.221001221001221,-0.0020882930292777,-0.1899356791524782,335.0,475.5,0.5747303543913713,0.0130394398399542,0.0012755856393534,-0.0014110121556894
2008-12-19,410.0,411.5,401.0,402.5,622.0,402.5,405.4,401.35,340.80400000000003,381.7013333333333,584.7155,False,False,False,False,False,False,True,False,False,False,False,-0.0037267080745341,-0.0670807453416149,,,0.1532819875776396,0.0516737060041408,0.0248447204968944,-0.217391304347826,-0.0036328578015622,-0.2026909181512396,360.0,473.0,1.6675603217158177,0.0143777655191841,0.0013383256792298,-0.0015445647722845
2008-12-22,402.5,406.0,370.0,379.5,1758.0,379.5,399.6,400.3,344.744,379.9613333333333,582.2130000000001,False,False,False,False,False,False,True,False,False,True,False,0.0566534914361001,0.0144927536231884,,,0.0915836627140974,-0.0012156346069388,0.1067193675889328,-0.1567852437417654,-0.0045794133438139,-0.2035973020234824,355.0,480.0,2.8263665594855305,0.0114287703339289,-0.0029489951852552,-0.0009465555422517
2008-12-24,370.0,374.5,364.0,369.0,949.0,369.0,392.1,399.15,348.524,378.0146666666666,579.308,False,False,False,False,False,False,True,False,False,True,False,0.0474254742547425,0.010840108401084,,,0.055490514905149,-0.0244299909665761,0.1937669376693767,-0.1598915989159891,-0.0051497120041198,-0.2069397469622948,330.0,528.5,0.5398179749715586,0.0108457380266494,-0.0005830323072794,-0.0005702986603059
2008-12-25,339.0,349.5,335.5,349.5,1056.0,349.5,382.0,392.4,351.504,376.13466666666665,576.5305000000001,False,False,False,False,False,False,True,False,False,True,False,0.1015736766809728,0.0758226037195994,,,-0.0057339055793991,-0.0762079160705769,0.2875536480686695,-0.1144492131616595,-0.004998209861007,-0.1999235474006116,307.5,504.0,1.112750263435195,0.008477855159543,-0.0023678828671064,0.0001515021431128
2008-12-26,352.0,372.0,349.5,372.0,534.0,372.0,374.5,389.1,356.36400000000003,374.1613333333333,573.4905,False,False,False,False,False,False,True,False,False,False,False,0.0134408602150537,0.0268817204301075,,,0.042032258064516,-0.0058100358422937,0.1559139784946236,-0.1303763440860215,-0.005274017268843,-0.1951940375224879,314.5,513.5,0.5056818181818182,0.0136377411859784,0.0051598860264353,-0.000275807407836
2008-12-29,397.0,415.0,395.0,401.0,949.0,401.0,374.2,389.8,363.352,372.748,570.5205000000001,False,False,False,False,False,False,True,False,False,False,False,-0.0635910224438902,-0.0249376558603491,,,0.0938852867830424,0.0704538653366583,-0.0523690773067331,-0.1970074812967581,-0.0037916590654632,-0.1944586967675731,312.0,504.0,1.7771535580524345,0.0192320394548535,0.0055942982688751,0.0014823582033798
2008-12-30,399.0,401.5,398.0,401.0,156.0,401.0,378.5,389.05,369.54,370.968,567.8255,False,False,False,False,False,False,True,False,False,True,False,-0.0399002493765586,-0.0423940149625935,,,0.0784538653366583,0.0748927680798004,-0.1197007481296758,-0.14214463840399,-0.0047982575316468,-0.1810821231204215,320.0,480.5,0.1643835616438356,0.0167451426097311,-0.0024868968451224,-0.0010065984661836
2009-01-05,400.0,401.0,386.0,386.5,214.0,386.5,382.0,387.05,374.34,368.7213333333333,565.033,False,True,False,False,False,False,True,False,False,True,False,-0.0349288486416558,-0.0206985769728331,,,0.0314618369987064,0.0459991375592929,-0.0711513583441138,-0.0452781371280724,-0.0060931290477724,-0.1622529388967833,319.0,434.0,1.3717948717948718,0.0128225677191856,-0.0039225748905454,-0.0012948715161256
2009-01-06,381.5,394.5,375.0,385.0,536.0,385.0,389.1,385.55,378.08,366.568,562.133,False,False,False,False,False,False,True,False,False,True,False,-0.0233766233766233,-0.0168831168831168,,,0.017974025974026,0.0478753246753247,-0.0779220779220779,-0.0441558441558441,-0.005874307995606,-0.1440798858773181,331.0,435.0,2.504672897196261,0.0098920863309352,-0.0029304813882503,0.0002188210521664
2009-01-07,381.0,385.0,372.0,377.0,261.0,377.0,390.1,382.3,380.78,364.608,559.068,False,False,False,False,False,False,True,False,False,True,False,0.013262599469496,0.0079575596816976,,,-0.0100265251989389,0.0328700265251989,-0.0583554376657824,-0.0159151193633952,-0.0053756362998068,-0.1232016740779493,350.0,409.5,0.4869402985074627,0.0070907085456168,-0.0028013777853184,0.0004986716957991
2009-01-08,372.5,380.0,371.5,375.5,315.0,375.5,385.0,379.6,383.36,362.6813333333333,556.0705,False,False,False,False,False,False,True,False,False,True,False,0.0412782956058588,0.0159786950732356,,,-0.0209320905459387,0.0341375943186862,-0.0639147802929427,-0.0346205059920106,-0.0053122851649382,-0.1044520547945206,313.5,385.0,1.206896551724138,0.0067299666110184,-0.0003607419345983,6.335113486864979e-05
2009-01-09,377.5,394.0,371.5,385.0,204.0,385.0,381.8,380.15,385.42,361.05466666666666,553.5455000000001,False,False,False,False,False,False,True,False,False,True,False,-0.0025974025974025,-0.0324675324675324,,,-0.0010909090909091,0.062195670995671,-0.1753246753246753,-0.0493506493506493,-0.0045053196007252,-0.0936472445087464,308.5,335.0,0.6476190476190476,0.0053448186394063,-0.0013851479716121,0.0008069655642129
2009-01-13,375.0,380.0,371.5,373.0,191.0,373.0,379.1,380.55,386.0,360.0946666666666,551.0605,False,False,False,False,False,False,True,False,False,True,False,0.0147453083109919,0.0361930294906166,,,-0.03485254691689,0.0345987488829312,-0.1353887399463807,-0.0227882037533512,-0.0026659656164491,-0.0802785442123242,309.0,312.0,0.9362745098039216,0.001502590673575,-0.0038422279658312,0.0018393539842761
2009-01-14,383.0,383.0,365.0,376.0,241.0,376.0,377.3,383.2,386.22,359.148,548.4655,False,False,False,False,False,False,True,False,False,True,False,0.0066489361702127,0.0066489361702127,,,-0.0271808510638298,0.0448191489361701,-0.1050531914893617,-0.0664893617021276,-0.0026358678502082,-0.0758089770354906,302.5,287.0,1.2617801047120418,0.0005696235306302,-0.0009329671429448,3.0097766240834867e-05
2009-01-15,374.0,385.0,365.5,382.0,290.0,382.0,378.3,384.2,387.16,357.9013333333333,545.7755000000001,False,False,False,False,False,False,True,False,True,False,False,-0.0052356020942408,0.0209424083769633,,,-0.0135078534031414,0.063085514834206,-0.1295811518324607,-0.0837696335078534,-0.0034832691319024,-0.0713170223841748,300.0,312.0,1.2033195020746887,0.0024279367703275,0.0018583132396972,-0.0008474012816941
2009-01-16,384.0,393.5,381.5,391.0,330.0,391.0,381.4,383.2,388.66,356.808,543.0305000000001,False,False,False,True,True,False,True,False,False,False,False,-0.0242966751918158,0.0549872122762148,,,0.0059846547314577,0.0874475703324808,-0.1432225063938619,-0.0383631713554987,-0.0030642063331912,-0.0548016701461377,280.0,292.5,1.137931034482759,0.0038594143981886,0.0014314776278611,0.0004190627987111
2009-01-19,396.0,400.0,372.0,384.0,113.0,384.0,381.2,381.5,388.42,355.528,540.0255000000001,False,False,False,False,False,False,False,False,False,True,False,-0.0299479166666666,0.09375,,,-0.0115104166666667,0.0741458333333332,-0.1145833333333333,-0.0455729166666666,-0.003600279021624,-0.0446920052424639,281.0,280.0,0.3424242424242424,-0.0006178878533546,-0.0044773022515432,-0.0005360726884328
2009-01-20,382.5,398.0,376.0,378.5,108.0,378.5,382.3,380.7,388.34,353.528,536.743,False,False,False,False,False,False,False,False,False,False,False,0.0211360634081902,0.1638044914134742,,,-0.0259973579920739,0.0659762219286657,-0.0779392338177014,-0.011889035667107,-0.0056572605281618,-0.0413711583924349,274.5,287.5,0.9557522123893806,-0.0002060050471237,0.0004118828062308,-0.0020569815065377
2009-01-21,376.0,378.5,368.0,378.5,174.0,378.5,382.8,380.05,386.8,351.8546666666667,533.4855,False,False,False,False,False,False,False,False,False,True,False,0.0,0.1889035667107001,,,-0.0219286657859973,0.0703971818582122,-0.0977542932628798,0.1202113606340819,-0.0047557514276728,-0.0249967109590843,275.0,310.0,1.6111111111111112,-0.0039813857290588,-0.003775380681935,0.000901509100489
2009-01-22,375.5,385.0,371.0,380.0,192.0,380.0,382.4,380.35,385.8,350.07466666666664,530.1605000000001,False,False,False,False,False,False,False,False,False,False,False,0.0263157894736842,0.131578947368421,,,-0.0152631578947368,0.0787508771929825,-0.125,0.0657894736842105,-0.0050846295647405,-0.0168266070724333,250.5,335.0,1.103448275862069,-0.0025920165889061,0.0013893691401526,-0.0003288781370677
2009-01-23,385.0,389.0,381.5,381.5,144.0,381.5,380.5,380.95,385.3,348.4413333333333,527.193,False,False,False,False,False,False,False,False,False,False,False,0.0812581913499344,-0.0039318479685452,,,-0.0099606815203145,0.0866544342507645,-0.1677588466579292,0.0144167758846657,-0.0046875418530522,-0.011943824648904,226.3,360.0,0.75,-0.0012976901116013,0.0012943264773048,0.0003970877116883
2009-01-26,386.0,394.5,372.5,372.5,389.0,372.5,378.2,379.7,383.86,347.0013333333333,524.0055,False,False,False,False,False,False,False,False,False,True,False,0.1275167785234899,-0.0523489932885906,,,-0.030496644295302,0.0684527964205816,-0.1906040268456376,0.021476510067114,-0.0041498399621903,-0.004872267579668,246.3,355.0,2.701388888888889,-0.0037513676861355,-0.0024536775745342,0.0005377018908618
2009-01-27,373.0,387.5,373.0,386.5,115.0,386.5,379.8,381.05,383.06,346.368,520.938,False,False,False,False,True,False,False,False,False,False,True,0.1397153945666235,-0.0711513583441138,,,0.0089003880983182,0.1038344113842173,-0.2561448900388098,0.0038809831824062,-0.0018284983986203,-0.0022306783886629,266.5,330.0,0.2956298200514138,-0.0020884456743069,0.0016629220118286,0.00232134156357
2009-01-28,386.5,386.5,375.0,378.5,102.0,378.5,379.8,381.3,382.2,345.61466666666666,517.5555,False,False,False,False,False,False,False,False,False,True,False,0.1889035667107001,-0.0620871862615587,,,-0.0097754293262879,0.0868833113166006,-0.2073976221928666,-0.0092470277410832,-0.0021796914482795,0.003409388932599,291.5,307.5,0.8869565217391304,-0.0022501308215594,-0.0001616851472525,-0.0003511930496592
2009-01-29,383.5,390.0,380.5,390.0,91.0,390.0,381.8,382.1,381.42,345.3546666666667,514.0055,False,False,False,False,False,False,False,False,False,False,True,0.1025641025641025,-0.0897435897435897,,,0.0219999999999999,0.1144752136752136,-0.2615384615384615,-0.0576923076923076,-0.0007528492448342,0.0058885108610311,309.5,314.5,0.8921568627450981,-0.002044989775051,0.0002051410465083,0.0014268422034453
2009-01-30,386.0,415.5,385.5,412.5,860.0,412.5,388.0,384.25,381.82,345.7213333333333,510.593,False,False,False,False,False,False,True,True,True,False,False,-0.0787878787878787,-0.1478787878787879,,,0.0743757575757576,0.1618876767676768,-0.3333333333333333,-0.0921212121212121,0.0010605844398762,-0.0001301236174365,311.0,312.0,9.45054945054945,0.0010476140589806,0.0030926038340316,0.0018134336847105
2009-02-02,421.0,455.0,417.0,420.0,1342.0,420.0,397.5,387.85,383.44,346.8546666666667,507.443,False,False,False,False,False,False,True,True,False,False,False,-0.1595238095238095,-0.244047619047619,,,0.087047619047619,0.1741555555555555,-0.3726190476190476,-0.0095238095238095,0.0032674588011887,0.0033518112672423,333.5,320.0,1.5604651162790697,0.0042249113290215,0.0031772972700408,0.0022068743613124
2009-02-03,419.5,456.0,411.5,440.5,1844.0,440.5,408.3,394.05,386.3,348.568,504.2705,False,False,False,False,False,False,True,True,False,False,False,-0.1850170261066969,-0.267877412031782,,,0.1230419977298524,0.2086992054483541,-0.3450624290578887,-0.0181611804767309,0.004915348894142,0.0024108615657911,358.5,319.0,1.3740685543964233,0.0074035723530934,0.0031786610240719,0.0016478900929533
2009-02-04,436.5,457.5,430.0,450.0,1629.0,450.0,422.6,401.2,390.32,350.74133333333333,501.3705000000001,False,False,False,False,False,False,True,True,False,False,False,-0.2111111111111111,-0.2522222222222222,,,0.1326222222222222,0.2205748148148148,-0.4122222222222222,0.0222222222222222,0.006196399245788,-0.0064805583250248,370.5,331.0,0.8834056399132321,0.0102992416478786,0.0028956692947851,0.0012810503516459
2009-02-05,445.0,449.0,422.5,430.0,918.0,430.0,430.6,406.2,392.64,352.31466666666665,498.3955,False,False,False,False,False,False,True,True,False,True,False,-0.1744186046511628,-0.2267441860465116,,,0.0868837209302325,0.1806635658914729,-0.3651162790697674,0.0662790697674418,0.0044657049001649,-0.0055391432791728,358.5,350.0,0.56353591160221,0.0059087204563977,-0.0043905211914809,-0.001730694345623
2009-02-06,380.0,380.0,380.0,380.0,145.0,380.0,424.1,406.05,391.8,353.48133333333334,495.3205,False,False,False,False,False,False,False,True,False,True,False,-0.075,-0.1184210526315789,,,-0.0310526315789473,0.0697859649122806,-0.2368421052631578,0.2289473684210526,0.0033005043170597,0.0145302302672084,353.5,313.5,0.1579520697167756,-0.0021439509954057,-0.0080526714518034,-0.0011652005831052
2009-02-09,360.0,378.5,350.0,353.0,1184.0,353.0,410.7,404.1,389.88,354.45466666666664,492.0355,False,False,False,False,False,False,False,True,False,True,False,-0.1005665722379603,-0.036827195467422,,,-0.1044759206798866,-0.0041208687440981,-0.2337110481586402,0.3002832861189802,0.0027460023096511,0.0388517693640187,390.0,308.5,8.16551724137931,-0.0049245921822099,-0.0027806411868041,-0.0005545020074085
2009-02-10,353.0,367.0,353.0,359.0,357.0,359.0,394.4,401.35,388.78,355.408,488.55550000000005,False,False,False,False,False,False,False,True,False,False,False,-0.1016713091922005,-0.0278551532033426,,,-0.0829526462395542,0.0100055710306406,-0.233983286908078,0.2493036211699164,0.0026823631807201,0.0610439765790457,380.5,309.0,0.3015202702702703,-0.0028293636503935,0.0020952285318163,-6.363912893104758e-05
2009-02-12,359.0,362.5,349.5,355.0,361.0,355.0,375.4,399.0,387.58,356.008,485.2555,False,False,False,False,False,False,False,True,False,True,False,-0.052112676056338,-0.0380281690140845,,,-0.0917746478873239,-0.0028394366197182,-0.2408450704225352,0.2732394366197183,0.0016853553852721,0.0865914786967418,417.0,302.5,1.011204481792717,-0.0030961349914855,-0.000266771341092,-0.0009970077954479
2009-02-13,360.0,365.0,353.5,355.0,176.0,355.0,360.4,395.5,386.7,356.27466666666663,482.0055,False,False,False,False,False,False,False,True,False,False,False,-0.0633802816901408,-0.0633802816901408,,,-0.0892957746478873,-0.0035906103286384,-0.2253521126760563,0.2676056338028169,0.0007484861866873,0.1170670037926675,405.0,300.0,0.4875346260387811,-0.0022756658908714,0.0008204691006141,-0.0009368691985847
2009-02-16,354.0,357.5,351.5,351.5,181.0,351.5,354.7,389.4,385.74,356.1613333333333,478.86300000000006,False,False,False,False,False,False,False,False,False,True,False,-0.0469416785206258,-0.096728307254623,,,-0.0974110953058321,-0.0132612612612611,-0.2005689900426742,0.2816500711237553,-0.0003182078533698,0.1540832049306625,394.0,280.0,1.0284090909090908,-0.0024887229740239,-0.0002130570831524,-0.0010666940400572
2009-02-17,349.5,350.0,311.0,317.5,557.0,317.5,347.6,379.15,383.04,355.6613333333333,475.5255,False,False,False,False,False,False,False,False,False,True,False,0.0708661417322834,-0.0503937007874015,,,-0.2064251968503937,-0.1201931758530182,-0.1007874015748031,0.3905511811023622,-0.0014058317650498,0.1920084399314256,408.5,281.0,3.0773480662983426,-0.007048872180451,-0.0045601492064271,-0.00108762391168
2009-02-18,315.0,331.0,310.0,322.5,167.0,322.5,340.3,367.35,381.02,355.5613333333333,472.3130000000001,False,False,False,False,False,False,False,False,False,False,False,0.0821705426356589,-0.1085271317829457,,,-0.1814573643410852,-0.1025157622739017,-0.0635658914728682,0.4031007751937984,-0.0002812454297616,0.2357424799237783,406.5,274.5,0.2998204667863555,-0.0053015589732823,0.0017473132071687,0.0011245863352882
2009-02-19,325.0,340.0,325.0,336.5,128.0,336.5,336.6,356.0,379.44,355.948,469.4205,False,False,False,False,False,False,False,True,False,False,False,0.0148588410104011,-0.1084695393759286,,,-0.1276077265973254,-0.0577949479940564,-0.0282317979197622,0.3937592867756315,0.0010863009952764,0.2776685393258427,400.0,275.0,0.7664670658682635,-0.0041640312038793,0.0011375277694029,0.0013675464250381
2009-02-20,339.0,339.0,330.0,332.5,157.0,332.5,332.1,346.25,377.46,356.188,466.6830000000001,False,False,False,False,False,False,False,True,False,True,False,0.0,-0.1338345864661654,,,-0.1352180451127819,-0.0712421052631578,0.0330827067669172,0.3804511278195489,0.0006738014756252,0.3137906137184115,409.5,250.5,1.2265625,-0.0052455889365761,-0.0010815577326967,-0.0004124995196511
2009-02-23,335.0,335.0,322.5,335.0,136.0,335.0,328.8,341.75,375.22,356.49466666666666,464.283,False,False,False,False,False,False,False,True,False,True,False,-0.0522388059701492,-0.1791044776119403,,,-0.1200597014925373,-0.0641631840796019,-0.0253731343283582,0.3925373134328358,0.0008602279229983,0.3309436722750549,402.5,226.3,0.8662420382165605,-0.0059698310324608,-0.0007242420958847,0.0001864264473731
2009-02-24,332.5,340.0,327.5,340.0,67.0,340.0,333.3,340.45,373.46,356.7613333333333,461.6830000000001,False,False,False,False,False,False,False,True,False,False,False,-0.113235294117647,-0.225,,,-0.0984117647058823,-0.0492980392156862,-0.0235294117647058,0.3397058823529412,0.0007474651587802,0.3349977970333382,379.5,246.3,0.4926470588235294,-0.0047126867669898,0.0012571442654709,-0.0001127627642181
2009-02-25,350.0,350.5,338.0,349.0,274.0,349.0,338.6,339.45,372.28,357.1613333333333,459.253,False,False,False,False,False,False,False,True,False,False,False,-0.1762177650429799,-0.1733524355300859,,,-0.0667048710601718,-0.0233849092645653,-0.0472779369627507,0.2994269340974212,0.0011199420616639,0.3404035940491973,369.0,266.5,4.08955223880597,-0.0031696572472332,0.0015430295197566,0.0003724769028837
2009-02-26,351.5,351.5,341.5,341.5,76.0,341.5,339.6,338.1,370.8,357.30133333333333,456.8355,False,False,False,False,False,False,False,True,False,True,False,-0.1215226939970717,-0.2254758418740849,,,-0.0857979502196193,-0.0462703757930697,-0.0175695461200585,0.3162518301610542,0.0003918261336837,0.3450162673765157,349.5,291.5,0.2773722627737226,-0.0039913700107873,-0.000821712763554,-0.0007281159279802
2009-02-27,340.0,341.0,331.5,332.5,120.0,332.5,339.6,335.85,368.9,357.068,454.298,False,False,False,False,False,False,False,False,False,True,False,-0.1338345864661654,-0.1789473684210526,,,-0.1094736842105262,-0.0738887218045112,-0.0030075187969924,0.3458646616541353,-0.0006534703007084,0.35328271549799,372.0,309.5,1.5789473684210529,-0.0051504472756845,-0.0011590772648971,-0.0010452964343921
2009-03-02,325.0,325.0,317.5,317.5,216.0,317.5,336.1,332.45,366.34,357.1213333333333,451.3605,False,False,False,False,False,False,False,True,False,True,False,-0.1338582677165354,-0.0866141732283464,,,-0.1538267716535432,-0.1247916010498687,-0.0125984251968503,0.4818897637795276,0.000149342333698,0.3731388178673485,401.0,311.0,1.8,-0.0069880438936507,-0.0018375966179661,0.0008028126344064
2009-03-03,305.0,313.0,301.5,301.5,245.0,301.5,328.4,330.85,363.5,357.028,448.518,False,False,False,False,False,False,False,False,False,True,False,-0.1260364842454394,-0.1028192371475953,,,-0.2056384742951907,-0.1841724709784412,-0.011608623548922,0.527363184079602,-0.0002614174051707,0.385522139942572,401.0,333.5,1.1342592592592593,-0.0078129298486931,-0.0008248859550424,-0.0004107597388687
2009-03-04,300.0,302.0,283.5,287.5,342.0,287.5,316.1,327.35,359.54,356.74133333333333,445.6055,False,False,False,False,False,False,False,False,False,True,False,0.0034782608695652,-0.0434782608695652,,,-0.2505739130434783,-0.240839420289855,0.0869565217391304,0.5739130434782609,-0.0008035700937374,0.4003360317702762,386.5,358.5,1.3959183673469389,-0.0110140735384101,-0.0032011436897169,-0.0005421526885666
2009-03-05,291.0,300.0,290.0,300.0,428.0,300.0,307.8,323.7,356.4,356.708,442.7805,False,False,True,False,False,False,False,False,False,False,False,-0.1183333333333333,-0.1016666666666666,,,-0.1879999999999999,-0.1890266666666667,0.035,0.4216666666666667,-9.344711453991224e-05,0.4029966017917825,385.0,370.5,1.2514619883040936,-0.0088103254769922,0.0022037480614178,0.0007101229791975
2009-03-06,292.5,294.5,285.0,288.0,312.0,288.0,298.9,319.25,352.32,356.548,440.0205,False,False,False,False,False,False,False,False,False,True,False,-0.0520833333333333,-0.0451388888888888,,,-0.2233333333333333,-0.2380138888888888,0.1076388888888889,0.4548611111111111,-0.0004487474337256,0.410023492560689,377.0,358.5,0.7289719626168224,-0.0115803814713896,-0.0027700559943973,-0.0003553003191857
2009-03-09,288.0,288.5,267.5,275.0,325.0,275.0,290.4,313.25,346.82,356.48133333333334,437.4955000000001,False,False,False,False,False,False,False,False,False,True,False,0.0545454545454545,0.0218181818181818,,,-0.2611636363636363,-0.2962957575757576,0.1454545454545454,0.5236363636363637,-0.0001870130647326,0.4218675179569033,375.5,353.5,1.0416666666666667,-0.0158583703361974,-0.0042779888648078,0.0002617343689929
2009-03-10,264.0,272.5,252.5,263.5,390.0,263.5,282.8,305.6,340.56,356.248,435.288,False,False,False,False,False,False,False,False,False,True,False,0.0265654648956356,0.0834914611005692,,,-0.2924478178368122,-0.3519848197343453,0.2144212523719165,0.5882352941176471,-0.0006549744372834,0.4453534031413611,385.0,390.0,1.2,-0.0183814893117218,-0.0025231189755243,-0.0004679613725507
2009-03-11,270.5,288.5,270.5,288.5,398.0,288.5,283.0,299.55,334.48,356.43466666666666,433.0055,False,False,False,False,False,False,False,True,False,False,False,-0.046793760831889,0.046793760831889,,,-0.1593760831889082,-0.235475447718082,0.0745233968804159,0.4540727902946274,0.0005237051390437,0.4631947921882824,373.0,380.5,1.0205128205128204,-0.018177469504903,0.0002040198068187,0.0011786795763271
2009-03-12,291.0,294.0,264.5,264.5,473.0,264.5,275.9,291.85,327.06,356.29466666666667,430.578,False,False,False,False,False,False,False,False,False,True,False,0.0189035916824196,0.2362948960302457,,,-0.2365217391304347,-0.347049779458097,0.1701323251417769,0.5198487712665406,-0.0003929331901309,0.4855233853006681,376.0,417.0,1.1884422110552764,-0.022686968751911,-0.0045094992470079,-0.0009166383291746
2009-03-13,269.5,284.0,268.0,273.0,276.0,273.0,272.9,285.9,320.78,356.5946666666666,428.36800000000005,False,False,False,False,False,False,False,True,False,False,False,0.0073260073260073,0.2582417582417582,,,-0.1750183150183149,-0.30620757020757,0.184981684981685,0.4633699633699634,0.0008412913260993,0.4996502273522212,382.0,405.0,0.5835095137420718,-0.019577280379076,0.0031096883728349,0.0012342245162303
2009-03-16,278.0,290.0,278.0,290.0,247.0,290.0,275.9,283.15,317.18,357.444,426.168,False,False,False,False,False,False,False,True,False,False,False,-0.0310344827586206,0.1258620689655172,,,-0.0937241379310345,-0.2325655172413793,0.1103448275862069,0.4189655172413793,0.0023761297807024,0.4933780681617519,391.0,394.0,0.894927536231884,-0.0113500220694872,0.0082272583095888,0.001534838454603
2009-03-17,290.5,290.5,270.5,270.5,327.0,270.5,277.3,280.05,313.88,357.76666666666665,423.8205,False,False,False,False,False,False,False,True,False,False,False,0.055452865064695,0.2273567467652495,,,-0.1603696857670979,-0.3226124460874922,0.2717190388170055,0.5397412199630314,0.0009018913630857,0.4941974647384394,384.0,408.5,1.3238866396761133,-0.0105135720657576,0.0008364500037295,-0.0014742384176166
2009-03-18,273.5,281.0,273.0,275.0,303.0,275.0,274.6,278.8,310.52,357.88,421.5955,False,False,False,False,False,False,False,True,False,True,False,0.0981818181818181,0.209090909090909,,,-0.1291636363636362,-0.3013818181818181,0.3418181818181818,0.4890909090909091,0.0003166797064193,0.485473457675753,378.5,406.5,0.926605504587156,-0.0108205590622182,-0.0003069869964606,-0.0005852116566664
2009-03-19,275.0,277.0,269.0,269.5,205.0,269.5,275.6,275.75,307.1,357.58666666666664,419.443,False,False,False,False,False,False,False,False,False,True,False,0.2133580705009276,0.2448979591836734,,,-0.139517625231911,-0.3268521954236239,0.3654916512059369,0.5435992578849722,-0.0008203139565234,0.4980961015412512,378.5,400.0,0.6765676567656765,-0.0111364376424616,-0.0003158785802433,-0.0011369936629427
2009-03-23,268.0,275.0,265.0,275.0,198.0,275.0,276.0,274.45,303.9,357.12666666666667,417.193,False,False,False,False,False,False,False,False,False,False,False,0.249090909090909,0.2054545454545454,,,-0.105090909090909,-0.2986424242424242,0.3490909090909091,0.5054545454545455,-0.0012880583919803,0.5033703771178722,380.0,409.5,0.9658536585365852,-0.0105297795327411,0.0006066581097204,-0.0004677444354569
2009-03-24,279.0,286.0,275.0,281.0,254.0,281.0,274.2,275.05,301.08,356.7266666666667,414.898,False,False,False,False,False,False,False,False,False,False,True,0.1619217081850534,0.1156583629893238,,,-0.071459074733096,-0.2694899169632266,0.2900355871886121,0.3202846975088968,-0.0011213066960697,0.4826395200872568,381.5,402.5,1.2828282828282829,-0.0093662813870067,0.0011634981457344,0.0001667516959106
2009-03-25,285.0,294.0,279.0,285.5,384.0,285.5,277.2,277.25,299.8,356.08666666666664,412.6005,False,False,False,False,False,False,False,False,False,False,False,0.1628721541155867,0.0437828371278458,,,-0.0500875656742557,-0.2472387624051371,0.2819614711033275,0.3747810858143607,-0.00179731526033,0.4614968440036068,372.5,379.5,1.5118110236220472,-0.0042695130086723,0.0050967683783343,-0.0006760085642602
2009-03-26,295.5,302.0,290.0,302.0,434.0,302.0,282.6,278.6,298.98,355.3333333333333,410.4605,False,False,False,False,True,False,False,False,False,False,False,0.1009933774834437,0.0347682119205298,,,0.0099999999999999,-0.1766004415011036,0.2069536423841059,0.3377483443708609,-0.0021200750469043,0.4488513998564248,386.5,369.0,1.1302083333333333,-0.0027426583717974,0.0015268546368749,-0.0003227597865743
2009-03-27,309.5,327.0,306.5,327.0,541.0,327.0,294.1,284.85,298.6,354.75333333333333,408.5955,False,False,False,False,False,False,False,False,False,False,False,0.0259938837920489,-0.0504587155963302,,,0.0868501529051987,-0.0848725790010193,0.073394495412844,0.2538226299694189,-0.0016349388307368,0.4198701070738984,378.5,349.5,1.2465437788018434,-0.0012726054922973,0.0014700528795,0.0004851362161675
2009-03-30,327.5,352.0,327.5,343.5,979.0,343.5,307.8,291.9,299.04,354.55333333333334,407.0630000000001,False,False,False,False,False,False,True,False,True,False,False,-0.0349344978165938,-0.0713245997088791,,,0.1294323144104802,-0.0321785540999515,0.0189228529839883,0.2110625909752547,-0.0005640900287685,0.3912298732442619,390.0,372.0,1.8096118299445472,0.0014713750668806,0.002743980559178,0.0010708488019682
2009-03-31,336.0,340.0,321.0,326.5,362.0,326.5,316.9,295.55,298.7,354.1933333333333,405.4205,False,False,False,False,False,False,False,False,False,True,False,-0.0398162327718223,-0.0352220520673813,,,0.085145482388974,-0.0848187850944359,0.1516079632465543,0.3522205206738131,-0.0010163940597414,0.3841989511081035,412.5,401.0,0.3697650663942798,-0.0011382658185471,-0.0026096408854278,-0.0004523040309728
2009-04-01,324.0,332.0,315.0,332.0,219.0,332.0,326.2,301.7,298.38,353.42,403.93050000000005,False,False,False,False,False,False,False,False,False,False,False,-0.1024096385542168,-0.036144578313253,,,0.1012650602409638,-0.0645180722891566,0.1039156626506024,0.3087349397590361,-0.0021881425310772,0.3619489559164733,420.0,401.0,0.6049723756906077,-0.0010724579395401,6.580787900698284e-05,-0.0011717484713358
2009-04-02,336.5,339.0,322.5,332.5,253.0,332.5,332.3,307.45,297.72,352.78,402.643,False,False,False,False,False,False,False,False,False,True,False,-0.0601503759398496,-0.0676691729323308,,,0.1046015037593984,-0.0609924812030074,0.1248120300751879,0.3067669172932331,-0.0018141618005557,0.3446088794926004,440.5,386.5,1.1552511415525115,-0.0022168480451429,-0.0011443901056028,0.0003739807305215
2009-04-03,337.5,339.5,331.5,335.5,218.0,335.5,334.0,314.05,297.48,351.6933333333333,401.4955000000001,False,False,False,False,False,False,False,False,False,False,False,-0.07451564828614,-0.0774962742175856,,,0.1133233979135617,-0.0482662692498757,0.2637853949329359,0.2712369597615499,-0.0030898130947415,0.3196943161916891,450.0,385.0,0.8616600790513834,-0.0008067769261799,0.001410071118963,-0.0012756512941858
2009-04-06,338.5,344.0,330.0,331.5,341.0,331.5,331.6,319.7,297.44,350.7133333333333,400.353,False,False,False,False,False,False,False,False,False,False,False,-0.0377073906485671,-0.0241327300150829,,,0.1027450980392157,-0.0579587732528908,0.2217194570135746,0.3122171945701357,-0.0027943049404072,0.3029402564904599,430.0,377.0,1.5642201834862386,-0.0001344809037117,0.0006722960224682,0.0002955081543343
2009-04-07,333.5,333.5,313.0,313.5,363.0,313.5,329.0,322.95,297.28,349.64,399.0455,False,False,False,False,False,False,False,False,False,True,False,0.0047846889952153,0.0271132376395534,,,0.0517384370015949,-0.1152791068580541,0.2344497607655502,0.379585326953748,-0.0030698242001296,0.3088713423130516,380.0,375.5,1.064516129032258,-0.0005382131324005,-0.0004037322286887,-0.0002755192597224
2009-04-08,312.5,315.0,295.5,298.0,406.0,298.0,322.2,324.2,297.14,348.1666666666667,397.5855,False,False,False,False,False,False,False,False,False,False,False,0.0738255033557047,0.1543624161073825,,,0.0028859060402685,-0.16834451901566,0.2768456375838926,0.4395973154362416,-0.0042316898037337,0.3150832819247379,353.0,385.0,1.118457300275482,-0.0004711583765228,6.705475587770948e-05,-0.0011618656036041
2009-04-09,300.5,313.5,300.0,312.5,192.0,312.5,318.2,325.25,298.14,346.91333333333336,396.223,False,False,False,False,False,False,True,False,True,False,False,-0.008,0.1808,,,0.045952,-0.1101226666666667,0.2416,0.3728,-0.0036128139592981,0.3185242121445042,359.0,373.0,0.4729064039408867,0.0033541289327161,0.0038252873092389,0.0006188758444355
2009-04-10,312.5,319.5,310.0,310.5,316.0,310.5,313.2,323.6,298.56,345.72,394.80050000000006,False,False,False,False,False,False,True,False,False,True,False,-0.003220611916264,0.1851851851851851,,,0.0384541062801932,-0.1134299516908213,0.2077294685990338,0.3752012882447665,-0.0034517335801611,0.3305006180469715,355.0,376.0,1.6458333333333333,0.0014067524115756,-0.0019473765211405,0.0001610803791369
2009-04-13,315.5,319.0,312.5,319.0,260.0,319.0,310.7,321.15,299.8,344.5133333333333,393.5205,False,False,False,False,False,False,True,False,False,False,False,0.0141065830721003,0.1630094043887147,,,0.0601880877742946,-0.0799791013584116,0.1520376175548589,0.3432601880877743,-0.0035025253013914,0.3445430484197417,355.0,382.0,0.8227848101265823,0.0041360907271514,0.0027293383155758,-5.079172123025532e-05
2009-04-14,319.0,319.0,308.5,315.0,110.0,315.0,311.0,320.0,301.4,343.3466666666667,392.3455,False,False,False,False,False,False,True,False,False,False,False,0.0222222222222222,0.1507936507936507,,,0.0431746031746032,-0.089989417989418,0.1888888888888888,0.3571428571428571,-0.0033979262941243,0.3449999999999999,351.5,391.0,0.4230769230769231,0.0053085600530854,0.001172469325934,0.000104599007267
2009-04-15,315.0,321.0,312.5,320.0,212.0,320.0,315.4,318.8,303.66,342.55333333333334,391.1455,False,False,False,False,False,False,True,False,False,False,False,0.075,0.14375,,,0.0510624999999999,-0.0704791666666666,0.3,0.4921875,-0.0023159410700037,0.3635508155583437,317.5,384.0,1.9272727272727272,0.0074425344134889,0.0021339743604034,0.0010819852241206
2009-04-16,317.5,327.0,305.0,310.0,305.0,310.0,314.9,316.55,304.52,341.76666666666665,389.9205,False,False,False,False,False,False,True,False,False,True,False,0.1903225806451612,0.1758064516129032,,,0.0176774193548387,-0.1024731182795698,0.3951612903225806,0.5548387096774193,-0.0023017653369746,0.3882483020060021,322.5,378.5,1.4386792452830188,0.0028241166425849,-0.004618417770904,1.4175733029135608e-05
2009-04-17,312.5,314.0,309.5,309.5,94.0,309.5,314.7,313.95,306.32,341.2333333333333,388.818,False,False,False,False,False,False,True,False,False,False,False,0.1890145395799677,0.1340872374798061,,,0.0102746365105008,-0.1025309639203014,0.4862681744749596,0.5040387722132472,-0.0015629578978217,0.4121675426023253,336.5,378.5,0.3081967213114754,0.0058762078871768,0.0030520912445919,0.0007388074391529
2009-04-20,308.0,324.0,307.5,323.5,304.0,323.5,315.6,313.15,308.34,340.58666666666664,387.3105000000001,False,False,False,False,False,False,True,False,False,False,False,0.1468315301391035,0.0819165378670788,,,0.0468624420401855,-0.0528181349819679,0.4173106646058732,0.4389489953632148,-0.0018986846226119,0.4255149289477886,332.5,380.0,3.234042553191489,0.0065512097035739,0.000675001816397,-0.0003357267247902
2009-04-21,316.5,322.0,315.0,322.0,164.0,322.0,317.0,314.0,309.62,339.53333333333336,385.8705000000001,False,False,False,False,False,False,True,False,False,True,True,0.1257763975155279,0.1677018633540372,,,0.038447204968944,-0.0544513457556936,0.4503105590062112,0.4347826086956521,-0.0031022972707636,0.4310509554140128,335.0,381.5,0.5394736842105263,0.0041340998643499,-0.0024171098392239,-0.0012036126481517
2009-04-22,329.5,347.0,329.5,344.0,1399.0,344.0,321.8,318.6,312.56,338.7733333333333,384.61550000000005,False,False,False,False,False,False,True,False,False,False,False,0.063953488372093,0.065406976744186,,,0.0913953488372092,0.0151937984496124,0.3343023255813953,0.3590116279069767,-0.00224338790932,0.4224733207784054,340.0,372.5,8.53048780487805,0.0094061940107499,0.0052720941463999,0.0008589093614436
2009-04-23,341.5,369.0,330.0,369.0,1556.0,369.0,333.6,324.25,316.32,338.54,383.3855,False,False,False,False,False,False,True,False,False,False,False,-0.0121951219512195,0.013550135501355,,,0.1427642276422764,0.0825474254742546,0.2154471544715447,0.2940379403794038,-0.0006892341623834,0.4126445643793369,349.0,386.5,1.1122230164403144,0.0118866970156802,0.0024805030049303,0.0015541537469365
2009-04-24,379.0,388.5,363.5,368.0,764.0,368.0,345.3,330.0,320.26,338.31333333333333,382.05050000000006,False,False,False,False,False,False,True,False,False,False,False,-0.046195652173913,0.1521739130434782,,,0.1297282608695652,0.0806702898550724,0.2282608695652173,0.4334239130434782,-0.0006699903442568,0.4184848484848485,341.5,378.5,0.4910025706940874,0.012302504215325,0.0004158071996447,1.924381812657945e-05
2009-04-27,368.0,380.0,364.5,371.0,308.0,371.0,354.8,335.2,324.1,338.2333333333333,380.80550000000005,False,False,False,False,False,False,True,False,False,True,False,-0.0566037735849056,0.091644204851752,,,0.1264150943396225,0.0883198562443846,0.2129380053908355,0.3463611859838275,-0.000236523110279,0.4176610978520286,332.5,390.0,0.4031413612565445,0.0118481950015428,-0.0004543092137822,0.0004334672339778
2009-04-28,366.0,370.0,359.0,362.5,333.0,362.5,362.9,339.95,327.36,338.06,379.693,False,False,False,False,False,False,True,False,False,True,False,0.0372413793103448,0.0675862068965517,,,0.0969379310344827,0.0674206896551724,0.2427586206896551,0.3724137931034483,-0.0005127294957501,0.4184438888071775,317.5,412.5,1.0811688311688312,0.0099584555229716,-0.0018897394785712,-0.0002762063854711
2009-04-30,360.0,370.0,351.0,366.0,435.0,366.0,367.3,344.55,330.58,337.8066666666667,378.673,False,False,False,False,False,False,True,False,False,True,False,0.0013661202185792,0.0396174863387978,,,0.096775956284153,0.0770309653916211,0.2062841530054645,0.314207650273224,-0.0007499358607487,0.4005224205485415,301.5,420.0,1.3063063063063065,0.0097404561679471,-0.0002179993550244,-0.0002372063649986
2009-05-01,367.0,367.5,358.5,364.5,277.0,364.5,366.4,350.0,333.08,337.6933333333333,377.4705,False,False,False,False,False,False,True,False,False,True,False,0.0260631001371742,0.0644718792866941,,,0.0862002743484225,0.073543667123914,0.2414266117969821,0.3484224965706447,-0.000335610218344,0.3814285714285714,287.5,440.5,0.6367816091954023,0.0075057043352948,-0.0022347518326523,0.0004143256424046
2009-05-07,363.0,363.5,350.5,351.0,312.0,351.0,363.0,354.15,334.04,337.36,376.5255,False,False,False,False,False,False,True,False,False,True,False,0.2079772079772079,0.0683760683760683,,,0.0483190883190882,0.0388603988603988,0.3361823361823361,0.3689458689458689,-0.0009880641846493,0.3694762106452069,300.0,450.0,1.1263537906137184,0.0028739073164891,-0.0046317970188056,-0.0006524539663052
2009-05-08,344.5,355.0,344.5,350.0,258.0,350.0,358.8,356.8,334.3,336.93333333333334,375.67550000000006,False,False,False,False,False,False,True,False,False,True,False,0.1571428571428571,0.05,,,0.0448571428571428,0.0373333333333333,0.3114285714285714,0.3857142857142857,-0.0012663237039968,0.3647701793721972,288.0,430.0,0.8269230769230769,0.0007777445408315,-0.0020961627756575,-0.0002782595193474
2009-05-11,351.0,382.0,351.0,376.0,770.0,376.0,361.5,362.2,336.28,336.7333333333333,374.93050000000005,False,False,False,False,False,False,True,False,True,False,False,0.0292553191489361,-0.0039893617021276,,,0.1056382978723405,0.1044326241134752,0.2406914893617021,0.288563829787234,-0.0005939417937043,0.3506350082827167,275.0,380.0,2.984496124031008,0.0058879505174258,0.0051102059765942,0.0006723819102925
2009-05-12,377.0,381.5,366.5,366.5,364.0,366.5,361.6,364.45,337.66,336.5,374.338,False,True,False,False,False,False,True,False,False,True,False,0.0381991814461118,0.1350613915416098,,,0.0786903137789903,0.0818553888130968,0.242837653478854,0.3369713506139154,-0.0006934125804852,0.3484702977088764,263.5,353.0,0.4727272727272727,0.0040869513712019,-0.0018009991462238,-9.947078678091282e-05
2009-05-13,370.0,376.0,368.0,374.0,165.0,374.0,363.5,364.95,339.32,336.44,373.8605,False,False,False,False,False,False,True,False,False,False,False,0.0374331550802139,0.1564171122994652,,,0.0927272727272727,0.100427807486631,0.212566844919786,0.4438502673796791,-0.0001783378908572,0.3637484586929717,288.5,359.0,0.4532967032967033,0.0048921372156075,0.0008051858444056,0.000515074689628
2009-05-14,374.5,424.0,366.0,424.0,1984.0,424.0,378.1,370.55,342.86,337.0466666666667,373.7555,False,False,False,False,False,False,True,True,False,False,False,-0.115566037735849,0.0849056603773584,,,0.1913679245283018,0.2050786163522012,0.0601415094339622,0.4021226415094339,0.0017999485728979,0.3612198083929293,264.5,355.0,12.024242424242424,0.0103249139590504,0.0054327767434428,0.0019782864637551
2009-05-15,419.0,449.0,400.5,405.0,3429.0,405.0,389.1,373.95,345.8,337.38,373.643,False,False,False,False,False,False,True,True,False,True,False,-0.0925925925925925,0.1320987654320987,,,0.1461728395061728,0.1669629629629629,0.1049382716049382,0.5271604938271605,0.0009880056118718,0.380665864420377,273.0,355.0,1.7283266129032258,0.0085020242914979,-0.0018228896675524,-0.0008119429610261
2009-05-18,400.0,400.0,375.0,387.0,1010.0,387.0,391.3,376.4,348.74,337.4533333333333,373.328,False,False,False,False,False,False,True,True,False,True,False,-0.0322997416020671,0.2067183462532299,,,0.0988630490956072,0.1280275624461671,0.2157622739018088,0.8126614987080103,0.0002173139989726,0.4258767268862914,290.0,351.5,0.2945465150189559,0.0084303492573263,-7.167503417159979e-05,-0.0007706916128991
2009-05-19,385.5,390.0,378.0,380.5,497.0,380.5,394.1,377.85,352.04,337.56,372.973,False,False,False,False,False,False,True,True,False,False,False,0.0932982917214191,0.2063074901445466,,,0.0747963206307489,0.1128515111695138,0.2102496714848883,0.8501971090670171,0.0003159932061461,0.4794230514754531,270.5,317.5,0.492079207920792,0.0093739347801386,0.0009435855228122,9.867920717344898e-05
2009-05-20,378.5,395.0,378.5,388.0,429.0,388.0,396.9,380.2,355.06,337.58,372.778,False,False,False,False,False,False,True,True,False,True,False,0.1146907216494845,0.1559278350515464,,,0.0848969072164948,0.1299484536082474,0.1662371134020618,0.7654639175257731,5.924521594875825e-05,0.5211730668069439,275.0,322.5,0.8631790744466801,0.0085056046865318,-0.0008683300936068,-0.0002567479901973
2009-05-21,384.0,384.0,370.0,375.0,634.0,375.0,387.1,382.6,357.64,337.53333333333336,372.3605,False,False,False,False,False,False,True,False,False,True,False,0.2266666666666666,0.2053333333333333,,,0.0462933333333333,0.099911111111111,0.1373333333333333,0.84,-0.0001382579498319,0.5663878724516465,269.5,336.5,1.4778554778554778,0.0072139581702269,-0.0012916465163048,-0.0001975031657807
2009-05-22,375.5,376.0,363.0,367.5,325.0,367.5,379.6,384.35,359.58,337.2333333333333,371.6605,False,False,False,False,False,False,True,False,False,True,False,0.2476190476190476,0.2244897959183673,,,0.0215510204081633,0.082358276643991,0.1401360544217687,0.8353741496598639,-0.0008895917762184,0.6085599063353713,275.0,332.5,0.5126182965299685,0.0053951832693698,-0.0018187749008571,-0.0007513338263864
2009-05-25,374.0,380.0,367.5,374.5,579.0,374.5,377.1,384.2,361.96,336.7266666666667,371.0055,False,False,False,False,False,False,True,False,False,False,False,0.246995994659546,0.2029372496662216,,,0.0334846461949266,0.1008633733867378,0.1188251001335113,0.7423230974632844,-0.0015046823338413,0.652915148360229,281.0,335.0,1.7815384615384615,0.0065753121891921,0.0011801289198223,-0.0006150905576228
2009-05-26,419.5,424.5,402.5,416.0,12614.0,416.0,384.2,389.15,365.8,336.67333333333335,370.4705,False,False,False,False,False,False,True,False,False,False,True,0.1033653846153846,0.0612980769230769,,,0.1206730769230769,0.1906891025641025,0.0060096153846153,0.7283653846153846,-0.0001584127046989,0.6907362199665941,285.5,340.0,21.785837651122627,0.0104975396391471,0.0039222274499549,0.0013462696291423
2009-05-27,424.0,452.5,418.5,432.5,5131.0,432.5,393.1,395.0,370.7,336.56666666666666,370.143,False,False,False,False,False,False,True,False,False,False,False,0.0369942196531791,0.0462427745664739,,,0.1428901734104046,0.2218111753371869,-0.030057803468208,0.7341040462427746,-0.0003169258195504,0.718860759493671,302.0,349.0,0.40677025527192,0.0132182357701644,0.0027206961310173,-0.0001585131148514
2009-05-28,440.0,475.0,440.0,460.0,5111.0,460.0,410.1,398.6,376.72,336.7,369.9555,False,False,False,False,False,False,True,True,False,False,False,-0.017391304347826,0.0195652173913043,,,0.1810434782608695,0.2680434782608696,-0.1260869565217391,0.9228260869565216,0.0003960003960003,0.7760913196186653,327.0,341.5,0.9961021243422334,0.0159800382246762,0.0027618024545117,0.0007129262155507
2009-05-29,470.0,473.5,453.0,458.5,2361.0,458.5,428.3,403.95,382.12,337.08,369.823,False,False,False,False,False,False,True,True,False,True,False,-0.0185387131952017,0.0010905125408942,,,0.166586695747001,0.2648200654307525,-0.128680479825518,1.1374045801526718,0.001127328824018,0.8420596608491151,343.5,332.5,0.4619448248874975,0.0141316863812414,-0.0018483518434348,0.0007313284280176
2009-06-01,468.5,482.5,459.0,467.0,2448.0,467.0,446.8,411.95,387.92,338.24,369.9205,False,False,False,False,False,False,True,True,False,False,False,-0.0353319057815845,-0.0010706638115631,,,0.1693361884368308,0.2757173447537473,-0.1188436830835117,0.9571734475374732,0.0034295175023652,0.8578711008617552,326.5,317.5,1.036848792884371,0.0149515363992576,0.0008198500180161,0.0023021886783472
2009-06-02,472.0,473.5,458.5,459.0,1539.0,459.0,455.4,419.8,392.52,339.6533333333333,370.153,False,False,False,False,False,False,True,True,False,True,False,-0.0381263616557734,-0.0076252723311546,,,0.1448366013071896,0.2600145243282499,-0.0925925925925925,1.0,0.0041611054408415,0.8741067174845164,332.0,301.5,0.6286764705882353,0.0117191480688881,-0.0032323883303694,0.0007315879384762
2009-06-03,459.0,459.0,442.5,448.5,1575.0,448.5,458.6,425.85,395.7,340.8466666666667,370.3605,False,False,False,False,False,False,True,True,False,True,False,0.0089186176142697,0.0111482720178372,,,0.1177257525083612,0.2400297287253808,-0.0869565217391304,1.0122630992196209,0.0035010855321064,0.8985558295174356,332.5,287.5,1.023391812865497,0.0080363912054586,-0.0036827568634294,-0.000660019908735
2009-06-04,443.5,457.5,439.0,452.0,987.0,452.0,457.0,433.55,399.06,342.14,370.473,False,False,False,False,False,False,True,True,False,False,False,0.0376106194690265,-0.0055309734513274,,,0.1171238938053097,0.2430530973451327,-0.079646017699115,1.0685840707964602,0.0037801289920304,0.9213470187982932,335.5,300.0,0.6266666666666667,0.0084197864982709,0.0003833952928122,0.0002790434599239
2009-06-05,450.0,457.5,447.0,450.0,672.0,450.0,455.3,441.8,402.22,343.4066666666667,370.573,False,False,False,False,False,False,True,True,False,True,False,0.02,-0.0055555555555555,,,0.1061777777777777,0.236874074074074,-0.08,1.2433333333333334,0.0036885325464465,0.96129470348574,331.5,288.0,0.6808510638297872,0.0078563969966685,-0.0005633895016024,-9.15964455839263e-05
2009-06-08,453.0,456.0,447.0,450.5,657.0,450.5,452.0,449.4,405.74,344.7266666666667,370.6355,False,False,False,False,False,False,True,True,False,False,False,0.0355160932297447,0.0443951165371809,,,0.0993562708102108,0.2347909729929707,-0.1764705882352941,1.1764705882352942,0.0038291206559786,1.0011125945705386,313.5,275.0,0.9776785714285714,0.0086755064819834,0.0008191094853149,0.0001405881095321
2009-06-09,451.0,455.5,440.5,441.5,1192.0,441.5,448.5,451.95,408.76,346.38,370.4655,False,False,False,False,False,False,True,True,False,True,False,0.0317100792751981,0.0430351075877689,,,0.0741562853907134,0.2154473386183465,-0.1109852774631936,1.1517553793884483,0.0047731778201204,1.0409337316074787,298.0,263.5,1.8143074581430745,0.0073881984538604,-0.001287308028123,0.0009440571641417
2009-06-10,444.0,453.0,442.5,452.5,754.0,452.5,449.3,453.95,412.28,348.11333333333334,370.4805,False,False,False,False,False,False,True,True,False,False,False,0.0022099447513812,0.0,,,0.0888839779005525,0.2306887661141804,-0.1071823204419889,1.2132596685082873,0.004979221326388,1.0873444211917611,312.5,288.5,0.6325503355704698,0.0085378868729988,0.0011496884191384,0.0002060435062675
2009-06-11,457.0,469.5,450.5,469.0,1485.0,469.0,452.7,454.85,417.0,349.88,370.668,False,False,False,False,False,False,True,True,False,False,False,-0.0415778251599147,-0.0906183368869936,,,0.1108742004264392,0.2539872068230277,-0.1257995735607676,1.0181236673773988,0.0050493502534201,1.0968451137737714,310.5,264.5,1.969496021220159,0.0113189448441247,0.0027810579711258,7.012892703217588e-05
2009-06-12,470.5,472.5,458.0,459.0,990.0,459.0,454.5,454.9,421.36,351.56666666666666,370.80050000000006,False,False,False,False,False,False,True,True,False,True,False,-0.0250544662309368,-0.0871459694989106,,,0.0820043572984749,0.2340595497458242,-0.0936819172113289,0.8028322440087146,0.0047975727695079,1.0630907891844363,319.0,273.0,0.6666666666666666,0.0103474463641542,-0.0009714984799705,-0.0002517774839122
2009-06-15,465.0,466.5,460.0,466.5,923.0,466.5,457.7,454.85,424.98,353.32,371.2205,False,False,False,False,False,False,True,True,False,True,False,0.0085744908896034,-0.1018220793140407,,,0.0890032154340835,0.242615219721329,-0.0535905680600214,0.7813504823151125,0.0049624514132608,1.0450698032318346,315.0,290.0,0.9323232323232324,0.0085180479081368,-0.0018293984560173,0.0001648786437529
2009-06-16,459.0,470.0,452.0,455.5,1623.0,455.5,460.5,454.5,428.54,354.86,371.68050000000005,False,False,False,False,False,False,True,True,False,True,False,0.0109769484083424,-0.0812294182217343,,,0.0591877058177826,0.2209440175631174,-0.0461031833150384,0.677277716794731,0.0043397396156231,1.0127612761276126,320.0,270.5,1.7583965330444205,0.0083072758668969,-0.0002107720412399,-0.0006227117976377
2009-06-17,451.5,459.5,448.0,453.5,1051.0,453.5,460.7,455.0,431.72,356.25333333333333,372.153,False,False,False,False,False,False,True,True,False,True,False,-0.0022050716648291,-0.0749724366041896,,,0.0480264608599778,0.2144358691657479,-0.041896361631753,0.8224917309812569,0.0039110745162617,0.993846153846154,310.0,275.0,0.6475662353666051,0.0073658852960252,-0.0009413905708716,-0.0004286650993613
2009-06-18,450.0,454.5,446.5,449.5,827.0,449.5,456.8,454.75,432.74,357.6933333333333,372.55550000000005,False,False,False,False,False,False,True,True,False,True,False,-0.0511679644048943,-0.1056729699666295,,,0.037285873192436,0.2042417500926956,-0.0511679644048943,0.978865406006674,0.0040257949081149,0.9849367784496976,309.5,269.5,0.7868696479543292,0.0023570735314507,-0.0050088117645745,0.0001147203918531
2009-06-19,449.5,452.5,446.0,447.5,698.0,447.5,454.5,454.5,434.44,359.2266666666667,372.9330000000001,False,False,False,False,False,False,True,True,False,False,False,-0.0636871508379888,-0.1072625698324022,,,0.0291843575418994,0.1972588454376163,-0.0279329608938547,1.0391061452513966,0.0042684284759855,0.9646864686468648,323.5,275.0,0.8440145102781137,0.0039130835098057,0.0015560099783549,0.0002426335678705
2009-06-22,449.0,475.0,448.0,470.5,2374.0,470.5,455.3,456.5,437.78,361.26666666666665,373.4330000000001,False,False,False,False,False,False,True,True,False,False,True,-0.1094580233793836,-0.1253985122210414,,,0.0695430393198725,0.2321643641516118,-0.0807651434643995,1.0031880977683316,0.0056467983022696,0.9477546549835706,322.0,281.0,3.4011461318051577,0.0076294028964319,0.0037163193866262,0.0013783698262841
2009-06-23,463.0,470.5,452.0,460.5,1570.0,460.5,456.3,458.4,440.98,363.38666666666666,373.7605,False,False,False,False,False,False,True,True,False,True,False,-0.0912052117263843,-0.0955483170466883,,,0.0423887079261671,0.2108867173362287,-0.0684039087947882,1.1824104234527688,0.0058340060174653,0.9516797556719024,344.0,285.5,0.6613310867733783,0.0072565649235794,-0.0003728379728525,0.0001872077151956
2009-06-24,455.5,459.0,450.0,452.5,2526.0,452.5,456.1,458.4,443.56,365.5866666666666,373.9755,False,False,False,False,False,False,True,True,False,True,False,-0.0729281767955801,-0.0950276243093922,,,0.019756906077348,0.1920736648250462,-0.0519337016574585,1.171270718232044,0.0060177249352636,0.9475349040139616,369.0,302.0,1.6089171974522294,0.0058165749842185,-0.0014399899393608,0.0001837189177983
2009-06-25,412.5,433.5,412.5,426.5,3189.0,426.5,451.5,454.15,445.62,367.2733333333333,374.0105,False,False,False,False,False,False,True,True,False,True,False,-0.0574443141852286,-0.0246189917936694,,,-0.0448300117233294,0.1388667448221962,0.0011723329425556,1.3681125439624853,0.0045924016627036,0.9797423758670044,368.0,327.0,1.262470308788599,0.0046227727660338,-0.0011938022181847,-0.0014253232725599
2009-06-26,426.5,431.0,414.0,419.0,1335.0,419.0,445.8,450.15,447.68,369.02,373.758,False,False,False,False,False,False,True,True,False,True,False,-0.0465393794749403,-0.0119331742243436,,,-0.0684486873508353,0.1192840095465394,0.0226730310262529,1.328162291169451,0.004733257456687,1.030212151505054,371.0,343.5,0.41862652869238,0.0046015010721944,-2.1271693839416267e-05,0.0001408557939834
2009-06-29,424.0,424.0,417.0,419.0,1240.0,419.0,435.5,445.4,449.46,370.94,373.3205,False,False,False,False,False,False,True,True,False,True,False,-0.0178997613365155,-0.1145584725536992,,,-0.0726968973747016,0.1147016706443914,0.0202863961813842,1.1837708830548923,0.005176039251631,1.0707229456668164,362.5,326.5,0.9288389513108616,0.0039603079250655,-0.0006411931471288,0.0004427817949439
2009-06-30,420.5,423.0,418.5,418.5,746.0,418.5,427.1,441.7,449.56,373.00666666666666,372.86300000000006,False,False,False,False,False,False,True,True,False,True,False,-0.004778972520908,-0.062126642771804,,,-0.0742174432497013,0.1087056949422541,0.1409796893667861,1.2066905615292711,0.0055405622777072,1.1241793072220965,366.0,332.0,0.6016129032258064,0.0002224397188362,-0.0037378682062293,0.0003645230260762
2009-07-01,417.5,419.5,416.0,419.5,639.0,419.5,420.5,438.3,449.04,374.7533333333333,372.3855,False,False,False,False,False,False,False,True,False,True,False,-0.0238379022646007,-0.0369487485101311,,,-0.0704171632896305,0.1066666666666668,0.1489868891537544,1.193087008343266,0.0046608435771083,1.161989504905316,364.5,332.5,0.8565683646112601,-0.0011580260110457,-0.0013804657298819,-0.0008797187005989
2009-07-02,417.5,417.5,400.5,402.0,772.0,402.0,415.6,433.55,446.72,376.5866666666666,371.943,False,False,False,False,False,False,False,True,False,True,False,0.0348258706467661,0.0199004975124378,,,-0.1112437810945274,0.0632172470978443,0.1579601990049751,1.2985074626865671,0.004868290610395,1.193633952254642,351.0,335.5,1.2081377151799686,-0.0051934097421203,-0.0040353837310745,0.0002074470332867
2009-07-03,397.0,400.0,392.5,399.5,740.0,399.5,411.7,428.75,444.36,378.2733333333333,371.3405,False,False,False,False,False,False,False,True,False,True,False,0.0362953692115143,0.0413016270337922,,,-0.1122903629536921,0.0531330830204422,0.1652065081351689,1.365456821026283,0.0044588569112283,1.2257725947521865,350.0,331.5,0.9585492227979274,-0.0053110090917274,-0.0001175993496071,-0.0004094336991667
2009-07-06,397.5,416.0,394.0,411.5,645.0,411.5,410.2,422.85,442.14,379.8933333333333,370.86300000000006,False,False,False,False,False,False,False,True,False,False,False,-0.0984204131227217,0.0729040097205346,,,-0.0744592952612393,0.0768084244633455,0.1227217496962333,1.2369380315917375,0.0042643549066404,1.2516258720586495,376.0,313.5,0.8716216216216216,-0.0050210340616095,0.0002899750301179,-0.0001945020045878
2009-07-07,411.5,424.0,411.5,416.5,604.0,416.5,409.8,418.45,440.44,381.84,370.273,False,False,False,False,False,False,False,True,False,False,False,-0.0576230492196878,0.0432172869147659,,,-0.0574789915966386,0.0832172869147659,0.1224489795918367,1.178871548619448,0.0050981213771911,1.2520014338630665,366.5,298.0,0.9364341085271318,-0.0038597765870492,0.0011612574745602,0.0008337664705506
2009-07-08,411.5,413.0,405.5,409.5,489.0,409.5,407.8,414.15,438.88,383.6333333333333,369.5455,False,False,False,False,False,False,False,True,False,False,False,-0.0134310134310134,0.061050061050061,,,-0.0717460317460317,0.0631664631664631,0.166056166056166,1.0390720390720392,0.0046746024850117,1.2397681999275627,374.0,312.5,0.8096026490066225,-0.0035545023696682,0.000305274217381,-0.0004235188921793
2009-07-09,402.5,416.5,402.5,416.0,690.0,416.0,410.6,413.1,437.44,385.5866666666666,368.893,False,False,False,False,False,False,False,True,False,False,False,-0.0144230769230769,0.0252403846153846,,,-0.0515384615384615,0.0731089743589745,0.2680288461538461,1.0949519230769231,0.005065873647083,1.2119341563786008,424.0,310.5,1.411042944785276,-0.0032918800292611,0.0002626223404071,0.0003912711620712
2009-07-10,415.0,418.5,412.5,414.0,605.0,414.0,413.5,412.6,436.0,387.44,368.343,False,False,False,False,False,False,False,True,False,True,False,0.0048309178743961,0.0507246376811594,,,-0.0531400966183574,0.0641545893719806,0.2065217391304347,1.1256038647342994,0.004783536375525,1.191468734852157,405.0,319.0,0.8768115942028986,-0.0033027522935779,-1.0872264316826115e-05,-0.000282337271558
2009-07-13,412.0,412.5,370.0,371.0,1141.0,371.0,405.4,407.8,432.82,388.64,367.598,False,False,False,False,False,False,False,True,False,True,False,0.1900269541778975,0.1657681940700808,,,-0.1666307277628032,-0.0475471698113207,0.3409703504043126,1.3773584905660377,0.0030876904075751,1.2091711623344776,387.0,315.0,1.8859504132231404,-0.0073471651032762,-0.0040444128096982,-0.0016958459679499
2009-07-14,396.0,400.0,388.0,392.5,628.0,392.5,400.6,405.2,430.86,390.06666666666666,367.0255,False,False,False,False,False,False,False,True,False,False,False,0.1070063694267516,0.0929936305732484,,,-0.0977324840764331,0.0061995753715499,0.2254777070063694,1.1528662420382163,0.0036574944453939,1.2039733464955578,380.5,320.0,0.5503943908851884,-0.0045490414519797,0.0027981236512964,0.0005698040378188
2009-07-15,397.5,405.0,394.0,404.0,400.0,404.0,399.5,403.65,428.92,391.4266666666667,366.8205,False,False,False,False,False,False,False,True,False,False,False,0.0754950495049504,0.0618811881188118,,,-0.0616831683168317,0.031122112211221,0.2165841584158415,0.9554455445544554,0.0034744694621385,1.180230397621702,388.0,310.0,0.6369426751592356,-0.0045229879697845,2.6053482195143897e-05,-0.0001830249832554
2009-07-16,414.0,414.5,404.5,410.0,310.0,410.0,398.3,404.45,426.56,392.53333333333336,366.6355,False,False,False,False,False,False,False,True,False,True,False,0.0402439024390243,0.0414634146341463,,,-0.040390243902439,0.0426016260162601,0.1719512195121951,0.9073170731707316,0.0028192934782609,1.1408085053776735,375.0,309.5,0.775,-0.0055326331582896,-0.001009645188505,-0.0006551759838776
2009-07-17,412.5,419.0,408.0,416.0,681.0,416.0,398.7,406.1,424.84,393.5,366.338,False,False,False,False,False,False,False,True,False,False,False,0.0456730769230769,0.0300480769230769,,,-0.0212499999999999,0.0540865384615384,0.1658653846153846,1.0336538461538465,0.0024565861922913,1.107732085693179,367.5,323.5,2.196774193548387,-0.0040485829959514,0.0014840501623381,-0.0003627072859695
2009-07-21,431.0,444.5,430.0,441.5,1064.0,441.5,412.8,409.1,423.84,395.03333333333336,366.18050000000005,False,False,False,False,True,False,False,True,False,False,False,-0.0203850509626274,-0.0317100792751981,,,0.04,0.1052472631181577,0.0973952434881087,0.8527746319365799,0.0038815289848958,1.067220728428257,374.5,322.0,1.562408223201175,-0.0023593808984522,0.0016892020974992,0.0014249427926045
2009-07-22,441.5,448.0,431.0,434.5,591.0,434.5,421.2,410.9,423.0,396.4,365.953,False,False,False,False,False,False,False,True,False,False,False,-0.0126582278481012,0.098964326812428,,,0.0264672036823935,0.0876869965477561,0.1277330264672037,0.8642117376294591,0.0034476959300368,1.0344366025797034,416.0,344.0,0.5554511278195489,-0.0019858156028368,0.0003735652956154,-0.0004338330548589
2009-07-23,444.5,452.5,434.5,434.5,667.0,434.5,427.3,413.4,422.24,397.76,365.483,False,False,False,False,False,False,False,True,False,False,False,-0.0126582278481012,0.1093210586881473,,,0.0282163406214038,0.0845569620253164,0.2428078250863061,0.8043728423475259,0.0034191472244569,1.0097968069666186,432.5,369.0,1.128595600676819,-0.0017999242137172,0.0001858913891195,-2.854870557988205e-05
2009-07-24,437.5,439.0,425.0,426.5,489.0,426.5,430.6,414.45,421.32,398.97333333333336,365.0955,False,False,False,False,False,False,False,True,False,True,False,0.0011723329425556,0.0914419695193435,,,0.0121453692848769,0.0645408362641656,0.3939038686987104,0.5826494724501758,0.0030411389232363,0.9572927976836774,460.0,368.0,0.7331334332833583,-0.0021836134054875,-0.0003836891917702,-0.0003780083012206
2009-07-27,436.5,442.0,430.5,435.0,368.0,435.0,434.4,416.55,420.82,400.35333333333335,364.703,False,False,False,False,False,False,False,True,False,False,False,-0.0149425287356321,0.0701149425287356,,,0.0325977011494253,0.079647509578544,0.4218390804597701,0.4701149425287356,0.0034469551895825,0.8896891129516263,458.5,371.0,0.7525562372188139,-0.0011881564564421,0.0009954569490453,0.0004058162663461
2009-07-28,430.0,441.0,429.5,432.5,184.0,432.5,432.6,422.7,419.3,401.94,364.3455,False,False,False,False,False,False,False,True,False,True,False,-0.0115606936416184,0.0682080924855491,,,0.0305202312138728,0.0706589595375722,0.6219653179190752,0.3803468208092485,0.0039475211889004,0.7947717057014431,467.0,362.5,0.5,-0.0036250894347721,-0.00243693297833,0.0005005659993179
2009-07-29,432.0,433.0,427.0,429.0,100.0,429.0,431.5,426.35,418.04,403.68666666666667,364.088,False,False,False,False,False,False,False,True,False,False,False,0.113053613053613,0.0897435897435897,,,0.0255477855477855,0.059005439005439,0.6410256410256411,0.4254079254079254,0.0043267881029841,0.7246393807904302,459.0,366.0,0.5434782608695652,-0.0030140656396516,0.0006110237951205,0.0003792669140837
2009-07-30,425.5,430.0,419.0,429.0,329.0,429.0,430.4,428.85,417.1,405.24,364.0630000000001,False,False,False,False,False,False,False,True,False,False,False,0.1235431235431235,0.113053613053613,,,0.0277389277389276,0.0553846153846153,0.5967365967365967,0.3333333333333333,0.0038331194682986,0.663751894601842,448.5,364.5,3.29,-0.0022536561975545,0.0007604094420971,-0.0004936686346855
2009-07-31,434.0,435.0,419.0,427.0,275.0,427.0,430.5,430.55,417.12,406.79333333333335,364.023,False,False,False,False,False,False,True,True,False,False,False,0.0901639344262295,0.2353629976580796,,,0.0231381733021077,0.0473224043715846,0.6159250585480094,0.5281030444964872,0.0038184827676625,0.6271048658692369,452.0,351.0,0.8358662613981763,4.794783275791573e-05,0.0023016040303124,-1.4636700636090108e-05
2009-08-03,432.5,432.5,423.5,428.5,110.0,428.5,429.2,431.8,417.5,408.2533333333333,364.11800000000005,False,False,False,False,False,False,True,True,False,False,False,0.0863477246207701,0.1656942823803967,,,0.0256709451575262,0.0472500972384287,0.574095682613769,0.4002333722287048,0.0035762108494723,0.565423807318203,450.0,350.0,0.4,0.0009101796407185,0.0008622318079606,-0.0002422719181901
2009-08-04,423.5,429.5,423.5,427.5,300.0,427.5,428.2,430.4,417.84,409.7533333333333,364.3305,False,False,False,False,False,False,True,True,False,True,False,0.0807017543859649,0.1637426900584795,,,0.0225964912280702,0.0415126705653022,0.5263157894736842,0.4514619883040935,0.0036607389811756,0.5246282527881043,450.5,376.0,2.727272727272727,0.0008137085965919,-9.64710441266149e-05,8.452813170330663e-05
2009-08-05,447.5,477.5,445.5,477.5,2195.0,477.5,437.9,434.7,420.2,411.85333333333335,365.043,False,False,False,False,False,False,True,True,True,False,True,-0.0209424083769633,0.0073298429319371,,,0.12,0.137479930191972,0.5057591623036649,0.4973821989528796,0.0050989025219335,0.4876926616057052,441.5,366.5,7.316666666666666,0.0056163731556402,0.0048026645590482,0.0014381635407579
2009-08-06,485.0,497.5,465.0,482.0,3697.0,482.0,448.5,439.45,422.7,414.14666666666665,365.893,False,False,False,False,False,False,True,True,False,False,False,-0.0093360995850622,0.0197095435684647,,,0.1230290456431535,0.1407745504840941,0.5560165975103735,0.4315352697095436,0.0055374907440197,0.4502218682443963,452.5,374.0,1.6842824601366742,0.0059143600662408,0.0002979869106006,0.0004385882220861
2009-08-07,472.0,475.0,455.0,465.5,945.0,465.5,456.2,443.35,425.24,416.2266666666667,366.7855,False,False,False,False,False,False,True,True,False,False,False,0.1331901181525241,0.0322234156820623,,,0.0864876476906551,0.1058503401360543,0.9001074113856069,0.611170784103115,0.0049972771246437,0.4543814142325474,469.0,424.0,0.2556126589126318,0.0059730975449158,5.8737478675027245e-05,-0.000540213619376
2009-08-10,469.5,474.0,462.0,465.5,346.0,465.5,463.6,446.4,427.88,418.12,367.55300000000005,False,False,False,False,False,False,True,True,False,False,False,0.0730397422126745,0.0418904403866809,,,0.0808163265306122,0.1017830290010741,1.105263157894737,0.5778732545649838,0.0045282056188015,0.4657258064516129,459.0,405.0,0.3661375661375661,0.0061699541927642,0.0001968566478484,-0.0004690715058421
2009-08-11,466.0,467.5,457.5,462.0,318.0,462.0,470.5,449.35,429.9,419.9866666666667,368.4005,False,False,False,False,False,False,True,True,False,True,False,0.0768398268398268,0.0487012987012987,,,0.0694805194805195,0.0909379509379509,0.9783549783549784,0.5227272727272727,0.0044445855423981,0.4798041615667074,466.5,387.0,0.9190751445086706,0.0046987671551523,-0.0014711870376119,-8.362007640339095e-05
2009-08-12,460.5,472.0,460.0,467.5,309.0,467.5,468.5,453.2,431.94,421.6333333333333,369.338,False,False,False,False,False,False,True,True,False,False,False,0.0288770053475935,0.0481283422459893,,,0.0760641711229946,0.0981105169340463,0.9636363636363636,0.4770053475935829,0.0039054470709146,0.4846646072374229,455.5,380.5,0.9716981132075472,0.0047228781775247,2.41110223723846e-05,-0.0005391384714835
2009-08-13,475.0,477.5,469.5,477.5,396.0,477.5,467.6,458.05,434.66,423.08,370.288,False,False,False,False,False,False,True,True,False,False,False,0.0293193717277486,0.1308900523560209,,,0.0897172774869109,0.1139685863874346,0.8900523560209425,0.5298429319371728,0.0034193690712552,0.503547647636721,453.5,388.0,1.2815533980582523,0.0062577646896425,0.0015348865121178,-0.0004860779996594
2009-08-14,522.5,527.5,521.0,527.5,1495.0,527.5,480.0,468.1,439.12,425.20666666666665,371.3755000000001,False,False,False,False,False,False,True,True,False,False,False,-0.0890995260663507,0.1270142180094786,,,0.1675450236966824,0.1939210110584518,0.7725118483412322,0.4549763033175355,0.0050014894717862,0.4958342234565264,449.5,375.0,3.775252525252525,0.0101566769903442,0.0038989123007017,0.001582120400531
2009-08-17,527.0,540.0,498.0,499.5,2176.0,499.5,486.8,475.2,442.54,426.92,372.198,False,False,False,False,False,False,True,True,False,True,False,-0.029029029029029,0.2382382382382382,,,0.1140340340340339,0.1453053053053052,1.021021021021021,0.5735735735735735,0.0040132421374809,0.5126262626262625,447.5,367.5,1.4555183946488297,0.0077281149726578,-0.0024285620176864,-0.0009882473343053
2009-08-18,484.5,511.5,483.5,497.5,775.0,497.5,493.9,482.2,447.6,428.72,372.8855,False,False,False,False,False,False,True,True,False,False,False,-0.0261306532663316,0.4100502512562814,,,0.1003015075376883,0.1382512562814069,0.970854271356784,0.5467336683417086,0.0041985445045717,0.5215678141849857,470.5,374.5,0.3561580882352941,0.0113047363717605,0.0035766213991026,0.0001853023670908
2009-08-19,497.5,501.5,481.0,481.0,515.0,481.0,496.6,482.55,451.14,430.2533333333333,373.5155,False,False,False,False,False,False,True,True,False,True,False,0.0187110187110187,0.4636174636174636,,,0.0620790020790021,0.1055024255024256,0.975051975051975,0.6528066528066528,0.0035637918745543,0.5370427934929023,460.5,416.0,0.6645161290322581,0.0078467881367202,-0.0034579482350402,-0.0006347526300174
2009-08-20,483.5,493.0,483.5,491.5,221.0,491.5,499.4,483.5,454.64,431.94666666666666,374.323,False,False,False,False,False,False,True,True,False,True,False,0.0986775178026449,0.3936927772126144,,,0.0749949135300102,0.121166497117667,1.0376398779247202,0.5462868769074263,0.0039202370663046,0.5485005170630818,452.5,432.5,0.429126213592233,0.0076983987330635,-0.0001483894036567,0.0003564451917502
2009-08-21,496.5,496.5,479.5,480.5,354.0,480.5,490.0,485.0,457.46,433.67333333333335,375.1880000000001,False,False,False,False,False,False,True,True,False,True,False,0.2372528616024974,0.4360041623309053,,,0.0479500520291363,0.0974540409295872,0.9698231009365244,0.4360041623309053,0.0039814914451738,0.5313402061855671,426.5,460.0,1.6018099547511313,0.0061644733965811,-0.0015339253364824,6.12543788692339e-05
2009-08-24,485.5,489.0,479.0,485.0,257.0,485.0,487.1,486.95,460.22,435.47333333333336,376.0405,False,False,False,False,False,False,True,True,False,True,False,0.2752577319587629,0.3907216494845361,,,0.0510927835051545,0.1021168384879724,0.7061855670103093,0.4752577319587628,0.0041334333522144,0.5213060889208337,419.0,458.5,0.7259887005649718,0.0059971318065274,-0.0001673415900536,0.0001519419070406
2009-08-25,486.0,486.0,477.5,484.5,390.0,484.5,484.5,489.2,461.94,436.92,376.903,False,False,False,False,False,False,True,True,False,True,False,0.4478844169246646,0.3467492260061919,,,0.04656346749226,0.098204334365325,0.7151702786377709,0.5015479876160991,0.0033110561811467,0.5192150449713819,419.0,467.0,1.517509727626459,0.0037234272849287,-0.0022737045215987,-0.0008223771710676
2009-08-26,479.5,490.0,478.5,490.0,218.0,490.0,486.3,491.45,464.16,438.56666666666666,377.753,False,False,False,False,False,False,True,True,False,False,False,0.436734693877551,0.4673469387755102,,,0.0527346938775509,0.1049659863945578,0.5591836734693878,0.3979591836734694,0.0037546553165614,0.5111405025943636,418.5,459.0,0.558974358974359,0.0047828335056877,0.001059406220759,0.0004435991354146
2009-08-27,540.0,540.0,540.0,540.0,532.0,540.0,496.0,497.7,468.38,440.78,378.858,False,False,False,False,False,False,True,True,False,False,False,0.2685185185185185,0.3888888888888889,,,0.1326296296296296,0.1837407407407408,0.5305555555555556,0.2574074074074074,0.0050214014549963,0.4818163552340768,419.5,448.5,2.440366972477064,0.0090097783850718,0.0042269448793841,0.0012667461384349
2009-08-28,570.0,637.5,560.0,594.5,7846.0,594.5,518.8,504.4,475.1,443.0533333333333,380.17550000000006,False,False,False,False,False,False,True,True,False,False,False,0.1606391925988225,0.4878048780487805,,,0.2008410428931875,0.2547462853938885,0.496215306980656,0.2304457527333894,0.0051310602184838,0.4549960348929421,402.0,452.0,14.74812030075188,0.014144390654599,0.0051346122695272,0.0001096587634874
2009-08-31,630.0,635.5,590.0,618.5,3089.0,618.5,545.5,516.3,482.44,445.9,381.518,False,False,False,False,False,False,True,True,False,False,False,0.0905416329830234,0.5844785772029103,,,0.219983831851253,0.2790622473726759,0.475343573160873,0.16410670978173,0.0063840920983778,0.4086771257021112,399.5,450.0,0.3937037981136885,0.015214327170218,0.0010699365156189,0.001253031879894
2009-09-01,621.5,705.0,610.5,701.5,6612.0,701.5,588.9,536.7,493.2,450.0933333333333,383.458,False,False,False,False,False,False,True,True,False,False,False,-0.0698503207412687,0.3029223093371347,,,0.2969351389878831,0.3583844143502019,0.3435495367070563,0.0249465431218816,0.009316586189531,0.3457238680827276,411.5,450.5,2.14049854321787,0.021816707218167,0.006602380047949,0.0029324940911531
2009-09-02,694.0,760.0,687.0,704.0,5727.0,704.0,631.7,559.0,504.2,454.4066666666667,385.4355000000001,False,False,False,False,False,False,True,True,False,False,False,0.0213068181818181,0.3039772727272727,,,0.2838068181818182,0.3545359848484848,0.4275568181818182,0.0475852272727272,0.0094922316280572,0.2817531305903399,416.5,441.5,0.8661524500907442,0.0218167393891313,3.21709642432666e-08,0.0001756454385261
2009-09-03,710.0,729.5,675.5,685.0,2293.0,685.0,660.7,578.35,514.44,458.3666666666667,387.3155,False,False,False,False,False,False,True,True,False,True,False,0.0948905109489051,0.3175182481751825,,,0.2489927007299269,0.3308515815085158,0.4343065693430657,0.1321167883211678,0.0086393716820594,0.2415492348923661,409.5,452.5,0.4003841452767592,0.0199051395692404,-0.0019115998198908,-0.0008528599459977
2009-09-04,705.0,709.5,678.5,690.0,1440.0,690.0,679.8,599.3,524.96,462.56666666666666,389.253,False,False,False,False,False,False,True,True,False,False,False,0.2818840579710145,0.3550724637681159,,,0.2391884057971014,0.3296135265700483,0.463768115942029,0.172463768115942,0.009079772285076,0.2180043383947941,416.0,469.0,0.6279982555604012,0.0200396220664431,0.0001344824972026,0.0004404006030165
2009-09-07,695.0,695.5,630.0,674.5,2213.0,674.5,691.0,618.25,534.8,466.66,391.1255000000001,False,False,False,False,False,False,True,True,False,True,False,0.4529280948851,0.4966641957005189,,,0.2071163825055597,0.3081393624907338,0.4462564862861379,0.1979243884358784,0.0087715538793411,0.1956328346138294,414.0,459.0,1.5368055555555555,0.0183994016454747,-0.0016402204209683,-0.0003082184057348
2009-09-08,677.5,677.5,637.5,652.5,1057.0,652.5,681.2,635.05,543.8,470.3666666666667,392.98800000000006,False,False,False,False,False,False,True,True,False,True,False,0.4007662835249042,0.5026819923371647,,,0.1665900383141763,0.2791315453384418,0.4022988505747126,0.2636015325670498,0.0078803770108425,0.1792772222659633,371.0,466.5,0.4776321735201084,0.01655020228025,-0.0018491993652246,-0.0008911768684986
2009-09-09,660.0,720.0,645.5,719.0,3475.0,719.0,684.2,657.95,553.46,474.4066666666667,395.17800000000005,False,False,False,False,False,False,True,True,False,False,False,0.2767732962447844,0.321279554937413,,,0.2302364394993045,0.3401854427445526,0.28442280945758,0.082058414464534,0.0085159005635109,0.1523672011551029,392.5,455.5,3.2876064333017974,0.0174538358688976,0.0009036335886475,0.0006355235526683
2009-09-10,725.5,758.0,725.0,750.0,3411.0,750.0,697.2,678.95,564.18,478.64,397.55550000000005,False,False,False,False,False,False,True,True,False,False,False,0.2033333333333333,0.3353333333333333,,,0.24776,0.3618133333333334,0.2266666666666666,0.0233333333333333,0.0088445038720819,0.1297591869798952,404.0,453.5,0.9815827338129496,0.019001028040696,0.0015471921717984,0.0003286033085709
2009-09-11,764.0,890.5,755.0,884.5,9232.0,884.5,736.1,707.95,580.94,484.3,400.603,False,False,False,False,False,False,True,True,False,False,False,0.0570944036178632,0.0700960994912379,,,0.3431995477671,0.4524590163934426,0.0446579988694177,-0.1006218202374222,0.0116869708858146,0.0925206582385761,410.0,449.5,2.706537672236881,0.0288497951595691,0.009848767118873,0.0028424670137327
2009-09-14,929.5,985.0,890.0,980.0,7008.0,980.0,797.2,744.1,601.52,491.2533333333333,404.2505000000001,False,False,False,False,False,False,True,True,False,False,False,0.0301020408163265,-0.1556122448979592,,,0.3862040816326531,0.4987210884353742,-0.0357142857142857,-0.1923469387755102,0.0141542720660078,0.0490525467007122,416.0,447.5,0.7590987868284229,0.0342133262401914,0.0053635310806222,0.0024673011801932
2009-09-15,950.0,977.5,901.0,914.0,4863.0,914.0,849.5,765.35,619.6,497.2133333333333,407.689,False,False,False,False,False,False,True,True,False,True,False,0.0727571115973741,-0.0908096280087527,,,0.3221006564551422,0.4560029175784099,0.0071115973741794,-0.1602844638949671,0.0119868064680486,0.0262624942836611,441.5,470.5,0.6939212328767124,0.0291801162040026,-0.0050332100361887,-0.0021674655979592
2009-09-16,890.5,956.0,886.0,918.0,4196.0,918.0,889.3,786.75,637.62,503.3333333333333,411.0475,False,False,False,False,False,False,True,True,False,True,False,0.0348583877995642,-0.167755991285403,,,0.3054248366013072,0.4517066085693537,-0.011437908496732,-0.1476034858387799,0.012158940397351,0.0040673657451541,434.5,460.5,0.8628418671601892,0.0282613468837238,-0.0009187693202788,0.0001721339293023
2009-09-17,903.0,932.5,891.0,902.5,2433.0,902.5,919.8,808.5,654.62,509.38666666666666,414.2275,False,False,False,False,False,False,True,True,False,True,False,0.1096952908587257,-0.0842105263157894,,,0.2746592797783933,0.4355826408125577,-0.074792243767313,-0.1058171745152354,0.0118835724007957,-0.019047619047619,434.5,452.5,0.5798379408960915,0.0259692646115303,-0.0022920822721934,-0.0002753679965552
2009-09-18,930.0,963.5,911.5,935.0,3987.0,935.0,929.9,833.0,670.92,515.8266666666667,417.445,False,False,False,False,False,False,True,True,False,True,False,0.0122994652406417,-0.048663101604278,,,0.2824385026737968,0.448313725490196,-0.0679144385026738,-0.0909090909090909,0.0124848140202136,-0.0429771908763504,426.5,426.5,1.6387176325524044,0.0242949979133129,-0.0016742666982173,0.0006012416194178
2009-09-24,960.0,1062.5,944.0,1009.5,6475.0,1009.5,935.8,866.5,691.32,523.2866666666666,420.945,False,False,False,False,False,False,True,True,False,False,False,-0.1802872709262011,-0.096087171867261,,,0.3151857355126299,0.4816377744758131,-0.1282813273897969,-0.1139177810797424,0.0142560483100402,-0.0699942296595498,435.0,419.0,1.6240280912967142,0.0295087658392641,0.0052137679259511,0.0017712342898266
2009-09-25,1013.0,1080.0,980.0,980.5,8793.0,980.5,949.1,899.3,710.64,530.3533333333334,424.2925,False,False,False,False,False,False,True,True,False,True,False,-0.152473227944926,-0.0387557368689444,,,0.2752269250382458,0.4590990990990991,-0.1004589495155532,-0.0872004079551249,0.0133244503664224,-0.0960747247859446,432.5,419.0,1.357992277992278,0.0271867612293143,-0.0023220046099498,-0.0009315979436177
2009-09-28,950.5,972.5,926.0,950.0,2833.0,950.0,955.5,922.4,729.4,537.1333333333333,427.375,False,False,False,False,False,False,True,True,False,True,False,-0.1957894736842105,0.0578947368421052,,,0.2322105263157895,0.4345964912280702,-0.1105263157894736,0.0,0.0126225642298621,-0.1000650477016478,429.0,418.5,0.3221881041737746,0.0257197696737044,-0.0014669915556099,-0.0007018861365603
2009-09-29,971.5,1001.5,935.0,1001.5,2583.0,1001.5,975.3,947.55,749.8,544.4533333333334,430.59,False,False,False,False,False,False,True,True,False,False,False,-0.1747378931602596,-0.018971542685971,,,0.2513230154767849,0.4563621234814444,-0.2111832251622566,-0.0609086370444333,0.0134446784542294,-0.1056936309429581,429.0,419.5,0.9117543240381222,0.0272072552680714,0.001487485594367,0.0008221142243672
2009-09-30,1005.0,1014.5,933.0,946.5,4129.0,946.5,977.6,953.75,768.44,550.82,433.47,False,False,False,False,False,False,True,True,False,True,False,-0.0602218700475435,0.0670892762810353,,,0.1881246698362387,0.4180454305335446,-0.1737982039091389,-0.0243000528262017,0.0115585248659574,-0.0980865006553079,427.0,402.0,1.5985288424312811,0.0242569361303421,-0.0029503191377293,-0.0018861535882719
2009-10-01,937.5,950.0,823.5,827.5,6444.0,827.5,941.2,938.5,782.14,555.7333333333333,435.815,False,False,False,False,False,False,True,True,False,True,False,0.1027190332326284,0.1788519637462235,,,0.0548157099697885,0.3284189325276938,0.0223564954682779,0.1250755287009063,0.0088411708253358,-0.0685668620138519,428.5,399.5,1.5606684427222088,0.0175160457207148,-0.0067408904096272,-0.0027173540406216
2009-10-02,800.0,850.0,791.0,831.0,3869.0,831.0,911.3,930.2,796.0,560.5933333333334,438.2025,False,False,False,False,False,False,True,True,False,True,False,0.1341756919374248,0.1010830324909747,,,0.0421179302045728,0.3253991175290814,-0.0156438026474127,0.1040914560770156,0.0086693860076823,-0.0441302945603096,427.5,411.5,0.6004034761018001,0.0174120603015075,-0.0001039854192073,-0.0001717848176534
2009-10-05,803.0,818.5,737.5,764.0,5426.0,764.0,874.1,914.8,806.96,564.7066666666667,440.0725,False,False,False,False,False,False,True,True,False,True,False,0.3154450261780104,0.2087696335078534,,,-0.0562303664921466,0.2608551483420593,0.0602094240837696,0.2414921465968586,0.0072840176610866,-0.0098928727590729,477.5,416.5,1.4024295683639183,0.0135818380093189,-0.0038302222921885,-0.0013853683465957
2009-10-06,776.0,831.5,773.5,826.5,3301.0,826.5,839.1,907.2,818.42,569.68,442.3025,False,False,False,False,False,False,True,True,False,False,False,0.1887477313974591,0.1131276467029643,,,0.0097761645493043,0.3107320024198428,-0.0514216575922565,0.2437991530550514,0.0087300472780038,0.0227623456790123,482.0,409.5,0.608367121267969,0.0140025903570293,0.0004207523477103,0.0014460296169172
2009-10-07,825.5,896.5,825.5,889.5,3760.0,889.5,827.7,902.65,830.22,575.5466666666666,444.665,False,False,False,False,False,False,True,True,False,False,False,0.1354693648116919,0.0387858347386172,,,0.0666441821247891,0.3529548435450628,-0.2411467116357504,0.1214165261382799,0.010193207617106,0.044258571982496,465.5,416.0,1.1390487730990608,0.014213100142131,0.0002105097851017,0.0014631603391022
2009-10-08,900.0,919.5,870.0,912.5,3517.0,912.5,844.7,892.95,841.98,581.7466666666667,447.2025,False,False,False,False,False,False,True,True,False,True,False,0.0690410958904109,0.0356164383561643,,,0.0772821917808219,0.362469406392694,-0.2991780821917808,-0.0126027397260273,0.010657559991749,0.0563301416652667,465.5,414.0,0.935372340425532,0.0139670776027934,-0.0002460225393376,0.0004643523746429
2009-10-09,937.5,1000.0,931.5,942.5,6310.0,942.5,867.0,889.15,851.62,588.04,449.945,False,False,False,False,False,False,True,True,False,True,False,-0.0291777188328912,-0.0233421750663129,,,0.0964244031830238,0.3760848806366048,-0.36657824933687,-0.0270557029177718,0.0107022198036414,0.0633189000731036,462.0,371.0,1.7941427352857549,0.0113196026396749,-0.0026474749631184,4.465981189234573e-05
2009-10-13,957.5,1009.0,942.5,1005.0,4264.0,1005.0,915.2,894.65,863.66,595.3,452.9275,False,False,False,False,False,False,True,True,False,False,True,-0.081094527363184,-0.0970149253731343,,,0.140636815920398,0.4076616915422886,-0.3915422885572139,-0.1094527363184079,0.0121955316647068,0.0506343262728442,467.5,392.5,0.6757527733755943,0.0139406710974225,0.0026210684577475,0.0014933118610654
2009-10-14,1010.0,1087.5,958.5,982.5,7296.0,982.5,946.4,892.75,875.56,602.3666666666667,455.8075,False,False,False,False,False,False,True,True,False,True,False,-0.0636132315521628,-0.1501272264631043,,,0.1088447837150127,0.3869041560644614,-0.4178117048346056,-0.099236641221374,0.0117315035139174,0.0466535984318117,477.5,404.0,1.7110694183864916,0.013591301566997,-0.0003493695304254,-0.0004640281507894
2009-10-15,1032.5,1047.5,994.0,1010.0,4569.0,1010.0,970.5,899.1,888.36,610.1466666666666,458.8575,False,False,False,False,False,False,True,True,False,False,True,-0.0851485148514851,-0.1371287128712871,,,0.1204356435643564,0.3958943894389439,-0.3539603960396039,-0.1485148514851485,0.0127510325386245,0.0321988655321987,527.5,410.0,0.626233552631579,0.0144085731009951,0.000817271533998,0.0010195290247071
2009-10-16,985.0,993.0,939.5,975.5,3645.0,975.5,983.1,913.9,900.4,617.5666666666667,461.6875,False,False,False,False,False,False,True,True,False,True,False,-0.0312660174269605,-0.097898513582778,,,0.0769861609431061,0.3669229454980351,-0.3849308047155305,-0.1763198359815479,0.012014897177093,0.0015318962687383,499.5,416.0,0.7977675640183848,0.0133718347401154,-0.0010367383608797,-0.0007361353615315
2009-10-19,970.5,972.0,915.0,915.0,4027.0,915.0,977.6,922.3,910.9,624.18,464.25,False,False,False,False,False,False,True,True,False,True,False,0.0060109289617486,-0.0360655737704918,,,0.0044808743169399,0.3178360655737705,-0.3218579234972678,-0.1393442622950819,0.0105952342807094,-0.021684918139434,497.5,441.5,1.10480109739369,0.0115270611483148,-0.0018447735918006,-0.0014196628963835
2009-10-20,940.0,944.0,912.5,923.5,1828.0,923.5,961.3,938.25,919.08,630.9133333333333,466.97,False,False,False,False,False,False,True,True,False,True,False,-0.0173253925284244,-0.0850027070925825,,,0.0047861396859772,0.3168236780364555,-0.2257715213860314,-0.1380617217108825,0.0106723585912486,-0.0545696775912603,481.0,434.5,0.4539359324559225,0.0089002045523785,-0.0026268565959363,7.712431053923108e-05
2009-10-21,905.5,949.0,901.5,920.0,2575.0,920.0,948.8,947.6,925.88,637.5866666666667,469.725,False,False,False,False,False,False,True,True,False,True,False,-0.092391304347826,-0.1413043478260869,,,-0.006391304347826,0.3069710144927536,-0.25,-0.0880434782608695,0.0104665509525503,-0.0838433938370621,491.5,434.5,1.4086433260393874,0.0073443642804682,-0.0015558402719102,-0.0002058076386983
2009-10-22,916.5,939.5,909.0,924.0,1747.0,924.0,931.6,951.05,927.46,644.5466666666666,472.5975,False,False,False,False,False,False,True,True,False,True,False,-0.0568181818181818,-0.1536796536796536,,,-0.0037445887445887,0.3024386724386725,-0.1883116883116883,-0.1341991341991342,0.0107982871682421,-0.1079333368382314,480.5,426.5,0.6784466019417476,0.0017035775127768,-0.0056407867676913,0.0003317362156918
2009-10-23,950.0,950.0,932.5,945.0,2139.0,945.0,925.5,954.3,926.06,651.82,475.4625,False,False,False,False,False,False,False,True,False,True,False,-0.0687830687830687,-0.1047619047619047,,,0.0200423280423281,0.3102433862433862,-0.2227513227513227,-0.1587301587301587,0.0111584997903308,-0.1220790107932516,485.0,435.0,1.224384659416142,-0.0015117810940976,-0.0032153586068745,0.0003602126220886
2009-10-26,930.0,941.0,919.5,920.5,1497.0,920.5,926.6,952.1,926.32,658.6066666666667,478.06,False,False,False,False,False,False,True,True,False,False,False,-0.0418250950570342,-0.111352525801195,,,-0.0063226507332971,0.2845120405576679,-0.2357414448669201,-0.1271048343291689,0.0103045824012308,-0.1319714315723138,484.5,432.5,0.699859747545582,0.0002806805423612,0.0017924616364589,-0.0008539173890999
2009-10-27,911.0,940.0,903.5,907.5,1114.0,907.5,923.4,942.35,925.9,665.1533333333333,480.5925,False,False,False,False,False,False,False,True,False,True,False,-0.0688705234159779,-0.1074380165289256,,,-0.0202754820936638,0.2670486685032139,-0.2391184573002754,-0.0413223140495867,0.0098423421166046,-0.1256433384623547,490.0,429.0,0.7441549766199065,-0.0004536127011557,-0.0007342932435169,-0.0004622402846262
2009-10-28,906.5,912.5,828.5,835.0,3751.0,835.0,906.4,927.6,923.2,670.8266666666667,482.835,False,False,False,False,False,False,False,True,False,True,False,-0.0538922155688622,-0.0610778443113772,,,-0.1056287425149701,0.1966147704590818,-0.1251497005988024,0.1077844311377245,0.0084572269041184,-0.1074277705907718,540.0,429.0,3.367145421903052,-0.0029246100519929,-0.0024709973508372,-0.0013851152124862
2009-10-29,825.0,887.5,793.0,871.5,2560.0,871.5,895.9,913.75,920.66,676.9,485.2675,False,False,False,False,False,False,False,True,False,False,False,-0.1026965002868617,-0.225473321858864,,,-0.0564084911072862,0.223293172690763,-0.1193344807802639,0.129661503155479,0.0089722755700003,-0.0802735978112175,594.5,427.0,0.6824846707544655,-0.0027588903612626,0.0001657196907303,0.0005150486658819
2009-10-30,885.0,899.0,856.0,880.0,1024.0,880.0,882.9,904.2,915.48,683.1133333333333,487.7825,False,False,False,False,False,False,False,True,False,True,False,-0.0386363636363636,-0.2732954545454545,,,-0.0403181818181818,0.2237348484848484,-0.1068181818181818,0.0982954545454545,0.0090956112699698,-0.0525326255253262,618.5,428.5,0.4,-0.0056582339319263,-0.0028993435706637,0.0001233356999694
2009-11-02,835.0,883.5,833.0,882.0,971.0,882.0,875.2,900.9,911.54,689.9266666666666,490.315,False,False,False,False,False,False,False,True,False,False,False,-0.0725623582766439,-0.3231292517006803,,,-0.0334920634920634,0.2177702191987907,-0.1275510204081632,0.1417233560090703,0.0098754456995428,-0.0246975246975247,701.5,427.5,0.9482421875,-0.0043223555740834,0.0013358783578428,0.0007798344295729
2009-11-04,867.0,880.0,843.0,845.0,1165.0,845.0,862.7,893.05,907.34,695.96,492.615,False,False,False,False,False,False,False,True,False,True,False,-0.0414201183431952,-0.2763313609467455,,,-0.0737751479289941,0.176378698224852,-0.059171597633136,0.0940828402366864,0.0086690805985019,-0.0017356251049772,704.0,477.5,1.199794026776519,-0.0046289152908501,-0.0003065597167666,-0.0012063651010409
2009-11-05,845.0,845.0,790.0,790.0,1983.0,790.0,853.7,880.05,898.88,701.1066666666667,494.7,False,False,False,False,False,False,False,True,False,True,False,-0.0075949367088607,-0.2759493670886076,,,-0.1378227848101265,0.1125232067510548,-0.0379746835443038,0.2018987341772151,0.0073407755358195,0.0255667291631157,685.0,482.0,1.7021459227467812,-0.0094117123531506,-0.0047827970623005,-0.0013283050626824
2009-11-06,794.0,828.0,770.0,782.0,2058.0,782.0,835.8,865.85,892.3,706.0666666666667,496.73,False,False,False,False,False,False,False,True,False,False,False,-0.1368286445012787,-0.1656010230179028,,,-0.1410485933503835,0.0971014492753622,-0.1176470588235294,0.1860613810741688,0.0070248324048721,0.0571115089218686,690.0,465.5,1.037821482602118,-0.0073742015017371,0.0020375108514134,-0.0003159431309474
2009-11-09,790.0,860.0,783.0,846.0,2064.0,846.0,829.0,855.95,893.04,711.8,499.05,False,False,False,False,False,False,True,True,False,False,False,-0.2440898345153664,-0.2907801418439716,,,-0.0556028368794325,0.158628841607565,-0.1542553191489361,0.1223404255319148,0.0080546970122692,0.0873882820258192,674.5,465.5,1.0029154518950438,0.0008286302965152,0.0082028317982524,0.0010298646073971
2009-11-10,846.0,889.0,817.5,818.0,2278.0,818.0,816.2,845.7,892.52,716.82,501.185,False,False,False,False,False,False,False,True,False,True,False,-0.2701711491442543,-0.241442542787286,,,-0.0911002444987774,0.1236919315403422,-0.1106356968215158,0.2194376528117359,0.0070031528138167,0.1235071538370579,652.5,462.0,1.1036821705426356,-0.0005826199973109,-0.0014112502938262,-0.0010515441984525
2009-11-11,815.0,843.5,779.0,810.0,1236.0,810.0,809.2,835.95,894.36,721.8266666666667,503.315,False,False,False,False,False,False,True,True,True,False,False,-0.2450617283950617,-0.1172839506172839,,,-0.1041481481481481,0.1088559670781892,-0.1543209876543209,0.2006172839506173,0.0069361065445074,0.1488725402236975,719.0,467.5,0.5425812115891132,0.0020573370902097,0.0026399570875207,-6.704626930926702e-05
2009-11-12,795.0,804.5,780.0,784.0,1709.0,784.0,808.0,830.85,892.66,726.4866666666667,505.3425,False,False,False,False,False,False,False,True,False,True,False,-0.2704081632653061,-0.1198979591836734,,,-0.1385969387755101,0.0733588435374149,-0.1339285714285714,0.3067602040816326,0.0064144329329282,0.1679003430222061,750.0,477.5,1.382686084142395,-0.0019044204960455,-0.0039617575862553,-0.0005216736115791
2009-11-13,754.0,767.5,675.0,675.0,3767.0,675.0,786.6,811.2,884.08,729.8,506.825,False,False,False,False,False,False,False,True,False,True,False,-0.0333333333333333,0.1111111111111111,,,-0.3097481481481482,-0.0811851851851851,0.0837037037037037,0.5911111111111111,0.0045400566365213,0.2072238658777119,884.5,527.5,2.2042129900526626,-0.0097050040720295,-0.007800583575984,-0.0018743762964069
2009-11-16,705.0,705.0,606.0,639.5,4487.0,639.5,745.3,787.15,873.16,732.5266666666666,508.1225,False,False,False,False,False,False,False,True,False,True,False,-0.0617670054730258,0.1485535574667709,,,-0.3653792025019546,-0.1454678133958821,0.125879593432369,0.6442533229085223,0.0037222763221361,0.2549069427682144,980.0,499.5,1.191133528006371,-0.012506298960099,-0.0028012948880694,-0.0008177803143851
2009-11-17,659.5,664.0,582.5,597.0,3289.0,597.0,701.1,758.65,859.34,734.72,509.2,False,False,False,False,False,False,False,True,False,True,False,0.0393634840871021,0.1783919597989949,,,-0.4394304857621441,-0.2306867671691792,0.2043551088777219,0.7043551088777219,0.0029852642276423,0.3034337309694853,914.0,497.5,0.7330064631156675,-0.0160821095259151,-0.0035758105658161,-0.0007370120944938
2009-11-18,572.0,611.5,554.0,611.5,3977.0,611.5,661.4,735.3,843.6,737.1533333333333,510.395,False,False,False,False,False,False,False,True,False,True,False,0.169255928045789,0.1291905151267375,,,-0.3795584627964023,-0.2054837830471517,0.2060506950122649,0.6843826655764513,0.0033009866784838,0.3591731266149871,918.0,481.0,1.2091821222256005,-0.0186581318160265,-0.0025760222901114,0.0003157224508414
2009-11-19,585.0,599.5,548.5,572.0,3793.0,572.0,619.0,713.5,827.18,739.06,511.3225,False,False,False,False,False,False,False,True,False,True,False,0.2062937062937063,0.2770979020979021,,,-0.446118881118881,-0.2920629370629369,0.3557692307692308,0.8618881118881119,0.002579853688018,0.4168885774351787,902.5,491.5,0.953733970329394,-0.019850576658043,-0.0011924448420165,-0.0007211329904657
2009-11-20,556.0,665.0,556.0,652.5,5808.0,652.5,614.5,700.55,812.88,742.0666666666667,512.6925,False,False,False,False,False,False,False,True,False,False,False,0.1494252873563218,0.1762452107279693,,,-0.2457931034482758,-0.1372669220945084,0.2398467432950191,0.685823754789272,0.0040517473722039,0.4677039468988653,935.0,480.5,1.5312417611389402,-0.0175917724633401,0.0022588041947029,0.0014718936841858
2009-11-24,652.5,670.5,591.5,600.0,3800.0,600.0,606.6,675.95,797.86,744.3533333333334,513.7425,False,False,False,False,False,False,False,True,False,True,False,0.2241666666666666,0.31,,,-0.3297666666666667,-0.2405888888888889,0.3466666666666667,0.7516666666666667,0.0030720177693388,0.536134329462238,1009.5,485.0,0.6542699724517906,-0.0188253578322011,-0.0012335853688609,-0.000979729602865
2009-11-25,580.0,628.5,569.0,620.5,2625.0,620.5,611.3,656.2,786.08,746.9266666666666,514.7825,False,False,False,False,False,False,False,True,False,False,False,0.1337630942788074,0.2401289282836422,,,-0.2668493150684932,-0.2037496642492612,0.3287671232876712,0.67767929089444,0.0034452288935102,0.5889972569338616,980.5,484.5,0.6907894736842105,-0.0149857520863016,0.0038396057458995,0.0003732111241713
2009-11-26,629.5,717.5,629.5,715.0,8773.0,715.0,632.0,646.7,777.74,750.0933333333334,516.2575,False,False,False,False,False,False,False,True,False,False,False,-0.0342657342657342,0.1118881118881118,,,-0.0877482517482517,-0.0490815850815851,0.0881118881118881,0.4587412587412587,0.0042216968555025,0.6232410700479356,950.0,490.0,3.3420952380952382,-0.0107233779926453,0.0042623740936562,0.0007764679619923
2009-11-27,680.0,714.0,676.0,690.0,5182.0,690.0,655.6,637.3,768.54,752.8666666666667,517.505,False,False,False,False,False,False,False,True,False,True,False,0.058695652173913,0.1014492753623188,,,-0.1138260869565216,-0.0911111111111111,0.1123188405797101,0.5,0.0036836978659346,0.648831005805743,1001.5,540.0,0.5906759375356206,-0.0119707497332605,-0.0012473717406151,-0.0005379989895679
2009-11-30,710.0,750.0,702.0,750.0,4675.0,750.0,675.1,644.8,761.58,756.66,519.005,False,False,False,False,False,False,False,True,False,False,True,0.0233333333333333,-0.08,,,-0.01544,-0.0088799999999999,0.0606666666666666,0.3913333333333333,0.0050132600287226,0.6249224565756825,946.5,594.5,0.9021613276727132,-0.0091388954541872,0.0028318542790732,0.001329562162788
2009-12-01,745.0,760.0,713.0,734.5,3860.0,734.5,702.0,654.3,753.16,760.2466666666667,520.5275,False,False,True,False,False,False,False,True,False,True,False,0.0701157249829816,-0.0258679373723621,,,-0.0254050374404356,-0.035053324256864,0.0776038121170864,0.383934649421375,0.0047177670405219,0.5959804371083602,827.5,618.5,0.825668449197861,-0.0111795634393755,-0.0020406679851882,-0.0002954929882006
2009-12-02,742.5,748.5,703.5,703.5,2764.0,703.5,718.6,664.95,744.48,763.4666666666667,522.145,False,False,False,False,False,False,False,True,False,True,False,0.0938166311300639,0.0341151385927505,,,-0.0582515991471215,-0.085240464344942,0.0909737029140014,0.4520255863539446,0.0042176039119804,0.5710203774719904,831.0,701.5,0.7160621761658031,-0.0116591446378679,-0.0004795811984924,-0.0005001631285415
2009-12-03,710.0,728.5,690.5,690.5,3058.0,690.5,713.7,672.85,735.8,766.44,523.8325,False,False,False,False,False,False,False,True,False,True,False,0.1513396089790007,-0.0079652425778421,,,-0.0656046343229543,-0.1099782766111514,0.1332367849384504,0.4612599565532223,0.0038794078249221,0.5494538158579176,764.0,704.0,1.106367583212735,-0.0117966838814896,-0.0001375392436216,-0.0003381960870582
2009-12-04,699.5,737.0,671.0,730.5,3919.0,730.5,721.8,688.7,731.62,769.8133333333334,525.69,False,False,False,False,False,False,False,True,False,False,False,0.0403832991101984,-0.0704996577686516,,,-0.0015331964407939,-0.0538170203057267,0.1047227926078028,0.459958932238193,0.0043820146875433,0.5140119064904893,826.5,685.0,1.2815565729234797,-0.0057133484595827,0.0060833354219068,0.0005026068626211
2009-12-07,775.0,805.0,754.0,767.5,6731.0,767.5,725.3,700.2,727.46,773.0133333333333,527.7525,False,False,False,False,True,False,False,True,False,True,False,-0.1009771986970684,-0.0469055374592833,,,0.0521693811074918,-0.0071834961997828,0.1074918566775244,0.3693811074918566,0.0041396439906167,0.4821479577263637,889.5,690.0,1.7175299821383003,-0.005718527479174,-5.179019591293119e-06,-0.0002423706969265
2009-12-08,752.5,797.5,741.0,786.0,3292.0,786.0,735.6,718.8,723.7,776.8333333333334,529.9075,False,False,False,False,False,False,False,True,False,False,False,-0.0896946564885496,-0.0839694656488549,,,0.0792620865139948,0.0116624257845631,0.1380407124681933,0.3263358778625954,0.0049173996996353,0.4426126878130219,912.5,674.5,0.4890803743871638,-0.0051955230067707,0.0005230044724033,0.0007777557090186
2009-12-09,780.0,805.0,766.0,769.5,3197.0,769.5,748.8,733.7,719.2,780.46,531.9975,False,False,False,False,False,False,False,True,False,True,False,-0.0545808966861598,-0.0656270305393112,,,0.0653671215074723,-0.0142430149447693,0.1630929174788823,0.3417803768680961,0.0046468322100641,0.4121575575848437,942.5,652.5,0.971142162818955,-0.0062569521690767,-0.001061429162306,-0.0002705674895711
2009-12-10,784.5,822.5,776.0,795.0,4501.0,795.0,769.7,741.7,717.2,784.6466666666666,534.385,False,False,False,False,False,False,False,True,False,False,False,-0.1383647798742138,-0.0723270440251572,,,0.0978616352201257,0.0130230607966457,0.1949685534591195,0.2823899371069182,0.0053357349805007,0.3937575839288121,1005.0,719.0,1.4078823897403816,-0.0027886224205242,0.0034683297485524,0.0006889027704365
2009-12-11,802.5,817.5,755.0,760.0,4762.0,760.0,775.6,748.7,716.0,788.2266666666667,536.5725,False,False,False,False,False,False,False,True,False,False,False,-0.106578947368421,0.0203947368421052,,,0.0578947368421052,-0.037140350877193,0.2375,0.3881578947368421,0.004541840756466,0.3833978896754373,982.5,750.0,1.0579871139746724,-0.0016759776536313,0.0011126447668929,-0.0007938942240346
2009-12-14,747.5,749.5,672.0,690.0,7629.0,690.0,760.1,742.7,712.32,791.02,538.34,False,False,False,False,False,True,False,True,False,True,False,0.0601449275362318,0.172463768115942,,,-0.0323478260869565,-0.1464057971014492,0.3384057971014493,0.6318840579710145,0.003531305571709,0.4056819711862124,1010.0,884.5,1.6020579588408232,-0.0051662174303683,-0.0034902397767369,-0.0010105351847569
2009-12-15,700.0,729.0,681.0,715.5,3406.0,715.5,746.0,740.8,707.1,794.0933333333334,540.255,False,False,False,False,False,False,False,True,False,True,False,0.0062893081761006,0.1292802236198462,,,0.0117400419287211,-0.1098439319822968,0.3011879804332634,0.5513626834381551,0.003870241953087,0.4219087473002159,975.5,980.0,0.4464543190457465,-0.007382265591854,-0.0022160481614857,0.0003389363813779
2009-12-16,715.0,731.0,695.0,727.5,1831.0,727.5,737.6,743.2,703.48,797.3333333333334,542.2175,False,False,False,False,False,False,False,True,False,False,True,-0.0116838487972508,0.1333333333333333,,,0.0330171821305841,-0.0959908361970218,0.2611683848797251,0.584192439862543,0.0040635451505016,0.4349434876210979,915.0,914.0,0.5375807398708162,-0.0051458463637914,0.0022364192280626,0.0001933031974146
2009-12-17,715.0,726.5,685.0,685.0,2941.0,685.0,715.6,742.65,698.48,799.9333333333333,543.9425,False,False,False,False,False,False,False,True,False,True,False,0.0766423357664233,0.1357664233576642,,,-0.0196788321167883,-0.1677858880778588,0.3846715328467153,0.6678832116788321,0.0032502708559045,0.4539823604658991,923.5,918.0,1.6062261059530312,-0.0071584010995304,-0.0020125547357389,-0.0008132742945971
2009-12-18,679.5,685.0,652.5,679.0,3792.0,679.0,699.4,737.5,694.28,801.7866666666666,545.5925,False,False,False,False,False,False,False,True,False,False,False,0.142120765832106,0.1303387334315169,,,-0.0225036818851251,-0.180834560628375,0.5139911634756995,0.6568483063328424,0.0023115043070476,0.4720677966101696,920.0,902.5,1.2893573614416864,-0.0060494325056173,0.001108968593913,-0.0009387665488569
2009-12-21,696.5,740.0,687.5,731.5,3581.0,731.5,707.7,733.9,696.54,803.6133333333333,547.5425,False,False,False,False,False,False,True,True,True,False,False,0.1059466848940533,0.0874914559125085,,,0.0477922077922078,-0.0985828206880838,0.3636363636363636,0.5379357484620643,0.0022730666489688,0.4893718490257528,924.0,935.0,0.9443565400843882,0.0032446090676773,0.0092940415732947,-3.843765807873961e-05
2009-12-22,737.5,762.5,712.5,720.0,4917.0,720.0,708.6,727.3,699.76,804.9666666666667,549.48,False,False,False,False,False,False,True,True,False,False,False,0.1222222222222222,0.0993055555555555,,,0.0281111111111111,-0.1180092592592593,0.2513888888888889,0.6263888888888889,0.001681229036399,0.5205554791695314,945.0,1009.5,1.373080145210835,0.0046015776837773,0.0013569686160999,-0.0005918376125698
2009-12-24,720.0,734.0,713.0,719.0,1505.0,719.0,706.9,722.25,704.64,805.2,551.4875,False,False,False,False,False,False,True,True,False,False,False,0.14673157162726,0.0674547983310153,,,0.0199721835883171,-0.1198887343532685,0.2753824756606398,0.6696801112656467,0.0002897830766683,0.5544479058497751,920.5,980.5,0.3060809436648363,0.0069255222524977,0.0023239445687203,-0.0013914459597307
2009-12-25,732.5,748.0,720.0,737.5,2128.0,737.5,717.4,716.5,709.68,805.6466666666666,553.6675,False,False,False,False,False,False,True,True,False,False,False,0.0549152542372881,0.0610169491525423,,,0.0377220338983051,-0.0924022598870056,0.2135593220338983,0.6189830508474576,0.0005544200518009,0.5912770411723658,907.5,950.0,1.413953488372093,0.0071017923571186,0.0001762701046209,0.0002646369751326
2009-12-28,749.5,781.0,740.5,775.5,4156.0,775.5,736.7,718.05,717.82,806.8533333333334,556.1075,False,False,False,False,False,False,True,True,False,False,True,-0.0103159252095422,0.0406189555125725,,,0.0743778207607994,-0.0404298302170642,0.1411992263056092,0.562862669245648,0.0014955216974584,0.6097068449272335,835.0,1001.5,1.9530075187969924,0.0113398902231758,0.0042380978660572,0.0009411016456575
2009-12-29,785.0,810.5,771.5,809.0,4932.0,809.0,752.2,729.95,724.08,808.44,558.6525,False,False,False,False,False,False,True,True,False,True,False,-0.0166872682323856,0.0506798516687268,,,0.1049690976514214,0.0006922126081581,0.0630407911001236,0.415327564894932,0.0019626276120264,0.5860675388725254,871.5,946.5,1.1867179980750722,0.0086454535410451,-0.0026944366821306,0.000467105914568
2009-12-30,817.5,832.0,790.0,808.0,5504.0,808.0,769.8,739.2,732.4,810.22,561.2525,False,False,False,False,False,False,True,True,False,False,False,-0.0204207920792079,0.1070544554455445,,,0.0935643564356435,-0.0027475247524752,-0.005569306930693,0.4678217821782178,0.0021969341660289,0.5765016233766231,880.0,827.5,1.115977291159773,0.0113599126160567,0.0027144590750115,0.0002343065540024
2010-01-04,825.0,840.0,818.0,824.5,2932.0,824.5,790.9,748.9,740.56,812.5133333333333,564.0,False,False,False,False,False,False,True,True,False,True,False,-0.0691328077622801,0.0855063674954517,,,0.1018071558520316,0.0145381039013543,-0.0448756822316555,0.4523953911461492,0.0028225177843234,0.5620910668981172,882.0,831.0,0.532703488372093,0.0110186885600086,-0.0003412240560481,0.0006255836182945
2010-01-05,810.0,812.5,773.0,778.0,3156.0,778.0,799.0,758.2,743.08,813.3,566.5725,False,False,False,False,False,False,True,True,False,True,False,0.005784061696658,0.2210796915167095,,,0.0448843187660667,-0.0453727506426734,0.0231362467866323,0.5353470437017995,0.0009672527562604,0.5497889738855182,845.0,764.0,1.0763983628922238,0.0033912903052162,-0.0076273982547923,-0.001855265028063
2010-01-06,756.0,786.5,752.5,767.5,1769.0,767.5,797.4,767.05,746.18,813.5333333333333,568.9675,False,False,False,False,False,False,True,True,False,False,False,0.0514657980456026,0.2254071661237785,,,0.0277785016286645,-0.0599782844733984,0.0931596091205211,0.5537459283387622,0.0002868147176923,0.5407079069161072,790.0,826.5,0.5605196451204055,0.004154493553834,0.0007632032486178,-0.000680438038568
2010-01-07,760.5,798.5,760.5,795.5,2060.0,795.5,794.7,773.45,748.0,812.3466666666667,571.6225,False,False,False,False,False,False,True,False,False,True,False,0.0685103708359522,0.1609050911376492,,,0.059710873664362,-0.0211774565262937,0.0056568196103079,0.4833438089252043,-0.0014607884975215,0.535070140280561,782.0,889.5,1.1644997173544376,0.0024331550802139,-0.0017213384736201,-0.0017476032152139
2010-01-08,805.0,805.0,781.0,791.5,1185.0,791.5,791.4,780.6,750.28,809.8333333333334,574.215,False,False,False,False,False,False,True,False,False,False,False,0.1301326595072647,0.1762476310802274,,,0.0520783322804801,-0.0231627711097073,0.0044219835754895,0.4535691724573594,-0.0031035192426425,0.5183832949013579,846.0,912.5,0.5752427184466019,0.0030388654902169,0.0006057104100029,-0.0016427307451209
2010-01-12,800.0,800.0,757.0,767.5,1685.0,767.5,780.0,785.45,752.84,807.88,576.6025,False,False,False,False,False,False,True,False,False,False,False,0.1661237785016286,0.1954397394136807,,,0.019100977198697,-0.0526123778501628,0.0469055374592833,0.5074918566775244,-0.0024178508359327,0.5034693487809536,818.0,942.5,1.421940928270042,0.0034004569364009,0.0003615914461839,0.0006856684067097
2010-01-13,770.0,794.0,770.0,782.5,1005.0,782.5,780.9,789.95,756.52,806.0733333333334,579.1625,False,False,False,False,False,False,True,False,False,False,False,0.2140575079872204,0.2121405750798722,,,0.0332012779552715,-0.030125665601704,0.1118210862619808,0.4121405750798722,-0.002241317994227,0.4836382049496803,810.0,1005.0,0.5964391691394659,0.0048643789985723,0.0014639220621714,0.0001765328417056
2010-01-14,775.5,811.0,765.0,807.0,2203.0,807.0,788.8,793.1,759.58,804.8,581.8225,False,False,False,False,False,False,True,False,False,True,False,0.1654275092936803,0.2738537794299876,,,0.0587608426270135,0.00272614622057,0.1462205700123915,0.3209417596034696,-0.0015821736249172,0.4593367797251293,784.0,982.5,2.192039800995025,0.0040285420890492,-0.000835836909523,0.0006591443693098
2010-01-15,817.0,852.5,815.0,850.0,5787.0,850.0,799.7,797.2,762.88,803.6666666666666,584.725,False,False,False,False,False,False,True,False,False,False,False,0.0864705882352941,0.1735294117647058,,,0.1024941176470588,0.0545098039215686,0.158235294117647,0.2288235294117647,-0.0014102032351721,0.4392247867536375,675.0,1010.0,2.6268724466636404,0.0043257130872482,0.0002971709981989,0.0001719703897451
2010-01-18,889.5,904.0,872.5,894.5,6002.0,894.5,820.3,805.85,767.22,802.1333333333333,587.8225,False,False,False,False,False,False,True,False,False,False,False,0.0408049189491335,0.0072666294019005,,,0.1422917831190609,0.1032606670393143,0.0804918949133594,0.1268865287870318,-0.0019115691489361,0.4016876589936091,639.5,975.5,1.037152237774322,0.0056567868408018,0.0013310737535536,-0.000501365913764
2010-01-19,882.5,895.0,853.0,895.0,3567.0,895.0,845.8,812.9,772.24,800.9933333333333,590.8925,False,False,False,False,False,False,True,False,False,False,False,0.0251396648044692,0.0245810055865921,,,0.1371620111731843,0.1050353817504655,0.1251396648044692,0.0988826815642458,-0.0014232328192494,0.3632058063722476,597.0,915.0,0.5943018993668777,0.0065005697710556,0.0008437829302537,0.0004883363296867
2010-01-20,910.0,950.0,902.5,950.0,6772.0,950.0,879.3,830.1,778.44,800.9933333333333,594.215,False,False,False,False,False,False,True,False,False,False,False,-0.001578947368421,-0.0578947368421052,,,0.1805894736842104,0.1568491228070175,-0.0268421052631578,0.091578947368421,0.0,0.3159860257800266,611.5,923.5,1.8985141575553688,0.0079646472432044,0.0014640774721488,0.0014232328192494
2010-01-21,949.0,967.0,929.0,940.5,6930.0,940.5,906.0,847.4,785.66,800.18,597.4075,False,False,False,False,False,False,True,False,False,False,False,0.0930356193514088,-0.0590111642743221,,,0.164635832004253,0.149197235513025,0.0095693779904306,-0.0457203615098351,-0.0010164379681239,0.2543072928959171,572.0,920.0,1.0233313644418192,0.009189725835603,0.0012250785923986,-0.0010164379681239
2010-01-22,910.0,939.0,910.0,923.5,3612.0,923.5,920.7,860.2,795.0,799.8733333333333,600.39,False,False,False,False,False,False,True,False,False,False,False,0.0801299404439631,-0.0687601515971846,,,0.139144558743909,0.133867532936293,0.0043313481321061,-0.0709258256632376,-0.0003833940373891,0.1982097186700767,652.5,924.0,0.5212121212121212,0.011748427672956,0.0025587018373529,0.0006330439307347
2010-01-25,915.5,964.5,915.5,931.0,4427.0,931.0,928.0,874.15,803.62,801.2533333333333,603.3275,True,True,False,False,False,False,True,True,False,True,False,-0.0322234156820623,-0.1369495166487647,,,0.1368206229860365,0.1393626924453992,0.0198711063372717,-0.0537056928034371,0.0017223017272939,0.1482583080706973,600.0,945.0,1.2256367663344407,0.0107264627560289,-0.001021964916927,0.002105695764683
2010-01-26,959.0,960.5,905.0,917.5,4347.0,917.5,932.5,889.15,811.22,802.4066666666666,606.2825,False,False,False,False,False,False,True,True,False,True,False,-0.0005449591280653,-0.1416893732970027,,,0.1158365122615803,0.1254423251589464,0.0871934604904632,-0.0544959128065395,0.0014373426608286,0.0963279536636112,620.5,920.5,0.9819290716060538,0.0093686053105199,-0.0013578574455089,-0.0002849590664652
2010-01-27,915.0,948.5,910.5,948.5,4990.0,948.5,932.2,905.75,821.76,804.8666666666667,609.365,False,False,False,False,False,False,True,True,False,False,False,-0.0564048497627833,-0.1607801792303637,,,0.1336215076436478,0.1514320857494289,0.0253031101739588,-0.0996309963099631,0.0030564068582788,0.0485233232128071,715.0,907.5,1.1479181044398437,0.012826129283489,0.003457523972969,0.0016190641974502
2010-01-28,953.5,1040.0,945.5,1028.0,8199.0,1028.0,949.7,927.85,835.72,807.5533333333333,612.8425,False,False,False,False,False,False,True,True,False,False,False,-0.1391050583657587,-0.183852140077821,,,0.1870428015564202,0.2144422827496758,-0.0034046692607003,-0.2339494163424124,0.0033269216481057,-0.0064665624831599,690.0,835.0,1.6430861723446897,0.0167041592877997,0.0038780300043107,0.0002705147898268
2010-01-29,1028.0,1037.5,990.0,997.5,7306.0,997.5,964.5,942.6,846.36,808.9933333333333,616.1525,False,False,False,False,False,False,True,True,False,True,False,-0.137844611528822,-0.1979949874686716,,,0.1515187969924812,0.1889791144527986,0.0766917293233082,-0.2225563909774436,0.0017799899463531,-0.0505516656057712,750.0,871.5,0.8910842785705574,0.012571482584243,-0.0041326767035566,-0.0015469317017525
2010-02-01,992.5,1012.5,899.0,901.0,7222.0,901.0,958.5,943.25,853.6,808.84,619.0,False,False,False,False,False,False,True,False,False,True,False,-0.1082130965593784,-0.1176470588235294,,,0.0526082130965593,0.1022863485016647,0.1670366259711432,-0.2502774694783574,-0.0001895718972025,-0.0864564007421149,734.5,880.0,0.9885026006022448,0.0084817244611059,-0.0040897581231371,-0.0019695618435556
2010-02-02,915.0,947.0,901.0,917.0,5627.0,917.0,958.4,945.45,861.52,808.5,622.0175,False,False,False,False,False,False,True,False,False,False,True,-0.1412213740458015,-0.123773173391494,,,0.0605016357688113,0.1183206106870229,0.1095965103598691,-0.203380588876772,-0.0004205318491033,-0.1153419006822148,703.5,882.0,0.7791470506784824,0.0091930541368743,0.0007113296757683,-0.0002309599519007
2010-02-03,947.0,948.0,868.0,895.0,7035.0,895.0,947.7,939.95,867.82,807.0333333333333,625.0025,False,False,False,False,False,False,True,False,False,True,False,-0.1106145251396648,-0.0279329608938547,,,0.0303687150837988,0.0982867783985102,0.1508379888268156,-0.0815642458100558,-0.0018173557473875,-0.1330389914357147,690.5,845.0,1.25022214323796,0.0072595699569035,-0.0019334841799707,-0.0013968238982842
2010-02-04,883.0,913.0,873.5,885.0,3786.0,885.0,919.1,934.4,872.2,805.7333333333333,627.865,False,False,False,False,False,False,True,False,False,True,False,-0.0519774011299435,0.0451977401129943,,,0.0144632768361581,0.0895668549905837,0.2033898305084746,-0.0971751412429378,-0.0016134370345854,-0.1384310787671233,730.5,790.0,0.5381663113006396,0.0050217839944966,-0.0022377859624069,0.0002039187128021
2010-02-05,850.0,862.5,818.5,860.0,4511.0,860.0,891.6,928.05,874.24,803.7333333333333,630.6125,False,False,False,False,False,False,True,False,False,True,False,-0.0697674418604651,0.1447674418604651,,,-0.0165581395348837,0.0654263565891472,0.2790697674418604,-0.055813953488372,-0.0024883875248838,-0.1374925919939657,767.5,782.0,1.191494981510829,0.0023334553440702,-0.0026883286504264,-0.0008749504902984
2010-02-08,863.5,864.0,803.5,803.5,4106.0,803.5,872.1,915.3,874.06,801.44,633.035,False,False,False,False,False,False,False,False,False,True,False,-0.0105787181082762,0.2028624766645924,,,-0.0878158058494087,0.0025637834474174,0.3080273802115744,0.0068450528935905,-0.0028615159379782,-0.1333442587129902,786.0,846.0,0.9102194635335844,-0.0002059355193008,-0.002539390863371,-0.0003731284130943
2010-02-09,790.0,822.5,772.5,787.5,5681.0,787.5,846.2,902.3,872.58,799.74,635.3975,False,False,False,False,False,False,False,False,False,True,False,0.0203174603174603,0.2787301587301587,,,-0.1080380952380953,-0.0155428571428571,0.3219047619047619,-0.0095238095238095,-0.0021256908495261,-0.1305552477003213,769.5,818.0,1.3835849975645398,-0.0016961195535078,-0.001490184034207,0.0007358250884521
2010-02-10,799.5,817.0,783.5,796.0,2826.0,796.0,826.4,887.05,873.3,798.04,637.7775,False,False,False,False,False,False,True,False,False,False,False,0.092964824120603,0.1614321608040201,,,-0.097110552763819,-0.0025628140703517,0.3103015075376884,-0.0062814070351758,-0.0021302190366398,-0.1227101065328898,795.0,810.0,0.4974476324590741,0.0008244589488147,0.0025205785023226,-4.528187113671516e-06
2010-02-12,800.0,839.0,800.0,839.0,3182.0,839.0,817.2,868.15,876.16,796.96,640.4225,False,False,False,False,False,False,True,False,True,False,False,0.102502979737783,0.1317044100119189,,,-0.044290822407628,0.0501072705601906,0.233611442193087,-0.0816448152562574,-0.0013551495683596,-0.1055693140586304,760.0,784.0,1.1259731068648269,0.0032642439737034,0.0024397850248887,0.0007750694682801
2010-02-15,805.5,825.0,800.0,800.0,3931.0,800.0,805.2,848.4,876.34,795.3066666666666,642.875,False,False,False,False,False,False,True,False,False,True,False,0.230625,0.159375,,,-0.095425,0.0058666666666667,0.304375,-0.0925,-0.0020788626609443,-0.0905822725129656,690.0,675.0,1.2353865493400378,0.0002053997306982,-0.0030588442430052,-0.0007237130925846
2010-02-16,795.0,817.0,780.0,795.0,2105.0,795.0,803.5,837.8,876.48,793.3066666666666,645.2325,False,False,False,False,False,False,True,False,False,True,False,0.2157232704402515,0.1943396226415094,,,-0.1024905660377358,0.0021299790356394,0.2786163522012578,-0.0830188679245283,-0.0025210931459881,-0.0726903795655287,715.5,639.5,0.5354871533960824,0.0001597298284045,-4.566990229369188e-05,-0.0004422304850437
2010-02-17,812.0,816.5,797.5,803.5,3835.0,803.5,806.7,826.45,877.92,791.7466666666667,647.64,False,False,False,False,False,False,True,False,True,False,False,0.25326695706285,0.2414436838830118,,,-0.0926197884256377,0.0146276706077577,0.2713130056004978,-0.0790292470441817,-0.0019703272090398,-0.0588057353741908,727.5,597.0,1.821852731591449,0.0016402405686166,0.0014805107402121,0.0005507659369482
2010-02-18,811.0,874.5,808.5,870.0,10295.0,870.0,821.5,823.95,881.42,791.2466666666667,650.27,False,False,False,False,False,False,True,False,False,False,False,0.0626436781609195,0.1178160919540229,,,-0.0131264367816091,0.0905210727969348,0.1597701149425287,-0.1097701149425287,-0.0006319141944779,-0.0617149098853085,685.0,611.5,2.684485006518905,0.0039708651947993,0.0023306246261826,0.0013384130145619
2010-02-19,880.5,925.0,877.5,925.0,13192.0,925.0,838.7,827.95,886.14,792.4466666666667,653.05,False,False,False,True,True,False,True,True,False,False,True,0.0264864864864864,0.1075675675675675,,,0.0420108108108108,0.1433009009009008,0.1529729729729729,-0.1708108108108108,0.0015142974921551,-0.0701129295247298,679.0,572.0,1.2813987372510929,0.0053264721150157,0.0013556069202164,0.002146211686633
2010-02-22,944.5,984.5,930.0,984.5,11576.0,984.5,875.6,840.4,891.52,793.9533333333334,656.1325,False,False,False,False,False,False,True,True,False,False,False,-0.0578974098527171,0.0909090909090909,,,0.0944438801422041,0.193546639580159,0.0675469781615033,-0.1950228542407313,0.0018976766056779,-0.0862089481199428,731.5,652.5,0.8775015160703457,0.0060346374730796,0.0007081653580639,0.0003833791135227
2010-02-23,970.5,1000.5,956.5,966.5,9468.0,966.5,909.9,856.7,894.4,795.1066666666667,659.11,False,False,False,False,False,False,True,True,False,True,False,-0.0175892395240558,0.0879461976202793,,,0.0745990688049664,0.1773340231074323,0.0786342472840144,-0.1976202793585101,0.001450539131018,-0.1075055445313412,720.0,600.0,0.8178991015894955,0.0032200357781753,-0.0028146016949043,-0.0004471374746598
2010-02-24,955.5,1009.0,945.5,1007.0,10447.0,1007.0,950.6,878.65,898.88,796.7733333333333,662.3325,False,False,False,False,False,False,True,True,False,False,False,-0.0094339622641509,0.0104270109235352,,,0.1073684210526315,0.2087653095001655,0.0253227408142999,-0.2120158887785501,0.0020917701395628,-0.1282649519148693,719.0,620.5,1.1034009294465568,0.0049839800640797,0.0017639442859044,0.0006412310085448
2010-02-25,995.0,1005.0,920.0,924.5,10321.0,924.5,961.5,891.5,897.86,797.8333333333334,665.125,False,False,False,False,False,False,False,True,False,True,False,0.0519199567333693,0.1141157382368848,,,0.0288155759870199,0.1370109969352803,0.1027582477014602,-0.1481882098431584,0.0013285982870274,-0.14122265844083,737.5,715.0,0.987939121278836,-0.0011360345710912,-0.006120014635171,-0.0007631718525354
2010-02-26,929.5,971.5,922.0,949.5,7026.0,949.5,966.4,902.55,898.22,799.96,668.05,False,False,False,False,False,False,True,True,False,False,False,0.0789889415481832,0.1216429699842022,,,0.0540073723012111,0.1574934175882043,0.1111111111111111,-0.2195892575039494,0.0026584662566461,-0.1550052628663231,775.5,690.0,0.6807479895358977,0.0004007926788537,0.0015368272499449,0.0013298679696187
2010-03-01,940.0,958.5,925.0,927.5,4397.0,927.5,955.0,915.3,898.38,801.9,670.9325,False,False,False,False,False,False,True,True,False,True,False,0.1579514824797843,0.1859838274932614,,,0.0313962264150943,0.1354177897574124,0.2140161725067385,-0.1741239892183288,0.002419254271106,-0.1624057686004588,809.0,750.0,0.625818388841446,0.0001780983548164,-0.0002226943240373,-0.0002392119855401
2010-03-02,930.0,949.5,897.0,949.5,6428.0,949.5,951.6,930.75,899.12,803.28,673.93,False,False,False,False,False,False,True,True,False,False,False,0.1074249605055292,0.1068983675618746,,,0.0530595050026329,0.1539968404423381,0.1690363349131121,-0.2206424433912585,0.0017179563788467,-0.1751275852806876,808.0,734.5,1.461905844894246,0.0008230269596939,0.0006449286048775,-0.0007012978922593
2010-03-03,964.0,1000.0,943.5,997.5,9908.0,997.5,949.7,950.15,902.32,805.6733333333333,677.0375,False,False,False,False,False,False,True,True,True,False,False,0.0200501253132832,0.0436090225563909,,,0.0954185463659147,0.1923074352548037,0.1553884711779448,-0.2726817042606516,0.0029706001605282,-0.1934957638267642,824.5,703.5,1.5413814561294337,0.0035464136891568,0.0027233867294629,0.0012526437816815
2010-03-04,1007.0,1022.5,968.5,972.5,10666.0,972.5,959.3,960.4,903.28,807.84,680.0675,False,False,False,False,False,False,True,True,False,True,False,0.0591259640102827,0.0724935732647815,,,0.0711773778920308,0.1693161953727506,0.1748071979434447,-0.2529562982005141,0.0026820492506767,-0.2071012078300707,778.0,690.5,1.0765038352846186,0.0010627933752545,-0.0024836203139023,-0.0002885509098514
2010-03-05,990.0,1034.5,977.0,1024.5,10826.0,1024.5,974.3,970.35,903.14,811.0466666666666,683.32,False,False,False,False,False,False,False,True,False,True,False,0.0395314787701317,0.0102489019033674,,,0.118457784285017,0.2083487880266797,0.0980966325036603,-0.3216203025866276,0.0039537387902051,-0.2226516205492864,767.5,730.5,1.015000937558597,-0.0001550147263989,-0.0012178081016535,0.0012716895395283
2010-03-08,1039.0,1076.5,1017.0,1074.0,13257.0,1074.0,1003.6,979.3,906.2,816.3666666666667,686.57,False,False,False,False,False,False,True,True,True,False,False,0.0242085661080074,-0.0283985102420856,,,0.1562383612662941,0.2398820608317814,0.047486033519553,-0.3947858472998138,0.0065166795965865,-0.2443071581742061,795.5,767.5,1.2245520044337703,0.0033767380269256,0.0035317527533246,0.0025629408063814
2010-03-09,1057.5,1095.0,1042.5,1051.5,12842.0,1051.5,1024.0,987.8,912.22,821.86,689.8025,False,False,False,False,False,False,True,True,False,False,False,-0.0004755111745126,-0.033285782215882,,,0.1324583927722301,0.2183927722301474,0.1136471707085116,-0.4094151212553495,0.0066840256653606,-0.2664506985219679,791.5,786.0,0.9686957833597344,0.0065992852601345,0.0032225472332089,0.0001673460687741
2010-03-10,1049.0,1086.5,1011.0,1017.5,12628.0,1017.5,1028.0,988.85,916.24,827.4666666666667,692.955,False,False,False,False,False,False,True,True,False,True,False,0.023095823095823,0.0039312039312039,,,0.0995184275184275,0.1867649467649467,0.1798525798525798,-0.3724815724815725,0.0067757009345794,-0.2829043838802649,767.5,769.5,0.9833359289830244,0.0043874967257486,-0.0022117885343859,9.16752692187656e-05
2010-03-11,1015.0,1041.0,1004.0,1030.0,8084.0,1030.0,1039.5,999.4,921.64,833.0466666666666,696.2025,False,False,False,False,False,False,True,True,False,False,False,0.0126213592233009,-0.0203883495145631,,,0.1052038834951456,0.1912168284789644,0.1592233009708737,-0.3868932038834951,0.0066983042166504,-0.3060836501901141,782.5,795.0,0.640164713335445,0.0058591206978863,0.0014716239721376,-7.739671792901786e-05
2010-03-12,1050.0,1065.0,1012.0,1065.0,9156.0,1065.0,1047.6,1010.95,928.84,839.62,699.5875,False,False,False,False,False,False,True,True,False,False,False,-0.028169014084507,0.0014084507042253,,,0.1278497652582159,0.2116244131455399,0.1380281690140845,-0.3774647887323943,0.0078289384880462,-0.3217270883822147,807.0,760.0,1.1326076199901038,0.0077516041514147,0.0018924834535283,0.0011306342713957
2010-03-15,1072.5,1100.0,1051.0,1100.0,9884.0,1100.0,1052.8,1028.2,938.44,845.5866666666667,703.2125,False,False,False,False,False,False,True,True,False,False,False,-0.0513636363636363,-0.0445454545454545,,,0.1468727272727272,0.2312848484848484,0.0409090909090909,-0.3418181818181818,0.0070562449739037,-0.3371912079361992,850.0,690.0,1.0795107033639144,0.0102297429777077,0.0024781388262929,-0.0007726935141424
2010-03-16,1080.0,1096.5,1050.0,1051.0,13284.0,1051.0,1052.7,1038.35,948.34,851.6,706.63,False,False,False,False,False,False,True,True,False,False,False,-0.0328258801141769,-0.0080875356803044,,,0.0976784015223596,0.1897240723120837,0.1284490960989533,-0.3220742150333016,0.0070612180992641,-0.3463186786728944,894.5,715.5,1.3439902873330636,0.01043929392412,0.0002095509464123,4.973125360361111e-06
2010-03-17,1050.0,1069.0,1030.5,1041.0,7141.0,1041.0,1057.4,1042.7,958.48,857.2066666666667,709.9625,False,False,False,False,False,False,True,True,False,False,False,-0.0187319884726224,-0.0081652257444764,,,0.0792699327569644,0.176554594940762,0.1503362151777137,-0.3467819404418828,0.0065406241979763,-0.3534094178574853,895.0,727.5,0.5375639867509786,0.0105792504799265,0.0001399565558065,-0.0005205939012877
2010-03-18,1039.0,1067.0,1030.5,1043.0,6423.0,1043.0,1060.0,1049.75,968.36,861.58,713.0975,False,False,False,False,False,False,True,True,False,True,False,-0.0325982742090124,-0.0225311601150527,,,0.0715627996164908,0.173940556088207,0.1452540747842761,-0.3470757430488974,0.0050759457430921,-0.3620862110026197,950.0,685.0,0.8994538580030808,0.0102028171341236,-0.0003764333458028,-0.0014646784548842
2010-03-19,1059.5,1063.0,1019.0,1035.0,5071.0,1035.0,1054.0,1050.8,976.2,866.18,716.11,False,False,False,False,False,False,True,True,False,True,False,0.0304347826086956,0.0193236714975845,,,0.0568115942028985,0.1631111111111111,0.1521739130434782,-0.3420289855072463,0.0053106744556557,-0.3640559573658165,940.5,679.0,0.7895064611552234,0.0080311411595984,-0.0021716759745251,0.0002347287125636
2010-03-23,1015.0,1043.5,997.5,1043.5,6570.0,1043.5,1042.7,1047.75,985.94,870.0933333333334,719.0275,False,False,False,False,False,False,True,True,False,False,False,0.0071873502635361,0.0790608528988979,,,0.0551605174892189,0.1661779268487462,0.1308097747963584,-0.366554863440345,0.0044976017898463,-0.3611548556430446,923.5,731.5,1.2956024452770656,0.0098788972959815,0.001847756136383,-0.0008130726658093
2010-03-24,1059.5,1059.5,1015.5,1016.5,5241.0,1016.5,1035.8,1044.25,994.8,873.8533333333334,721.8175,False,False,False,False,False,False,True,True,False,True,False,0.0255779636005902,0.0919822921790457,,,0.0213477619281849,0.1403312018363666,0.131824889326119,-0.3610427939006394,0.0043027815499168,-0.3562844146516638,931.0,720.0,0.7977168949771689,0.0089063128266987,-0.0009725844692827,-0.0001948202399295
2010-03-25,1012.5,1039.5,1003.0,1021.5,4072.0,1021.5,1031.9,1044.65,1003.52,878.0933333333334,724.59,False,False,False,False,False,False,True,True,False,True,False,0.0107684777288301,0.1282427802251591,,,0.0176015663240333,0.1403883178332517,0.1326480665687714,-0.3509544787077827,0.0048286438799216,-0.3541856124060691,917.5,719.0,0.7769509635565732,0.0086894132653061,-0.0002168995613925,0.0005258623300048
2010-03-26,1030.0,1036.5,1008.0,1009.0,3985.0,1009.0,1025.1,1042.55,1009.08,882.34,727.34,False,False,False,False,False,False,True,True,False,True,False,0.010406342913776,0.1323092170465807,,,-7.928642220023877e-05,0.1255302279484638,0.0951437066402378,-0.3855302279484638,0.0048129594789612,-0.3539878183300561,948.5,737.5,0.9786345776031434,0.0055099694771475,-0.0031794437881585,-1.568440096040829e-05
2010-03-29,999.0,1071.0,990.0,1066.5,7729.0,1066.5,1031.4,1042.7,1014.74,886.82,730.43,False,False,False,False,False,False,True,True,False,False,False,-0.0107829348335677,0.0548523206751054,,,0.0485325832161275,0.1684763244256914,-0.0004688232536333,-0.426629160806376,0.0050517579666674,-0.3590198523065119,1028.0,775.5,1.9395232120451693,0.0055777834716281,6.781399448060974e-05,0.0002387984877061
2010-03-30,1070.5,1076.5,1043.0,1051.0,5803.0,1051.0,1032.9,1037.8,1017.4,890.6,733.425,False,False,False,False,False,False,True,True,False,True,False,0.071360608943863,0.0704091341579448,,,0.0319695528068506,0.1526165556612749,-0.0061845861084681,-0.3339676498572788,0.004244329665394,-0.3583060319907496,997.5,809.0,0.7508086427739682,0.0026145075683113,-0.0029632759033168,-0.0008074283012733
2010-03-31,1059.5,1065.0,1040.5,1042.5,3026.0,1042.5,1038.1,1036.95,1020.44,894.02,736.3875,False,False,False,False,False,False,True,True,False,False,False,0.0647482014388489,0.1232613908872901,,,0.0211606714628296,0.1424268585131894,-0.0330935251798561,-0.3764988009592326,0.0038254177758886,-0.3638073195428902,901.0,808.0,0.5214544201275203,0.00297910705186,0.0003645994835487,-0.0004189118895054
2010-04-01,1037.5,1052.0,1028.0,1032.5,2535.0,1032.5,1040.3,1036.1,1021.46,897.5266666666666,739.2975,False,False,False,False,False,False,True,True,False,True,False,0.1162227602905569,0.1627118644067796,,,0.0106924939467312,0.1307247780468119,-0.047457627118644,-0.4082324455205811,0.0039070334029072,-0.3699449860052118,917.0,824.5,0.8377395902181097,0.0009985706733498,-0.0019805363785101,8.161562701860517e-05
2010-04-02,1042.5,1042.5,1019.0,1019.5,2650.0,1019.5,1042.4,1033.75,1025.26,900.52,742.1875,False,False,False,False,False,False,True,True,True,False,False,0.1206473761647866,0.1711623344776851,,,-0.005649828347229,0.1167042667974497,0.0171652770966159,-0.3732221677292791,0.0033240053894786,-0.3725755743651753,895.0,778.0,1.0453648915187377,0.0037063769190253,0.0027078062456754,-0.0005830280134285
2010-04-05,1028.5,1066.5,1023.5,1055.0,4641.0,1055.0,1040.1,1035.75,1029.48,904.4533333333334,745.2,False,False,False,False,False,False,True,True,False,False,False,0.0663507109004739,0.1488151658767772,,,0.0241895734597156,0.1426982622432859,-0.1492890995260663,-0.3658767772511848,0.004348851608338,-0.3749456915278784,885.0,767.5,1.7513207547169811,0.0040991568558884,0.000392779936863,0.0010248462188593
2010-04-06,1067.5,1135.0,1046.0,1126.0,17351.0,1126.0,1055.1,1044.0,1037.42,910.2666666666668,748.485,False,False,False,False,False,False,True,True,False,False,False,-0.0008880994671403,0.016873889875666,,,0.0786678507992894,0.1915926583777382,-0.2380106571936056,-0.4191829484902309,0.0063864069137249,-0.3805555555555555,860.0,795.5,3.738633915104504,0.0076536022054713,0.0035544453495828,0.0020375553053869
2010-04-07,1125.0,1133.5,1096.5,1110.0,7622.0,1110.0,1068.6,1053.35,1043.84,915.5266666666666,751.74,False,False,False,False,False,False,True,True,False,True,False,0.0549549549549549,0.0684684684684684,,,0.0596036036036036,0.1752012012012012,-0.2063063063063063,-0.4063063063063063,0.0057453269156549,-0.385152133668771,803.5,791.5,0.4392830384415884,0.0061503678724707,-0.0015032343330005,-0.00064107999807
2010-04-08,1103.0,1157.5,1098.0,1152.5,11261.0,1152.5,1092.6,1066.45,1050.04,921.1933333333334,755.17,False,False,False,False,False,False,True,True,False,True,False,0.0416485900216919,0.0390455531453362,,,0.0889023861171366,0.20069992769342,-0.2472885032537961,-0.4342733188720173,0.0061514412464991,-0.3937362276712458,787.5,767.5,1.4774337444240355,0.0059045369700202,-0.0002458309024504,0.0004061143308442
2010-04-09,1145.5,1152.5,1137.0,1142.5,3813.0,1142.5,1117.2,1079.8,1056.84,927.2933333333332,758.605,False,False,False,False,False,False,True,True,False,False,False,0.0450765864332603,0.0455142231947483,,,0.0749759299781182,0.1883646973012401,-0.2525164113785558,-0.4442013129102845,0.0065782851884335,-0.3998425634376736,796.0,782.5,0.3386022555723292,0.0064342757654895,0.0005297387954692,0.0004268439419343
2010-04-12,1157.5,1176.5,1125.0,1125.0,5828.0,1125.0,1131.2,1085.65,1060.86,933.24,761.9625,False,False,False,False,False,False,True,True,False,True,False,0.0773333333333333,0.06,,,0.0570133333333334,0.1704533333333333,-0.3,-0.4515555555555555,0.0063720657780065,-0.4025698890065859,839.0,807.0,1.5284552845528456,0.0037893784288218,-0.0026448973366676,-0.0002062194104269
2010-04-13,1125.0,1136.5,1100.0,1125.0,5194.0,1125.0,1131.0,1093.05,1062.9,938.4866666666668,765.34,False,False,False,False,False,False,True,True,False,True,False,0.0177777777777777,0.0488888888888888,,,0.0551999999999999,0.1657896296296295,-0.3106666666666666,-0.4444444444444444,0.0055905606899051,-0.4134760532455056,800.0,850.0,0.8912148249828414,0.0019192774484901,-0.0018701009803317,-0.0007815050881013
2010-04-14,1175.0,1193.0,1146.0,1171.0,9915.0,1171.0,1143.2,1105.9,1067.68,944.5,768.9575,False,False,False,False,False,False,True,True,False,False,False,0.0128095644748078,-0.0175064047822374,,,0.0882322801024764,0.1934244235695986,-0.4231426131511528,-0.4833475661827497,0.0063666843126873,-0.4243602495704856,795.0,894.5,1.9089333846746248,0.0044769968529896,0.0025577194044994,0.0007761236227822
2010-04-15,1177.5,1206.0,1156.0,1200.5,7798.0,1200.5,1152.8,1122.7,1075.0,950.92,772.6075,False,False,False,False,False,False,True,True,False,False,False,-0.0024989587671803,-0.0362349021241149,,,0.1045397750937109,0.2078967097042899,-0.3915035401915868,-0.4777176176593086,0.0067513565809952,-0.4315489445087734,803.5,895.0,0.7864851235501765,0.0068093023255813,0.0023323054725917,0.0003846722683078
2010-04-16,1210.0,1239.0,1187.5,1194.0,10047.0,1194.0,1163.1,1140.15,1081.56,957.0066666666668,776.275,False,False,False,False,False,False,True,True,False,True,False,0.0004187604690117,-0.0745393634840871,,,0.0941708542713568,0.1984868788386375,-0.3115577889447236,-0.466499162479062,0.0063601089508259,-0.4404245055475157,870.0,950.0,1.2884072839189535,0.0060653130663115,-0.0007439892592697,-0.0003912476301692
2010-04-19,1173.5,1220.0,1161.0,1212.0,7071.0,1212.0,1180.5,1155.85,1087.44,962.8266666666668,780.0725,False,False,False,False,False,False,True,True,False,True,False,-0.016089108910891,-0.1204620462046204,,,0.1027722772277227,0.2055885588558854,-0.3407590759075907,-0.4797854785478548,0.0060447017116269,-0.4513561448284812,925.0,940.5,0.7037921767691848,0.0054071948797176,-0.0006581181865939,-0.000315407239199
2010-04-20,1215.0,1228.5,1132.0,1145.0,8557.0,1145.0,1184.5,1157.75,1089.24,967.3066666666666,783.665,False,False,False,False,False,False,True,True,False,True,False,0.0305676855895196,-0.0877729257641921,,,0.0486986899563318,0.1551906841339156,-0.2908296943231441,-0.4441048034934498,0.0046314164415281,-0.4537680846469445,984.5,923.5,1.2101541507566116,0.0016525283684036,-0.0037546665113139,-0.0014132852700987
2010-04-21,1150.0,1186.0,1150.0,1186.0,6134.0,1186.0,1187.5,1165.35,1094.64,972.3466666666668,787.5,False,False,False,False,False,False,True,True,False,False,False,-0.0299325463743676,-0.1500843170320404,,,0.0770320404721753,0.1801461495222033,-0.3178752107925801,-0.4654300168634064,0.0051833365329239,-0.4594756939975115,966.5,931.0,0.7168400140236064,0.0049331286998466,0.0032806003314429,0.0005519200913958
2010-04-22,1178.0,1199.0,1159.0,1197.5,3695.0,1197.5,1186.9,1169.85,1100.9,977.32,791.3925,False,False,False,False,False,False,True,True,False,False,False,-0.0338204592901878,-0.178705636743215,,,0.0806680584551147,0.183866388308977,-0.348643006263048,-0.4939457202505219,0.0050887460947624,-0.4654870282514852,1007.0,917.5,0.6023801760678187,0.0056862566990643,0.0007531279992177,-9.459043816152472e-05
2010-04-23,1195.0,1197.5,1169.5,1194.5,3703.0,1194.5,1187.0,1175.05,1106.96,982.8733333333332,795.2725,False,False,False,False,False,False,True,True,False,True,False,-0.0749267475931352,-0.1318543323566345,,,0.0732858936793637,0.1771675736012279,-0.3377982419422352,-0.4763499372122227,0.0056501007250847,-0.468660908046466,924.5,948.5,1.0021650879566983,0.0054744525547444,-0.0002118041443199,0.0005613546303223
2010-04-26,1197.5,1204.0,1186.5,1192.5,3364.0,1192.5,1183.1,1181.8,1113.26,988.54,799.1375,False,False,False,False,False,False,True,True,False,False,False,-0.1060796645702306,-0.2473794549266247,,,0.0664486373165618,0.1710356394129979,-0.3538784067085954,-0.5165618448637317,0.0057323595066125,-0.4751226941952953,949.5,1028.0,0.9084526059951392,0.0056590553868817,0.0001846028321372,8.22587815277314e-05
2010-04-27,1182.5,1189.5,1165.0,1180.0,3088.0,1180.0,1190.1,1187.3,1118.72,993.6666666666666,803.0275,False,False,False,False,False,False,True,True,False,True,False,-0.1148305084745762,-0.2728813559322033,,,0.0519322033898304,0.157909604519774,-0.3847457627118644,-0.5080508474576271,0.0051593425025159,-0.4813021140402593,927.5,997.5,0.9179548156956004,0.0048805778032036,-0.000778477583678,-0.0005730170040965
2010-04-28,1151.0,1175.5,1150.5,1150.5,3681.0,1150.5,1183.0,1185.25,1124.08,998.4533333333334,806.7825,False,False,False,False,False,False,True,True,False,True,False,-0.1238591916558018,-0.2342459800086918,,,0.0229639287266406,0.1321570331739822,-0.3663624511082138,-0.4919600173837462,0.0047940815127397,-0.4821345707656613,949.5,901.0,1.1920336787564767,0.0047683438901144,-0.0001122339130891,-0.0003652609897761
2010-04-30,1174.5,1175.5,1140.5,1157.0,3198.0,1157.0,1174.9,1180.9,1129.5,1003.6466666666666,810.51,False,False,False,False,False,False,True,True,False,False,False,-0.1499567847882454,-0.2502160760587726,,,0.0237683664649956,0.1325439354652837,-0.3604148660328435,-0.4416594641313742,0.005174463788717,-0.4786180032178846,997.5,917.0,0.8687856560717196,0.0047985834440018,3.0239553887340988e-05,0.0003803822759772
2010-05-06,1134.0,1165.0,1097.0,1105.0,4405.0,1105.0,1157.0,1172.0,1133.34,1007.9466666666668,813.9525,False,False,False,False,False,False,True,True,False,True,False,-0.0615384615384615,-0.2271493212669683,,,-0.0256470588235293,0.0878310708898942,-0.2990950226244344,-0.3936651583710407,0.004266098735383,-0.4718430034129693,972.5,895.0,1.3774233896185115,0.0033882153634389,-0.0014103680805628,-0.000908365053334
2010-05-07,1006.0,1092.0,1005.5,1066.0,5205.0,1066.0,1131.7,1157.4,1133.32,1011.4,817.235,False,False,False,False,False,False,False,True,False,True,False,-0.1580675422138836,-0.2612570356472795,,,-0.0631519699812382,0.0512195121951219,-0.2804878048780488,-0.3724202626641651,0.0034144090699358,-0.4618541558665975,1024.5,885.0,1.18161180476731,-1.764726643841264e-05,-0.0034058626298773,-0.0008516896654471
2010-05-10,1080.0,1091.0,1043.0,1044.5,3754.0,1044.5,1104.6,1147.35,1133.06,1013.9933333333332,820.3775,False,False,False,False,False,False,False,True,False,True,False,-0.1785543322163714,-0.2575394925801819,,,-0.0847869794159884,0.0292069570767513,-0.2412637625658209,-0.3537577788415509,0.0025575447570331,-0.4537848084716955,1074.0,860.0,0.7212295869356388,-0.0002294671067728,-0.0002118198403343,-0.0008568643129027
2010-05-11,1075.0,1075.0,1000.5,1008.0,4408.0,1008.0,1076.1,1129.55,1131.68,1015.5066666666668,823.3475,False,False,False,False,False,False,False,True,False,True,False,-0.1259920634920635,-0.3298611111111111,,,-0.1226984126984127,-0.00744708994709,-0.2306547619047619,-0.2981150793650793,0.0014902249123592,-0.4386702669204551,1051.5,803.5,1.1742141715503462,-0.0012194259861443,-0.0009899588793715,-0.0010673198446739
2010-05-12,1008.0,1038.5,965.0,983.5,4551.0,983.5,1041.4,1108.15,1129.72,1016.6866666666666,826.41,False,False,False,False,False,False,False,True,False,True,False,-0.1179461108286731,-0.257244534824606,,,-0.1486731062531774,-0.0337434333163869,-0.1931875953228266,-0.2816471784443314,0.001160632905582,-0.4187609980598294,1017.5,787.5,1.0324410163339384,-0.0017349431717594,-0.000515517185615,-0.0003295920067772
2010-05-13,997.5,1046.5,975.0,1037.0,4543.0,1037.0,1027.8,1092.4,1130.42,1017.8466666666668,829.6325,False,False,False,False,False,False,True,True,False,False,False,-0.1764705882352941,-0.2073288331726133,,,-0.0900867888138862,0.0184699453551911,-0.2405978784956605,-0.3109932497589199,0.0011396608526499,-0.4022336140607837,1030.0,796.0,0.998242144583608,0.0006192388669698,0.0023541820387292,-2.0972052932120887e-05
2010-05-14,907.0,946.5,843.5,897.5,20408.0,897.5,994.1,1062.9,1124.12,1017.2733333333332,832.1,False,False,False,False,False,False,False,False,False,True,False,-0.1225626740947075,-0.1097493036211699,,,-0.25250139275766,-0.1334521819870008,-0.1743732590529247,-0.2016713091922005,-0.0005635981152233,-0.3724715401260702,1065.0,839.0,4.492185780321374,-0.0056043838736079,-0.0062236227405778,-0.0017032589678732
2010-05-17,900.5,909.0,829.0,858.0,9765.0,858.0,956.8,1030.7,1113.4,1016.4,834.34,False,False,False,False,False,False,False,False,False,True,False,-0.0961538461538461,-0.0536130536130536,,,-0.2976689976689978,-0.1846153846153846,-0.1072261072261072,-0.12004662004662,-0.0008592417683325,-0.3359367420199864,1100.0,800.0,0.4784888279106233,-0.0096281659780849,-0.004023782104477,-0.0002956436531092
2010-05-18,886.0,886.0,826.0,881.0,8780.0,881.0,931.4,1003.75,1104.24,1015.7333333333332,836.665,False,False,False,False,False,False,False,False,False,False,False,-0.2332576617480136,-0.0817253121452894,,,-0.2533938706015891,-0.1529322739311387,-0.1600454029511918,-0.1611804767309875,-0.000656340246784,-0.3027148194271482,1051.0,795.0,0.8991295442908346,-0.0082952981235963,0.0013328678544885,0.0002029015215485
2010-05-19,861.5,879.0,838.5,867.5,6877.0,867.5,908.2,974.8,1092.84,1015.0666666666668,838.795,False,False,False,False,False,False,False,False,False,True,False,-0.1579250720461095,-0.100864553314121,,,-0.259757925072046,-0.1701056676272816,-0.1636887608069164,-0.1440922190201729,-0.0006567713122288,-0.2721070988920804,1041.0,803.5,0.783257403189066,-0.0104315361809597,-0.0021362380573633,-4.310654448129361e-07
2010-05-20,863.0,896.5,850.5,854.0,7293.0,854.0,871.6,949.7,1081.3,1013.8066666666666,840.8925,False,False,False,False,False,False,False,False,False,True,False,-0.0374707259953161,-0.0737704918032786,,,-0.26615925058548,-0.187127244340359,-0.1492974238875878,-0.0690866510538641,-0.0012428405152858,-0.2397072759818891,1043.0,870.0,1.0604914933837428,-0.0106723388513825,-0.0002408026704227,-0.000586069203057
2010-05-21,800.0,820.0,775.5,787.5,9865.0,787.5,849.6,921.85,1067.8,1010.6,842.6575,False,False,False,False,False,False,False,False,False,True,False,0.0146031746031746,-0.0215873015873015,,,-0.3559365079365079,-0.2833015873015873,-0.1174603174603174,0.0412698412698412,-0.003173032521934,-0.2003579758095135,1035.0,925.0,1.352666940902235,-0.0126428170069301,-0.0019704781555475,-0.0019301920066482
2010-05-24,800.0,812.5,775.5,775.5,6788.0,775.5,833.1,894.95,1053.82,1007.64,844.4025,False,False,False,False,False,False,False,False,False,True,False,0.0470664087685364,-0.0638297872340425,,,-0.3588910380399741,-0.2993423597678916,-0.1618310767246937,0.0212765957446808,-0.0029375570640308,-0.1632493435387452,1043.5,984.5,0.6880892042574759,-0.0132660226604164,-0.0006232056534862,0.0002354754579032
2010-05-25,774.0,774.0,660.5,675.5,13897.0,675.5,792.0,861.7,1034.0,1004.6333333333332,845.605,False,False,False,False,False,False,False,False,False,True,False,0.1976313841598815,0.07920059215396,,,-0.5307179866765359,-0.4872440167776953,-0.080680977054034,0.1472982975573649,-0.0029928000265437,-0.1231286990832076,1016.5,966.5,2.047289334119033,-0.0191682785299805,-0.0059022558695641,-5.524296251294744e-05
2010-05-26,705.0,753.0,679.0,730.5,15202.0,730.5,764.6,836.4,1015.2,1002.1466666666666,847.095,False,False,False,False,False,False,False,False,False,False,False,0.0677618069815195,0.0130047912388774,,,-0.3897330595482546,-0.3718640200775724,-0.1259411362080766,0.0746064339493497,-0.0024813400566782,-0.0872190339550453,1021.5,1007.0,1.093905159386918,-0.0185185185185184,0.0006497600114621,0.0005114599698655
2010-05-27,716.0,822.0,715.5,822.0,11823.0,822.0,758.2,814.9,1000.32,1001.1733333333332,849.06,False,False,True,False,False,False,False,False,False,False,False,-0.0377128953771289,-0.0577858880778588,,,-0.2169343065693431,-0.217972424979724,-0.2317518248175182,-0.0091240875912408,-0.0009721926273174,-0.0508651368266044,1009.0,924.5,0.7777266149190896,-0.0148752399232245,0.0036432785952939,0.0015091474293608
2010-05-28,850.0,859.0,772.5,799.0,14985.0,799.0,760.5,805.05,983.8,1000.0266666666666,850.91,False,False,False,False,False,False,False,False,False,True,False,-0.0356695869837296,-0.0400500625782227,,,-0.2312891113892365,-0.2515978306216103,-0.1702127659574468,-0.0168961201501877,-0.0011466360897041,-0.0306813241413575,1066.5,949.5,1.267444810961685,-0.0167920309005896,-0.001916790977365,-0.0001744434623867
2010-05-31,790.5,830.0,788.5,812.0,6441.0,812.0,767.8,800.45,970.48,999.3866666666668,852.835,False,False,False,False,False,False,False,False,False,False,False,-0.105911330049261,-0.0240147783251231,,,-0.1951724137931034,-0.2307717569786536,-0.1083743842364532,-0.0806650246305418,-0.0006403927742347,-0.0261727778124805,1051.0,927.5,0.4298298298298298,-0.0137251669277058,0.0030668639728838,0.0005062433154694
2010-06-01,807.5,824.5,790.5,809.0,4988.0,809.0,794.5,793.25,955.4,999.46,854.7375,False,False,False,False,False,False,False,True,False,True,False,-0.0988875154511742,-0.0414091470951792,,,-0.1809641532756489,-0.2354264524103832,-0.1192830655129789,-0.053770086526576,7.33729547288202e-05,-0.0139930664985818,1042.5,949.5,0.7744139108834032,-0.0157839648314842,-0.0020587979037784,0.0007137657289635
2010-06-02,795.5,814.5,780.0,780.0,5665.0,780.0,804.4,784.5,938.7,999.36,856.5,False,False,False,False,False,False,False,False,False,True,False,-0.0512820512820512,0.0173076923076923,,,-0.2034615384615385,-0.2812307692307692,-0.1282051282051282,-0.0608974358974358,-0.0001000640409862,-0.004270235818993,1032.5,997.5,1.1357257417802726,-0.0177905614147224,-0.0020065965832381,-0.000173436995715
2010-06-03,803.0,806.5,782.5,791.0,3052.0,791.0,798.2,778.2,922.56,999.2933333333332,858.0675,False,False,False,False,False,False,False,False,False,False,False,-0.0208596713021491,-0.0044247787610619,,,-0.1663211125158027,-0.2633291192583226,-0.1390644753476612,-0.0518331226295828,-6.671381109333938e-05,-0.0019917758930866,1019.5,972.5,0.5387466902030009,-0.0174947970863684,0.0002957643283539,3.335022989291456e-05
2010-06-04,795.0,803.5,763.0,770.5,3947.0,770.5,792.5,776.5,905.68,998.38,859.51,False,False,False,False,False,False,False,False,False,True,False,-0.0045425048669695,-0.0382868267358857,,,-0.1754445165476962,-0.295756002595717,-0.1161583387410772,-0.0317975340687865,-0.0009148153341745,-0.0093367675466838,1055.0,1024.5,1.2932503276539973,-0.0186379295115272,-0.0011431324251587,-0.0008481015230812
2010-06-07,730.0,744.0,715.0,726.0,5126.0,726.0,775.3,771.55,887.52,997.3933333333332,860.8125,False,False,False,False,False,False,False,False,False,True,False,0.0915977961432506,0.0550964187327823,,,-0.2224793388429752,-0.3738200183654727,-0.0895316804407713,0.0268595041322314,-0.0009892452994139,-0.0090078413583046,1126.0,1074.0,1.2987078794020774,-0.0204615107265188,-0.0018235812149915,-7.442996523938396e-05
2010-06-08,715.0,760.0,711.0,729.0,4165.0,729.0,759.3,776.9,870.66,996.5133333333332,862.13,False,False,False,False,False,False,False,False,False,False,True,0.0637860082304526,0.0150891632373113,,,-0.1943209876543209,-0.3669593049839961,-0.1090534979423868,0.0672153635116598,-0.0008830790021207,-0.015446003346634,1110.0,1051.5,0.8125243854857589,-0.0193646199434911,0.0010968907830276,0.0001061662972932
2010-06-09,729.0,754.0,722.0,740.0,4020.0,740.0,751.3,777.85,853.98,995.6666666666666,863.52,False,False,False,False,False,False,False,False,False,True,False,0.0722972972972973,-0.0195945945945945,,,-0.154027027027027,-0.3454954954954954,-0.104054054054054,0.0439189189189189,-0.0008503515232674,-0.0182554477084271,1152.5,1017.5,0.965186074429772,-0.0195320733506638,-0.0001674534071727,3.272747885331895e-05
2010-06-10,749.5,777.5,735.5,774.5,5458.0,774.5,748.0,773.1,840.76,994.3933333333332,865.055,False,False,False,False,False,False,False,False,False,False,False,0.0167850225952227,-0.0619754680438992,,,-0.0855519690122659,-0.2839165052722184,-0.1994835377663008,0.0071013557133634,-0.001280512741437,-0.0166860690725649,1142.5,1030.0,1.3577114427860697,-0.0157238688805366,0.0038082044701272,-0.0004301612181696
2010-06-11,782.5,794.0,761.0,767.0,4462.0,767.0,747.3,769.9,828.8,992.2866666666666,866.5025,False,False,False,False,False,False,False,False,False,False,False,-0.0338983050847457,-0.0938722294654498,,,-0.080573663624511,-0.2937244676227726,-0.2027379400260756,0.0169491525423728,-0.0021230424003815,-0.0133134173269255,1125.0,1065.0,0.8175155734701356,-0.0144305019305019,0.0012933669500347,-0.0008425296589444
2010-06-14,775.0,793.0,771.0,792.5,3151.0,792.5,760.6,767.95,818.72,989.7266666666668,867.8275,False,False,False,False,False,False,False,False,False,False,False,-0.0334384858044164,-0.1798107255520504,,,-0.0330851735015773,-0.2488664563617246,-0.1167192429022082,-0.0536277602523659,-0.0025865727237821,-0.0103522364737288,1125.0,1100.0,0.7061855670103093,-0.0123119015047878,0.0021186004257141,-0.0004635303234006
2010-06-15,795.5,815.5,775.5,775.5,5687.0,775.5,769.9,764.6,809.42,987.18,869.2075,False,False,False,False,False,False,False,False,False,False,False,-0.0457769181173436,-0.1992263056092843,,,-0.043739522888459,-0.2729593810444873,-0.1618310767246937,-0.0490006447453255,-0.0025797389196163,-0.0096782631441276,1171.0,1051.0,1.804823865439543,-0.0114897086802896,0.0008221928244981,6.833804165820232e-06
2010-06-16,794.5,799.0,784.5,793.5,2625.0,793.5,780.6,765.95,801.82,984.3333333333334,870.6875,False,False,False,False,False,False,False,False,False,False,False,-0.0856962822936358,-0.1953371140516698,,,-0.0104851921865155,-0.2404956941818946,-0.2299936988027725,-0.1052299936988027,-0.0028919742634607,-0.0143612507343821,1200.5,1041.0,0.4615790399155969,-0.009478436556833,0.0020112721234565,-0.0003122353438444
2010-06-17,807.0,815.0,781.0,787.5,4386.0,787.5,783.2,765.6,791.84,982.5066666666668,872.22,False,False,False,False,False,False,False,False,False,True,False,-0.0774603174603174,-0.1980952380952381,,,-0.0055111111111111,-0.2476275132275133,-0.1885714285714285,-0.0876190476190476,-0.0018591900987948,-0.018025078369906,1194.0,1043.0,1.6708571428571428,-0.0126035562739947,-0.0031251197171616,0.0010327841646659
2010-06-18,790.0,793.0,739.5,741.0,5232.0,741.0,778.0,762.65,785.58,979.7266666666668,873.4675,False,False,False,False,False,False,False,False,False,False,False,-0.0620782726045884,-0.1052631578947368,,,-0.0601619433198381,-0.3221682411156097,-0.097165991902834,0.0020242914979757,-0.0028375261127252,-0.0146856356126662,1212.0,1035.0,1.1928864569083448,-0.0079686346393747,0.00463492163462,-0.0009783360139304
2010-06-21,750.5,771.0,745.0,766.0,2782.0,766.0,772.7,766.65,781.9,977.5733333333334,874.895,False,False,False,False,False,False,False,False,False,False,True,-0.1514360313315927,-0.0548302872062663,,,-0.0207571801566579,-0.2762053959965188,-0.1462140992167102,0.0176240208877284,-0.0022027332987807,-0.0153916389486727,1145.0,1043.5,0.5317278287461774,-0.0047064842051414,0.0032621504342333,0.0006347928139445
2010-06-22,754.0,757.5,730.0,740.0,3474.0,740.0,765.6,767.75,776.26,974.78,876.17,False,False,False,False,False,False,False,False,False,True,False,-0.1608108108108108,-0.0371621621621621,,,-0.0489999999999999,-0.3172702702702702,-0.1094594594594594,0.0662162162162162,-0.002865603862752,-0.0153695864539237,1186.0,1016.5,1.248741912293314,-0.0072656068842913,-0.0025591226791499,-0.0006628705639712
2010-06-23,732.5,735.0,716.5,725.5,1594.0,725.5,752.0,766.3,770.58,971.1533333333332,877.375,False,False,False,False,False,False,False,False,False,True,False,-0.1199172984148862,-0.0627153687112336,,,-0.0621364576154376,-0.338598667585573,-0.1013094417643004,0.0792556857339765,-0.0037343914108998,-0.0121362390708599,1197.5,1021.5,0.4588370754173863,-0.0073710711412182,-0.0001054642569269,-0.0008687875481478
2010-06-24,720.0,747.5,718.0,726.5,2265.0,726.5,739.8,761.5,765.48,967.8733333333332,878.5575,False,False,False,False,False,False,False,False,False,False,False,-0.1307639366827254,-0.0626290433585684,,,-0.0536545079146593,-0.3322413397568248,-0.1259463179628355,0.0612525808671713,-0.003388873199661,-0.0070912672357189,1194.5,1009.0,1.4209535759096612,-0.0066624862831165,0.0007085848581017,0.0003455182112387
2010-06-25,710.0,721.0,678.0,695.0,2908.0,695.0,730.6,754.3,761.78,963.48,879.3325,False,False,False,False,False,False,False,False,False,False,False,-0.0460431654676259,-0.0201438848920863,,,-0.0960863309352517,-0.3863021582733813,-0.1122302158273381,0.1079136690647482,-0.0045598593985689,0.0010605859737505,1192.5,1066.5,1.2838852097130242,-0.0048570453411746,0.0018054409419418,-0.0011709861989078
2010-06-28,694.5,695.0,645.0,650.0,4519.0,650.0,707.4,740.05,756.76,957.8266666666668,879.61,False,False,False,False,False,False,False,False,False,True,False,0.1138461538461538,0.0169230769230769,,,-0.1642461538461538,-0.4735794871794874,-0.0384615384615384,0.1323076923076923,-0.0059022509291867,0.018444699682454,1180.0,1051.0,1.5539889958734523,-0.0066335429991014,-0.0017764976579267,-0.0013423915306178
2010-06-29,645.5,670.5,610.5,621.0,6030.0,621.0,683.6,724.6,754.58,952.0866666666668,879.6225,False,False,False,False,False,False,False,False,False,False,False,0.1473429951690821,0.0458937198067632,,,-0.2151046698872786,-0.5331508319914119,-0.0257648953301127,0.1956521739130435,-0.0060288629186418,0.0408501242064587,1150.5,1042.5,1.3343660101792432,-0.0028890243579208,0.0037445186411805,-0.0001266119894551
2010-06-30,598.5,649.0,591.0,638.5,4116.0,638.5,666.2,709.1,750.9,947.0333333333332,879.3075,False,False,False,False,False,False,False,False,False,True,False,0.0649960845732184,0.038371182458888,,,-0.1760375880971025,-0.4832158705298875,-0.0180109631949882,0.173061863743148,-0.0053359614233926,0.069101678183613,1157.0,1032.5,0.6825870646766169,-0.0049007857237981,-0.0020117613658772,0.0006929014952492
2010-07-01,611.0,659.5,599.0,631.5,4398.0,631.5,647.2,693.5,743.28,941.72,878.945,False,False,False,False,False,False,False,False,False,True,False,0.0783847980997624,-0.0182106096595407,,,-0.1770071258907363,-0.491243072050673,0.0087094220110847,0.173396674584323,-0.0056421583202365,0.096395097332372,1105.0,1019.5,1.0685131195335278,-0.0102518566354536,-0.0053510709116554,-0.0003061968968438
2010-07-02,633.0,663.5,620.5,663.0,4023.0,663.0,640.8,685.7,737.84,936.36,878.835,False,False,False,False,False,False,False,False,False,False,False,0.0271493212669683,-0.0776772247360482,,,-0.1128808446455505,-0.4123076923076923,-0.0490196078431372,0.141025641025641,-0.0057242940749284,0.1109085605950123,1066.0,1055.0,0.9147339699863576,-0.0073728721674074,0.0028789844680461,-8.21357546919128e-05
2010-07-05,663.0,724.5,661.5,724.0,5902.0,724.0,655.6,681.5,734.32,931.3466666666668,879.005,False,False,False,False,False,False,False,False,False,False,False,-0.0870165745856353,-0.0331491712707182,,,-0.0142541436464089,-0.2863904235727442,-0.1208563535911602,0.0435082872928176,-0.0053828864296859,0.1142333088774762,1044.5,1126.0,1.4670643798160576,-0.0047935504956966,0.0025793216717108,0.0003414076452425
2010-07-06,707.5,725.0,677.0,712.5,5188.0,712.5,673.9,678.75,730.46,926.8333333333334,879.195,False,False,False,False,False,False,False,False,False,True,False,-0.0884210526315789,-0.087719298245614,,,-0.0252070175438597,-0.3008187134502924,-0.1101754385964912,0.0849122807017543,-0.0048696277647906,0.116390423572744,1008.0,1110.0,0.8790240596407998,-0.0052843413739287,-0.0004907908782321,0.0005132586648952
2010-07-07,709.0,715.0,672.5,680.0,2969.0,680.0,682.2,674.2,726.46,922.02,879.3325,False,False,False,False,False,False,False,False,False,True,False,-0.025,-0.1014705882352941,,,-0.0683235294117647,-0.3559117647058823,-0.1088235294117647,0.1323529411764706,-0.0052204218274369,0.1219964402254523,983.5,1152.5,0.5722821896684657,-0.0055061531261184,-0.0002218117521896,-0.0003507940626463
2010-07-08,707.5,710.0,676.0,681.0,2876.0,681.0,692.1,669.65,722.06,917.1933333333334,879.1425,False,False,False,False,False,False,False,False,False,True,False,-0.0895741556534508,-0.0616740088105726,,,-0.0602936857562407,-0.3468330885952032,-0.0814977973568281,0.1255506607929515,-0.0052624310396207,0.1289479578884492,1037.0,1142.5,0.9686763219939374,-0.0060936764257819,-0.0005875232996634,-4.200921218387548e-05
2010-07-09,682.0,687.5,666.0,681.0,1987.0,681.0,695.7,668.25,718.48,912.4733333333334,878.7975,False,False,False,False,False,False,False,False,False,False,False,-0.1020558002936857,-0.0176211453744493,,,-0.0550367107195301,-0.3399021047479197,-0.1534508076358296,0.0469897209985315,-0.0051727539069635,0.122783389450056,897.5,1125.0,0.6908901251738526,-0.0049827413428347,0.0011109350829471,8.967713265727473e-05
2010-07-12,671.5,700.0,660.0,661.0,2654.0,661.0,683.1,669.35,715.88,907.3733333333332,877.68,False,False,False,False,False,False,False,False,False,False,False,0.059001512859304,-0.010590015128593,,,-0.0830257186081694,-0.3727281896116993,-0.1217851739788199,0.0605143721633888,-0.0056206192232526,0.1157092701874952,858.0,1125.0,1.335681932561651,-0.0036318936134548,0.0013508477293799,-0.000447865316289
2010-07-13,662.5,676.5,643.0,649.5,3265.0,649.5,670.5,672.2,712.7,902.48,876.0275,False,False,False,False,False,False,False,False,False,True,False,0.0007698229407236,0.014626635873749,,,-0.0973056197074673,-0.3894996150885296,-0.1000769822940723,0.0854503464203233,-0.0054220961498683,0.1054001785182979,881.0,1171.0,1.2302185380557649,-0.0044619054300546,-0.0008300118165998,0.0001985230733842
2010-07-14,661.5,672.5,648.0,663.0,3185.0,663.0,667.1,674.65,709.62,897.7,874.7725,False,False,False,False,False,False,False,False,False,False,False,-0.0784313725490196,-0.0165912518853695,,,-0.0703167420814479,-0.3539969834087482,-0.0256410256410256,0.0294117647058823,-0.0053247187256321,0.0915289409323352,867.5,1200.5,0.9754977029096478,-0.0043403511738677,0.0001215542561868,9.73774242362252e-05
2010-07-15,650.5,653.5,615.0,620.0,4991.0,620.0,654.9,673.5,703.44,892.5133333333333,873.2825,False,False,False,False,False,False,False,False,False,True,False,0.0306451612903225,0.0241935483870967,,,-0.1345806451612904,-0.4395376344086021,0.0806451612903225,0.1161290322580645,-0.0058113044062834,0.0861172976985894,854.0,1194.0,1.567032967032967,-0.0087853974752643,-0.0044450463013965,-0.0004865856806513
2010-07-16,610.5,628.5,598.5,611.5,3266.0,611.5,641.0,668.35,697.22,886.4466666666667,871.8275,False,False,False,False,False,False,False,False,False,True,False,0.0940310711365494,0.0089942763695829,,,-0.1401798855273917,-0.4496266012537477,0.0940310711365494,0.2035977105478332,-0.0068438033497032,0.0914191666043241,787.5,1212.0,0.6543778801843319,-0.0089211439717736,-0.0001357464965093,-0.0010324989434197
2010-07-20,600.0,701.0,595.5,700.0,12092.0,700.0,648.8,665.95,693.52,881.7666666666667,870.6525,False,False,False,False,True,False,False,False,False,False,False,-0.0657142857142857,-0.1071428571428571,,,0.0092571428571428,-0.2596666666666666,-0.0357142857142857,0.115,-0.0053075265565343,0.0991065395299947,775.5,1145.0,3.702388242498469,-0.0053351020878994,0.0035860418838741,0.0015362767931689
2010-07-21,695.0,695.5,646.5,650.0,8568.0,650.0,648.9,659.7,688.5,876.5333333333333,868.855,False,False,False,False,False,False,False,False,False,True,False,0.0138461538461538,-0.0692307692307692,,,-0.0592307692307692,-0.3485128205128204,0.0884615384615384,0.2146153846153846,-0.0059704898083358,0.1120206154312565,675.5,1186.0,0.7085676480317565,-0.0072912127814088,-0.0019561106935093,-0.0006629632518015
2010-07-22,643.0,657.0,610.5,611.0,6917.0,611.0,638.5,652.8,681.2,870.9133333333333,867.0075,False,False,False,False,False,False,False,False,False,True,False,0.0671031096563011,0.0261865793780687,,,-0.1148936170212766,-0.4253900709219858,0.1563011456628477,0.2708674304418985,-0.0064529957056576,0.1247702205882353,730.5,1197.5,0.8073062558356676,-0.0107163828537873,-0.0034251700723785,-0.0004825058973217
2010-07-23,623.0,642.5,617.5,639.0,3835.0,639.0,642.3,648.6,675.26,865.84,865.4525,False,False,False,False,False,False,False,False,False,False,False,-0.0062597809076682,-0.0031298904538341,,,-0.0567449139280125,-0.3549921752738654,0.1181533646322378,0.2057902973395931,-0.0058594351535309,0.1326703669441874,822.0,1194.5,0.5544311117536505,-0.0087966116755028,0.0019197711782845,0.0005935605521266
2010-07-26,654.0,670.0,644.0,669.0,3648.0,669.0,653.8,647.4,672.38,860.6933333333334,863.79,False,False,False,False,False,False,False,False,False,False,False,-0.077727952167414,-0.0575485799701046,,,-0.0050523168908819,-0.286537120079721,0.0710014947683109,0.1831091180866965,-0.0059796753005328,0.1468952734012975,799.0,1192.5,0.951238591916558,-0.0042832921859662,0.0045133194895365,-0.0001202401470018
2010-07-27,674.0,676.5,645.5,654.0,3054.0,654.0,644.6,646.7,667.9,854.4,862.3275,False,False,False,False,False,False,False,False,False,True,False,-0.0443425076452599,-0.0267584097859327,,,-0.0212538226299693,-0.3064220183486238,0.154434250764526,0.2255351681957186,-0.0073657927590512,0.1636771300448428,812.0,1180.0,0.837171052631579,-0.00670759095673,-0.0024242987707638,-0.0013861174585183
2010-07-28,660.0,665.0,647.5,659.0,1656.0,659.0,646.4,647.65,664.66,848.3866666666667,861.485,False,False,False,False,False,False,False,False,False,False,False,-0.0819423368740516,-0.0379362670713201,,,-0.0085887708649468,-0.2873849266565503,0.1213960546282245,0.1927162367223065,-0.0070879630357226,0.1744769551455261,809.0,1150.5,0.5422396856581533,-0.0048746727650227,0.0018329181917073,0.0002778297233285
2010-07-29,654.0,669.0,649.5,652.0,1665.0,652.0,654.6,646.55,661.72,841.7133333333334,860.59,False,False,False,False,False,False,False,False,False,False,False,-0.0383435582822085,-0.0705521472392638,,,-0.0149079754601227,-0.2909713701431493,0.1388036809815951,0.2860429447852761,-0.0079282732838574,0.2006032016085377,780.0,1157.0,1.0054347826086956,-0.0044429668137579,0.0004317059512647,-0.0008403102481347
2010-07-30,650.5,650.5,617.5,635.0,2745.0,635.0,653.8,648.05,658.06,834.9466666666667,859.945,False,False,False,False,False,False,False,False,False,True,True,0.0031496062992125,-0.0149606299212598,,,-0.0363149606299211,-0.3148766404199475,0.2519685039370078,0.3503937007874015,-0.008104310055732,0.2233623948769385,791.0,1105.0,1.648648648648649,-0.0055618028751178,-0.0011188360613598,-0.0001760367718746
2010-08-02,631.5,641.0,612.0,617.0,2034.0,617.0,643.4,648.6,654.94,828.1733333333333,858.8975,False,False,False,False,False,False,False,False,False,False,False,0.0218800648298217,-0.0656401944894651,,,-0.0614910858995138,-0.3422582387898432,0.3290113452188006,0.3760129659643436,-0.0081786421522065,0.2397471477027443,770.5,1066.0,0.740983606557377,-0.004763795156808,0.0007980077183098,-7.433209647449146e-05
2010-08-03,624.0,633.0,612.0,625.0,1518.0,625.0,637.6,641.1,653.94,821.5066666666667,857.575,False,False,False,False,False,False,False,False,False,False,False,0.0184,-0.0712,,,-0.046304,-0.3144106666666666,0.2672,0.3728,-0.0081151704997321,0.2663391046638589,726.0,1044.5,0.7463126843657817,-0.0015291922806373,0.0032346028761707,6.347165247442242e-05
2010-08-04,617.5,619.0,603.5,605.0,1801.0,605.0,626.8,636.6,653.3,813.96,856.0375,False,False,False,False,False,False,False,False,False,False,False,0.0479338842975206,-0.0338842975206611,,,-0.0798347107438015,-0.3453884297520662,0.2809917355371901,0.5363636363636364,-0.0092715448752599,0.2972824379516179,729.0,1008.0,1.186429512516469,-0.0009796418184602,0.000549550462177,-0.0011563743755278
2010-08-05,618.5,628.0,610.0,627.0,2548.0,627.0,621.8,638.2,652.84,806.3133333333334,854.46,False,False,False,False,False,False,False,False,False,False,True,-0.0334928229665071,0.0303030303030303,,,-0.0412121212121212,-0.285986177565125,0.251993620414673,0.4800637958532695,-0.0094834927695601,0.3177687245377623,740.0,983.5,1.4147695724597449,-0.0007046136878866,0.0002750281305736,-0.0002119478943002
2010-08-06,629.0,637.0,607.5,637.0,2035.0,637.0,622.2,638.0,653.06,798.8866666666667,852.62,False,False,False,False,False,False,True,False,False,False,False,-0.0180533751962323,0.0518053375196232,,,-0.0252119309262165,-0.2541391941391941,0.2786499215070643,0.3971742543171114,-0.009296270643312,0.3369122257053292,774.5,1037.0,0.7986656200941915,0.0003368756316416,0.0010414893195283,0.0001872221262481
2010-08-09,623.5,647.5,620.5,630.5,1372.0,630.5,624.9,634.15,651.76,791.1333333333333,850.86,False,False,False,False,False,False,False,False,False,True,False,-0.0856463124504361,0.0610626486915146,,,-0.0337192704203013,-0.2547713454929949,0.2458366375892149,0.3909595559080095,-0.0098002865088059,0.3585113932035008,767.0,897.5,0.6742014742014742,-0.0019945992389836,-0.0023314748706252,-0.0005040158654939
2010-08-10,635.0,645.0,630.0,636.5,1298.0,636.5,627.2,632.4,648.26,784.3533333333334,848.9925,False,False,False,False,False,False,False,False,False,True,False,-0.0879811468970934,0.0604870384917517,,,-0.0184760408483896,-0.2322911757004451,0.1728201099764336,0.3432835820895522,-0.0086440634747944,0.3707305502846301,792.5,858.0,0.9460641399416908,-0.0053990682750748,-0.0034044690360912,0.0011562230340114
2010-08-11,634.0,645.0,627.0,634.0,1306.0,634.0,633.0,629.9,645.12,776.9933333333333,847.285,False,False,False,False,False,False,False,False,False,False,False,-0.0780757097791798,0.1159305993690851,,,-0.0175394321766561,-0.2255415352260778,0.2074132492113564,0.4037854889589905,-0.0094724107456949,0.3926813779965074,775.5,881.0,1.0061633281972264,-0.0048673115079364,0.0005317567671383,-0.0008283472709004
2010-08-12,613.5,624.0,602.0,606.0,2425.0,606.0,628.8,625.3,642.16,769.1066666666667,845.74,False,False,False,False,False,False,False,False,False,False,False,0.066006600660066,0.1658415841584158,,,-0.0596699669966996,-0.2691529152915292,0.2087458745874587,0.4595709570957095,-0.0102543210304595,0.4102830641292181,793.5,867.5,1.856814701378254,-0.0046094431294382,0.0002578683784982,-0.0007819102847646
2010-08-13,605.0,632.5,602.0,625.5,2392.0,625.5,626.5,624.35,639.94,761.52,844.25,False,False,False,False,False,False,False,False,False,False,False,0.0711430855315747,0.1422861710631494,,,-0.0230855315747402,-0.2174580335731414,0.1990407673860911,0.434052757793765,-0.0099625310781945,0.4187555057259549,787.5,854.0,0.9863917525773196,-0.0034690752258022,0.0011403679036359,0.000291789952265
2010-08-16,610.5,619.5,575.0,576.5,5350.0,576.5,615.7,620.3,635.76,753.3066666666666,842.5325,False,False,False,False,False,False,False,False,False,True,False,0.1604509973980919,0.2428447528187337,,,-0.1027927146574154,-0.3066897947383636,0.2940156114483955,0.6478751084128361,-0.0109030408156041,0.4443011446074481,741.0,787.5,2.236622073578596,-0.006574808103687,-0.0031057328778847,-0.0009405097374096
2010-08-17,560.0,592.5,538.0,580.5,7372.0,580.5,604.5,615.85,632.54,745.3133333333334,840.815,False,False,False,False,False,False,False,False,False,False,False,0.1627906976744186,0.3006029285099053,,,-0.089646856158484,-0.2839161642262418,0.2842377260981912,0.6365202411714039,-0.0107247958353084,0.4696760574815296,766.0,775.5,1.377943925233645,-0.0050905871565435,0.0014842209471435,0.0001782449802956
2010-08-18,588.0,593.5,559.0,584.5,4141.0,584.5,594.6,613.8,629.94,737.7666666666667,839.0125,False,False,False,False,False,False,False,False,False,False,False,0.2104362703165098,0.2643284858853721,,,-0.0777416595380668,-0.2622184203022526,0.3310521813515825,0.613344739093242,-0.0102290697149054,0.4767839687194528,740.0,675.5,0.5617200217037439,-0.0041273772105278,0.0009632099460156,0.000495726120403
2010-08-19,585.5,654.0,575.5,646.0,9677.0,646.0,602.6,615.7,629.26,730.9533333333334,837.64,False,False,False,False,True,False,False,False,False,False,True,0.0936532507739938,0.1493808049535603,,,0.0259133126934984,-0.1315067079463364,0.1958204334365325,0.4357585139318885,-0.0093211604936018,0.472145525418223,725.5,730.5,2.336875150929727,-0.0010806343959572,0.0030467428145705,0.0009079092213035
2010-08-20,629.0,697.0,623.0,670.0,15533.0,670.0,611.5,619.0,631.26,725.1533333333333,836.4525,False,False,False,False,False,False,True,False,True,False,False,0.0664179104477612,0.1865671641791045,,,0.057820895522388,-0.0823184079601989,0.1641791044776119,0.3835820895522388,-0.0079983084037399,0.4702746365105008,726.5,822.0,1.6051462230029967,0.0031682666413205,0.0042489010372777,0.0013228520898618
2010-08-23,679.0,694.5,657.5,669.0,6151.0,669.0,630.0,622.85,633.56,719.86,835.6225,False,False,False,False,False,False,True,False,False,False,False,0.0710014947683109,0.2257100149476831,,,0.0529745889387145,-0.0760239162929746,0.1659192825112107,0.4566517189835575,-0.0073532816566183,0.4768403307377378,695.0,799.0,0.3959956222236528,0.0036302796893742,0.0004620130480537,0.0006450267471216
2010-08-24,670.0,691.5,656.0,675.0,5568.0,675.0,648.9,626.7,632.56,714.9333333333333,834.64,False,False,False,False,False,False,False,False,False,True,False,0.1185185185185185,0.1733333333333333,,,0.0628740740740741,-0.0591604938271604,0.1111111111111111,0.4318518518518519,-0.0068910854158896,0.4855592787617679,650.0,812.0,0.9052186636319298,-0.0015808777033008,-0.0052111573926751,0.0004621962407286
2010-08-25,669.5,708.5,666.5,707.5,11204.0,707.5,673.5,634.05,634.86,710.9266666666666,833.7775,False,False,False,False,False,False,True,False,True,False,False,0.0445229681978798,0.0954063604240282,,,0.1026713780918727,-0.0048433451118962,0.0424028268551236,0.3936395759717314,-0.0056358367951687,0.4834792208816341,621.0,809.0,2.012212643678161,0.0036228459817913,0.0052037236850922,0.0012552486207209
2010-08-26,720.0,724.0,694.0,706.5,6479.0,706.5,685.6,644.1,638.68,707.2333333333333,832.9,False,False,False,False,False,False,True,False,False,False,False,0.0509554140127388,0.1111111111111111,,,0.0959943382873319,-0.001037980655815,0.0049539985845718,0.4564755838641189,-0.0052222274591128,0.482766651141127,638.5,780.0,0.5782756158514816,0.0059810859898539,0.0023582400080626,0.0004136093360558
2010-08-27,700.5,721.0,691.5,714.5,7370.0,714.5,694.5,653.0,641.7,702.9333333333333,832.2475,False,False,False,False,False,False,True,False,False,True,False,0.112666200139958,0.1399580125962211,,,0.1018894331700489,0.0161884767902963,0.0055983205038488,0.4023792862141357,-0.0061172230652504,0.4786370597243491,631.5,791.0,1.137521222410866,0.0047062490260247,-0.0012748369638292,-0.0008949956061375
2010-08-30,719.5,730.5,706.5,716.5,4478.0,716.5,704.0,667.0,643.6,700.52,831.88,False,False,False,False,False,False,True,False,False,True,False,0.1444521981856245,0.096301465457083,,,0.1017445917655268,0.0223028611304954,0.0362875087229588,0.3956734124214934,-0.0034450598602942,0.4550974512743627,663.0,770.5,0.6075983717774762,0.0029521441889371,-0.0017541048370875,0.0026721632049562
2010-08-31,737.5,763.5,731.5,755.0,15216.0,755.0,720.0,684.45,647.64,699.1466666666666,831.745,False,False,False,False,False,False,True,False,False,False,False,0.0490066225165562,-0.0112582781456953,,,0.1421986754966887,0.0739779249448123,0.0324503311258278,0.319205298013245,-0.0019642993363338,0.4247205785667323,724.0,726.0,3.397945511389013,0.0062380334753875,0.0032858892864503,0.0014807605239603
2010-09-01,762.5,766.0,739.0,739.0,8173.0,739.0,726.3,699.9,650.84,697.2533333333333,831.21,False,False,False,False,False,False,True,False,False,True,False,0.0487144790257104,0.0358592692828146,,,0.119296346414073,0.0564907532701849,0.06765899864682,0.2922868741542625,-0.0027154166826021,0.3949849978568368,712.5,729.0,0.5371319663512093,0.0049167230041178,-0.0013213104712696,-0.0007511173462683
2010-09-02,749.5,751.5,726.0,742.5,5316.0,742.5,733.5,709.55,654.46,695.5866666666667,830.8325,False,False,False,False,False,False,True,False,False,False,False,0.0572390572390572,-0.0134680134680134,,,0.1185723905723905,0.0631829405162738,0.0545454545454545,0.3131313131313131,-0.0023960589622188,0.3827073497287014,680.0,740.0,0.6504343570292427,0.0055312776945879,0.00061455469047,0.0003193577203832
2010-09-03,743.5,799.5,732.5,795.0,12642.0,795.0,749.6,722.05,660.86,694.8,830.7575,False,False,False,False,False,False,True,False,False,False,False,0.0245283018867924,-0.0566037735849056,,,0.1687295597484276,0.1260377358490566,-0.030188679245283,0.2767295597484276,-0.0011322203032048,0.3709576899106711,681.0,774.5,2.378103837471784,0.0096843506945494,0.0041530729999615,0.001263838659014
2010-09-06,791.0,822.0,781.0,820.0,9259.0,820.0,770.3,737.15,668.98,695.2333333333333,830.9375,False,False,False,False,False,False,True,True,False,False,False,-0.0420731707317073,-0.0902439024390243,,,0.184170731707317,0.1521544715447154,-0.0609756097560975,0.2384146341463414,0.0006232919403558,0.3484365461574985,681.0,767.0,0.7323999367188736,0.0121378815510179,0.0024535308564684,0.0017555122435607
2010-09-07,815.0,825.0,791.5,792.0,6013.0,792.0,777.7,748.85,675.66,695.4533333333334,831.5225,False,False,False,False,False,False,True,True,False,True,False,-0.0574494949494949,-0.0587121212121212,,,0.1468939393939394,0.1219023569023568,-0.0707070707070707,0.2821969696969697,0.0003163404206369,0.3339119983975428,661.0,792.5,0.649422183821147,0.0098866293698013,-0.0022512521812166,-0.0003069515197189
2010-09-08,785.0,798.0,767.5,775.0,5505.0,775.0,784.9,755.6,682.46,696.78,832.2,False,False,False,False,False,False,True,True,False,False,False,-0.012258064516129,0.0038709677419354,,,0.1194064516129031,0.1009290322580645,-0.0419354838709677,0.2993548387096774,0.0019039964790415,0.3247750132345156,649.5,775.5,0.9155163811741228,0.009963953931366,7.732456156473583e-05,0.0015876560584046
2010-09-09,779.0,804.0,771.5,785.0,4359.0,785.0,793.4,763.45,688.78,697.5066666666667,833.14,False,False,False,False,False,False,True,True,False,True,False,-0.0668789808917197,-0.0159235668789808,,,0.1225732484076433,0.1114564755838641,-0.0458598726114649,0.3019108280254777,0.0010418060520329,0.3102364267470036,663.0,793.5,0.7918256130790191,0.0091756438920989,-0.000788310039267,-0.0008621904270086
2010-09-10,790.0,815.0,782.5,814.5,6537.0,814.5,797.3,773.45,695.88,697.4066666666666,834.155,False,False,False,False,False,False,True,False,False,False,False,-0.0791896869244935,-0.0423572744014733,,,0.1456353591160221,0.1437609985676284,-0.0902394106813996,0.2608962553713935,-0.0001433883626005,0.2965285409528733,620.0,787.5,1.4996558843771508,0.0102029085474507,0.0010272646553517,-0.0011851944146335
2010-09-13,814.5,825.0,785.5,785.5,7223.0,785.5,790.4,780.35,702.08,697.2266666666667,835.2225,False,True,False,False,False,False,True,False,False,True,False,-0.0502864417568427,-0.0070019096117122,,,0.1061998726925524,0.1123785274771907,-0.0369191597708465,0.2921705919796308,-0.0002581656849995,0.286986608573076,611.5,741.0,1.1049411044821784,0.008830902461258,-0.0013720060861927,-0.000114777322399
2010-09-14,782.5,791.0,746.5,746.5,6930.0,746.5,781.3,779.5,706.48,696.3533333333334,835.6925,False,False,False,False,False,False,True,False,False,True,False,-0.001339584728734,0.0046885465505693,,,0.0536101808439383,0.0671757088635855,0.0120562625586068,0.3268586738111185,-0.0012541525853733,0.2876844130853111,700.0,766.0,0.9594351377543956,0.0062280602423281,-0.0026028422189299,-0.0009959869003737
2010-09-15,749.5,780.0,735.0,765.5,7300.0,765.5,779.4,782.15,711.74,695.7733333333333,836.52,False,False,False,False,False,False,True,False,False,False,True,0.0163291966035271,-0.0365774003919007,,,0.0702286087524493,0.091086435880688,0.0097975179621162,0.3448726322664925,-0.0008336048138283,0.2928466406699483,650.0,740.0,1.053391053391053,0.0073903391687975,0.0011622789264694,0.000420547771545
2010-09-16,764.5,773.5,727.0,732.5,5883.0,732.5,768.9,781.15,716.8,695.14,837.08,False,False,False,False,False,False,True,False,False,True,False,0.0546075085324232,-0.030716723549488,,,0.0214334470989761,0.0510034129692833,0.0511945392491467,0.4177474402730375,-0.0009110874548052,0.3026307367343019,611.0,725.5,0.8058904109589041,0.0070591517857142,-0.0003311873830833,-7.748264097693909e-05
2010-09-17,732.0,752.5,726.5,750.0,4968.0,750.0,756.0,776.65,721.78,694.5933333333334,837.255,False,False,False,False,False,False,True,False,False,True,False,0.04,-0.042,,,0.0376266666666667,0.0738755555555555,0.022,0.4966666666666666,-0.0007870312604976,0.3240198287516899,639.0,726.5,0.844467108618052,0.0068996092992324,-0.0001595424864817,0.0001240561943075
2010-09-21,756.5,764.0,741.5,746.0,3336.0,746.0,748.1,769.25,728.56,694.2666666666667,837.535,False,False,False,False,False,False,True,False,False,False,False,0.0455764075067024,-0.0046916890080428,,,0.0233780160857909,0.0693476318141197,-0.0442359249329758,0.8398123324396782,-0.000470520453236,0.3831654208644784,669.0,695.0,0.6714975845410628,0.0093060283298561,0.0024064190306236,0.0003165108072615
2010-09-22,735.0,754.5,730.5,745.5,2703.0,745.5,747.9,764.6,735.16,694.5266666666666,837.5125,False,False,False,False,False,False,True,True,False,True,False,0.0060362173038229,0.0456069751844399,,,0.013869885982562,0.0683746926000447,-0.0596914822266934,0.7317236753856472,0.0003743556762879,0.4276092074287208,654.0,650.0,0.810251798561151,0.0089776375210838,-0.0003283908087722,0.000844876129524
2010-09-24,744.5,780.5,742.5,778.0,6158.0,778.0,750.4,764.9,742.9,695.18,837.73,False,False,False,False,False,False,True,True,False,False,False,-0.0520565552699228,0.0141388174807197,,,0.0451156812339331,0.1064524421593831,-0.0938303341902313,0.589974293059126,0.000939804559011,0.457118577591842,659.0,621.0,2.278209396966333,0.0104186296944407,0.0014409921733568,0.0005654488827231
2010-09-27,775.0,778.5,761.5,772.5,2636.0,772.5,758.4,763.65,747.96,695.6133333333333,838.075,False,False,False,False,False,False,True,True,False,True,False,-0.0809061488673139,0.0135922330097087,,,0.031766990291262,0.099529665587918,-0.116504854368932,0.6388349514563106,0.0006229514481226,0.4914555097230407,652.0,638.5,0.4280610587853199,0.0067650676506765,-0.0036535620437641,-0.0003168531108884
2010-09-28,780.0,796.5,773.0,780.0,4056.0,780.0,764.4,760.2,752.36,695.6866666666666,838.5225,False,False,False,False,False,False,True,True,False,True,False,-0.0788461538461538,-0.0115384615384615,,,0.0354358974358974,0.1080940170940171,-0.1128205128205128,0.5775641025641025,0.000105411440016,0.5249934227834779,635.0,631.5,1.5386949924127469,0.0058482641288744,-0.0009168035218021,-0.0005175400081066
2010-09-29,777.5,790.5,768.5,780.0,2434.0,780.0,771.2,759.65,756.8,695.86,838.77,False,False,False,False,False,False,True,True,False,False,False,-0.048076923076923,-0.0128205128205128,,,0.0297435897435898,0.1078717948717948,-0.0564102564102564,0.4487179487179487,0.0002490922503569,0.5412360955703285,617.0,663.0,0.6000986193293886,0.0058668076109935,1.854348211913475e-05,0.0001436808103409
2010-09-30,780.0,785.0,746.0,750.0,3188.0,750.0,772.1,760.0,759.8,695.2933333333333,838.6825,False,False,False,False,False,False,True,False,False,True,False,0.0393333333333333,-0.0186666666666666,,,-0.0130666666666666,0.0729422222222222,0.0406666666666666,0.6066666666666667,-0.0008150037394289,0.56875,625.0,724.0,1.3097781429745274,0.0039484074756514,-0.001918400135342,-0.0010640959897859
2010-10-01,748.5,759.0,732.0,737.5,3083.0,737.5,764.0,757.2,761.0,694.7866666666666,838.44,False,False,False,False,False,False,True,False,False,True,False,0.0698305084745762,0.0067796610169491,,,-0.031864406779661,0.057916384180791,0.0705084745762711,0.6820338983050848,-0.0007292406302174,0.6024167987321709,605.0,712.5,0.9670639899623588,0.0015768725361367,-0.0023715349395147,8.576310921157824e-05
2010-10-04,735.0,743.5,704.5,710.0,4219.0,710.0,751.5,754.95,761.14,693.6733333333333,838.1425,False,False,False,False,False,False,True,False,False,True,False,0.1028169014084507,0.0549295774647887,,,-0.0720281690140844,0.0229953051643193,0.0936619718309859,0.6830985915492958,-0.001604982172204,0.6279223789654943,627.0,680.0,1.3684722672721374,0.0001839346243792,-0.0013929379117575,-0.0008757415419866
2010-10-05,703.5,725.5,703.5,718.5,2345.0,718.5,739.2,751.8,761.3,692.7533333333333,837.76,False,False,False,False,False,False,True,False,False,False,False,0.0730688935281837,0.0313152400835073,,,-0.0595685455810716,0.0358339132451867,0.0723729993041057,0.6680584551148225,-0.001328034028466,0.644852354349561,637.0,681.0,0.5558189144347002,0.0002101668199132,2.623219553406168e-05,0.0002769481437379
2010-10-06,725.0,743.0,717.5,742.5,2311.0,742.5,731.7,751.45,762.34,692.7733333333333,837.6725,False,False,False,False,False,False,True,True,True,False,False,0.037037037037037,0.0188552188552188,,,-0.0267205387205387,0.0669719416386083,0.0659932659932659,0.7245791245791245,2.886947149618222e-05,0.6333754740834387,630.5,681.0,0.985501066098081,0.0013642206889315,0.0011540538690182,0.0013569034999622
2010-10-07,750.0,787.5,745.5,779.5,5057.0,779.5,737.6,754.85,763.32,692.9533333333334,838.12,False,False,False,True,True,False,True,True,False,True,True,-0.055805003207184,-0.0307889672867222,,,0.0207568954457985,0.1110284370322856,0.0282232200128287,0.5971776779987171,0.0002597577518448,0.6199244883089354,636.5,661.0,2.1882302033751624,0.0012838652203532,-8.035546857833179e-05,0.0002308882803486
2010-10-08,779.5,797.5,772.5,789.0,4827.0,789.0,747.9,755.95,765.32,693.6066666666667,838.4875,False,False,False,False,False,False,True,True,False,False,False,-0.05893536121673,-0.0202788339670468,,,0.0300126742712293,0.1209040980143641,-0.0038022813688212,0.6761723700887199,0.000941936352015,0.6288775712679407,634.0,649.5,0.9545184892228594,0.0026132859457481,0.0013294207253949,0.0006821786001701
2010-10-12,803.5,804.0,776.0,783.0,2440.0,783.0,762.5,757.0,766.94,694.3733333333333,838.765,False,False,False,False,False,False,True,True,False,True,False,-0.0434227330779054,-0.0166028097062579,,,0.0205108556832694,0.1131885908897403,0.0708812260536398,0.7203065134099617,0.0011041130611774,0.637318361955086,606.0,663.0,0.505489952351357,0.0021122904008136,-0.0005009955449345,0.0001621767091624
2010-10-13,790.0,790.0,767.5,771.0,2132.0,771.0,773.0,756.1,765.98,694.9666666666667,839.195,False,False,False,False,False,False,False,True,False,True,False,-0.0389105058365758,-0.0058365758754863,,,0.0065110246433203,0.0986165153480328,0.1121919584954604,0.6588845654993515,0.0008537579740035,0.645681788123264,625.5,620.0,0.8737704918032787,-0.0012532964307162,-0.0033655868315298,-0.0002503550871738
2010-10-14,769.5,782.0,765.5,770.0,1726.0,770.0,778.5,755.1,763.98,695.9666666666667,839.65,False,False,False,False,False,False,False,True,False,True,False,-0.0175324675324675,-0.074025974025974,,,0.0078181818181817,0.0961471861471861,0.1025974025974026,0.7188311688311688,0.0014368504238708,0.6734869553701497,576.5,611.5,0.8095684803001876,-0.0026178695777376,-0.0013645731470213,0.0005830924498672
2010-10-15,760.0,764.0,713.5,736.0,5062.0,736.0,769.8,753.7,761.74,697.1133333333333,839.6725,False,False,False,False,False,True,False,True,False,True,False,0.0264945652173913,-0.0475543478260869,,,-0.0349728260869565,0.0528351449275362,0.1657608695652173,0.7595108695652174,0.0016448784033203,0.6885365530051745,580.5,700.0,2.93279258400927,-0.002940635912516,-0.0003227663347784,0.0002080279794494
2010-10-18,734.5,747.0,726.5,742.5,1285.0,742.5,760.5,754.2,760.44,698.7333333333333,839.785,False,False,False,False,False,False,False,True,False,False,False,0.041077441077441,-0.0505050505050505,,,-0.0241616161616162,0.0589450056116722,0.2518518518518518,0.7292929292929293,0.0023184810609674,0.6931848316096525,584.5,650.0,0.2538522323192414,-0.0017095365840828,0.0012310993284332,0.0006736026576471
2010-10-19,733.5,766.0,733.5,749.0,1875.0,749.0,753.7,758.1,759.0,700.2066666666667,839.935,False,False,False,False,False,False,False,True,False,True,True,0.02803738317757,-0.0887850467289719,,,-0.0133511348464619,0.0651446372941699,0.2389853137516689,0.7082777036048065,0.0021041406822747,0.6956206305236776,646.0,611.0,1.4591439688715953,-0.001897233201581,-0.0001876966174982,-0.0002143403786926
2010-10-20,735.0,747.0,727.5,741.0,959.0,741.0,747.7,760.35,756.06,701.6666666666666,839.9525,False,False,False,False,False,False,False,True,False,True,False,0.034412955465587,-0.0661268556005398,,,-0.020323886639676,0.0530814215024741,0.2010796221322537,0.7341430499325237,0.0020807600950117,0.701979351614388,670.0,639.0,0.5114666666666666,-0.0038885802714071,-0.001991347069826,-2.338058726302503e-05
2010-10-21,736.5,767.5,731.0,756.5,1851.0,756.5,745.0,761.75,754.9,702.9133333333333,839.8575,False,False,False,False,True,False,False,True,False,False,False,-0.0575016523463317,-0.0270984798413747,,,0.0021150033046926,0.0708349856796651,0.1592861863846662,0.8717779246530073,0.00177357094758,0.7166393173613391,669.0,669.0,1.930135557872784,-0.0015366273678632,0.0023519529035438,-0.0003071891474316
2010-10-22,750.0,757.0,746.5,755.5,1028.0,755.5,748.9,759.35,755.26,703.3333333333334,839.59,False,False,False,False,False,False,True,True,False,False,False,-0.072137657180675,0.0330906684315023,,,0.0003176704169424,0.0690491947937347,0.1317008603573792,1.1641297154202517,0.0005971563981043,0.7734246394943044,675.0,654.0,0.55537547271745,0.0004766570452559,0.0020132844131192,-0.0011764145494757
2010-10-25,750.5,791.0,750.5,773.0,3523.0,773.0,755.0,757.75,755.56,704.14,839.415,False,False,False,False,False,False,True,True,False,True,False,-0.0879689521345407,0.0213454075032341,,,0.0225614489003881,0.0890815006468305,0.1513583441138421,0.9890038809831824,0.0011456055140548,0.8055427251732102,707.5,659.0,3.42704280155642,0.0003970564879029,-7.960055735300428e-05,0.0005484491159505
2010-10-26,775.0,787.0,766.0,770.0,1430.0,770.0,759.2,756.45,757.06,705.34,839.1425,False,False,False,False,False,False,True,True,True,False,False,-0.1136363636363636,0.0084415584415584,,,0.0168051948051948,0.0839740259740259,0.1487012987012987,1.1266233766233766,0.0017013071710097,0.8470487143895828,706.5,652.0,0.4059040590405904,0.0019813489023327,0.0015842924144297,0.0005557016569548
2010-10-27,788.0,788.5,766.0,766.5,1571.0,766.5,764.3,756.0,757.72,706.48,839.085,False,False,False,False,False,False,True,True,False,True,False,-0.0971950424005218,0.0052185257664709,,,0.0114546640574037,0.0783039791258969,0.1702544031311154,1.345075016307893,0.0016136337900577,0.916732804232804,714.5,635.0,1.0986013986013985,0.0008710341550969,-0.0011103147472357,-8.767338095205866e-05
2010-10-28,764.0,764.0,698.5,713.0,6460.0,713.0,755.6,750.3,756.4,706.9066666666666,838.8125,False,False,False,False,False,False,False,True,False,True,False,0.032258064516129,0.1100981767180925,,,-0.0608695652173912,0.0085460495558672,0.332398316970547,1.6507713884992987,0.0006035685993435,1.0067972810875652,716.5,617.0,4.112030553787396,-0.0017451084082496,-0.0026161425633466,-0.0010100651907141
2010-10-29,700.0,722.0,695.0,701.0,2571.0,701.0,744.7,746.8,754.62,707.44,838.34,False,False,False,False,False,False,False,True,False,True,False,0.1134094151212553,0.1433666191155492,,,-0.076490727532097,-0.0091868758915835,0.3552068473609129,1.6390870185449358,0.0007538919672812,1.090519550080343,755.0,625.0,0.3979876160990712,-0.0023588031061991,-0.0006136946979494,0.0001503233679376
2010-11-01,700.0,717.0,696.0,705.0,1140.0,705.0,731.1,743.05,751.7,708.18,837.9075,False,False,False,False,False,False,False,True,False,True,False,0.1198581560283688,0.1148936170212766,,,-0.0662411347517731,-0.0045106382978722,0.3375886524822695,1.3865248226950355,0.0010449320794146,1.1547002220577351,739.0,605.0,0.4434072345390898,-0.003884528402288,-0.0015257252960889,0.0002910401121334
2010-11-02,705.5,714.0,680.0,682.5,2712.0,682.5,713.6,736.4,748.1,708.44,837.4825,False,False,False,False,False,False,False,True,False,True,False,0.1377289377289377,0.2285714285714285,,,-0.0961172161172161,-0.038007326007326,0.358974358974359,1.2967032967032968,0.0003670035571115,1.2132672460619227,742.5,627.0,2.3789473684210525,-0.0048121908835717,-0.0009276624812836,-0.0006779285223031
2010-11-04,680.5,698.0,680.5,692.0,1628.0,692.0,698.7,731.5,744.58,709.4,837.03,False,False,False,False,False,False,False,True,False,False,False,0.1134393063583815,0.2391618497109826,,,-0.0759826589595376,-0.0251445086705201,0.3395953757225433,1.254335260115607,0.0013532562729065,1.2656869446343129,795.0,637.0,0.6002949852507374,-0.0047274973810738,8.469350249787604e-05,0.000986252715795
2010-11-05,702.5,751.5,702.5,736.0,6245.0,736.0,703.3,729.45,742.82,711.06,836.675,False,False,False,False,False,False,False,True,False,False,False,0.0754076086956521,0.1535326086956521,,,-0.0092663043478261,0.0338858695652174,0.3240489130434782,1.4286684782608696,0.0023345427952633,1.3229830694358762,820.0,630.5,3.835995085995086,-0.0023693492366925,0.0023581481443812,0.0009812865223567
2010-11-08,764.5,788.0,758.0,780.5,5017.0,780.5,719.2,731.95,744.04,712.1333333333333,836.3275,False,False,False,False,True,False,True,True,True,False,True,0.0269058295964125,0.0992953235105701,,,0.0467136450992953,0.087593423019432,0.2383087764253683,1.3062139654067906,0.0015072083879423,1.3375913655304323,792.0,636.5,0.8033626901521217,0.001639696790495,0.0040090460271876,-0.0008273344073209
2010-11-09,780.5,799.0,774.0,789.5,4215.0,789.5,736.1,733.6,746.12,713.9933333333333,835.8025,False,False,False,False,False,False,True,True,False,False,False,-0.0044331855604813,0.1773274224192527,,,0.0549461684610512,0.0956385898247836,0.2488917036098796,1.4002533248891704,0.0026050663404887,1.381065976008724,775.0,634.0,0.8401435120589994,0.0027877553208599,0.0011480585303649,0.0010978579525463
2010-11-10,787.5,793.5,774.5,776.5,2025.0,776.5,754.9,734.25,748.78,716.2,835.21,False,False,False,False,False,False,True,True,False,False,False,0.0798454603992273,0.1951062459755312,,,0.0356986477784932,0.0776561493882806,0.3251770766258854,1.31809401159047,0.0030810760495206,1.4010895471569629,785.0,606.0,0.4804270462633452,0.0035524453110392,0.0007646899901792,0.0004760097090319
2010-11-11,775.5,787.5,770.5,770.5,2146.0,770.5,770.6,734.65,750.86,717.9533333333334,834.3125,False,False,False,False,False,False,True,True,False,True,False,0.1129136924075275,0.1550940947436729,,,0.0254899415963659,0.068198139736102,0.3004542504866969,1.417261518494484,0.0024421271577539,1.408629959844824,814.5,625.5,1.059753086419753,0.0027701568867698,-0.0007822884242693,-0.0006389488917666
2010-11-12,740.0,792.5,740.0,791.5,4623.0,791.5,781.7,742.5,752.82,719.5866666666667,833.5675,False,False,False,False,False,False,True,True,False,True,True,0.0726468730259001,0.1080227416298168,,,0.0488692356285533,0.0908570225310591,0.2634238787113076,1.321541377132028,0.0022698215642313,1.376094276094276,785.5,576.5,2.1542404473438954,0.0026035440078638,-0.000166612878906,-0.0001723055935226
2010-11-15,792.0,805.5,781.0,801.5,3519.0,801.5,785.9,752.55,753.7,721.5533333333333,832.9575,False,False,False,False,False,False,True,True,False,True,False,0.0704928259513412,0.0667498440424204,,,0.0596381784154709,0.0997463090039509,0.2426699937616968,1.1990018714909545,0.0027256012491567,1.332735366420836,746.5,580.5,0.7611940298507462,0.0011675733050285,-0.0014359707028352,0.0004557796849254
2010-11-16,803.5,816.5,786.0,786.0,4537.0,786.0,785.2,760.65,753.58,723.2466666666667,832.2325,False,False,False,False,False,False,False,True,False,True,False,0.1825699745547074,0.1323155216284987,,,0.0412468193384223,0.0798388464800678,0.2150127226463104,1.2646310432569974,0.0023412943486317,1.3207125484782751,765.5,584.5,1.2892867291844274,-0.0001592398949016,-0.0013268131999301,-0.000384306900525
2010-11-17,792.5,838.5,789.5,838.5,9231.0,838.5,797.6,776.25,755.8,725.7333333333333,831.8375,False,False,False,False,False,False,True,True,True,False,False,0.1067382230172927,0.0548598688133571,,,0.0986285032796661,0.1344861856489763,0.1627906976744186,1.0632081097197377,0.0034264192540878,1.2950080515297906,732.5,646.0,2.034604364117258,0.0029372849960305,0.0030965248909322,0.0010851249054561
2010-11-18,838.5,860.0,825.5,857.5,8700.0,857.5,815.0,792.8,759.26,728.7,831.3825,False,False,False,False,False,False,True,True,False,False,False,0.0379008746355685,0.0460641399416909,,,0.1145655976676384,0.150204081632653,0.1836734693877551,0.9358600583090378,0.0040711769818398,1.2597124117053482,750.0,670.0,0.9424764380890478,0.004557068724811,0.0016197837287804,0.000644757727752
2010-11-19,865.0,870.0,835.5,849.0,4712.0,849.0,826.5,804.1,762.42,731.7933333333333,830.4875,False,False,False,False,False,False,True,True,False,True,False,0.0329799764428739,0.1189634864546525,,,0.1019787985865724,0.1380526109148017,0.196113074204947,0.6018845700824499,0.0042270586413284,1.1747916925755502,746.0,669.0,0.5416091954022989,0.0041446971485532,-0.0004123715762577,0.0001558816594886
2010-11-22,855.0,867.0,844.5,858.0,4736.0,858.0,837.8,811.85,767.3,734.9,829.79,False,False,False,False,False,False,True,True,False,False,False,-0.0034965034965034,0.1072261072261072,,,0.1057109557109557,0.1434731934731935,0.1835664335664335,0.4568764568764569,0.0042273325168957,1.0862844121451007,745.5,675.0,1.0050933786078098,0.006359963508406,0.0022152663598528,2.7387556725266826e-07
2010-11-24,844.0,931.0,840.0,929.5,10519.0,929.5,866.5,825.85,774.78,739.2266666666667,829.9325,False,False,False,False,False,False,True,True,False,False,False,-0.0424959655728886,0.0145239376008606,,,0.1664550833781603,0.2047050385511923,0.0833781603012372,0.5169445938676708,0.0058529634573067,0.9921898649875884,778.0,707.5,2.221072635135135,0.009654353493895,0.0032943899854889,0.001625630940411
2010-11-25,930.5,948.5,913.0,928.0,8719.0,928.0,884.4,841.0,781.94,743.24,829.9875,False,False,False,False,False,False,True,True,False,True,False,-0.046875,-0.0005387931034482,,,0.1573922413793103,0.1990948275862069,0.1012931034482758,0.4978448275862069,0.0053997811384388,0.9075505350772888,772.5,706.5,0.82888107234528,0.0091567127912628,-0.0004976407026322,-0.0004531823188679
2010-11-26,915.0,930.5,883.5,890.0,5746.0,890.0,890.9,852.95,787.9,746.6133333333333,829.9625,False,False,False,False,False,False,True,True,False,True,False,0.0078651685393258,0.0415730337078651,,,0.1147191011235955,0.1611086142322097,0.1539325842696629,0.7949438202247191,0.0045181798699907,0.8497567266545517,780.0,714.5,0.6590205298772795,0.0075644117273764,-0.0015923010638863,-0.0008816012684481
2010-11-29,913.0,913.5,872.0,877.0,3370.0,877.0,896.5,861.5,792.72,749.9,829.9225,False,False,False,False,False,False,True,True,False,True,False,0.0832383124287343,0.1111744583808437,,,0.0961003420752565,0.1449258836944128,0.1573546180159635,0.8985176738882554,0.004382806596435,0.8113755078351712,780.0,716.5,0.5864949530107901,0.0060803310122111,-0.0014840807151652,-0.0001353732735556
2010-11-30,870.5,892.5,852.0,855.0,3723.0,855.0,895.9,866.85,796.7,752.8133333333334,829.8975,False,False,False,False,False,False,True,True,False,True,False,0.1111111111111111,0.1304093567251462,,,0.0681871345029239,0.1195165692007796,0.1584795321637427,0.95906432748538,0.0038699279148439,0.7901020937878526,750.0,755.0,1.1047477744807122,0.0049956068783733,-0.0010847241338378,-0.000512878681591
2010-12-01,860.0,897.5,855.0,890.0,3495.0,890.0,888.0,877.25,801.38,756.2266666666667,830.33,False,False,False,False,False,False,True,True,False,False,False,0.0595505617977528,0.1078651685393258,,,0.0995730337078651,0.1503071161048688,0.1567415730337078,0.8426966292134831,0.0045136378863479,0.7529210601310915,737.5,739.0,0.9387590652699436,0.0058399261274301,0.0008443192490568,0.0006437099715039
2010-12-02,900.5,905.0,875.5,884.5,3656.0,884.5,879.3,881.85,805.96,759.94,830.815,False,False,False,False,False,False,True,True,False,True,False,0.0486150367439231,0.1633691351045788,,,0.0887959299039004,0.1408253250423967,0.1741096664782362,0.9785189372526852,0.0048863506768078,0.7460452457901003,710.0,742.5,1.046065808297568,0.0056826641520671,-0.0001572619753629,0.0003727127904598
2010-12-03,890.5,897.0,877.5,897.0,2651.0,897.0,880.7,885.8,811.18,763.56,831.32,False,False,False,False,False,False,True,True,False,False,False,0.0334448160535117,0.1170568561872909,,,0.0956744704570792,0.1487625418060201,0.2513935340022296,0.8812709030100334,0.0047409502855045,0.7413637389930008,718.5,795.0,0.725109409190372,0.0064350698981729,0.0007524057461057,-0.0001454003913032
2010-12-06,900.0,950.0,900.0,950.0,7724.0,950.0,895.3,895.9,820.66,768.54,831.875,False,False,False,False,False,False,True,True,False,False,False,0.0257894736842105,0.0526315789473684,,,0.1361473684210526,0.1910105263157895,0.4447368421052631,0.8078947368421052,0.0064798188773518,0.7616363433418909,742.5,820.0,2.913617502829121,0.0115516779177735,0.0051166080196005,0.0017388685918472
2010-12-07,949.0,969.0,940.0,950.0,7788.0,950.0,914.3,905.1,830.62,773.4666666666667,832.625,False,False,False,False,False,False,True,True,False,False,False,0.0173684210526315,0.0484210526315789,,,0.1256631578947368,0.1858245614035087,0.3589473684210526,0.9,0.0063695914497501,0.8050491658380289,779.5,792.0,1.00828586224754,0.0119910428354723,0.0004393649176988,-0.0001102274276017
2010-12-08,945.0,967.0,931.0,943.0,3845.0,943.0,924.9,906.45,840.14,778.2466666666667,833.365,False,False,False,False,False,False,True,True,False,True,False,0.0455991516436903,0.0127253446447507,,,0.1090774125132555,0.1747119123365146,0.3117709437963945,0.951219512195122,0.0061420115301917,0.8497986651221798,789.0,775.0,0.4937082691319979,0.0113314447592067,-0.0006595980762655,-0.0002275799195583
2010-12-09,949.0,952.5,913.5,927.5,2760.0,927.5,933.5,906.4,849.94,782.0,833.985,False,False,False,False,False,False,True,True,False,False,False,0.1094339622641509,0.0512129380053908,,,0.0836226415094339,0.1568733153638814,0.3649595687331536,0.967654986522911,0.0047996589940323,0.8978927625772286,783.0,785.0,0.717815344603381,0.011530225662988,0.0001987809037812,-0.0013423525361593
2010-12-10,921.5,945.0,918.0,927.0,1810.0,927.0,939.5,910.1,859.34,785.4266666666666,834.27,False,False,False,False,False,False,True,True,False,True,True,0.0809061488673139,0.0949298813376483,,,0.0729881337648327,0.1527220424307803,0.3274002157497303,0.97680690399137,0.0043628091737823,0.915998241951434,771.0,814.5,0.6557971014492754,0.0109386273186398,-0.0005915983443481,-0.00043684982025
2010-12-13,937.0,976.5,931.5,974.5,5426.0,974.5,944.4,919.85,868.88,789.5,834.5175,False,False,False,False,False,False,True,True,False,False,False,0.026167265264238,0.0420728578758337,,,0.1083837865572088,0.189840944073884,0.159569009748589,0.9753719856336582,0.005159383576103,0.923954992661847,770.0,785.5,2.9977900552486187,0.0109796519657489,4.102464710910824e-05,0.0007965744023207
2010-12-14,975.5,978.0,958.0,966.5,2450.0,966.5,947.7,931.0,876.32,793.3866666666667,834.4275,False,False,False,False,False,False,True,True,False,True,False,0.0305225038799793,0.0506983962752198,,,0.0933057423693739,0.1791136402828073,0.2467666839110191,0.9451629591308848,0.004898830330734,0.9229323308270676,736.0,746.5,0.451529671949871,0.0084900492970604,-0.0024896026686884,-0.000260553245369
2010-12-15,1000.0,1025.0,975.0,986.0,7659.0,986.0,956.3,940.6,884.18,797.1,834.525,False,False,False,False,False,False,True,True,False,False,False,-0.0314401622718052,0.0212981744421906,,,0.1032657200811359,0.1915821501014198,0.2581135902636917,0.8686612576064908,0.0046585539246435,0.9248352115670848,742.5,765.5,3.126122448979592,0.0088895926168878,0.0003995433198273,-0.0002402764060905
2010-12-16,995.0,1031.5,968.5,1029.0,7799.0,1029.0,976.6,955.05,894.28,801.4,834.635,False,False,False,False,False,False,True,True,False,False,False,-0.0524781341107871,-0.0068027210884353,,,0.1309232264334305,0.2211856171039844,0.1613216715257531,0.7808551992225462,0.0053656101821811,0.9043505575624312,749.0,732.5,1.018279148713931,0.0112940018786062,0.0024044092617184,0.0007070562575375
2010-12-17,1022.0,1026.0,998.0,1002.0,4365.0,1002.0,991.6,965.55,903.54,805.2333333333333,835.0225,False,False,False,False,False,False,True,True,False,True,False,0.0129740518962075,0.0249500998003992,,,0.0982634730538922,0.1963739188290086,0.1961077844311377,0.8912175648702595,0.004760524899615,0.905131790171405,741.0,750.0,0.5596871393768432,0.0102485778161453,-0.0010454240624609,-0.000605085282566
2010-12-20,998.0,1029.5,991.5,1000.0,4622.0,1000.0,996.7,970.55,911.88,809.0133333333333,835.275,False,False,False,False,False,False,True,True,False,True,False,0.0155,0.015,,,0.08812,0.1909866666666666,0.2805,0.8125,0.004672358098754,0.905105352635104,756.5,746.0,1.058877434135166,0.0091459402552967,-0.0011026375608485,-8.816680086106126e-05
2010-12-21,1000.0,1012.5,990.0,996.0,2258.0,996.0,1002.6,975.15,919.66,812.2266666666667,835.6175,False,False,False,False,False,False,True,True,False,True,False,0.019578313253012,-0.0055220883534136,,,0.0766465863453815,0.1845113788487282,0.25,0.8122489959839357,0.0039562027020372,0.8961185458647388,755.5,745.5,0.4885331025530073,0.0084596481308309,-0.0006862921244658,-0.0007161553967167
2010-12-22,995.0,1004.5,939.0,955.0,5588.0,955.0,996.4,976.35,926.42,815.1066666666667,835.645,False,False,False,False,False,False,True,True,False,True,False,0.0544502617801047,0.0780104712041884,,,0.0299267015706806,0.1464851657940663,0.3848167539267015,0.9293193717277488,0.0035332798979274,0.8940441440057356,773.0,778.0,2.474756421612046,0.0072969063707605,-0.0011627417600703,-0.0004229228041097
2010-12-24,944.5,976.0,940.0,975.0,3992.0,975.0,985.6,981.1,931.88,818.2066666666667,835.5325,False,False,False,False,False,False,True,True,False,True,False,0.0482051282051282,0.0651282051282051,,,0.044225641025641,0.1608136752136751,0.3815384615384615,0.8666666666666667,0.0037887738224246,0.8843644888390582,770.0,772.5,0.7143879742304939,0.0058591234922951,-0.0014377828784653,0.0002554939244972
2010-12-27,972.5,1046.0,954.5,1015.0,12014.0,1015.0,988.2,989.9,938.18,821.14,835.745,False,False,False,False,False,False,True,True,False,False,False,0.0118226600985221,0.105911330049261,,,0.0756847290640394,0.1909950738916256,0.2600985221674877,0.7684729064039408,0.0035722694465417,0.8638246287503789,766.5,780.0,3.0095190380761525,0.0067151292928861,0.0008560058005909,-0.0002165043758829
2010-12-28,1020.0,1028.0,995.0,1015.5,4618.0,1015.5,991.3,994.0,944.84,823.7466666666667,835.7,False,False,False,False,False,False,True,True,False,False,False,-0.000492368291482,0.3515509601181684,,,0.0695814869522402,0.1888265222386345,0.3032988675529296,0.757754800590842,0.0031644032955115,0.8420523138832998,713.0,780.0,0.3843848843016481,0.0070488124973541,0.0003336832044679,-0.0004078661510301
2010-12-29,1005.0,1033.5,1005.0,1015.5,3924.0,1015.5,995.2,998.9,951.14,826.7266666666667,835.4075,False,False,False,False,False,False,True,True,False,True,False,-0.0246184145741014,0.2712949286065977,,,0.0633776464795667,0.1858920072214016,0.2752338749384539,0.7922205809945839,0.0036045770871469,0.82700971068175,701.0,750.0,0.8497184928540493,0.0066236305906595,-0.0004251819066945,0.0004401737916353
2010-12-30,1008.5,1015.5,991.0,1007.0,3125.0,1007.0,1005.6,1001.0,954.24,829.82,835.185,False,False,False,False,False,False,True,True,False,True,False,0.0223435948361469,0.2284011916583912,,,0.0523932472691161,0.1759483614697119,0.2750744786494538,0.8222442899702085,0.0037277160508705,0.8224275724275725,705.0,737.5,0.79638124362895,0.0032486586183769,-0.0033749719722826,0.0001231389637235
2011-01-04,1023.5,1032.5,1016.5,1022.0,2829.0,1022.0,1015.0,1000.3,958.0,832.98,835.2075,False,False,False,False,False,False,True,True,False,False,False,0.0161448140900195,0.2387475538160469,,,0.0626223091976516,0.1849510763209393,0.2519569471624266,0.8811154598825832,0.0037936084899997,0.8327001899430172,682.5,710.0,0.90528,0.0039248434237995,0.0006761848054226,6.589243912921748e-05
2011-01-05,1025.5,1035.5,1013.0,1027.0,2751.0,1027.0,1017.4,1002.8,963.48,835.8133333333334,835.1925,False,False,False,False,False,False,True,True,False,False,True,0.0929892891918208,0.1981499513145082,,,0.0618500486854917,0.1861603375527425,0.2512171372930866,0.8987341772151899,0.0033899116230099,0.8336158755484644,692.0,718.5,0.9724284199363732,0.0056877153651347,0.0017628719413351,-0.0004036968669897
2011-01-06,1027.0,1031.5,1010.5,1015.0,2849.0,1015.0,1017.3,1004.3,969.0,838.8733333333333,834.9425,False,False,False,False,False,False,True,True,False,False,False,0.3522167487684729,0.1133004926108374,,,0.0453201970443349,0.1735238095238095,0.3950738916256157,0.9458128078817734,0.0036477497595981,0.8470576520959874,736.0,742.5,1.0356234096692112,0.0056965944272445,8.879062109824927e-06,0.0002578381365881
2011-01-07,1010.0,1014.0,985.0,990.5,3403.0,990.5,1012.3,1003.75,974.42,842.1266666666667,834.395,False,False,False,False,False,False,True,True,False,True,False,0.3033821302372539,0.2165572942958102,,,0.0162342251388188,0.149796399125021,0.6506814740030288,1.1453811206461384,0.0038632351427734,0.8799501867995019,780.5,779.5,1.1944541944541944,0.0055622832043676,-0.0001343112228768,0.0002154853831753
2011-01-11,999.5,1034.0,992.0,1029.5,4126.0,1029.5,1016.8,1011.2,980.0,845.6466666666666,834.2875,False,False,False,False,False,False,True,True,False,False,True,0.2015541525012142,0.2049538610976202,,,0.0480815930063137,0.1785850736603529,0.4934434191355026,1.1369596891694995,0.0041624949742603,0.9014537183544304,789.5,789.0,1.2124595944754628,0.0056938775510204,0.0001315943466527,0.0002992598314868
2011-01-12,1037.5,1060.0,1020.5,1038.5,6105.0,1038.5,1020.1,1017.55,986.16,849.7266666666667,834.275,False,False,False,False,False,False,True,True,False,False,False,0.2190659605199807,0.1506981222917669,,,0.0503996148290804,0.1817749959878029,0.5767934520943668,1.0606644198363024,0.0048015440259221,0.921035821335561,776.5,783.0,1.479641299079011,0.0062464508801816,0.0005525733291612,0.0006390490516618
2011-01-13,1047.5,1140.0,1028.5,1122.5,11299.0,1122.5,1039.2,1028.3,995.18,854.6933333333334,834.6725,False,False,False,False,False,False,True,True,False,False,False,0.0962138084632516,0.0677060133630289,,,0.1134253897550111,0.238580549368968,0.6013363028953229,0.8374164810690423,0.00581105113725,0.9269668384712634,770.5,771.0,1.850778050778051,0.0090636869712011,0.0028172360910194,0.0010095071113279
2011-01-14,1122.5,1372.5,1122.0,1372.5,25568.0,1372.5,1110.7,1064.0,1012.08,863.0466666666666,836.36,False,False,False,False,False,False,True,True,False,False,False,-0.1766848816029144,-0.0670309653916211,,,0.2626010928961748,0.3711863995142684,0.3770491803278688,0.4972677595628415,0.0096788895154374,0.887687969924812,791.5,770.0,2.262855119922117,0.0166982847205755,0.0076345977493743,0.0038678383781874
2011-01-17,1338.5,1370.5,1267.0,1291.0,17758.0,1291.0,1170.8,1091.55,1025.72,870.32,837.5975,False,False,False,False,False,False,True,True,False,True,False,-0.0666150271107668,-0.0356312935708752,,,0.2054841208365607,0.3258559256390395,0.4329976762199845,0.611154144074361,0.0083570793884242,0.8638633136365719,801.5,736.0,0.6945400500625782,0.0132979760558436,-0.0034003086647318,-0.0013218101270131
2011-01-18,1310.0,1332.5,1223.5,1237.0,5529.0,1237.0,1212.3,1114.55,1037.48,876.44,838.7,False,False,False,False,False,False,True,True,False,True,False,0.0028294260307194,0.0691188358932902,,,0.1612934518997574,0.2914793856103476,0.3601455133387227,0.6350040420371867,0.0069827940303956,0.8422233188282268,786.0,742.5,0.3113526298006532,0.0113351582681111,-0.0019628177877325,-0.0013742853580285
2011-01-19,1244.5,1291.0,1201.5,1266.0,6312.0,1266.0,1257.8,1138.95,1051.02,883.02,839.9225,False,False,False,False,False,False,True,True,False,False,False,-0.0560821484992101,0.0639810426540284,,,0.1698104265402844,0.3025118483412322,0.2381516587677725,0.5580568720379147,0.0074516998482479,0.8071469335791738,838.5,749.0,1.1416169289202387,0.0128827234496013,0.0015475651814901,0.0004689058178522
2011-01-20,1250.0,1290.0,1220.5,1230.5,2766.0,1230.5,1279.4,1159.3,1063.16,889.0266666666666,841.03,False,False,False,False,False,False,True,True,False,True,False,-0.0260056887444128,0.0394148720032507,,,0.1359934985778138,0.2775077881619938,0.2677773262901259,0.5867533522958147,0.0067564527498237,0.7756404726990426,857.5,741.0,0.438212927756654,0.0114187892697243,-0.0014639341798769,-0.0006952470984242
2011-01-21,1215.5,1220.0,1111.0,1130.0,5668.0,1130.0,1230.9,1170.8,1069.38,893.6933333333334,841.3475,False,False,False,False,False,False,True,True,False,True,False,0.1331858407079646,0.1712389380530973,,,0.0536460176991149,0.2091209439528023,0.581858407079646,0.5796460176991151,0.0052217762991034,0.7419713016740691,849.0,756.5,2.049168474331164,0.0058164543941349,-0.0056023348755893,-0.0015346764507203
2011-01-24,1160.0,1276.5,1152.0,1205.0,6926.0,1205.0,1213.7,1192.25,1078.92,899.76,842.1175,False,False,False,False,False,False,True,True,False,False,False,0.0331950207468879,0.0746887966804979,,,0.1046307053941908,0.2533112033195021,0.4937759336099585,0.4522821576763485,0.0067425387510742,0.6791780247431327,858.0,755.5,1.2219477769936486,0.0088421755088421,0.0030257211147071,0.0015207624519708
2011-01-25,1187.0,1269.5,1187.0,1240.5,4219.0,1240.5,1214.4,1213.35,1089.1,906.4666666666668,843.1075,False,False,False,False,False,False,True,True,False,False,False,0.0661023780733575,0.0350665054413542,,,0.1220475614671504,0.2692731425500469,0.5276098347440548,0.5437323659814591,0.0073986908876959,0.626488647133968,929.5,773.0,0.6091539127923765,0.0093471673859148,0.0005049918770726,0.0006561521366216
2011-01-26,1230.0,1267.0,1188.0,1195.0,3478.0,1195.0,1200.2,1229.0,1095.74,912.9333333333332,843.92,False,False,False,False,False,False,True,True,False,True,False,0.1271966527196652,0.0707112970711297,,,0.0830627615062761,0.2360390516039053,0.5062761506276151,0.6171548117154811,0.0070833941872349,0.588893409275834,928.0,770.0,0.8243659634984594,0.0060598317119025,-0.0032873356740122,-0.000315296700461
2011-01-27,1195.5,1215.0,1175.5,1198.5,2346.0,1198.5,1193.8,1236.6,1103.6,919.3333333333334,844.815,False,False,False,False,False,False,True,True,False,False,False,0.0671672924488944,0.0721735502711723,,,0.0791823112223613,0.2329300514532053,0.5540258656654151,0.7647058823529411,0.0069615663524295,0.5833737667798804,890.0,766.5,0.6745255894192065,0.0071221457049654,0.0010623139930629,-0.0001218278348054
2011-01-28,1208.5,1294.5,1208.0,1280.5,9100.0,1280.5,1223.9,1227.4,1114.82,926.5066666666668,845.9425,False,False,False,False,False,False,True,True,False,False,False,0.0335806325654041,0.1058180398281921,,,0.1293869582194455,0.2764493036574254,0.4349863334634908,0.6790316282702069,0.0077423440018421,0.6029819129868013,877.0,713.0,3.8789428815004254,0.0100644050160564,0.0029422593110909,0.0007807776494126
2011-01-31,1259.5,1276.0,1240.0,1245.0,2413.0,1245.0,1231.9,1222.8,1124.78,932.7133333333334,846.5375,False,False,False,False,False,False,True,True,False,True,False,0.0401606425702811,0.3132530120481928,,,0.0965622489959839,0.2508326639892905,0.4156626506024096,0.642570281124498,0.0066544204364326,0.6061498200850508,855.0,701.0,0.2651648351648352,0.008855064990487,-0.0012093400255693,-0.0010879235654094
2011-02-01,1270.0,1323.5,1260.0,1322.5,6175.0,1322.5,1248.3,1231.35,1139.48,939.8266666666668,847.6,False,False,False,False,False,False,True,True,False,False,True,-0.0291115311909262,0.162570888468809,,,0.1383894139886578,0.2893560176433521,0.3459357277882797,0.5141776937618148,0.0075687715465264,0.5933731270556707,890.0,705.0,2.559055118110236,0.012900621336048,0.004045556345561,0.0009143511100937
2011-02-02,1347.5,1375.0,1322.5,1347.0,8114.0,1347.0,1278.7,1239.45,1154.36,947.3466666666668,848.5725,False,False,False,False,False,False,True,True,False,True,False,-0.0501113585746102,0.2156644394951744,,,0.1430141054194507,0.2966988369215539,0.2843355605048255,0.5367483296213809,0.0079379600568605,0.5908265763040057,884.5,682.5,1.314008097165992,0.0128902595377524,-1.0361798295641794e-05,0.0003691885103341
2011-02-03,1341.5,1365.0,1265.0,1279.0,3831.0,1279.0,1294.8,1244.3,1164.92,954.12,849.255,False,False,False,False,False,False,True,True,False,True,False,0.0046911649726348,0.4053948397185301,,,0.0891946833463643,0.2540109460516028,0.2978889757623143,0.6008600469116497,0.007099037158149,0.5922607088322752,897.0,692.0,0.4721469065812176,0.0090650001716857,-0.0038252593660666,-0.0008389228987114
2011-02-04,1302.5,1326.0,1290.0,1323.5,2153.0,1323.5,1303.4,1263.65,1177.24,961.5,850.2475,False,False,False,False,False,False,True,True,False,False,False,0.0698904420098224,0.4280317340385342,,,0.1105100113335851,0.2735171892708727,0.0275783906309029,0.5357007933509633,0.0076755070202808,0.5874648834724804,950.0,736.0,0.5619942573740537,0.0104651557881145,0.0014001556164287,0.0005764698621317
2011-02-07,1337.5,1337.5,1286.0,1295.0,2168.0,1295.0,1313.4,1272.65,1188.42,968.9533333333334,851.0975,False,False,False,False,False,False,True,True,False,True,False,0.2625482625482625,0.4285714285714285,,,0.0823011583011582,0.2517734877734877,-0.0347490347490347,0.528957528957529,0.0076921489167005,0.5943110831729068,950.0,780.5,1.0069670227589411,0.0094074485451271,-0.0010577072429873,1.6641896419731378e-05
2011-02-08,1295.0,1299.5,1262.5,1284.0,1479.0,1284.0,1305.7,1277.0,1199.5,976.1733333333332,851.6625,False,False,False,False,False,False,True,True,False,True,False,0.197429906542056,0.3103582554517134,,,0.065809968847352,0.2397403946002078,0.0981308411214953,0.5050623052959502,0.0073962274459451,0.5902505873140172,943.0,789.5,0.6821955719557196,0.0092371821592329,-0.0001702663858942,-0.0002959214707553
2011-02-09,1299.5,1322.5,1275.5,1279.5,2439.0,1279.5,1292.2,1285.45,1209.8,983.2466666666668,852.0575,False,False,False,False,False,False,True,True,False,True,False,0.2797967956232903,0.2250879249706917,,,0.0544744040640875,0.2315383613390646,0.0863618601016021,0.4849550605705354,0.007193854373606,0.5772686607802714,927.5,776.5,1.649087221095335,0.0085138039345345,-0.0007233782246983,-0.0002023730723391
2011-02-10,1230.0,1490.0,1225.0,1285.0,16844.0,1285.0,1293.4,1294.1,1220.12,990.5,852.5125,False,False,False,False,False,False,True,True,False,True,False,0.3988326848249027,0.2140077821011673,,,0.0504902723735409,0.2291828793774319,0.2431906614785992,0.4669260700389105,0.0073229008918053,0.5489529402673674,927.0,770.5,6.906109061090611,0.0084581844408746,-5.561949365997902e-05,0.0001290465181992
2011-02-14,1300.0,1427.5,1300.0,1416.0,12196.0,1416.0,1311.9,1307.65,1236.16,999.2933333333332,853.5325,False,False,False,False,False,False,True,True,False,False,False,0.3347457627118644,0.2623587570621469,,,0.127005649717514,0.2942843691148777,0.1758474576271186,0.3435734463276836,0.0087995516831893,0.5139754521469811,974.5,791.5,0.7240560436950843,0.012975666580378,0.0045174821395034,0.0014766507913839
2011-02-15,1446.0,1667.5,1445.5,1635.0,21479.0,1635.0,1379.9,1346.65,1261.94,1011.02,855.9825,False,False,False,False,False,False,True,True,False,False,False,0.1314984709480122,0.1009174311926605,,,0.2281712538226299,0.3816391437308868,0.0244648318042813,0.2140672782874617,0.0115988473686641,0.4656740801247539,966.5,801.5,1.761151197113808,0.0204288634958872,0.0074531969155091,0.0027992956854748
2011-02-16,1550.0,1570.0,1512.5,1537.5,7808.0,1537.5,1430.6,1368.15,1282.26,1021.2133333333334,857.74,False,False,False,False,False,False,True,True,False,True,False,0.0943089430894309,0.232520325203252,,,0.166009756097561,0.3357962059620596,0.0666666666666666,0.3300813008130081,0.009981590526302,0.4457479077586521,986.0,786.0,0.3635178546487266,0.0158470201051268,-0.0045818433907604,-0.001617256842362
2011-02-17,1605.0,1682.5,1565.0,1637.5,10331.0,1637.5,1502.2,1397.2,1306.22,1032.78,859.94,False,False,False,False,False,False,True,True,False,False,False,-0.0427480916030534,0.099236641221374,,,0.2023083969465648,0.3692946564885496,0.0687022900763358,0.1938931297709923,0.0111995455631079,0.4074577726882336,1029.0,838.5,1.3231301229508197,0.0183430050068135,0.0024959849016867,0.0012179550368058
2011-02-18,1735.0,1825.0,1700.0,1797.5,11432.0,1797.5,1604.7,1449.05,1333.22,1046.5266666666666,862.955,False,False,False,False,False,False,True,True,False,False,False,-0.1321279554937413,0.0361613351877607,,,0.2582920723226704,0.4177876680574872,-0.0611961057023643,0.0472878998609179,0.0131355149414889,0.3457092577895863,1002.0,857.5,1.1065724518439648,0.0202517213963186,0.0019087163895051,0.001935969378381
2011-02-21,1867.5,1990.0,1860.0,1890.0,10619.0,1890.0,1699.5,1505.7,1353.92,1062.22,866.4425,False,False,False,False,False,False,True,True,False,True,False,-0.0542328042328042,-0.0277777777777777,,,0.2836402116402116,0.4379788359788359,-0.0912698412698412,-0.0185185185185185,0.0147740894855429,0.2832901640433021,1000.0,849.0,0.9288838348495452,0.0152889387851572,-0.0049627826111614,0.0016385745440539
2011-02-22,1925.0,1940.0,1767.5,1850.0,6903.0,1850.0,1742.5,1561.2,1376.28,1077.54,869.7925,False,False,False,False,False,False,True,True,False,False,False,-0.027027027027027,-0.0472972972972973,,,0.2560648648648649,0.4175459459459459,-0.0243243243243243,-0.0229729729729729,0.0142175696493865,0.2266205482961824,996.0,858.0,0.6500612110368208,0.0162466939866886,0.0009577552015314,-0.0005565198361563
2011-02-23,1745.0,1825.0,1682.5,1682.5,7043.0,1682.5,1771.5,1601.05,1394.1,1090.5733333333333,872.4525,False,False,False,False,False,False,True,True,False,True,False,0.1263001485884101,0.0579494799405646,,,0.1714115898959881,0.3518137691926696,0.0936106983655274,0.0742942050520059,0.0119509004438032,0.1882826894850255,955.0,929.5,1.0202810372301898,0.0127824402840541,-0.0034642537026344,-0.0022666692055832
2011-02-24,1650.0,1692.5,1567.5,1567.5,5636.0,1567.5,1757.5,1629.85,1406.16,1102.3733333333332,874.505,False,False,False,False,False,False,True,True,False,True,False,0.1483253588516746,0.1036682615629984,,,0.1029282296650717,0.2967315257841574,0.164274322169059,0.164274322169059,0.0107041776530636,0.1626836825474737,975.0,928.0,0.8002271759193526,0.0085765488991296,-0.0042058913849245,-0.0012467227907395
2011-02-25,1642.5,1652.5,1555.0,1560.0,4663.0,1560.0,1710.0,1657.35,1419.34,1113.9466666666667,876.78,False,False,False,False,False,False,True,True,False,False,False,0.1939102564102564,0.0641025641025641,,,0.0901666666666667,0.2859316239316239,0.1746794871794871,0.1330128205128205,0.0103894860316473,0.1363019277762694,1015.0,890.0,0.8273598296664301,0.0092860061718825,0.0007094572727529,-0.0003146916214162
2011-02-28,1617.5,1787.5,1582.5,1787.5,8976.0,1787.5,1689.5,1694.5,1445.64,1127.9666666666667,880.3875,False,False,False,False,False,False,True,True,False,False,False,0.0279720279720279,-0.2391608391608391,,,0.1912503496503496,0.3689696969696969,0.0769230769230769,-0.1104895104895104,0.0124294453145778,0.09294777220419,1015.5,877.0,1.924941025091143,0.0181926344041394,0.0089066282322568,0.0020399592829304
2011-03-01,1790.0,1825.0,1712.5,1800.0,8676.0,1800.0,1679.5,1711.0,1469.44,1141.56,884.165,False,False,False,False,False,False,True,True,False,True,False,-0.0208333333333333,-0.3055555555555556,,,0.1836444444444444,0.3658,0.0444444444444444,-0.075,0.0119076818856067,0.0637054354178842,1015.5,855.0,0.9665775401069518,0.0161966463414633,-0.001995988062676,-0.000521763428971
2011-03-02,1752.5,1897.5,1737.5,1895.0,8769.0,1895.0,1722.0,1746.75,1495.62,1156.3,888.6,False,False,False,False,False,False,True,True,False,False,False,-0.0606860158311345,-0.2559366754617414,,,0.210754617414248,0.3898153034300792,-0.0277044854881266,-0.1147757255936675,0.0127475568624059,0.0208959496207242,1007.0,890.0,1.010719225449516,0.0175044463165776,0.0013077999751142,0.0008398749767992
2011-03-03,1892.5,1987.5,1800.0,1800.0,12237.0,1800.0,1768.5,1763.0,1519.82,1169.9466666666667,892.6825,False,False,False,False,False,False,True,True,False,True,False,-0.0388888888888888,-0.2277777777777777,,,0.1556555555555556,0.3500296296296296,0.0180555555555555,-0.1166666666666666,0.0116643493720512,-0.009217243335224,1022.0,884.5,1.3954840916866234,0.0159229382426866,-0.0015815080738909,-0.0010832074903547
2011-03-04,1900.0,1937.5,1815.0,1862.5,6950.0,1862.5,1829.0,1769.5,1546.38,1184.506666666667,896.81,False,False,False,False,False,False,True,True,False,False,False,-0.1087248322147651,-0.1422818791946308,,,0.1697288590604026,0.3640232662192392,0.0174496644295302,-0.1812080536912751,0.0122920371912921,-0.0330601864933597,1027.0,897.0,0.567949660864591,0.0171755972012055,0.0012526589585188,0.0006276878192409
2011-03-07,1897.5,1900.0,1802.5,1837.5,3952.0,1837.5,1839.0,1764.25,1568.66,1198.4533333333334,901.51,False,False,False,False,False,False,True,True,False,True,False,-0.2598639455782313,-0.0938775510204081,,,0.1463074829931972,0.3477804988662131,-0.0136054421768707,-0.1673469387755102,0.0116372213074628,-0.0486042227575457,1015.0,950.0,0.5686330935251799,0.0142032052834903,-0.0029723919177151,-0.0006548158838293
2011-03-08,1825.0,1857.5,1757.5,1762.5,4894.0,1762.5,1831.5,1755.5,1589.36,1211.2666666666669,906.0325,False,False,False,False,False,False,True,True,False,True,False,-0.2907801418439716,-0.0496453900709219,,,0.0982354609929078,0.3127565011820329,0.0241134751773049,-0.075177304964539,0.0105784578127581,-0.0539732270008544,990.5,950.0,1.2383603238866396,0.0130241103337191,-0.0011790949497712,-0.0010587634947046
2011-03-09,1800.0,1872.5,1752.5,1780.0,5848.0,1780.0,1808.5,1765.25,1607.66,1224.52,910.5275,False,False,False,False,False,False,True,True,False,True,True,-0.2078651685393258,-0.0786516853932584,,,0.096820224719101,0.3120674157303371,0.0351123595505618,-0.0519662921348314,0.0108232885811037,-0.065996317802011,1029.5,943.0,1.194932570494483,0.0113830038689773,-0.0016411064647417,0.0002448307683455
2011-03-10,1777.5,1797.5,1667.5,1730.0,4836.0,1730.0,1794.5,1781.5,1622.98,1236.4066666666668,914.84,False,False,False,False,False,False,True,True,False,True,False,-0.1965317919075144,0.0115606936416184,,,0.0618612716763005,0.2853140655105972,0.0520231213872832,-0.0563583815028901,0.0096138810855113,-0.0853213584058377,1038.5,927.5,0.8269493844049247,0.009439426240619,-0.0019435776283583,-0.0012094074955923
2011-03-11,1695.0,1742.5,1655.0,1660.0,4644.0,1660.0,1754.0,1791.5,1638.22,1247.1066666666666,918.87,False,False,False,False,False,False,True,True,False,True,False,-0.0376506024096385,0.0165662650602409,,,0.0131204819277108,0.2487309236947791,0.0813253012048192,-0.1150602409638554,0.0085798595148235,-0.1070890315378174,1122.5,927.0,0.9602977667493796,0.0093027798464186,-0.0001366463942003,-0.0010340215706878
2011-03-14,1410.0,1494.0,1330.5,1360.0,7993.0,1360.0,1658.5,1748.75,1639.68,1253.92,921.7325,False,False,False,False,False,False,True,True,False,True,False,0.2242647058823529,0.2628676470588235,,,-0.2056470588235294,0.0779999999999999,0.3125,0.0772058823529411,0.0054336268129812,-0.0924088634739098,1372.5,974.5,1.72114556416882,0.0008904176424668,-0.0084123622039518,-0.0031462327018422
2011-03-15,1317.5,1320.0,1110.0,1250.0,8021.0,1250.0,1556.0,1693.75,1637.88,1259.1466666666668,924.105,False,False,False,False,False,False,False,True,False,True,False,0.34,0.444,,,-0.3103040000000001,-0.0073173333333334,0.456,0.1584,0.0041509593798975,-0.0757490774907748,1291.0,966.5,1.0035030651820342,-0.0010989816103743,-0.0019893992528412,-0.0012826674330837
2011-03-16,1400.0,1465.0,1278.0,1410.0,5337.0,1410.0,1482.0,1645.25,1642.92,1265.5533333333333,927.7775,False,False,False,False,False,False,True,True,True,False,False,0.1631205673758865,0.3049645390070922,,,-0.1651914893617022,0.1024444444444444,0.301418439716312,0.0120567375886524,0.005062344271017,-0.0637289165780276,1237.0,986.0,0.6653783817479118,0.0030677087137535,0.0041666903241278,0.0009113848911195
2011-03-17,1335.0,1468.0,1320.0,1390.0,5707.0,1390.0,1414.0,1604.25,1647.34,1271.7133333333334,931.075,False,False,False,False,False,False,True,True,False,True,False,0.2589928057553957,0.3129496402877698,,,-0.1851366906474819,0.0850983213429256,0.3830935251798561,0.0320143884892086,0.0048438589409563,-0.0494935328034907,1266.0,1029.0,1.0693273374554992,0.0026831133827867,-0.0003845953309668,-0.0002184853300606
2011-03-18,1465.0,1597.5,1450.5,1597.5,6771.0,1597.5,1401.5,1577.75,1659.84,1281.1466666666668,934.9525,False,False,False,False,False,False,True,True,False,False,False,0.056338028169014,0.1471048513302034,,,-0.0390234741784037,0.1980302556077203,0.2206572769953051,-0.0901408450704225,0.0073631954707241,-0.0380605292346696,1230.5,1002.0,1.1864377080777992,0.0075308463466358,0.0048477329638491,0.0025193365297678
2011-03-22,1702.5,1760.0,1665.0,1665.0,5605.0,1665.0,1462.5,1560.5,1669.8,1291.6533333333334,939.2825,False,False,False,False,False,False,True,True,False,True,False,0.0315315315315315,0.1561561561561561,,,-0.0028828828828828,0.2242322322322321,0.1861861861861861,-0.1591591591591591,0.0081342775151227,-0.0357577699455302,1130.0,1000.0,0.827795008122877,0.0059647862019403,-0.0015660601446954,0.0007710820443985
2011-03-23,1682.5,1740.0,1607.5,1675.0,3874.0,1675.0,1547.5,1551.75,1671.4,1302.5866666666666,943.5975,False,False,False,True,True,False,True,True,False,True,False,0.0776119402985074,0.1223880597014925,,,0.0021492537313432,0.2223363184079602,0.2686567164179104,-0.1922388059701492,0.0083935553872293,-0.0481714193652328,1205.0,996.0,0.6911685994647636,0.0009572813210483,-0.005007504880892,0.0002592778721066
2011-03-24,1705.0,1725.0,1610.0,1640.0,2300.0,1640.0,1593.5,1537.75,1675.5,1312.5866666666666,947.7525,False,False,False,False,False,False,True,True,True,False,False,0.1219512195121951,0.1234756097560975,,,-0.0216463414634146,0.1996422764227642,0.3414634146341463,-0.1804878048780487,0.0076185445532485,-0.061843602666233,1240.5,955.0,0.5937016004130098,0.0024470307370933,0.001489749416045,-0.0007750108339808
2011-03-25,1725.0,1800.0,1685.0,1750.0,7065.0,1750.0,1665.5,1539.75,1680.0,1324.1266666666668,952.6025,False,False,False,False,False,False,True,True,False,False,False,0.0428571428571428,0.0471428571428571,,,0.04,0.2433561904761904,0.2228571428571428,-0.2157142857142857,0.0087151783062044,-0.0799480435135573,1195.0,975.0,3.0717391304347825,0.0026785714285714,0.000231540691478,0.0010966337529559
2011-03-28,1780.0,1800.0,1650.0,1687.5,2922.0,1687.5,1683.5,1542.5,1675.6,1334.6666666666667,957.085,False,False,False,False,False,False,False,True,False,True,False,0.0859259259259259,0.1229629629629629,,,0.0070518518518519,0.2090864197530863,0.2222222222222222,-0.1834074074074074,0.0078971028971028,-0.0874878444084279,1198.5,1015.0,0.413588110403397,-0.0026259250417761,-0.0053044964703475,-0.0008180754091016
2011-03-29,1670.0,1742.5,1650.0,1717.5,1559.0,1717.5,1694.0,1578.25,1668.7,1344.9,961.82,False,False,False,False,False,False,False,True,False,True,False,0.1208151382823871,0.0553129548762736,,,0.0284133915574963,0.216943231441048,0.1965065502183406,-0.2046579330422125,0.0076089919944481,-0.1144305401552351,1280.5,1015.5,0.5335386721423683,-0.0041349553544674,-0.0015090303126913,-0.0002881109026546
2011-03-30,1750.0,1810.0,1717.5,1805.0,3534.0,1805.0,1720.0,1633.75,1666.9,1356.3,967.215,False,False,False,False,False,False,False,True,False,False,False,0.0415512465373961,0.0,,,0.0765096952908586,0.2485872576177285,0.1523545706371191,-0.2501385041551247,0.0084052200840521,-0.1502983932670236,1245.0,1015.5,2.2668377164849263,-0.001079848821165,0.0030551065333024,0.0007962280896039
2011-03-31,1825.0,1857.5,1780.0,1840.0,3365.0,1840.0,1760.0,1676.75,1673.2,1368.26,972.77,False,False,False,False,False,False,True,True,True,False,False,0.0013586956521739,0.0013586956521739,,,0.0906521739130434,0.2563804347826087,0.0991847826086956,-0.2608695652173913,0.0087410287518454,-0.1760846876397793,1322.5,1007.0,0.9521788341822298,0.0037652402581878,0.0048450890793528,0.0003358086677933
2011-04-01,1850.0,1852.5,1797.5,1825.0,1723.0,1825.0,1775.0,1720.25,1683.5,1380.2266666666667,978.195,False,False,False,False,False,False,True,True,False,False,False,0.0041095890410958,-0.0027397260273972,,,0.0775342465753424,0.2437114155251141,0.0808219178082191,-0.1890410958904109,0.0086700735144952,-0.1942740880685947,1347.0,1022.0,0.5120356612184249,0.006118206118206,0.0023529658600182,-7.095523735020995e-05
2011-04-04,1870.0,1910.0,1815.0,1832.5,3197.0,1832.5,1804.0,1743.75,1694.4,1392.3,983.485,False,False,False,False,False,False,True,True,False,False,False,0.034106412005457,-0.0204638472032742,,,0.0753615279672578,0.2402182810368349,0.0654843110504774,-0.2013642564802182,0.0086715027891498,-0.2045591397849462,1279.0,1027.0,1.8554846198491004,0.006432955618508,0.0003147495003019,1.4292746545740975e-06
2011-04-05,1890.0,1935.0,1837.5,1925.0,4715.0,1925.0,1845.5,1769.75,1699.9,1404.9733333333334,989.275,False,False,False,False,False,False,True,True,False,True,False,-0.0584415584415584,-0.0727272727272727,,,0.1169350649350648,0.2701437229437229,-0.0727272727272727,-0.2519480519480519,0.0090203372780504,-0.2139850261336347,1323.5,1015.0,1.474820143884892,0.0032354844402611,-0.0031974711782468,0.0003488344889006
2011-04-06,1950.0,1955.0,1850.0,1880.0,3717.0,1880.0,1860.5,1790.25,1703.1,1417.1533333333334,994.7125,False,False,False,False,False,False,True,True,False,True,False,-0.0398936170212766,-0.0319148936170212,,,0.0940957446808511,0.2461950354609928,-0.0691489361702127,-0.2542553191489362,0.0085946945284679,-0.2202485686356654,1295.0,990.5,0.7883351007423117,0.0018789266631435,-0.0013565577771176,-0.0004256427495824
2011-04-07,1880.0,1905.0,1832.5,1842.5,1628.0,1842.5,1861.0,1810.5,1701.0,1428.5733333333333,1000.0475,False,False,False,False,False,False,False,True,False,True,False,0.0,-0.0040705563093622,,,0.076797829036635,0.2246549072817729,0.039348710990502,-0.2632293080054274,0.0079939893413474,-0.228224247445457,1284.0,1029.5,0.4379876244283024,-0.0012345679012345,-0.003113494564378,-0.0006007051871204
2011-04-08,1812.5,1857.5,1765.0,1832.5,1831.0,1832.5,1862.5,1818.75,1702.3,1439.2866666666666,1005.2425,False,False,False,False,False,False,True,True,False,False,False,-0.0068212824010914,0.0491132332878581,,,0.0710504774897681,0.2145775352432924,0.0545702592087312,-0.2957708049113233,0.0074435021052095,-0.236233676975945,1279.5,1038.5,1.1246928746928746,0.0007636726781413,0.0019982405793758,-0.0005504872361378
2011-04-11,1837.5,1895.0,1837.5,1895.0,1440.0,1895.0,1875.0,1839.5,1703.6,1451.1933333333334,1010.78,False,False,False,False,False,False,True,True,False,True,False,-0.0527704485488126,0.0290237467018469,,,0.1010026385224274,0.2341987686895338,0.1160949868073878,-0.2994722955145119,0.0082047418446428,-0.2475944550149497,1285.0,1122.5,0.7864554888039322,0.0007630899272129,-5.827509283773706e-07,0.0007612397394333
2011-04-12,1870.0,1882.5,1792.5,1812.5,1899.0,1812.5,1852.5,1849.0,1702.6,1462.0266666666666,1016.1375,False,False,False,False,False,False,False,True,False,True,False,-0.0151724137931034,0.0896551724137931,,,0.0606344827586207,0.1933645977011494,0.1862068965517241,-0.3004137931034483,0.0074098055667018,-0.2567604110329908,1416.0,1372.5,1.31875,-0.0005873370139786,-0.0013504269411915,-0.0007949362779409
2011-04-13,1800.0,1860.0,1800.0,1805.0,1413.0,1805.0,1837.5,1849.0,1704.3,1472.8133333333333,1021.3325,False,False,False,False,False,False,True,True,False,False,False,0.0083102493074792,0.1772853185595568,,,0.0557894736842105,0.1840369344413666,0.1329639889196676,-0.2673130193905817,0.0073238518572165,-0.2584369929691725,1635.0,1291.0,0.7440758293838863,0.000997476970017,0.0015848139839956,-8.595370948532612e-05
2011-04-14,1812.5,1842.5,1812.5,1842.5,739.0,1842.5,1837.5,1849.25,1706.8,1484.6466666666668,1026.845,False,False,False,False,False,False,True,True,False,False,False,-0.0040705563093622,0.1940298507462686,,,0.0736499321573948,0.194221619176843,0.0868385345997286,-0.3118046132971506,0.0079704710885194,-0.263512234689739,1537.5,1237.0,0.5230007077140835,0.001464729318022,0.0004672523480049,0.0006466192313029
2011-04-15,1840.0,1860.0,1812.5,1820.0,641.0,1820.0,1835.0,1848.75,1710.4,1495.9133333333334,1032.3175,False,False,False,False,False,False,True,True,False,False,False,0.0563186813186813,0.1758241758241758,,,0.0602197802197801,0.178069597069597,0.1373626373626373,-0.3510989010989011,0.0075316306203122,-0.2794861392832996,1637.5,1266.0,0.8673883626522327,0.0021047708138447,0.0006400414958227,-0.0004388404682072
2011-04-18,1810.0,1835.0,1787.5,1795.0,657.0,1795.0,1815.0,1845.0,1715.8,1506.3133333333333,1037.66,False,False,False,False,False,False,True,True,False,False,False,0.0863509749303621,0.149025069637883,,,0.0441225626740947,0.1608282265552461,0.1406685236768802,-0.4133704735376045,0.0069042740111618,-0.3002710027100271,1797.5,1230.5,1.0249609984399377,0.0031472199557057,0.0010424491418609,-0.0006273566091503
2011-04-19,1745.0,1800.0,1745.0,1785.0,800.0,1785.0,1809.5,1831.0,1732.8,1516.5733333333333,1043.11,False,False,False,False,False,False,True,True,False,False,False,0.1064425770308123,0.1512605042016806,,,0.0292436974789916,0.1503790849673203,0.1386554621848739,-0.3910364145658263,0.0067652514880036,-0.314199890770071,1890.0,1130.0,1.21765601217656,0.0098107109879963,0.0066634910322905,-0.0001390225231581
2011-04-20,1785.0,1830.0,1785.0,1820.0,733.0,1820.0,1812.5,1825.0,1755.6,1527.3,1048.96,False,False,False,False,False,False,True,True,False,False,False,0.1675824175824175,0.1428571428571428,,,0.0353846153846154,0.1608241758241758,0.0879120879120879,-0.3969780219780219,0.0070232872825683,-0.3286301369863014,1850.0,1205.0,0.91625,0.0129870129870129,0.0031763019990166,0.0002580357945647
2011-04-21,1837.5,1862.5,1807.5,1835.0,1245.0,1835.0,1811.0,1824.25,1772.6,1538.34,1055.03,False,False,False,False,False,False,True,True,False,True,False,0.1989100817438692,0.1021798365122615,,,0.0340054495912807,0.1616675749318801,0.053133514986376,-0.3528610354223433,0.0071765669487889,-0.3376730163080718,1682.5,1240.5,1.6984993178717598,0.009590432133589,-0.0033965808534238,0.0001532796662205
2011-04-22,1832.5,1922.5,1830.0,1922.5,3586.0,1922.5,1831.5,1833.25,1793.9,1550.3466666666666,1061.45,False,False,False,False,False,False,True,True,False,False,True,0.1131339401820546,0.0260078023407022,,,0.066892067620286,0.1935778066753359,-0.0117035110533159,-0.3547464239271781,0.0077445044549176,-0.3436519841810991,1567.5,1195.0,2.880321285140562,0.0118735715480239,0.0022831394144348,0.0005679375061286
2011-04-25,1940.0,1965.0,1915.0,1950.0,3378.0,1950.0,1862.5,1838.75,1808.0,1562.6533333333334,1068.0425,False,False,False,False,False,False,True,True,False,True,False,0.0576923076923076,0.0012820512820512,,,0.0728205128205128,0.1986393162393162,-0.0333333333333333,-0.3869230769230769,0.0078754938182067,-0.352794017675051,1560.0,1198.5,0.9419966536530954,0.0077986725663716,-0.0040748989816523,0.0001309893632891
2011-04-26,1967.5,2040.0,1907.5,1975.0,6825.0,1975.0,1900.5,1855.0,1820.4,1575.4533333333334,1074.6025,False,False,False,False,False,False,True,True,False,True,False,0.040506329113924,-0.0962025316455696,,,0.0782784810126581,0.2023021097046413,-0.0367088607594936,-0.4392405063291139,0.0081246456046513,-0.3671159029649595,1787.5,1280.5,2.020426287744227,0.006811689738519,-0.0009869828278525,0.0002491517864445
2011-04-27,2010.0,2125.0,2005.0,2125.0,6110.0,2125.0,1961.5,1887.0,1838.4,1590.58,1081.6075,False,False,False,False,False,False,True,True,False,False,False,-0.0211764705882352,-0.1764705882352941,,,0.134870588235294,0.2514917647058824,-0.0658823529411764,-0.4609411764705882,0.0095101577202445,-0.3872284048754637,1800.0,1245.0,0.8952380952380953,0.0097911227154047,0.0029794329768856,0.0013855121155932
2011-04-28,2127.5,2200.0,2042.5,2200.0,7184.0,2200.0,2034.5,1922.75,1860.8,1606.1866666666667,1089.045,False,False,False,False,False,False,True,True,False,False,False,-0.0806818181818181,-0.1295454545454545,,,0.1541818181818182,0.2699151515151515,-0.0704545454545454,-0.4513636363636363,0.0097165958294595,-0.4017943050318553,1895.0,1322.5,1.1757774140752864,0.0120378331900257,0.002246710474621,0.0002064381092149
2011-05-02,2175.0,2235.0,2140.0,2140.0,2764.0,2140.0,2078.0,1954.75,1876.4,1620.8733333333332,1096.345,False,False,False,False,False,False,True,True,False,True,False,-0.0782710280373831,-0.0969626168224299,,,0.1231775700934579,0.242582554517134,-0.0864485981308411,-0.4492990654205607,0.0090609589069266,-0.4117150530758409,1800.0,1347.0,0.3847438752783964,0.008313792368365,-0.0037240408216606,-0.0006556369225328
2011-05-06,2055.0,2102.5,2042.5,2062.5,1997.0,2062.5,2100.5,1981.5,1891.4,1633.4066666666668,1103.2525,False,False,False,False,False,False,True,True,False,True,False,-0.0533333333333333,0.0254545454545454,,,0.0829575757575757,0.2080452525252525,-0.0872727272727272,-0.4671515151515151,0.0076731248801075,-0.417335352006056,1862.5,1279.0,0.7225036179450073,0.0079306333932536,-0.0003831589751113,-0.001387834026819
2011-05-09,2067.5,2092.5,2040.0,2055.0,1089.0,2055.0,2116.5,2008.5,1904.9,1642.506666666667,1110.1225,False,False,False,False,False,False,True,True,False,True,False,-0.1313868613138686,0.0462287104622871,,,0.0730413625304135,0.2007266828872667,-0.097323600973236,-0.4781021897810219,0.0055403123680878,-0.4258899676375405,1837.5,1323.5,0.5453179769654481,0.0070869861935009,-0.0008436471997527,-0.0021328125120196
2011-05-10,2042.5,2092.5,1997.5,2080.0,1945.0,2080.0,2107.5,2034.5,1915.9,1653.0266666666666,1117.2175,False,False,False,False,False,False,True,True,False,True,False,-0.1586538461538461,-0.016826923076923,,,0.0788942307692307,0.205275641025641,-0.1310096153846154,-0.5074519230769231,0.0063640836606788,-0.4368149422462521,1762.5,1295.0,1.7860422405876952,0.0057414270055848,-0.0013455591879161,0.0008237712925909
2011-05-11,2107.5,2117.5,2022.5,2022.5,1603.0,2022.5,2072.0,2053.25,1923.2,1663.5,1124.0825,False,False,False,False,False,False,True,True,False,True,False,-0.0531520395550061,-0.0098887515451174,,,0.049097651421508,0.1775030902348578,-0.1063040791100123,-0.4734239802224969,0.006295962328424,-0.4479240228905394,1780.0,1284.0,0.8241645244215938,0.0037957570715473,-0.0019456699340374,-6.812133225482866e-05
2011-05-12,1985.0,2020.0,1965.0,1972.5,1873.0,1972.5,2038.5,2058.25,1929.1,1672.92,1130.63,False,False,False,False,False,False,True,True,False,True,False,-0.0202788339670468,0.0494296577946768,,,0.0220025348542459,0.1518783269961977,-0.0747782002534854,-0.4296577946768061,0.0056308729646367,-0.4548767156565043,1730.0,1279.5,1.1684341859014349,0.0030584210253485,-0.0007373360461988,-0.0006650893637872
2011-05-13,1987.5,2092.5,1890.0,1952.5,3049.0,1952.5,2016.5,2058.5,1933.9,1682.5466666666666,1137.2925,False,False,False,False,False,False,True,True,False,True,False,0.0832266325224071,0.0486555697823303,,,0.0095262483994877,0.1382603499786598,-0.0947503201024327,-0.4148527528809219,0.0057214856843989,-0.4575176099101287,1660.0,1285.0,1.6278697277095568,0.0024820311288071,-0.0005763898965413,9.0612719762251e-05
2011-05-16,1890.0,1915.0,1770.0,1785.0,3626.0,1785.0,1962.5,2039.5,1928.3,1691.28,1143.16,False,False,False,False,False,False,False,True,False,True,False,0.2044817927170868,0.1386554621848739,,,-0.0802801120448179,0.0525042016806722,-0.1092436974789916,-0.3619047619047619,0.0051637418602084,-0.4509193429762197,1360.0,1416.0,1.1892423745490324,-0.0029041124306384,-0.0053861435594456,-0.0005577438241905
2011-05-17,1805.0,1837.5,1725.0,1750.0,3254.0,1750.0,1896.5,2002.0,1923.1,1698.5466666666666,1148.41,False,False,False,False,False,False,False,True,False,False,False,0.1685714285714285,0.1314285714285714,,,-0.0989142857142856,0.0294019047619047,-0.0485714285714285,-0.3057142857142857,0.0042781672174643,-0.4371628371628371,1250.0,1635.0,0.897407611693326,-0.0027039675523893,0.000200144878249,-0.0008855746427441
2011-05-18,1815.0,1942.5,1757.5,1915.0,3387.0,1915.0,1875.0,1973.5,1926.0,1707.54,1154.735,False,False,False,False,False,False,True,True,True,False,False,0.0456919060052219,0.0091383812010443,,,-0.0057441253263707,0.1083342036553525,-0.1240208877284595,-0.3587467362924282,0.0052668361112087,-0.4279706105903217,1410.0,1537.5,1.0408727719729565,0.0015057113187954,0.0042096788711848,0.0009886688937443
2011-05-19,1952.5,1990.0,1887.5,1932.5,3875.0,1932.5,1867.0,1952.75,1930.0,1717.3733333333332,1161.3425,False,False,False,True,True,False,True,True,False,False,False,0.0711513583441138,-0.0168175937904269,,,0.001293661060802,0.1113203967227253,-0.1772315653298835,-0.353169469598965,0.005725798312151,-0.4182307002944566,1390.0,1637.5,1.144080307056392,0.0020725388601036,0.0005668275413081,0.0004589622009423
2011-05-20,1980.0,2167.5,1960.0,2115.0,8895.0,2115.0,1899.5,1958.0,1938.8,1729.5933333333332,1168.7225,False,False,False,False,False,False,True,True,False,False,True,-0.0319148936170212,-0.1087470449172576,,,0.0833096926713948,0.1822253743104807,-0.2789598108747045,-0.4304964539007092,0.0070652446239771,-0.4144024514811032,1597.5,1797.5,2.295483870967742,0.0045388900350732,0.0024663511749695,0.001339446311826
2011-05-23,2122.5,2220.0,2102.5,2150.0,5650.0,2150.0,1972.5,1967.5,1952.3,1741.1866666666667,1176.1275,False,False,False,False,False,False,True,True,False,False,False,-0.0546511627906976,-0.1151162790697674,,,0.091953488372093,0.1901457364341085,-0.2883720930232558,-0.4906976744186046,0.0066582943433214,-0.4160864040660737,1665.0,1890.0,0.6351883080382237,0.0069149208625723,0.0023760308274991,-0.0004069502806556
2011-05-24,2100.0,2100.0,2000.0,2045.0,4100.0,2045.0,2031.5,1964.0,1961.9,1751.8533333333332,1183.0825,False,False,False,False,False,False,True,True,False,True,False,-0.0317848410757946,-0.0293398533007334,,,0.0406356968215158,0.1433480032599837,-0.2029339853300733,-0.421760391198044,0.0060887897769218,-0.4070010183299388,1675.0,1850.0,0.7256637168141593,0.0048932157602324,-0.0020217051023398,-0.0005695045663996
2011-05-25,2050.0,2165.0,2002.5,2002.5,4984.0,2002.5,2049.0,1962.0,1968.3,1760.92,1189.8,False,False,False,False,False,False,True,True,False,True,False,-0.0349563046192259,0.0212234706616729,,,0.0170786516853932,0.1206392009987515,-0.1573033707865168,-0.4089887640449438,0.0051488237209338,-0.4003567787971457,1640.0,1682.5,1.215609756097561,0.0032515368592185,-0.0016416789010139,-0.000939966055988
2011-05-26,2100.0,2127.5,2017.5,2070.0,4140.0,2070.0,2076.5,1971.75,1978.3,1770.56,1196.89,False,False,False,False,False,False,True,True,False,False,True,-0.0821256038647343,-0.0555555555555555,,,0.0442995169082125,0.1446570048309179,-0.2113526570048309,-0.4405797101449275,0.0054446050966925,-0.40164828198301,1750.0,1567.5,0.8306581059390048,0.0050548450689986,0.00180330820978,0.0002957813757586
2011-05-27,2072.5,2077.5,2015.0,2047.5,2964.0,2047.5,2063.0,1981.25,1988.4,1780.8066666666666,1203.9525,False,False,False,False,False,False,True,True,False,False,False,-0.0793650793650793,-0.0805860805860805,,,0.0288644688644688,0.1302531542531542,-0.2825396825396825,-0.4564102564102564,0.0057539467132872,-0.406006309148265,1687.5,1560.0,0.7159420289855073,0.0050794608730638,2.461580406520284e-05,0.0003093416165947
2011-05-30,2102.5,2112.5,2022.5,2032.5,3523.0,2032.5,2039.5,2006.0,1998.3,1790.26,1211.03,False,False,False,False,False,False,True,True,False,True,False,-0.063960639606396,-0.087330873308733,,,0.0168265682656826,0.1191832718327183,-0.2792127921279212,-0.4509225092250922,0.0052804248172518,-0.414481555333998,1717.5,1787.5,1.1885964912280702,0.0049542110794174,-0.0001252497936464,-0.0004735218960353
2011-05-31,2022.5,2045.0,1980.0,1980.0,2785.0,1980.0,2026.5,2029.0,2004.7,1799.3933333333334,1217.805,False,False,False,False,False,False,True,True,False,True,False,0.0025252525252525,-0.0871212121212121,,,-0.0124747474747474,0.0912154882154881,-0.2686868686868687,-0.4712121212121212,0.0050757848015442,-0.4293987185805815,1805.0,1800.0,0.790519443655975,0.0031924976305682,-0.0017617134488492,-0.0002046400157076
2011-06-01,2005.0,2005.0,1917.5,1932.5,3470.0,1932.5,2012.5,2030.75,2008.6,1808.04,1224.4425,False,False,False,False,False,False,True,True,False,True,False,0.0582147477360931,-0.0646830530401035,,,-0.0393790426908149,0.0644036222509702,-0.2615782664941785,-0.4657179818887451,0.0047823425735418,-0.4395174196725347,1840.0,1895.0,1.2459605026929983,0.001941650901125,-0.0012508467294431,-0.0002934422280024
2011-06-02,1902.5,1985.0,1897.5,1900.0,3915.0,1900.0,1978.5,2027.5,2007.7,1816.3133333333333,1230.8075,False,False,False,False,False,False,False,True,False,True,False,0.0289473684210526,-0.0394736842105263,,,-0.0566842105263158,0.0440456140350877,-0.245,-0.4210526315789473,0.0045550143697673,-0.4460172626387176,1825.0,1800.0,1.1282420749279538,-0.0004482741445434,-0.0023899250456685,-0.0002273282037744
2011-06-03,1922.5,1937.5,1855.0,1885.0,3635.0,1885.0,1946.0,2004.5,2005.1,1824.3133333333333,1237.0475,False,False,False,False,False,False,False,True,False,True,False,-0.0013262599469496,-0.0623342175066313,,,-0.0637135278514588,0.0321945181255526,-0.2289124668435013,-0.4228116710875331,0.0043852116047316,-0.4454726864554752,1832.5,1862.5,0.9284802043422732,-0.0012966934317491,-0.0008484192872056,-0.0001698027650356
2011-06-06,1865.0,1930.0,1842.5,1902.5,3712.0,1902.5,1920.0,1979.75,2002.2,1830.8,1243.4075,False,False,False,False,False,False,False,True,False,True,False,-0.0249671484888304,-0.164257555847569,,,-0.0524047306176084,0.0376872536136662,-0.2641261498028909,-0.4525624178712221,0.0035430777073774,-0.4412425811339815,1925.0,1837.5,1.0211829436038515,-0.0014484067525721,-0.0001517133208229,-0.0008421338973541
2011-06-07,1920.0,1985.0,1917.5,1985.0,4183.0,1985.0,1921.0,1973.75,1996.6,1835.4666666666667,1250.15,False,False,False,False,False,False,False,True,False,True,False,-0.0894206549118387,-0.1612090680100755,,,-0.0058438287153651,0.0753316540722082,-0.3183879093198992,-0.4382871536523929,0.0025424960046491,-0.4429639012032932,1880.0,1762.5,1.126885775862069,-0.0028047681057798,-0.0013563613532077,-0.0010005817027282
2011-06-08,2020.0,2047.5,1990.0,2045.0,5081.0,2045.0,1943.5,1978.0,1990.4,1842.233333333333,1257.205,False,False,False,False,True,False,False,True,False,True,True,-0.1161369193154034,-0.1797066014669926,,,0.0266992665036674,0.0991524042379789,-0.3427872860635697,-0.4850855745721271,0.0036730779669602,-0.4507583417593528,1842.5,1780.0,1.2146784604350944,-0.0031149517684886,-0.0003101836627087,0.001130581962311
2011-06-09,2050.0,2050.0,1950.0,1955.0,3486.0,1955.0,1954.5,1966.5,1983.0,1846.4666666666667,1263.95,False,False,False,False,False,False,False,True,False,True,False,-0.0664961636828644,-0.1867007672634271,,,-0.0143222506393861,0.0555157715260016,-0.2979539641943734,-0.4411764705882353,0.0022926670758567,-0.4508771929824562,1832.5,1730.0,0.6860854162566424,-0.0037317196167423,-0.0006167678482537,-0.0013804108911035
2011-06-10,1942.5,1975.0,1850.0,1882.5,4042.0,1882.5,1954.0,1950.0,1975.8,1847.6,1270.235,False,False,False,False,False,False,False,True,False,False,False,-0.0610889774236387,-0.1899070385126162,,,-0.0495617529880477,0.018539176626826,-0.2679946879150066,-0.4353253652058433,0.0006134083856533,-0.4487948717948718,1895.0,1660.0,1.159495123350545,-0.003644093531734,8.762608500835142e-05,-0.0016792586902033
2011-06-13,1860.0,1895.0,1845.0,1855.0,2259.0,1855.0,1944.5,1932.25,1967.8,1847.1333333333328,1276.6275,False,False,False,False,False,False,False,False,False,True,False,-0.1428571428571428,-0.1752021563342318,,,-0.0608086253369272,0.004240790655885,-0.2636118598382749,-0.3805929919137466,-0.0002526437362399,-0.4420235476775779,1812.5,1360.0,0.5588817417120238,-0.0040654538062811,-0.0004213602745471,-0.0008660521218933
2011-06-14,1862.5,1875.0,1802.5,1807.5,3417.0,1807.5,1909.0,1915.0,1956.9,1846.5666666666664,1282.7625,False,False,False,False,False,False,False,False,False,True,False,-0.0788381742738589,-0.0982019363762102,,,-0.082655601659751,-0.0216136468418624,-0.2511756569847856,-0.3706777316735823,-0.0003068758236006,-0.4322715404699738,1805.0,1250.0,1.5126162018592295,-0.005570034237825,-0.0015045804315439,-5.423208736069049e-05
2011-06-15,1835.0,1835.0,1795.0,1807.5,1621.0,1807.5,1861.5,1902.5,1948.3,1848.233333333333,1288.8775,False,False,False,False,False,False,False,True,False,False,False,-0.0719225449515905,-0.0663900414937759,,,-0.0778976486860304,-0.0225357307514982,-0.2475795297372061,-0.3748271092669433,0.0009017620430321,-0.4234165571616294,1842.5,1410.0,0.4743927421714954,-0.0044141046040138,0.0011559296338112,0.0012086378666327
2011-06-16,1815.0,1877.5,1807.5,1825.0,2642.0,1825.0,1835.5,1895.0,1942.4,1851.6666666666667,1294.7725,False,False,False,False,False,False,False,True,False,False,False,-0.1287671232876712,-0.1054794520547945,,,-0.0643287671232877,-0.0146118721461187,-0.1890410958904109,-0.3983561643835616,0.001854185418542,-0.4212401055408971,1820.0,1390.0,1.629858112276373,-0.0030374794069192,0.0013766251970946,0.0009524233755098
2011-06-17,1812.5,1820.0,1735.0,1767.5,3315.0,1767.5,1812.5,1883.25,1935.0,1854.4333333333327,1300.26,False,False,False,False,False,False,False,True,False,True,False,-0.1371994342291372,-0.1688826025459688,,,-0.0947666195190947,-0.049184347006129,-0.171994342291372,-0.3974540311173974,0.001491920263153,-0.4188503916102482,1795.0,1597.5,1.2547312641937929,-0.0038242894056848,-0.0007868099987655,-0.0003622651553889
2011-06-20,1752.5,1757.5,1560.0,1590.0,5883.0,1590.0,1759.5,1852.0,1927.2,1851.8,1304.865,False,False,False,False,False,False,False,False,False,True,False,-0.0377358490566037,-0.0786163522012578,,,-0.2120754716981132,-0.1646540880503144,-0.0943396226415094,-0.3028301886792452,-0.0014220398171148,-0.4054265658747299,1785.0,1665.0,1.7746606334841628,-0.0040473225404732,-0.0002230331347884,-0.0029139600802678
2011-06-21,1615.0,1687.5,1605.0,1665.0,2648.0,1665.0,1731.0,1820.0,1923.8,1850.0,1309.815,False,False,False,False,False,False,False,False,False,False,False,-0.021021021021021,-0.1303303303303303,,,-0.1554354354354354,-0.1111111111111111,-0.1579579579579579,-0.3129129129129129,-0.0009729729729729,-0.3933791208791209,1820.0,1675.0,0.4501104878463369,-0.0017673354818588,0.0022799870586143,0.0004490668441418
2011-06-22,1687.5,1727.5,1657.5,1677.5,2099.0,1677.5,1705.0,1783.25,1914.3,1847.1,1314.665,False,False,False,False,False,False,False,False,False,True,False,0.0059612518628912,-0.1493293591654247,,,-0.1411624441132637,-0.1011028315946348,-0.1907600596125186,-0.3144560357675112,-0.0015700286936278,-0.3754381045843263,1835.0,1640.0,0.7926737160120846,-0.0049626495324661,-0.0031953140506073,-0.0005970557206549
2011-06-23,1640.0,1642.5,1562.5,1590.0,3226.0,1590.0,1658.0,1746.75,1900.6,1844.3,1319.0825,False,False,False,False,False,False,False,False,False,True,False,0.0267295597484276,-0.0977987421383647,,,-0.1953459119496854,-0.1599371069182389,-0.1883647798742138,-0.2528301886792453,-0.0015181911836468,-0.3569199942750823,1922.5,1750.0,1.5369223439733206,-0.0072082500263075,-0.0022456004938413,5.183750998101087e-05
2011-06-24,1595.0,1595.0,1520.0,1525.0,2479.0,1525.0,1609.5,1711.0,1877.0,1839.8,1323.135,False,False,False,False,False,False,False,False,False,True,False,-0.0367213114754098,-0.0468852459016393,,,-0.2308196721311475,-0.2064262295081967,-0.1295081967213114,-0.2131147540983606,-0.0024459180345689,-0.3354763296317942,1950.0,1687.5,0.7684438933663981,-0.0125732551944591,-0.0053650051681516,-0.000927726850922
2011-06-27,1530.0,1572.5,1494.5,1530.0,1694.0,1530.0,1597.5,1678.5,1852.2,1835.7,1327.2025,False,False,False,False,False,False,False,False,False,True,False,-0.0424836601307189,-0.0849673202614379,,,-0.2105882352941177,-0.1998039215686274,-0.1712418300653594,-0.2290849673202614,-0.0022334804161899,-0.3207923741435806,1975.0,1717.5,0.6833400564743848,-0.0133894827772378,-0.0008162275827786,0.000212437618379
2011-06-28,1567.5,1630.0,1550.0,1630.0,2872.0,1630.0,1590.5,1660.75,1835.6,1833.9333333333327,1331.5775,False,False,False,False,False,False,False,False,False,False,False,-0.1116564417177914,-0.1699386503067484,,,-0.1261349693251533,-0.1251124744376277,-0.1886503067484662,-0.2858895705521472,-0.0009633210949145,-0.3119373776908023,2125.0,1805.0,1.6953955135773318,-0.0090433645674439,0.0043461182097938,0.0012701593212754
2011-06-29,1672.5,1712.5,1655.0,1687.5,3451.0,1687.5,1592.5,1648.75,1823.0,1832.7,1336.32,False,False,True,False,False,False,False,False,False,False,False,-0.1543703703703703,-0.2035555555555555,,,-0.0802962962962963,-0.0860444444444444,-0.2485925925925926,-0.2995555555555556,-0.0006729597497316,-0.3037755875663381,2200.0,1840.0,1.2016016713091922,-0.0069116840373011,0.0021316805301428,0.0002903613451828
2011-06-30,1670.0,1677.5,1615.0,1632.5,2572.0,1632.5,1601.0,1629.5,1805.5,1831.4,1340.77,False,False,False,False,False,False,False,False,False,True,False,-0.1212863705972435,-0.1592649310872894,,,-0.1059724349157733,-0.1218376722817764,-0.2765696784073507,-0.2710566615620214,-0.0007098394670743,-0.2899048787971771,2140.0,1825.0,0.7452912199362504,-0.0096926059263361,-0.002780921889035,-3.687971734273477e-05
2011-07-01,1417.5,1500.0,1415.0,1469.0,8636.0,1469.0,1589.8,1599.65,1782.36,1828.8533333333328,1344.14,False,False,False,False,False,False,False,False,False,True,False,-0.0105513955071477,-0.0619469026548672,,,-0.2133151803948263,-0.2449648286816424,-0.2831858407079646,-0.1729067392784207,-0.0013924936572281,-0.267277216891195,2062.5,1832.5,3.3576982892690515,-0.0129827868668507,-0.0032901809405145,-0.0006826541901538
2011-07-04,1464.0,1498.5,1458.0,1465.0,1862.0,1465.0,1576.8,1587.15,1759.66,1830.253333333333,1347.365,False,False,False,False,False,False,False,True,False,False,False,-0.0443686006825938,-0.0675767918088737,,,-0.2011331058020478,-0.2493196814562,-0.2580204778156996,-0.1494880546075085,0.0007649214316416,-0.2528431465204928,2055.0,1925.0,0.2156090782769801,-0.0129002193605581,8.256750629256383e-05,0.0021574150888698
2011-07-05,1486.0,1486.0,1446.0,1448.0,1394.0,1448.0,1540.4,1565.45,1738.38,1832.8933333333327,1350.645,False,False,False,False,False,False,False,True,False,False,False,-0.0656077348066298,-0.0652624309392265,,,-0.2005386740331492,-0.2658103130755063,-0.2420580110497237,-0.1066988950276243,0.0014403456829639,-0.2329362164233926,2080.0,1880.0,0.748657357679914,-0.0122412821132318,0.0006589372473263,0.0006754242513222
2011-07-06,1450.0,1451.0,1417.5,1427.0,2122.0,1427.0,1488.3,1540.4,1718.16,1833.12,1353.905,False,False,False,False,False,False,False,True,False,False,False,-0.0581639803784162,-0.0469516468114926,,,-0.2040364400840925,-0.2845970567624386,-0.1678346180798878,-0.0567624386825508,0.0001236507520875,-0.2077382498052453,2022.5,1842.5,1.522238163558106,-0.0117684034082972,0.0004728787049345,-0.0013166949308764
2011-07-07,1435.0,1468.0,1423.0,1434.5,2803.0,1434.5,1448.7,1524.85,1699.54,1833.713333333333,1357.1525,False,False,False,False,False,False,False,True,False,False,False,-0.0432206343673753,0.0317183687696061,,,-0.1847612408504705,-0.2782944115255024,-0.1352387591495294,-0.0902753572673405,0.0003235692965457,-0.1919860969931468,1972.5,1832.5,1.320923656927427,-0.0109559057156643,0.0008124976926329,0.0001999185444582
2011-07-08,1437.0,1480.0,1435.5,1453.5,3641.0,1453.5,1445.6,1517.7,1682.28,1831.7933333333333,1360.3475,False,False,False,False,False,False,False,False,False,False,False,-0.0519435844513243,0.0068799449604403,,,-0.1573993808049535,-0.2602637312234835,-0.1775025799793601,-0.0935672514619883,-0.0010481531759404,-0.1804375041180735,1952.5,1895.0,1.298965394220478,-0.0102598853936324,0.0006960203220318,-0.0013717224724861
2011-07-11,1440.0,1482.5,1397.5,1400.0,8258.0,1400.0,1432.6,1504.7,1662.18,1828.26,1363.42,False,False,False,False,False,False,False,False,False,True,False,-0.0242857142857142,0.0285714285714285,,,-0.1872714285714286,-0.3059,-0.2089285714285714,-0.075,-0.0019326208161494,-0.1656808666179304,1785.0,1812.5,2.2680582257621533,-0.012092553153088,-0.0018326677594556,-0.0008844676402089
2011-07-12,1390.0,1397.5,1349.0,1353.0,7560.0,1353.0,1413.6,1477.0,1636.9,1823.9666666666667,1366.4525,False,False,False,False,False,False,False,False,False,True,False,0.0003695491500369,0.0362158167036215,,,-0.209830007390983,-0.3480906627248091,-0.1533628972653362,-0.0317812269031781,-0.0023538441857489,-0.1401489505754908,1750.0,1805.0,0.9154759021554856,-0.0154438267456777,-0.0033512735925897,-0.0004212233695995
2011-07-13,1346.5,1349.5,1344.0,1344.0,6484.0,1344.0,1397.0,1442.65,1608.86,1820.02,1369.345,False,False,False,False,False,False,False,False,False,True,False,0.0119047619047619,0.0100446428571428,,,-0.1970684523809523,-0.3541815476190476,-0.1019345238095238,-0.0714285714285714,-0.0021684743391098,-0.115100682771289,1915.0,1842.5,0.8576719576719577,-0.0174284897380755,-0.0019846629923977,0.0001853698466391
2011-07-14,1337.5,1382.5,1333.0,1372.5,5305.0,1372.5,1384.6,1416.65,1585.56,1814.986666666667,1372.545,False,False,False,False,False,False,False,False,False,False,False,0.0783242258652094,-0.0597449908925318,,,-0.1552349726775956,-0.3223946569520342,-0.1413479052823315,-0.1067395264116575,-0.0027732067820515,-0.0963187802209438,1932.5,1820.0,0.8181677976557681,-0.0146951234894926,0.0027333662485828,-0.0006047324429416
2011-07-15,1380.0,1383.5,1365.5,1378.0,5167.0,1378.0,1369.5,1407.55,1565.38,1810.86,1375.685,False,False,False,False,False,False,False,False,False,False,False,0.0620464441219158,-0.0366473149492017,,,-0.1359796806966619,-0.3141219158200289,-0.2024673439767779,-0.09288824383164,-0.0022788435697221,-0.087989769457568,2115.0,1795.0,0.9739868049010368,-0.0128914385005556,0.0018036849889369,0.0004943632123293
2011-07-19,1382.5,1382.5,1352.5,1366.0,2353.0,1366.0,1362.7,1397.65,1545.82,1806.1733333333327,1378.785,False,False,False,False,False,False,False,False,False,False,False,0.0541727672035139,-0.0717423133235724,,,-0.1316398243045387,-0.3222352367008295,-0.2148609077598828,-0.0380673499267935,-0.0025948044853576,-0.0766644009587522,2150.0,1785.0,0.4553899748403329,-0.0126534784127519,0.0002379600878037,-0.0003159609156355
2011-07-20,1347.5,1354.0,1346.0,1353.5,4855.0,1353.5,1362.8,1388.2,1527.66,1800.1533333333334,1381.825,False,False,False,False,False,False,False,False,False,False,False,0.0358330254894717,-0.0229035833025489,,,-0.1286738086442557,-0.3299987686245537,-0.2430735131141485,-0.0446989287033616,-0.0033441595715919,-0.0704149258031983,2045.0,1820.0,2.063323416914577,-0.0118874618697876,0.0007660165429642,-0.0007493550862342
2011-07-21,1350.5,1372.5,1350.0,1360.0,5657.0,1360.0,1366.0,1381.5,1509.76,1793.753333333333,1384.735,False,False,False,False,False,False,False,False,False,False,False,-0.0018382352941176,-0.0676470588235294,,,-0.1101176470588235,-0.3189362745098038,-0.2169117647058823,-0.0404411764705882,-0.0035679376205574,-0.0688744118711546,2002.5,1835.0,1.1651905252317198,-0.0118561890631624,3.127280662526717e-05,-0.0002237780489655
2011-07-22,1365.0,1482.5,1361.0,1480.0,23064.0,1480.0,1387.5,1386.05,1495.96,1789.1533333333334,1388.2725,False,False,False,False,False,False,False,False,False,False,True,-0.1280405405405405,-0.202027027027027,,,-0.0107837837837838,-0.2088873873873874,-0.2398648648648648,-0.1476351351351351,-0.0025710485033887,-0.0750694419393239,2070.0,1922.5,4.077072653349832,-0.0092248455841064,0.0026313434790559,0.0009968891171686
2011-07-25,1489.5,1502.5,1429.0,1463.5,9733.0,1463.5,1404.6,1387.05,1483.8,1784.2333333333331,1391.69,False,False,False,False,False,False,False,False,False,False,False,-0.0929279125384352,-0.2804919713016741,,,-0.0138708575333105,-0.2191549937364763,-0.2193372053296891,-0.1523744448240519,-0.0027574868757824,-0.0812876248152554,2047.5,1950.0,0.4219996531390912,-0.0081951745518264,0.00102967103228,-0.0001864383723937
2011-07-26,1480.0,1480.0,1438.0,1440.0,3882.0,1440.0,1419.4,1391.05,1477.8,1777.7666666666669,1394.99,False,False,False,False,False,False,False,False,False,False,True,-0.1194444444444444,-0.2451388888888888,,,-0.0262499999999999,-0.2345601851851853,-0.2090277777777777,-0.0836805555555555,-0.0036375227345168,-0.0821681463642571,2032.5,1975.0,0.3988492756601253,-0.004060089321965,0.0041350852298613,-0.0008800358587343
2011-07-27,1430.0,1430.0,1395.0,1402.0,5073.0,1402.0,1429.1,1395.95,1467.28,1771.3933333333334,1398.25,False,False,False,False,False,False,False,False,False,True,False,-0.0567047075606276,-0.2171897289586305,,,-0.0465620542082738,-0.2634759866856871,-0.1333808844507845,-0.0684736091298145,-0.0035979210339131,-0.0856764210752535,1980.0,2125.0,1.3068006182380216,-0.0071697290224087,-0.0031096397004437,3.960170060374668e-05
2011-07-28,1367.5,1387.0,1352.5,1357.5,3596.0,1357.5,1428.6,1397.3,1454.48,1764.9266666666667,1401.35,False,False,False,False,False,False,False,False,False,True,False,-0.0659300184162062,-0.1252302025782689,,,-0.0714401473296501,-0.3001301411909147,-0.0953959484346224,-0.060036832412523,-0.00366398603908,-0.0845559292922063,1932.5,2200.0,0.7088507786319732,-0.0088003960178207,-0.0016306669954119,-6.606500516691174e-05
2011-07-29,1360.0,1392.0,1284.0,1290.5,5193.0,1290.5,1390.7,1389.1,1442.5,1757.7,1404.2525,False,False,False,False,False,False,False,False,False,False,False,-0.084850833010461,-0.0387446726075164,,,-0.11778380472685,-0.3620302208446339,-0.0313831848120883,0.0069740410693529,-0.0041114335021145,-0.0738607731624792,1900.0,2140.0,1.4441045606229144,-0.0083050259965338,0.0004953700212869,-0.0004474474630345
2011-08-01,1305.0,1361.0,1301.5,1327.5,3962.0,1327.5,1363.5,1384.05,1434.6,1750.1333333333334,1407.2975,False,False,False,False,False,False,False,False,False,False,False,-0.2067796610169491,-0.0994350282485875,,,-0.0806779661016948,-0.3183678593848086,-0.0926553672316384,-0.0335216572504708,-0.0043234801158006,-0.0680972508218633,1885.0,2062.5,0.762950125168496,-0.0055067614666109,0.0027982645299228,-0.0002120466136861
2011-08-02,1313.0,1315.0,1243.5,1268.0,4605.0,1268.0,1329.1,1374.25,1424.12,1742.8733333333332,1409.925,False,False,False,False,False,False,False,False,False,True,False,-0.1427444794952681,-0.126577287066246,,,-0.1231230283911671,-0.3745057833859095,-0.1364353312302839,-0.043769716088328,-0.0041655350742644,-0.0688375477533199,1902.5,2055.0,1.162291771832408,-0.0073589304272112,-0.0018521689606002,0.0001579450415362
2011-08-03,1293.0,1382.5,1215.5,1322.5,13573.0,1322.5,1313.2,1371.15,1411.82,1736.44,1412.64,False,False,False,False,False,False,False,False,False,True,False,-0.1701323251417769,-0.1338374291115311,,,-0.0675387523629489,-0.3129981096408318,-0.10586011342155,-0.0589792060491493,-0.0037048981440954,-0.0702694818218284,1985.0,2080.0,2.947448425624321,-0.0087121587737813,-0.0013532283465701,0.0004606369301689
2011-08-04,1335.0,1354.5,1263.0,1268.0,5493.0,1268.0,1295.3,1361.95,1395.04,1728.78,1415.035,False,False,False,False,False,False,False,False,False,True,False,-0.0634858044164037,-0.0481072555205047,,,-0.1001892744479494,-0.363391167192429,-0.0666403785488959,-0.0579652996845425,-0.0044308703247377,-0.0721025000917802,2045.0,2022.5,0.4047005083621896,-0.0120283289368046,-0.0033161701630233,-0.0007259721806422
2011-08-05,1168.0,1233.0,1160.0,1181.0,5985.0,1181.0,1273.4,1332.05,1376.98,1720.26,1417.025,False,False,False,False,False,False,False,False,False,True,False,0.0503810330228619,-0.002116850127011,,,-0.1659441151566469,-0.4566130397967823,-0.0194750211685012,-0.0050804403048264,-0.004952739702138,-0.0577681017979805,1955.0,1972.5,1.089568541780448,-0.0131156589057211,-0.0010873299689165,-0.0005218693774003
2011-08-08,1160.0,1210.0,1053.0,1053.0,8341.0,1053.0,1218.5,1291.0,1360.34,1710.3666666666666,1418.435,False,False,False,False,False,False,False,False,False,False,False,0.1353276353276353,0.043684710351377,,,-0.2918708452041784,-0.6242798353909464,0.0569800569800569,0.1666666666666666,-0.0057843347430376,-0.0287374128582493,1882.5,1952.5,1.3936507936507936,-0.0122322360586324,0.0008834228470887,-0.0008315950408995
2011-08-09,1000.0,1110.0,985.0,1087.0,9621.0,1087.0,1182.3,1255.7,1345.22,1701.06,1420.02,False,False,False,False,False,False,False,False,False,False,False,0.0188592456301747,-0.0133394664213431,,,-0.2375528978840846,-0.5649126034958601,0.0266789328426862,0.1453541858325667,-0.0054710984131462,-0.0073664091741658,1855.0,1785.0,1.1534588178875436,-0.0112397972078915,0.0009924388507409,0.0003132363298913
2011-08-10,1135.0,1148.0,1080.0,1097.5,5523.0,1097.5,1137.3,1225.25,1331.2,1691.4266666666667,1421.8275,False,False,False,False,False,False,False,False,False,False,False,0.0437357630979498,-0.0665148063781321,,,-0.2129384965831435,-0.5411632498101747,-0.0460136674259681,0.1161731207289293,-0.0056953892966094,0.0106916955723321,1807.5,1750.0,0.5740567508574992,-0.0105318509615384,0.0007079462463531,-0.0002242908834632
2011-08-11,1043.0,1200.0,1035.5,1187.5,7505.0,1187.5,1121.2,1208.25,1321.62,1682.7933333333333,1424.0525,False,False,False,False,False,False,False,False,False,False,False,0.0164210526315789,-0.1031578947368421,,,-0.1129431578947367,-0.4170891228070175,-0.1305263157894736,0.0442105263157894,-0.0051303586497055,0.0219325470722118,1807.5,1915.0,1.358862936809705,-0.0072486796507317,0.0032831713108066,0.0005650306469039
2011-08-12,1280.0,1295.0,1230.5,1240.5,9353.0,1240.5,1133.1,1203.25,1313.86,1673.7,1426.51,False,False,False,False,False,False,False,False,False,False,False,-0.0499798468359532,-0.0931076178960096,,,-0.0591374445787987,-0.3492140266021766,-0.113260781942765,0.0088673921805723,-0.005433072434327,0.022189902347808,1825.0,1932.5,1.2462358427714857,-0.0059062609410439,0.0013424187096878,-0.0003027137846215
2011-08-15,1280.0,1292.5,1194.0,1195.5,7877.0,1195.5,1161.6,1190.05,1303.54,1663.64,1428.7825,False,False,False,False,False,False,False,False,False,True,False,-0.0807193642827269,-0.0443329150982852,,,-0.0903722291928063,-0.3915851108322878,-0.0899205353408615,0.0623170221664575,-0.0060469813180735,0.0324356119490778,1767.5,2115.0,0.8421896717630707,-0.0079169032020497,-0.0020106422610058,-0.0006139088837464
2011-08-16,1217.5,1222.0,1104.5,1107.5,9627.0,1107.5,1165.7,1174.0,1291.84,1652.0733333333333,1430.5375,False,False,False,False,False,False,False,False,False,True,False,-0.0316027088036117,0.0284424379232505,,,-0.1664469525959367,-0.491714070729872,-0.0595936794582392,0.1160270880361173,-0.0070013034126815,0.0485519591141396,1590.0,2150.0,1.2221657991621175,-0.009056849145405,-0.0011399459433552,-0.0009543220946079
2011-08-17,1115.0,1154.5,1111.0,1145.5,5821.0,1145.5,1175.3,1156.3,1283.54,1639.013333333333,1432.4875,False,False,False,False,False,False,False,False,False,False,False,-0.1056307289393278,0.0606721955477957,,,-0.120506329113924,-0.43082787720064,-0.0266259275425578,0.0811872544740288,-0.0079682085156924,0.064083715298798,1665.0,2045.0,0.6046535784771996,-0.0064664911105224,0.0025903580348826,-0.0009669051030109
2011-08-18,1157.0,1245.5,1156.5,1207.0,10097.0,1207.0,1179.2,1150.2,1278.06,1625.7733333333333,1434.6575,False,False,False,False,False,False,False,False,False,False,False,-0.1176470588235294,0.0173985086992543,,,-0.0588732394366196,-0.3469538801436067,-0.1275890637945319,-0.0012427506213753,-0.0081438166862127,0.0706833594157537,1677.5,2002.5,1.7345816869953616,-0.0042877486190006,0.0021787424915217,-0.0001756081705203
2011-08-19,1180.0,1203.5,1160.0,1178.5,6225.0,1178.5,1166.8,1149.95,1270.3,1612.9533333333334,1436.7,False,False,False,False,False,False,False,False,False,True,False,-0.0453966907085277,0.0606703436571913,,,-0.077895630038184,-0.3686494130957432,-0.0729741196436147,0.0140008485362749,-0.0079481530773776,0.0726553328405582,1590.0,2070.0,0.6165197583440626,-0.006108793198457,-0.0018210445794563,0.000195663608835
2011-08-22,1170.5,1245.0,1075.0,1099.0,8700.0,1099.0,1147.5,1154.55,1259.14,1600.1066666666666,1438.3625,False,False,False,False,False,False,False,False,False,True,True,0.0395814376706096,0.0959963603275705,,,-0.1457142857142858,-0.4559660297239914,-0.0327570518653321,0.094631483166515,-0.0080286314245717,0.0661729678229614,1525.0,2047.5,1.3975903614457832,-0.0088631923376271,-0.0027543991391701,-8.047834719409307e-05
2011-08-23,1115.5,1127.5,1027.5,1072.5,9038.0,1072.5,1140.5,1153.1,1247.4,1587.006666666667,1440.16,False,False,False,False,False,False,False,False,False,True,False,0.062004662004662,0.0209790209790209,,,-0.1630769230769231,-0.4797264957264959,0.0713286713286713,0.123076923076923,-0.0082545336923598,0.0640013875639581,1530.0,2032.5,1.0388505747126435,-0.0094115760782427,-0.0005483837406155,-0.000225902267788
2011-08-24,1100.0,1118.5,1015.5,1024.5,7498.0,1024.5,1116.3,1145.8,1234.24,1572.9333333333334,1441.7775,False,False,False,False,False,False,False,False,False,True,False,0.1859443631039531,0.1542215714982918,,,-0.2047242557345046,-0.5353180413209696,0.1102977061981454,0.1420204978038067,-0.0089471899635501,0.0659801012393089,1630.0,1980.0,0.8296083204248728,-0.0106624319419238,-0.001250855863681,-0.0006926562711903
2011-08-25,1040.0,1073.5,1030.5,1065.0,5687.0,1065.0,1087.9,1133.55,1222.44,1560.1666666666667,1443.5775,False,False,False,False,False,False,False,False,False,False,False,0.1530516431924882,0.1112676056338028,,,-0.147830985915493,-0.464945226917058,0.0610328638497652,0.0699530516431924,-0.008182886443756,0.0686339376295707,1687.5,1932.5,0.7584689250466791,-0.0096528254965478,0.0010096064453759,0.0007643035197941
2011-08-26,1069.0,1132.0,1066.0,1125.0,6464.0,1125.0,1077.2,1122.0,1208.24,1548.8666666666666,1445.79,False,False,False,False,False,False,False,False,False,True,False,0.1111111111111111,0.0293333333333333,,,-0.0739911111111111,-0.3767703703703702,-0.024,0.0057777777777777,-0.0072956570395559,0.0689393939393938,1632.5,1900.0,1.1366273958150166,-0.0117526319274316,-0.0020998064308838,0.0008872294042
2011-08-29,1135.0,1172.0,1120.0,1142.5,5982.0,1142.5,1085.9,1116.7,1195.4,1538.0666666666666,1448.0425,False,False,False,False,False,False,False,False,False,False,False,0.0542669584245076,-0.0258205689277899,,,-0.0463019693654267,-0.3462290299051787,-0.0678336980306345,-0.0021881838074398,-0.0070218022625807,0.0623712724993282,1469.0,1885.0,0.9254331683168316,-0.0107411745022585,0.001011457425173,0.0002738547769752
2011-08-30,1160.5,1174.5,1122.0,1139.0,5267.0,1139.0,1099.2,1119.85,1183.36,1529.4533333333334,1450.0575,False,False,False,False,False,False,False,False,False,False,True,-0.0386303775241439,-0.0201931518876207,,,-0.0389464442493414,-0.3428036289142523,-0.0267778753292361,0.0,-0.0056316418066585,0.0507210787158996,1465.0,1902.5,0.8804747576061518,-0.0101744186046513,0.0005667558976072,0.0013901604559221
2011-08-31,1135.0,1215.0,1128.5,1215.0,12348.0,1215.0,1137.3,1126.8,1175.88,1522.32,1452.23,False,False,False,False,True,False,False,False,False,False,False,-0.0267489711934156,-0.1382716049382716,,,0.0321975308641974,-0.2529382716049382,-0.0584362139917695,-0.0790123456790123,-0.0046858303992153,0.033635072772453,1448.0,1985.0,2.3444085817353333,-0.0063611933190459,0.0038132252856053,0.0009458114074432
2011-09-01,1240.0,1261.5,1207.5,1228.0,14576.0,1228.0,1169.9,1128.9,1170.7,1513.16,1454.4225,False,False,False,False,False,False,False,False,False,False,False,-0.0362377850162866,-0.1592019543973941,,,0.0466612377850162,-0.2322149837133551,-0.0635179153094462,-0.1123778501628664,-0.0060535567950513,0.021481087784569,1427.0,2045.0,1.180434078393262,-0.0044247031690442,0.0019364901500017,-0.001367726395836
2011-09-02,1222.5,1253.5,1211.0,1250.0,7835.0,1250.0,1194.9,1136.05,1169.08,1504.06,1456.79,False,False,False,False,False,False,False,False,False,False,False,-0.0736,-0.12,,,0.064736,-0.2032479999999999,-0.0496,-0.1444,-0.0060502905469197,0.0040051054090928,1434.5,1955.0,0.5375274423710209,-0.0013857049988025,0.0030389981702416,3.2662481315570008e-06
2011-09-05,1234.0,1260.0,1197.5,1204.5,6815.0,1204.5,1207.3,1146.6,1164.16,1491.92,1458.96,False,False,False,False,False,False,False,False,False,True,False,-0.0759651307596513,-0.0967206309672063,,,0.0334910751349106,-0.2386218347862184,-0.0037359900373599,-0.0950601909506019,-0.0081371655316638,-0.0150880865166579,1453.5,1882.5,0.8698149329929802,-0.00422622319956,-0.0028405182007574,-0.002086874984744
2011-09-06,1178.0,1184.5,1095.0,1095.0,7845.0,1095.0,1198.5,1148.85,1157.24,1477.8533333333332,1460.4775,False,False,False,False,False,True,False,False,False,True,False,0.0191780821917808,-0.0488584474885844,,,-0.0568401826484018,-0.3496377473363773,0.0771689497716895,0.0082191780821917,-0.0095183103420277,-0.0257648953301126,1400.0,1855.0,1.1511371973587674,-0.0059797449103038,-0.0017535217107438,-0.0013811448103639
2011-09-07,1130.0,1196.0,1122.5,1182.5,6108.0,1182.5,1192.0,1164.65,1151.64,1466.3533333333332,1462.3825,False,False,False,False,False,False,False,False,False,False,False,-0.1145877378435517,-0.0570824524312896,,,0.0260972515856235,-0.2400451021846369,-0.015644820295983,-0.0697674418604651,-0.0078425845521543,-0.0449920576997381,1353.0,1807.5,0.778585086042065,-0.0048626306831995,0.0011171142271043,0.0016757257898734
2011-09-08,1217.5,1220.0,1133.0,1183.5,5623.0,1183.5,1183.1,1176.5,1148.26,1455.4333333333334,1464.37,False,False,False,False,False,False,False,False,False,False,False,-0.1275876637093367,-0.1102661596958174,,,0.0297760878749471,-0.2297704548655119,-0.0012674271229404,-0.0583016476552598,-0.0075029200925267,-0.05673608159796,1344.0,1807.5,0.920595939751146,-0.0029435842056678,0.0019190464775317,0.0003396644596275
2011-09-09,1181.5,1193.0,1145.5,1158.0,2925.0,1158.0,1164.7,1179.8,1147.34,1443.2733333333333,1465.9675,False,False,False,False,False,False,False,False,False,False,False,-0.0500863557858376,-0.0565630397236614,,,0.0092055267702936,-0.2463500287852619,0.0276338514680483,-0.0146804835924006,-0.008425292506386,-0.0585692490252584,1372.5,1825.0,0.5201849546505424,-0.0008018547248418,0.0021417294808259,-0.0009223724138592
2011-09-12,1115.0,1139.0,1101.0,1113.0,3674.0,1113.0,1146.4,1176.85,1149.74,1430.8133333333333,1467.245,False,False,False,False,False,False,True,False,True,False,False,-0.0224618149146451,-0.0449236298292902,,,-0.0330098831985624,-0.2855465708295896,0.091644204851752,0.0197663971248876,-0.0087083337216129,-0.0566342354590643,1378.0,1767.5,1.256068376068376,0.0020874284620871,0.002889283186929,-0.0002830412152269
2011-09-13,1122.5,1131.0,1092.0,1116.0,3233.0,1116.0,1150.6,1174.55,1150.9,1418.5933333333332,1468.58,False,False,False,False,False,False,True,False,False,True,False,-0.0667562724014337,0.0295698924731182,,,-0.0312724014336918,-0.2711409796893667,0.1164874551971326,-0.0085125448028673,-0.0086141670857046,-0.0575539568345323,1366.0,1590.0,0.8799673380511703,0.0010079068555044,-0.0010795216065827,9.416663590827018e-05
2011-09-14,1116.0,1126.0,1042.5,1047.0,5549.0,1047.0,1123.5,1157.75,1148.88,1406.1533333333334,1469.525,False,False,False,False,False,False,False,False,False,True,False,0.0649474689589302,0.0864374403056351,,,-0.0973065902578797,-0.3430308818847501,0.2354345749761222,0.0329512893982808,-0.0088468303598942,-0.0471172532930252,1353.5,1665.0,1.716362511599134,-0.0017582341062599,-0.0027661409617644,-0.0002326632741896
2011-09-15,1074.0,1082.5,1029.0,1032.5,4939.0,1032.5,1093.3,1138.2,1142.68,1394.1533333333334,1470.04,False,False,False,False,False,False,False,False,False,True,False,0.0198547215496368,0.0944309927360774,,,-0.1067118644067797,-0.350269572235674,0.3036319612590799,0.0329297820823244,-0.0086073746072885,-0.032814971006853,1360.0,1677.5,0.8900702829338619,-0.0054258410053558,-0.0036676068990958,0.0002394557526057
2011-09-16,1061.5,1105.0,1038.0,1100.0,4316.0,1100.0,1081.7,1123.2,1137.06,1383.486666666667,1470.9,False,False,False,False,False,False,False,False,False,False,False,-0.0068181818181818,-0.0018181818181818,,,-0.033690909090909,-0.2577151515151517,0.1863636363636363,-0.049090909090909,-0.0077099887723287,-0.0219907407407407,1480.0,1590.0,0.8738611054869406,-0.0049425711923734,0.0004832698129824,0.0008973858349597
2011-09-20,1077.5,1115.0,1076.5,1088.0,3233.0,1088.0,1076.7,1111.55,1132.76,1372.86,1471.89,False,False,False,False,False,False,False,False,False,False,False,-0.0229779411764705,-0.0211397058823529,,,-0.0411397058823529,-0.2618198529411764,0.2109375,-0.025735294117647,-0.0077405319309084,-0.0144392964778911,1463.5,1525.0,0.7490732159406858,-0.0037960379956918,0.0011465331966815,-3.054315857973448e-05
2011-09-21,1051.0,1063.0,1030.5,1041.5,4570.0,1041.5,1061.8,1106.2,1130.12,1361.38,1472.7125,False,False,False,False,False,False,False,False,False,False,False,0.1032165146423427,0.0643302928468555,,,-0.0850888142102735,-0.307133941430629,0.2433989438310129,-0.0062409985597695,-0.0084326198416311,-0.0159103236304466,1440.0,1530.0,1.413547788431797,-0.0023360351113157,0.0014600028843761,-0.0006920879107226
2011-09-22,1024.5,1194.0,1014.0,1115.0,13912.0,1115.0,1075.4,1099.45,1128.9,1349.78,1474.0125,False,False,False,False,False,False,False,False,False,False,False,0.0201793721973094,0.0260089686098654,,,-0.0124663677130045,-0.2105650224215246,0.1748878923766816,-0.1112107623318385,-0.0085939930951711,-0.0197826185820182,1402.0,1630.0,3.0442013129102845,-0.0010806980246255,0.0012553370866901,-0.00016137325354
2011-09-26,1120.0,1137.5,1042.5,1053.0,7443.0,1053.0,1079.5,1086.4,1122.74,1336.5533333333333,1474.8275,False,False,False,False,False,False,False,False,False,True,False,0.0731244064577398,0.0921177587844254,,,-0.0662298195631529,-0.269281418170307,0.1851851851851851,-0.0892687559354226,-0.0098961009162871,-0.0223214285714285,1357.5,1687.5,0.5350057504312824,-0.0054865774800934,-0.0044058794554678,-0.001302107821116
2011-09-27,1080.0,1100.0,1054.0,1092.5,3558.0,1092.5,1078.0,1079.85,1119.3,1325.0533333333333,1475.8675,False,False,False,False,False,False,False,False,False,False,False,0.0050343249427917,0.0874141876430206,,,-0.0245308924485125,-0.2128634630053394,0.1221967963386727,-0.1263157894736842,-0.008678895943811,-0.0336620826966707,1290.5,1632.5,0.4780330511890366,-0.0030733494148128,0.0024132280652805,0.0012172049724761
2011-09-28,1100.0,1115.0,1060.5,1063.0,3926.0,1063.0,1073.0,1074.85,1117.86,1314.1266666666668,1476.6975,False,False,False,False,False,False,False,False,False,False,False,0.0018814675446848,0.1288805268109125,,,-0.0516086547507054,-0.2362433364691127,0.1759172154280338,-0.0851364063969896,-0.0083147743241391,-0.0442852491045261,1327.5,1469.0,1.1034288926363125,-0.0012881756212764,0.0017851737935364,0.0003641216196719
2011-09-29,1048.0,1149.0,1045.0,1149.0,7398.0,1149.0,1094.5,1078.15,1120.92,1304.7133333333334,1477.6925,False,False,False,False,True,False,True,False,True,False,True,-0.0352480417754569,0.026544821583986,,,0.02443864229765,-0.1355207426747897,0.1436031331592689,-0.1536118363794604,-0.0072148671227907,-0.0596391967722488,1268.0,1465.0,1.8843606724401427,0.0027299004389253,0.0040180760602017,0.0010999072013483
2011-09-30,1135.5,1143.0,1105.0,1137.5,4326.0,1137.5,1099.0,1087.2,1125.44,1295.78,1478.63,False,False,False,False,False,False,True,False,False,False,False,0.0057142857142857,0.0232967032967032,,,0.0106021978021977,-0.1391472527472527,0.1367032967032967,-0.145054945054945,-0.0068941744226129,-0.0774926416482707,1322.5,1448.0,0.5847526358475263,0.0040162069945976,0.0012863065556723,0.0003206927001778
2011-10-03,1160.0,1166.5,1105.5,1130.0,5670.0,1130.0,1114.4,1096.95,1128.04,1286.746666666667,1479.565,False,False,False,False,False,False,True,False,False,True,False,0.0176991150442477,0.0460176991150442,,,0.0017345132743363,-0.1387138643067848,0.1548672566371681,-0.1061946902654867,-0.0070202888939545,-0.0908427913760883,1268.0,1427.0,1.3106796116504855,0.0023048828055741,-0.0017113241890234,-0.0001261144713416
2011-10-04,1105.0,1117.5,1071.0,1098.0,3349.0,1098.0,1115.5,1096.75,1126.96,1277.0533333333333,1480.4175,False,False,False,False,False,False,False,False,False,True,False,0.081967213114754,0.0837887067395264,,,-0.0263752276867031,-0.1630722525804492,0.1489071038251366,-0.0683060109289617,-0.0075903903778492,-0.0927741053111465,1181.0,1434.5,0.590652557319224,-0.0009583303755234,-0.0032632131810976,-0.0005701014838946
2011-10-05,1113.0,1118.5,1048.0,1065.0,3538.0,1065.0,1115.9,1094.45,1123.86,1267.6866666666667,1481.1075,False,False,False,False,False,False,False,False,False,True,False,0.1267605633802817,0.1408450704225352,,,-0.0552676056338027,-0.1903161189358373,0.1647887323943662,-0.0328638497652582,-0.0073887869242135,-0.093608661884965,1053.0,1453.5,1.0564347566437742,-0.002758350684249,-0.0018000203087255,0.0002016034536356
2011-10-06,1077.5,1111.5,1070.0,1108.5,3241.0,1108.5,1107.8,1101.15,1122.64,1261.2666666666669,1481.7775,False,False,False,False,False,False,False,False,False,False,True,0.0640505187189896,0.12404149751917,,,-0.0127559765448805,-0.1378138625770562,0.1903473161930536,0.0148849797023004,-0.0050901210423382,-0.0909503700676566,1087.0,1400.0,0.9160542679479932,-0.0010867241502171,0.0016716265340318,0.0022986658818753
2011-10-07,1125.0,1147.0,1121.5,1144.0,3689.0,1144.0,1109.1,1104.05,1119.8,1254.32,1482.665,False,False,False,False,True,False,False,False,False,True,False,0.0174825174825174,0.1306818181818181,,,0.0211538461538461,-0.0964335664335663,0.1416083916083916,-0.034090909090909,-0.0055381933371603,-0.0830125447217064,1097.5,1353.0,1.1382289416846652,-0.0025361671727095,-0.0014494430224923,-0.000448072294822
2011-10-11,1165.0,1172.5,1144.5,1150.0,3367.0,1150.0,1113.1,1113.75,1116.68,1247.2866666666666,1483.485,False,False,False,False,False,False,False,False,False,True,False,0.0278260869565217,0.1704347826086956,,,0.0289739130434782,-0.0845971014492753,0.1095652173913043,0.02,-0.0056389068538106,-0.0717845117845118,1187.5,1344.0,0.9127134724857684,-0.002793996489594,-0.0002578293168845,-0.0001007135166503
2011-10-12,1144.0,1188.0,1129.5,1188.0,4316.0,1188.0,1131.1,1123.3,1114.2,1241.9266666666667,1484.28,False,False,False,False,False,False,False,False,False,False,False,0.0016835016835016,0.0984848484848484,,,0.062121212121212,-0.0453928170594837,0.0938552188552188,-0.0412457912457912,-0.0043158747966867,-0.0632511350485177,1240.5,1372.5,1.281853281853282,-0.0022258122419673,0.0005681842476267,0.0013230320571238
2011-10-13,1192.5,1220.0,1180.5,1200.0,7007.0,1200.0,1158.1,1137.0,1114.02,1237.5933333333332,1485.27,False,False,False,False,False,False,False,False,False,False,False,0.0125,0.0979166666666666,,,0.07165,-0.0313277777777777,0.0691666666666666,-0.0441666666666666,-0.0035014194215656,-0.0591908531222515,1195.5,1378.0,1.6234939759036144,-0.0001615769914364,0.0020642352505308,0.0008144553751211
2011-10-14,1192.5,1215.0,1171.0,1179.5,3725.0,1179.5,1172.3,1140.05,1117.4,1232.92,1486.1675,False,False,False,False,False,False,True,False,True,False,False,0.0563798219584569,0.0979228486646884,,,0.0526494277236116,-0.0452903772785079,0.0279779567613395,-0.042814752013565,-0.0037904595053476,-0.0479803517389588,1107.5,1366.0,0.5316112458969602,0.0030248791838196,0.0031864561752561,-0.0002890400837819
2011-10-17,1205.0,1206.0,1161.5,1164.0,2966.0,1164.0,1176.3,1142.7,1116.66,1226.7066666666667,1487.0075,False,False,False,False,False,False,False,False,False,True,False,0.111254295532646,0.1254295532646048,,,0.0406701030927834,-0.0538717067583047,0.0691580756013745,-0.0206185567010309,-0.0050650522265578,-0.035529885359237,1145.5,1353.5,0.7962416107382551,-0.0006626905235255,-0.0036875697073452,-0.0012745927212102
2011-10-18,1147.5,1182.0,1140.5,1182.0,2067.0,1182.0,1182.7,1147.9,1116.6,1219.9666666666667,1488.1425,False,False,False,False,False,False,False,False,False,False,False,0.1387478849407783,0.0558375634517766,,,0.0553299492385787,-0.0321206993795826,0.010575296108291,-0.0033840947546531,-0.0055247411131451,-0.0252635246972732,1207.0,1360.0,0.6968981793661497,-5.373455131665127e-05,0.0006089559722088,-0.0004596888865873
2011-10-19,1195.0,1201.0,1160.5,1190.0,3063.0,1190.0,1183.1,1157.1,1117.88,1214.0666666666666,1489.2175,False,False,False,False,False,False,True,False,True,False,False,0.0966386554621848,0.0302521008403361,,,0.0606050420168066,-0.0202240896358542,-0.0126050420168067,-0.0042016806722689,-0.0048597001812092,-0.0190130498660444,1178.5,1480.0,1.481857764876633,0.0011450245106811,0.0011987590619977,0.0006650409319359
2011-10-20,1205.5,1240.0,1200.0,1215.0,9459.0,1215.0,1186.1,1172.1,1121.96,1210.68,1490.2175,False,False,False,False,False,False,True,False,False,False,False,0.0843621399176954,0.0288065843621399,,,0.0765761316872427,0.0035555555555555,0.0111111111111111,-0.0625514403292181,-0.0027973260206384,-0.0222677245968773,1099.0,1463.5,3.088148873653281,0.0036364932796177,0.0024914687689366,0.0020623741605707
2011-10-21,1240.0,1250.0,1227.5,1246.0,7033.0,1246.0,1199.4,1185.85,1127.16,1207.76,1491.37,False,False,False,False,False,False,True,False,False,False,False,0.0393258426966292,0.0545746388443017,,,0.0953772070626002,0.0306902086677367,-0.0008025682182985,-0.1300160513643659,-0.0024176988805723,-0.0370620230214612,1072.5,1440.0,0.7435246854847235,0.0046133645622627,0.0009768712826449,0.000379627140066
2011-10-24,1267.5,1299.0,1262.0,1293.5,8884.0,1293.5,1225.3,1200.8,1137.02,1205.7,1492.76,False,False,False,False,False,False,True,False,False,False,False,0.0127560881329725,-0.0003865481252415,,,0.1209741012756088,0.0678778507924236,-0.0529570931580981,-0.16505604947816,-0.001708551049183,-0.0511325782811457,1024.5,1402.0,1.2631878288070524,0.0086717911734181,0.0040584266111554,0.0007091478313893
2011-10-25,1294.0,1346.5,1275.5,1346.0,9770.0,1346.0,1258.1,1220.4,1149.56,1204.62,1494.455,False,False,False,False,False,False,True,False,False,False,False,-0.0728083209509658,-0.0304606240713224,,,0.1459435364041605,0.105037147102526,-0.0787518573551263,-0.1927934621099554,-0.0008965482890871,-0.073459521468371,1065.0,1357.5,1.09972985141828,0.0109085215212776,0.0022367303478595,0.0008120027600958
2011-10-26,1325.0,1346.0,1303.0,1305.0,6457.0,1305.0,1281.1,1232.1,1157.76,1202.8933333333334,1495.87,False,False,False,False,False,False,True,False,False,True,False,-0.0605363984674329,-0.0333333333333333,,,0.1128275862068965,0.0782426564495529,-0.0409961685823754,-0.1344827586206896,-0.0014354279126992,-0.0830289749208667,1125.0,1290.5,0.6609007164790174,0.0070826423438364,-0.0038258791774412,-0.000538879623612
2011-10-27,1290.0,1324.0,1268.0,1317.5,5097.0,1317.5,1301.6,1243.85,1166.94,1201.08,1497.3225,False,False,False,False,False,False,True,False,False,False,False,-0.0512333965844402,-0.0584440227703984,,,0.1142770398481973,0.0883643263757116,-0.0360531309297912,-0.1764705882352941,-0.0015097523340106,-0.096675644169313,1142.5,1327.5,0.7893758711475918,0.007866728366497,0.0007840860226606,-7.432442131143427e-05
2011-10-28,1330.0,1335.5,1294.0,1295.0,4329.0,1295.0,1311.4,1255.4,1177.08,1199.68,1498.7225,False,False,False,False,False,False,True,False,False,False,False,0.0146718146718146,0.0189189189189189,,,0.0910579150579151,0.0736061776061775,-0.0455598455598455,-0.1907335907335907,-0.0011669778607627,-0.1114385853114545,1139.0,1268.0,0.8493231312536786,0.008614537669487,0.00074780930299,0.0003427744732478
2011-10-31,1319.5,1330.0,1307.0,1310.0,3101.0,1310.0,1314.7,1270.0,1184.88,1199.1066666666666,1500.32,False,False,False,False,False,False,True,False,False,True,False,-0.0129770992366412,-0.0030534351145038,,,0.0955114503816793,0.0846513994910942,-0.0545801526717557,-0.1793893129770992,-0.0004781337217707,-0.126771653543307,1215.0,1322.5,0.7163317163317163,0.0065829451083655,-0.0020315925611215,0.0006888441389919
2011-11-01,1300.0,1300.0,1245.0,1248.0,5153.0,1248.0,1295.1,1276.6,1192.68,1197.8266666666666,1501.4125,False,False,False,False,False,False,True,False,False,True,False,0.0456730769230769,0.0224358974358974,,,0.044326923076923,0.0402029914529915,-0.0340544871794871,-0.1229967948717948,-0.001068602023665,-0.1378270405765312,1228.0,1268.0,1.6617220251531764,0.0065398933494314,-4.305175893406284e-05,-0.0005904683018942
2011-11-02,1210.0,1242.5,1201.0,1226.0,4565.0,1226.0,1279.3,1280.2,1198.02,1195.8733333333332,1502.35,False,True,False,False,False,False,True,False,False,True,False,0.0289559543230016,0.0599510603588907,,,0.0228221859706362,0.0245731375747689,-0.0252854812398042,-0.1068515497553018,-0.0016333948411482,-0.1472816747383221,1250.0,1181.0,0.8858917135649137,0.0044573546351479,-0.0020825387142835,-0.0005647928174831
2011-11-04,1256.0,1263.0,1225.0,1250.0,2866.0,1250.0,1265.8,1283.7,1205.5,1194.1666666666667,1502.9875,False,False,False,False,False,False,True,False,False,False,False,-0.0076,0.0264,,,0.0356,0.0446666666666666,-0.0376,-0.1204,-0.0014291695743194,-0.1526836488276076,1204.5,1053.0,0.6278203723986856,0.0062048942347573,0.0017475395996094,0.0002042252668287
2011-11-07,1255.5,1315.0,1250.0,1314.0,5023.0,1314.0,1269.6,1290.5,1212.1,1193.4733333333334,1502.695,False,False,False,False,False,False,True,False,False,True,False,0.0041856925418569,-0.0772450532724505,,,0.0775494672754947,0.0917250126839167,-0.0833333333333333,-0.1792237442922374,-0.0005809374319214,-0.1575745834947694,1095.0,1087.0,1.7526168876482904,0.0054450952891674,-0.0007597989455898,0.000848232142398
2011-11-08,1325.0,1332.0,1290.0,1293.0,6948.0,1293.0,1266.2,1290.45,1218.32,1192.6666666666667,1502.705,False,False,False,False,False,False,True,False,False,True,False,0.0100541376643464,-0.0375096674400618,,,0.0577571539056458,0.0775973188966227,-0.0951276102088167,-0.1832946635730858,-0.0006763555058691,-0.1594017590762912,1182.5,1097.5,1.3832371092972326,0.0051053910302712,-0.0003397042588962,-9.541807394771958e-05
2011-11-09,1300.5,1317.5,1295.0,1305.0,4336.0,1305.0,1277.6,1286.35,1225.32,1191.9333333333334,1503.045,False,False,False,False,False,False,True,False,False,False,False,-0.0222222222222222,-0.0846743295019157,,,0.0610574712643678,0.0866411238825031,-0.1268199233716475,-0.1954022988505747,-0.0006152469377482,-0.1595599953356396,1183.5,1187.5,0.6240644789867588,0.0057127933927463,0.0006074023624751,6.110856812094854e-05
2011-11-10,1260.0,1272.5,1250.5,1261.5,2722.0,1261.5,1284.7,1282.0,1231.86,1189.02,1503.0225,False,False,False,False,False,False,True,False,False,True,False,0.0301228695996829,-0.068569163694015,,,0.0234958382877527,0.0574554102259215,-0.1030519223147047,-0.1779627427665477,-0.0024501970810696,-0.1639235569422777,1158.0,1240.5,0.6277675276752768,0.0053090448589936,-0.0004037485337526,-0.0018349501433214
2011-11-11,1265.0,1269.0,1212.0,1240.5,3657.0,1240.5,1282.8,1274.3,1238.88,1186.0466666666666,1503.0725,False,False,False,False,False,False,True,False,False,False,False,0.034260378879484,-0.0096735187424425,,,0.0013059250302296,0.0438962783823727,-0.0810157194679564,-0.143490528012898,-0.0025069277768722,-0.1606372125873028,1113.0,1195.5,1.3434974283614989,0.0056664083688494,0.0003573635098557,-5.673069580257621e-05
2011-11-14,1299.5,1336.5,1286.0,1319.5,7367.0,1319.5,1283.9,1276.75,1247.32,1184.44,1504.02,False,False,False,False,False,False,True,False,False,False,False,-0.0810913224706328,-0.0564607805987116,,,0.0547025388404699,0.1023569533914361,-0.1367942402425161,-0.2072754831375521,-0.0013564778854704,-0.1624045427844135,1116.0,1107.5,2.0144927536231885,0.0067665073918479,0.0011000990229985,0.0011504498914017
2011-11-15,1335.0,1342.5,1306.0,1306.0,5442.0,1306.0,1286.5,1276.35,1253.8,1183.16,1504.525,False,False,False,False,False,False,True,False,False,True,False,-0.0470903522205206,-0.062021439509954,,,0.0399693721286371,0.0940581929555895,-0.1431852986217457,-0.2040581929555895,-0.0010818486088102,-0.1649234144239433,1047.0,1145.5,0.7386996063526537,0.0051682884032541,-0.0015982189885938,0.0002746292766601
2011-11-16,1300.0,1315.5,1269.5,1276.0,3472.0,1276.0,1280.7,1279.15,1258.84,1182.0733333333333,1504.7025,False,False,False,False,False,False,True,False,False,True,True,-0.0638714733542319,-0.0282131661442006,,,0.013448275862069,0.0736102403343783,-0.1457680250783699,-0.1955329153605015,-0.0009192887074125,-0.172067388500176,1032.5,1207.0,0.6380007350238883,0.0040036859330812,-0.0011646024701729,0.0001625599013977
2011-11-17,1260.5,1299.5,1252.5,1299.5,2096.0,1299.5,1288.3,1286.5,1263.3,1182.1933333333334,1505.225,False,False,False,False,False,False,True,True,False,True,False,-0.0958060792612543,-0.036937283570604,,,0.0278568680261639,0.0902706169039373,-0.1769911504424778,-0.2016160061562139,0.0001015062398142,-0.1812670034978624,1100.0,1178.5,0.6036866359447005,0.0035304361592654,-0.0004732497738157,0.0010207949472267
2011-11-18,1270.0,1290.0,1266.0,1283.0,1518.0,1283.0,1296.8,1289.8,1266.62,1181.6,1505.6475,False,False,False,False,False,False,True,False,False,True,False,-0.0424785658612626,-0.010132501948558,,,0.0127669524551832,0.079033515198753,-0.1504286827747467,-0.1749805144193296,-0.0005021439855564,-0.1865405489223134,1088.0,1099.0,0.7242366412213741,0.0026211492002336,-0.0009092869590318,-0.0006036502253706
2011-11-21,1279.0,1282.5,1212.5,1212.5,2970.0,1212.5,1275.4,1279.65,1267.94,1180.86,1505.3075,False,False,False,False,False,False,True,False,False,True,False,0.0268041237113402,0.019381443298969,,,-0.0457237113402062,0.0260948453608248,-0.0894845360824742,-0.1142268041237113,-0.0006266619243602,-0.1804399640526707,1041.5,1072.5,1.9565217391304348,0.0010410587251763,-0.0015800904750572,-0.0001245179388037
2011-11-22,1192.5,1257.5,1190.0,1244.5,3010.0,1244.5,1263.1,1274.8,1271.16,1179.82,1505.305,False,False,False,False,False,False,True,False,False,False,False,-0.0156689433507432,-0.0048212133386902,,,-0.0214222579349136,0.0519726797910808,-0.1161108879067898,-0.1370028123744475,-0.0008814903968401,-0.1759099466582993,1115.0,1024.5,1.0134680134680134,0.0025331193555492,0.0014920606303728,-0.0002548284724799
2011-11-24,1227.5,1227.5,1190.0,1194.5,2296.0,1194.5,1246.8,1263.75,1271.66,1178.84,1504.665,False,False,False,False,False,False,True,False,False,True,False,0.0380912515696944,0.0092088740058601,,,-0.0645960652992884,0.0131100879028883,-0.0669736291335286,-0.1234826287149434,-0.00083132571002,-0.1689416419386745,1053.0,1065.0,0.7627906976744186,0.0003931868581224,-0.0021399324974268,5.016468682013007e-05
2011-11-25,1177.0,1212.0,1168.5,1175.0,1857.0,1175.0,1221.9,1255.1,1271.06,1178.76,1503.805,False,False,False,False,False,False,False,False,False,True,False,0.0651063829787234,0.0170212765957446,,,-0.0817531914893616,-0.0031999999999999,-0.0289361702127659,-0.1072340425531915,-6.786792901008452e-05,-0.1622579874113615,1092.5,1125.0,0.8087979094076655,-0.000472046952937,-0.0008652338110594,0.0007634577810099
2011-11-28,1200.0,1229.0,1185.5,1228.5,1888.0,1228.5,1211.0,1253.9,1271.6,1181.1,1503.5525,False,False,False,False,False,False,True,True,False,False,False,0.0337810337810337,-0.0207570207570207,,,-0.035083435083435,0.0385836385836386,-0.0761090761090761,-0.1416361416361416,0.0019812039624078,-0.1620942658904218,1063.0,1142.5,1.016693591814755,0.0004246618433469,0.0008967087962839,0.0020490718914179
2011-11-29,1232.5,1245.0,1210.0,1245.0,2631.0,1245.0,1217.5,1246.45,1271.56,1183.2066666666667,1503.16,False,False,False,False,False,False,False,True,False,True,False,-0.0072289156626506,-0.0325301204819277,,,-0.0213333333333332,0.0496331994645247,-0.1112449799196787,-0.1586345381526104,0.0017804722759057,-0.156965782823218,1149.0,1139.0,1.3935381355932204,-3.145742237878167e-05,-0.0004561192657257,-0.0002007316865021
2011-11-30,1239.0,1243.5,1210.0,1225.0,2229.0,1225.0,1213.6,1238.35,1268.82,1184.9066666666668,1502.81,False,False,False,False,False,False,False,True,False,True,False,0.0110204081632653,-0.0448979591836734,,,-0.0357714285714285,0.0327292517006802,-0.1171428571428571,-0.16,0.001434712157357,-0.1522994306940686,1137.5,1215.0,0.8472063854047891,-0.0021594867672325,-0.0021280293448537,-0.0003457601185486
2011-12-01,1264.5,1265.0,1231.0,1240.0,2675.0,1240.0,1222.7,1234.75,1264.58,1185.6066666666666,1502.59,False,False,False,False,False,False,False,True,False,True,False,-0.0278225806451612,-0.0810483870967742,,,-0.0198225806451612,0.0438655913978495,-0.1399193548387096,-0.157258064516129,0.0005904150336535,-0.1483296213808464,1130.0,1228.0,1.2000897263346793,-0.0033528918692372,-0.0011934051020046,-0.0008442971237035
2011-12-02,1240.0,1255.0,1227.0,1251.5,1367.0,1251.5,1238.0,1229.95,1262.44,1185.753333333333,1502.45,False,False,False,False,False,False,False,True,False,False,False,-0.045145825009988,-0.0958849380743108,,,-0.0087415101877747,0.0525342921827142,-0.1642029564522573,-0.1594087095485417,0.0001236907057678,-0.143826984836782,1098.0,1250.0,0.5110280373831776,-0.0016951300655871,0.00165776180365,-0.0004667243278856
2011-12-05,1265.0,1275.0,1237.5,1270.0,2120.0,1270.0,1246.3,1228.65,1260.54,1186.746666666667,1502.375,False,False,False,False,True,False,False,True,False,False,False,-0.052755905511811,-0.1023622047244094,,,0.0074488188976378,0.065553805774278,-0.1653543307086614,-0.1968503937007874,0.0008370222232212,-0.1460546127863916,1065.0,1204.5,1.5508412582297,-0.0015072905262824,0.0001878395393047,0.0007133315174534
2011-12-06,1271.0,1271.0,1234.0,1236.0,2246.0,1236.0,1244.5,1231.0,1258.18,1188.46,1501.475,False,False,False,False,False,False,False,True,False,True,False,-0.0254854368932038,-0.0784789644012945,,,-0.0179449838187702,0.038462783171521,-0.1626213592233009,-0.169093851132686,0.0014416415641528,-0.1515028432168968,1108.5,1095.0,1.0594339622641509,-0.0018757252539381,-0.0003684347276556,0.0006046193409315
2011-12-07,1249.5,1258.5,1228.0,1238.5,1627.0,1238.5,1247.2,1230.4,1255.32,1189.7,1499.4925,False,False,False,False,False,False,False,True,False,True,False,-0.055308841340331,-0.0964876867178037,,,-0.0135809446911586,0.0394025030278562,-0.199838514331853,-0.1635042389987888,0.0010422795662772,-0.1541775032509753,1144.0,1182.5,0.7243989314336599,-0.0022783035401332,-0.0004025782861951,-0.0003993619978756
2011-12-08,1221.0,1229.5,1205.0,1205.5,2495.0,1205.5,1240.3,1231.5,1253.62,1189.68,1497.8325,False,False,False,False,False,False,False,False,False,False,False,-0.0547490667772708,-0.0958108668602239,,,-0.0399170468685192,0.0131231854002488,-0.2044794690999585,-0.1003732890916632,-1.6811243359543582e-05,-0.1518879415347137,1150.0,1183.5,1.533497234173325,-0.0013560728131332,0.000922230727,-0.0010590908096367
2011-12-09,1186.5,1209.0,1186.5,1195.0,1692.0,1195.0,1229.0,1233.5,1252.38,1189.9,1495.62,False,False,False,False,False,False,False,True,False,False,False,-0.0531380753138075,-0.105020920502092,,,-0.0480167364016737,0.0042677824267781,-0.201255230125523,-0.0941422594142259,0.0001848894865114,-0.1505472233481962,1188.0,1158.0,0.6781563126252504,-0.0009901148213799,0.0003659579917532,0.000201700729871
2011-12-12,1215.0,1218.5,1192.0,1203.0,1626.0,1203.0,1215.6,1230.95,1250.5,1191.2866666666666,1492.6475,False,False,False,False,False,False,False,True,False,True,False,-0.0523690773067331,-0.0939318370739817,,,-0.0394846217788861,0.0097367691881407,-0.1916043225270157,-0.1217788861180382,0.0011640075436641,-0.1486250456964133,1200.0,1113.0,0.9609929078014184,-0.0015033986405438,-0.0005132838191639,0.0009791180571526
2011-12-13,1190.5,1206.0,1190.5,1204.5,1139.0,1204.5,1209.3,1226.9,1246.12,1193.0466666666666,1489.22,False,False,False,False,False,False,False,True,False,True,False,-0.0543794105437941,-0.0834371108343711,,,-0.0345537567455374,0.0095087864950879,-0.1926110419261104,-0.1311747613117476,0.0014752147163843,-0.1458961610563208,1179.5,1116.0,0.7004920049200491,-0.0035149102815139,-0.00201151164097,0.0003112071727202
2011-12-14,1201.0,1204.0,1168.0,1170.0,2487.0,1170.0,1195.6,1221.4,1241.2,1194.986666666667,1485.82,False,False,False,False,False,False,False,True,False,True,False,-0.0435897435897435,-0.0598290598290598,,,-0.0608547008547008,-0.0213561253561255,-0.1688034188034188,-0.1081196581196581,0.0016234490761405,-0.1408629441624367,1164.0,1047.0,2.183494293239684,-0.0039639058975184,-0.0004489956160044,0.0001482343597561
2011-12-15,1146.5,1147.5,1116.0,1139.5,5460.0,1139.5,1182.4,1211.35,1234.58,1195.98,1483.105,False,False,False,False,False,False,False,True,False,True,False,-0.0434401053093462,-0.0219394471259324,,,-0.0834401053093461,-0.0495655989469065,-0.1136463361123299,-0.0996050899517332,0.0008305601542944,-0.1353035869071696,1182.0,1032.5,2.195416164053076,-0.005362147450955,-0.0013982415534366,-0.000792888921846
2011-12-16,1139.5,1155.0,1125.5,1131.5,1341.0,1131.5,1169.7,1199.35,1229.38,1196.0666666666666,1480.925,False,False,False,False,False,False,False,True,False,False,False,-0.0547945205479452,0.0083959346000883,,,-0.0865046398585948,-0.0570628958609514,-0.0958904109589041,-0.0733539549270879,7.245972911202373e-05,-0.1269437612039855,1190.0,1100.0,0.2456043956043956,-0.0042297743578062,0.0011323730931488,-0.0007581004251824
2011-12-19,1139.5,1158.0,1107.5,1140.0,3180.0,1140.0,1157.1,1186.35,1225.36,1196.0333333333333,1478.825,False,False,False,False,False,False,False,False,False,False,False,-0.043859649122807,-0.0043859649122807,,,-0.074877192982456,-0.0491520467836257,-0.0964912280701754,-0.094298245614035,-2.786990329141023e-05,-0.1163231761284612,1215.0,1088.0,2.371364653243848,-0.0032806685382256,0.0009491058195805,-0.0001003296324034
2011-12-20,1147.0,1160.0,1131.5,1139.0,3456.0,1139.0,1144.0,1176.65,1218.14,1196.0333333333333,1475.5825,False,False,False,False,False,False,False,False,False,True,False,-0.0307287093942054,-0.0285338015803336,,,-0.0694820017559263,-0.0500731635937957,-0.0122914837576821,-0.1084284460052677,0.0,-0.1100157226023031,1246.0,1041.5,1.0867924528301889,-0.0059270691381941,-0.0026464005999684,2.786990329141023e-05
2011-12-21,1145.0,1148.0,1116.0,1119.0,1748.0,1119.0,1133.8,1164.7,1210.66,1194.753333333333,1472.1775,False,False,False,False,False,False,False,False,False,True,False,-0.0169794459338695,-0.0335120643431635,,,-0.0819124218051832,-0.0676973488233539,-0.0125111706881143,-0.0889186773905272,-0.0010713508506639,-0.102301021722332,1293.5,1115.0,0.5057870370370371,-0.0061784481192077,-0.0002513789810135,-0.0010713508506639
2011-12-22,1111.0,1112.5,1085.5,1090.0,2195.0,1090.0,1123.9,1153.15,1203.22,1192.9133333333334,1468.1525,False,False,False,False,False,False,False,False,False,True,False,0.0224770642201834,-0.0215596330275229,,,-0.1038715596330275,-0.0944159021406728,0.0761467889908256,-0.0711009174311926,-0.0015424423120984,-0.0995533972163206,1346.0,1053.0,1.255720823798627,-0.0061834078555875,-4.959736379832672e-06,-0.0004710914614345
2011-12-26,1100.0,1100.0,1056.0,1069.5,2081.0,1069.5,1111.5,1140.6,1194.02,1190.506666666667,1464.5,False,False,False,False,False,False,False,False,False,True,False,0.0668536699392239,-0.0219728845254791,,,-0.1164282374941561,-0.1131432133395669,0.0649836372136512,-0.0397381954184198,-0.0020215482483647,-0.0945116605295458,1305.0,1092.5,0.9480637813211844,-0.0077050635667744,-0.0015216557111869,-0.0004791059362663
2011-12-27,1070.0,1096.5,1065.0,1090.0,2104.0,1090.0,1101.5,1129.3,1186.3,1188.98,1460.6375,False,False,True,False,False,False,False,False,False,False,False,0.0412844036697247,-0.0275229357798165,,,-0.0883486238532109,-0.0908073394495413,0.0522935779816513,-0.0637614678899082,-0.0012840137484792,-0.0886389798990524,1317.5,1063.0,1.0110523786641037,-0.006507628761696,0.0011974348050784,0.0007375344998854
2011-12-28,1083.0,1123.0,1076.0,1104.0,2175.0,1104.0,1094.5,1119.25,1181.96,1189.1,1456.97,False,False,False,False,False,False,False,True,False,False,False,0.0022644927536231,-0.0625,,,-0.0706159420289855,-0.0770833333333332,0.0226449275362318,-0.0330615942028985,0.0001009166596584,-0.0785794058521331,1295.0,1149.0,1.033745247148289,-0.0036718670682594,0.0028357616934366,0.0013849304081377
2011-12-29,1099.0,1118.5,1091.0,1100.0,1852.0,1100.0,1090.7,1112.25,1176.18,1188.0,1453.6575,False,False,False,False,False,False,False,False,False,True,False,-0.0168181818181818,-0.099090909090909,,,-0.0692545454545455,-0.08,0.0363636363636363,-0.0277272727272727,-0.0009259259259258,-0.0704427961339626,1310.0,1137.5,0.8514942528735632,-0.0049142138108112,-0.0012423467425518,-0.0010268425855843
2011-12-30,1103.0,1120.0,1096.5,1114.5,1385.0,1114.5,1095.6,1109.75,1172.98,1187.08,1450.33,False,False,False,False,False,False,False,False,False,False,False,-0.0430686406460296,-0.1395244504262001,,,-0.0524719605204127,-0.0651233737101838,0.05697622252131,-0.034993270524899,-0.0007750109512417,-0.0638882631223249,1248.0,1130.0,0.7478401727861771,-0.0027280942556565,0.0021861195551546,0.000150914974684
2012-01-04,1127.5,1157.5,1125.0,1141.0,2872.0,1141.0,1109.9,1110.7,1171.62,1186.8533333333332,1447.385,False,False,False,False,False,False,False,False,False,False,False,-0.0832602979842243,-0.163453111305872,,,-0.0268361086765993,-0.0401869704937188,0.0385626643295354,-0.0446976336546888,-0.0001909811939695,-0.0609525524444044,1226.0,1098.0,2.0736462093862817,-0.0011607859203497,0.0015673083353068,0.0005840297572722
2012-01-05,1134.0,1164.0,1129.5,1135.0,2876.0,1135.0,1118.9,1110.2,1167.88,1187.1466666666668,1444.76,False,False,False,False,False,False,False,True,False,True,False,-0.066079295154185,-0.1431718061674008,,,-0.0289691629955948,-0.0459441997063143,0.0035242290748898,-0.0577092511013215,0.0002470910642887,-0.0571969014591965,1250.0,1065.0,1.001392757660167,-0.0032023838065552,-0.0020415978862055,0.0004380722582582
2012-01-06,1130.0,1140.0,1100.5,1106.5,2087.0,1106.5,1119.4,1106.95,1162.34,1187.02,1443.4925,False,False,False,False,False,False,False,False,False,True,False,-0.0646181653863533,-0.1211025756891098,,,-0.0504654315408946,-0.0727699954812471,-0.0203343877089923,-0.0420244012652507,-0.0001067097998911,-0.050408780884412,1314.0,1108.5,0.7256606397774688,-0.0047662473974914,-0.0015638635909361,-0.0003538008641798
2012-01-10,1104.5,1109.5,1081.0,1081.5,1718.0,1081.5,1115.7,1103.2,1156.6,1187.48,1442.65,False,False,False,False,False,False,False,True,False,True,False,-0.0836800739713361,-0.1007859454461396,,,-0.0694405917706887,-0.0979935275080906,-0.001386962552011,-0.001386962552011,0.0003873749452622,-0.0416968817984046,1293.0,1144.0,0.82319118351701,-0.0049628220646723,-0.0001965746671808,0.0004940847451534
2012-01-11,1073.5,1096.0,1058.5,1066.5,2479.0,1066.5,1106.1,1100.85,1149.66,1187.9333333333334,1440.9325,False,False,False,False,False,False,False,True,False,True,False,-0.1007969995311767,-0.0529770276605719,,,-0.0779746835443038,-0.1138615408657603,0.0187529301453352,0.0023441162681669,0.0003816151299175,-0.0345187809419993,1305.0,1150.0,1.4429569266589055,-0.0060365673329504,-0.0010737452682781,-5.759815344727156e-06
2012-01-12,1062.5,1076.0,1032.5,1046.0,2894.0,1046.0,1087.1,1098.5,1141.44,1187.2133333333334,1439.2125,False,False,False,False,False,False,False,False,False,True,False,-0.0874760994263862,-0.0219885277246653,,,-0.0912428298279159,-0.1350031867431485,0.0798279158699808,0.0334608030592734,-0.0006064621915746,-0.0275375512061902,1261.5,1188.0,1.1674062121823316,-0.0072014297729184,-0.0011648624399679,-0.0009880773214922
2012-01-13,1040.0,1064.5,1035.0,1060.0,1848.0,1060.0,1072.1,1095.5,1133.04,1186.84,1436.525,False,False,False,False,False,False,False,False,False,True,False,-0.0825471698113207,-0.0283018867924528,,,-0.0689056603773584,-0.1196603773584904,0.0235849056603773,-0.010377358490566,-0.0003145607944907,-0.0222729347329987,1240.5,1200.0,0.6385625431928127,-0.0074136835416226,-0.0002122537687041,0.0002919013970839
2012-01-16,1035.0,1046.0,1031.0,1035.0,1542.0,1035.0,1057.8,1088.6,1125.0,1186.753333333333,1433.375,False,False,False,False,False,False,False,False,False,False,False,-0.0603864734299516,0.0869565217391304,,,-0.0869565217391304,-0.1466215780998387,0.0125603864734299,0.0502415458937198,-7.302837433233688e-05,-0.0142844019841998,1319.5,1179.5,0.8344155844155844,-0.0071466666666666,0.0002670168749559,0.0002415324201584
2012-01-17,1035.5,1036.5,987.5,991.0,4400.0,991.0,1039.7,1077.7,1115.1,1185.1,1429.955,False,False,False,False,False,False,False,False,False,True,False,-0.0186680121089808,0.1150353178607467,,,-0.1252270433905145,-0.1958627648839555,0.0847628657921291,0.0645812310797174,-0.0013951002728319,-0.005660202282639,1306.0,1164.0,2.853437094682231,-0.0088781275221954,-0.0017314608555287,-0.0013220718984996
2012-01-18,985.0,1008.0,959.0,959.0,4346.0,959.0,1018.2,1062.15,1105.24,1183.8466666666666,1426.55,False,False,False,False,False,False,False,False,False,True,False,0.0531803962460896,0.2231491136600625,,,-0.1524921793534932,-0.2344595064303092,0.1412930135557872,0.1074035453597497,-0.0010586956644159,0.0076260415195592,1276.0,1182.0,0.9877272727272728,-0.0089211393000614,-4.301177786603279e-05,0.0003364046084159
2012-01-19,970.0,972.5,915.0,954.5,6621.0,954.5,999.9,1043.5,1095.62,1182.006666666667,1422.5725,False,False,False,False,False,False,False,False,False,False,False,0.071765322158198,0.1932949188056574,,,-0.1478470403352539,-0.2383516675397243,0.1471974855945521,0.0576217915138816,-0.0015566748072484,0.0179204599904169,1299.5,1190.0,1.523469857340083,-0.0087804165677882,0.0001407227322732,-0.0004979791428324
2012-01-20,959.5,972.5,936.0,972.5,4088.0,972.5,982.4,1027.25,1086.4,1180.8,1418.9975,False,False,False,False,False,False,False,False,False,False,False,0.0591259640102827,0.1794344473007712,,,-0.117120822622108,-0.2141902313624678,0.1305912596401028,0.058611825192802,-0.001021906052394,0.0301289851545388,1283.0,1215.0,0.6174293913306147,-0.0084867452135491,0.000293671354239,0.0005347687548543
2012-01-23,985.0,1017.5,969.0,972.5,5553.0,972.5,969.9,1013.85,1077.12,1178.4466666666667,1415.2725,False,False,False,False,False,False,False,False,False,True,False,0.1568123393316195,0.1609254498714653,,,-0.1075784061696657,-0.211770351328192,0.1089974293059126,0.0051413881748071,-0.0019969790741483,0.0356068451940622,1212.5,1246.0,1.3583659491193738,-0.008615567439097,-0.0001288222255478,-0.0009750730217542
2012-01-24,981.5,989.0,944.0,972.5,5467.0,972.5,966.2,1002.95,1069.22,1176.246666666667,1411.11,False,False,False,False,False,False,False,False,False,False,False,0.1362467866323907,0.1722365038560411,,,-0.0994550128534704,-0.209508140531277,0.0858611825192802,0.0308483290488431,-0.0018703559910901,0.039134553068448,1244.5,1293.5,0.9845128759229246,-0.0073885636258205,0.0012270038132764,0.0001266230830582
2012-01-25,985.0,1010.0,970.0,1010.0,5685.0,1010.0,976.4,997.3,1064.04,1174.6466666666668,1406.96,False,False,False,False,False,False,False,False,False,False,False,0.1613861386138614,0.1663366336633663,,,-0.0535049504950494,-0.1630165016501651,0.0396039603960396,0.0297029702970297,-0.0013621117272145,0.0421137070089241,1194.5,1346.0,1.039875617340406,-0.0048682380361641,0.0025203255896564,0.0005082442638756
2012-01-26,1030.0,1032.5,1002.5,1023.0,5177.0,1023.0,990.1,995.0,1059.7,1173.6466666666668,1402.95,False,False,False,False,False,False,False,False,False,False,False,0.1133919843597262,0.158357771260997,,,-0.0358748778103617,-0.1472596937113067,0.0136852394916911,0.0268817204301075,-0.000852045192477,0.0414572864321608,1175.0,1305.0,0.910642040457344,-0.0040954987260544,0.0007727393101096,0.0005100665347375
2012-01-27,1040.0,1040.0,1023.0,1030.0,3864.0,1030.0,1001.6,992.0,1055.3,1173.18,1398.9375,False,False,False,False,False,False,False,False,False,True,False,0.1135922330097087,0.1058252427184466,,,-0.0245631067961164,-0.1390097087378641,0.0315533980582524,0.0427184466019417,-0.0003977792552436,0.0471270161290322,1228.5,1317.5,0.7463782113192969,-0.0041694304936985,-7.39317676440943e-05,0.0004542659372334
2012-01-30,1150.0,1154.5,1080.0,1125.0,13311.0,1125.0,1032.1,1001.0,1054.74,1173.4,1394.9375,False,False,False,False,True,False,False,True,False,False,True,0.0035555555555555,-0.0364444444444444,,,0.0624533333333333,-0.0430222222222223,-0.0702222222222222,-0.0795555555555555,0.0001874893471962,0.0325674325674324,1245.0,1295.0,3.444875776397516,-0.0005309365341221,0.0036384939595764,0.0005852686024398
2012-01-31,1107.5,1124.0,1095.0,1105.0,5182.0,1105.0,1058.6,1012.4,1054.18,1172.88,1391.0625,False,False,False,False,False,False,False,False,False,True,False,0.0316742081447963,-0.0226244343891402,,,0.0459909502262442,-0.0614298642533937,-0.0592760180995475,-0.1330316742081448,-0.000443353113703,0.0113591465823785,1225.0,1310.0,0.3893020809856509,-0.0005312185774724,-2.820433503845834e-07,-0.0006308424608992
2012-02-01,1111.0,1174.0,1103.0,1173.0,10489.0,1173.0,1091.2,1033.8,1057.5,1173.1866666666667,1387.715,False,False,False,False,False,False,True,True,True,False,False,0.0042625745950554,-0.0737425404944586,,,0.09846547314578,-0.0001591361182154,-0.1248934356351236,-0.1922421142369991,0.0002613963109024,-0.0206519636293286,1240.0,1248.0,2.0241219606329603,0.0031394799054372,0.0036706984829097,0.0007047494246054
2012-02-02,1190.0,1204.5,1124.0,1139.0,12832.0,1139.0,1114.4,1052.25,1060.28,1172.5333333333333,1384.2475,False,False,False,False,False,False,True,False,False,True,False,0.0403863037752414,-0.0083406496927129,,,0.0691132572431958,-0.0294410301434006,-0.0891132572431957,-0.2462686567164179,-0.0005571980896066,-0.0521739130434782,1251.5,1226.0,1.2233768710077224,0.0026219489191534,-0.0005175309862838,-0.000818594400509
2012-02-03,1141.0,1156.5,1126.0,1147.0,6090.0,1147.0,1137.8,1069.7,1062.56,1171.8266666666666,1380.5075,False,False,False,False,False,False,True,False,False,True,False,-0.006974716652136,-0.054054054054054,,,0.0736181342632956,-0.0216448706771286,-0.0771578029642545,-0.2598081952920663,-0.0006030470945646,-0.0845096756099842,1270.0,1250.0,0.4745947630922693,0.002145761180545,-0.0004761877386083,-4.584900495802015e-05
2012-02-06,1157.5,1162.5,1124.0,1129.0,4633.0,1129.0,1138.6,1085.35,1063.56,1171.1533333333334,1377.09,False,False,False,False,False,False,True,False,False,True,False,-0.0398582816651904,-0.0717449069973427,,,0.0579627989371125,-0.0373368762917036,-0.0487156775907883,-0.2838795394154119,-0.000574931833577,-0.1132814299534711,1236.0,1314.0,0.7607553366174056,0.0009402384444695,-0.0012055227360755,2.8115260987622136e-05
2012-02-07,1129.0,1142.5,1103.5,1140.0,2986.0,1140.0,1145.6,1102.1,1065.16,1170.8333333333333,1373.765,False,False,False,False,False,False,True,False,True,False,False,-0.0526315789473684,-0.0570175438596491,,,0.0656491228070174,-0.0270467836257309,-0.0578947368421052,-0.3245614035087719,-0.000273309608541,-0.1478540967244351,1238.5,1293.0,0.6445067990502914,0.0015021217469677,0.0005618833024982,0.0003016222250359
2012-02-08,1149.5,1187.5,1140.0,1178.0,6468.0,1178.0,1146.6,1118.9,1067.7,1170.78,1370.4425,False,False,False,False,False,False,True,False,False,False,False,-0.0776740237691001,-0.0708828522920203,,,0.0936332767402376,0.0061290322580645,-0.1112054329371816,-0.3213073005093378,-4.5553676466359886e-05,-0.1821431763338994,1205.5,1305.0,2.1661085063630274,0.0023789453966469,0.0008768236496792,0.0002277559320747
2012-02-09,1178.0,1192.5,1170.0,1185.0,4863.0,1185.0,1155.8,1135.1,1069.46,1170.7133333333334,1367.2675,False,False,False,False,False,False,True,False,False,True,False,-0.0468354430379746,-0.0759493670886076,,,0.0975021097046413,0.0120562587904359,-0.1147679324894514,-0.3438818565400844,-5.694533816983893e-05,-0.2178662672892256,1195.0,1261.5,0.7518552875695733,0.0016456903484001,-0.0007332550482468,-1.1391661703479045e-05
2012-02-10,1145.5,1165.0,1134.0,1139.0,6976.0,1139.0,1154.2,1146.0,1069.62,1169.7,1363.9875,False,False,False,False,False,False,True,False,False,True,False,-0.0474100087796312,-0.0346795434591747,,,0.0609130816505707,-0.0269534679543459,-0.0741878841088674,-0.3252853380158033,-0.0008663189991735,-0.2519633507853403,1203.0,1240.5,1.434505449311125,0.0001495858342213,-0.0014961045141787,-0.0008093736610037
2012-02-13,1135.0,1135.0,1077.0,1084.0,8094.0,1084.0,1145.2,1141.9,1068.72,1167.54,1360.4825,False,False,False,False,False,False,False,False,False,True,False,-0.033210332103321,-0.0050738007380073,,,0.0140959409594095,-0.0770664206642066,-0.0336715867158671,-0.3095018450184502,-0.0018500436815869,-0.2744110692705142,1204.5,1319.5,1.16026376146789,-0.0008421289018637,-0.0009917147360851,-0.0009837246824134
2012-02-14,1094.0,1099.0,1071.0,1080.0,4458.0,1080.0,1133.2,1139.4,1068.66,1164.6933333333334,1356.7825,False,False,False,False,False,False,False,False,False,False,False,-0.0046296296296296,-0.0222222222222222,,,0.0104999999999999,-0.0784197530864198,-0.0472222222222222,-0.3884259259259259,-0.0024441340782122,-0.2989292610145692,1170.0,1306.0,0.5507783543365455,-5.614507888378477e-05,0.0007859838229799,-0.0005940903966252
2012-02-15,1090.0,1090.0,1072.0,1086.5,3249.0,1086.5,1114.9,1130.75,1069.46,1161.2333333333331,1353.04,False,False,False,False,False,False,True,False,False,False,False,0.0073630924988495,-0.0335941095260009,,,0.0156833870225494,-0.0687835557600857,-0.0381960423377818,-0.3299585826046939,-0.0029795906650976,-0.3129781118726509,1139.5,1276.0,0.7288021534320323,0.0007480410674545,0.0008041861463383,-0.0005354565868854
2012-02-16,1086.5,1133.0,1086.0,1129.5,5054.0,1129.5,1103.8,1129.8,1072.8,1158.8933333333334,1349.075,False,False,False,False,False,False,True,False,True,False,False,-0.0305444887118193,-0.0818946436476317,,,0.050199203187251,-0.0260233141508042,-0.0686144311642319,-0.3457281983178397,-0.0020191677117247,-0.3229775181448044,1131.5,1299.5,1.5555555555555556,0.0031133482475763,0.0023653071801217,0.0009604229533729
2012-02-17,1133.0,1138.0,1074.0,1085.0,5550.0,1085.0,1093.0,1123.6,1073.8,1155.7933333333333,1344.75,False,False,False,False,False,False,True,False,False,True,False,0.0133640552995391,-0.02073732718894,,,0.0103225806451613,-0.0652473118279569,-0.0599078341013824,-0.2926267281105991,-0.0026821404057243,-0.3264951940192239,1140.0,1283.0,1.0981400870597546,0.0009312721177127,-0.0021820761298635,-0.0006629726939996
2012-02-20,1078.5,1078.5,1041.5,1048.0,4310.0,1048.0,1085.8,1115.5,1074.32,1152.5,1340.115,False,False,False,False,False,False,True,False,False,True,False,0.0291030534351145,-0.0019083969465648,,,-0.0251145038167938,-0.0997137404580152,-0.0200381679389312,-0.2891221374045801,-0.0028575560375993,-0.3272971761541909,1139.0,1212.5,0.7765765765765765,0.0004840271055178,-0.0004472450121949,-0.000175415631875
2012-02-21,1045.0,1087.0,1041.5,1075.0,2444.0,1075.0,1084.8,1109.0,1077.68,1149.3666666666666,1334.865,False,False,False,False,False,False,True,False,True,False,False,-0.0176744186046511,-0.0330232558139534,,,-0.002493023255814,-0.0691782945736433,-0.0362790697674418,-0.2702325581395349,-0.0027261390330907,-0.3220468890892696,1119.0,1244.5,0.5670533642691415,0.0031178086259373,0.0026337815204194,0.0001314170045086
2012-02-22,1075.0,1095.0,1062.5,1094.5,3022.0,1094.5,1086.4,1100.65,1083.1,1147.32,1329.3375,False,False,False,False,False,False,True,False,False,False,False,-0.0406578346276838,-0.0621288259479214,,,0.010415714938328,-0.048259479214253,-0.0091365920511649,-0.2809502055733212,-0.0017838673314041,-0.3180393403897697,1090.0,1194.5,1.2364975450081832,0.005004154741021,0.0018863461150836,0.0009422717016866
2012-02-23,1096.5,1107.0,1080.0,1095.0,2655.0,1095.0,1079.5,1091.65,1088.72,1145.5733333333333,1324.1125,False,False,False,False,False,False,True,False,False,False,False,-0.0529680365296803,-0.0525114155251141,,,0.0057351598173515,-0.0461856925418568,-0.0114155251141552,-0.2922374429223744,-0.0015247096068344,-0.3126459945953374,1069.5,1175.0,0.8785572468563865,0.0051620251304285,0.0001578703894075,0.0002591577245697
2012-02-24,1096.0,1104.5,1085.5,1099.5,1850.0,1099.5,1082.4,1087.7,1093.8,1143.5666666666666,1319.2975,False,False,False,False,False,False,True,False,False,True,False,-0.0336516598453842,-0.0372896771259663,,,0.0051841746248295,-0.0400788237077458,-0.0391086857662573,-0.2992269213278763,-0.0017547439298102,-0.3099659832674451,1090.0,1228.5,0.696798493408663,0.0046443591150118,-0.0005176660154166,-0.0002300343229758
2012-02-27,1108.0,1110.0,1076.0,1078.5,3672.0,1078.5,1088.5,1087.15,1098.04,1140.4266666666667,1314.415,False,False,False,False,False,False,True,False,False,True,False,-0.0301344459898006,-0.0041724617524339,,,-0.0181177561427908,-0.0574192551383094,-0.0296708391284191,-0.2883634677793231,-0.0027533554692979,-0.3078691992825277,1104.0,1245.0,1.9848648648648648,0.0038614258132672,-0.0007829333017445,-0.0009986115394876
2012-02-28,1050.5,1067.0,1045.0,1056.0,4631.0,1056.0,1084.7,1084.75,1101.38,1137.2666666666669,1309.295,False,False,False,False,False,False,True,False,False,True,False,-0.015625,0.0170454545454545,,,-0.0429734848484849,-0.0769570707070709,-0.0118371212121212,-0.2566287878787879,-0.0027785919456004,-0.2948605669509104,1100.0,1225.0,1.261165577342048,0.0030325591530626,-0.0008288666602046,-2.523647630250577e-05
2012-02-29,1056.0,1071.5,1044.0,1050.0,2795.0,1050.0,1075.8,1081.1,1102.98,1133.8666666666666,1304.4325,False,False,False,False,False,False,True,False,False,True,False,-0.0223809523809523,-0.0028571428571428,,,-0.0504571428571428,-0.0798730158730157,-0.0228571428571428,-0.2747619047619047,-0.0029985888993417,-0.2893811858292479,1114.5,1240.0,0.6035413517598791,0.0014506156049972,-0.0015819435480653,-0.0002199969537413
2012-03-01,1045.5,1058.5,1030.0,1037.0,2771.0,1037.0,1064.2,1071.85,1103.54,1130.8733333333332,1299.755,False,False,False,False,False,False,True,False,False,True,False,0.0004821600771456,0.0115718418514946,,,-0.064165863066538,-0.0905239472838314,0.011089681774349,-0.2415621986499518,-0.0026469218480112,-0.2788169986471987,1141.0,1251.5,0.9914132379248658,0.0005074578175688,-0.0009431577874284,0.0003516670513304
2012-03-02,1046.0,1063.5,1036.0,1062.5,2942.0,1062.5,1056.8,1069.6,1104.84,1128.5,1295.305,False,False,False,False,False,False,True,False,True,False,False,-0.0037647058823529,-0.0075294117647058,,,-0.0398494117647058,-0.0621176470588235,-0.028235294117647,-0.2,-0.0021030866932505,-0.2695867614061331,1135.0,1270.0,1.0617105738000725,0.0011766409615871,0.0006691831440182,0.0005438351547607
2012-03-05,1062.5,1068.5,1040.0,1046.0,1760.0,1046.0,1050.3,1069.4,1101.68,1124.8533333333332,1291.61,False,False,False,False,False,False,False,False,False,True,False,0.0267686424474187,0.001434034416826,,,-0.0532313575525813,-0.0753855959209686,-0.0291586998087954,-0.137189292543021,-0.0032419041297236,-0.2547222741724332,1106.5,1236.0,0.5982324949014276,-0.0028683465253066,-0.0040449874868938,-0.0011388174364731
2012-03-06,1039.5,1048.5,1033.0,1039.5,1948.0,1039.5,1047.0,1065.85,1099.06,1121.3,1288.0575,False,False,False,False,False,False,False,False,False,False,False,0.0331890331890331,-0.0101010101010101,,,-0.0572967772967772,-0.0786916786916786,-0.0192400192400192,-0.1293891293891294,-0.003168940812747,-0.2409344654501102,1081.5,1238.5,1.106818181818182,-0.0023838552945245,0.0004844912307821,7.296331697659699e-05
2012-03-07,1027.5,1031.5,1017.5,1026.5,2072.0,1026.5,1042.3,1059.05,1093.2,1117.9733333333334,1283.615,False,False,False,False,False,False,False,False,False,True,False,0.019970774476376,0.0180224062347783,,,-0.064978080857282,-0.0891118688098717,-0.0136385776911836,-0.140769605455431,-0.0029756225550996,-0.2270903167933525,1066.5,1205.5,1.0636550308008217,-0.0053604098060738,-0.0029765545115493,0.0001933182576474
2012-03-08,1026.5,1037.5,1025.0,1037.5,1339.0,1037.5,1042.4,1053.3,1089.14,1114.48,1279.14,False,False,False,False,False,False,False,False,False,False,False,0.0110843373493975,0.0139759036144578,,,-0.0497734939759037,-0.0741975903614458,-0.0101204819277108,-0.1701204819277108,-0.0031344962074988,-0.214706161587392,1046.0,1195.0,0.6462355212355212,-0.0037277117725911,0.0016326980334826,-0.0001588736523992
2012-03-09,1043.0,1063.5,1039.5,1058.5,2307.0,1058.5,1041.6,1049.2,1085.6,1111.486666666667,1273.8575,False,False,False,False,False,False,False,False,False,False,False,-0.0037789324515824,-0.0363722248464808,,,-0.0256022673594708,-0.0500582585419621,-0.035899858290033,-0.1903637222484648,-0.0026930897356691,-0.2033930613800992,1060.0,1203.0,1.7229275578790142,-0.0032608695652175,0.0004668422073736,0.0004414064718297
2012-03-12,1063.5,1078.0,1056.0,1074.0,2428.0,1074.0,1047.2,1048.75,1083.4,1109.64,1268.4775,False,False,False,False,False,False,False,False,False,False,False,-0.0246741154562383,-0.0437616387337057,,,-0.0087523277467412,-0.0331843575418995,-0.0060521415270018,-0.2085661080074488,-0.0016642034053087,-0.1951847437425507,1035.0,1204.5,1.0524490680537495,-0.0020306442680448,0.0012302252971726,0.0010288863303603
2012-03-13,1084.0,1093.5,1069.0,1074.0,2559.0,1074.0,1054.1,1050.55,1080.76,1107.3666666666666,1263.6225,False,False,False,False,False,False,False,False,False,True,False,-0.0418994413407821,-0.0353817504655493,,,-0.0062942271880819,-0.0310676598386094,-0.0041899441340782,-0.207169459962756,-0.0020529183347884,-0.1902336871162723,991.0,1170.0,1.0539538714991763,-0.0024427254894704,-0.0004120812214255,-0.0003887149294796
2012-03-14,1056.5,1069.0,1042.5,1047.0,2712.0,1047.0,1058.2,1050.25,1075.52,1105.4,1258.845,False,False,False,False,False,False,False,False,False,True,False,-0.0019102196752626,0.0358166189111747,,,-0.0272397325692454,-0.0557784145176696,0.0272206303724928,-0.1996179560649474,-0.0017791448042938,-0.1827184003808616,959.0,1139.5,1.05978898007034,-0.0048720618863433,-0.0024293363968728,0.0002737735304945
2012-03-15,1040.0,1053.5,1035.0,1049.0,2035.0,1049.0,1060.5,1051.45,1070.08,1103.72,1253.74,False,False,False,False,False,False,False,False,False,True,False,0.0028598665395614,0.0319351763584366,,,-0.0200953288846519,-0.0521639656816015,0.0390848427073403,-0.213536701620591,-0.0015221251766753,-0.1799895382566931,954.5,1131.5,0.7503687315634219,-0.0050837320574163,-0.0002116701710729,0.0002570196276185
2012-03-16,1050.0,1057.5,1042.5,1054.5,1354.0,1054.5,1059.7,1050.65,1066.7,1101.4,1248.775,False,False,False,False,False,False,False,False,False,False,False,-0.0327169274537695,0.0018966334755808,,,-0.0115694642010431,-0.0444760550023708,0.0142247510668563,-0.2152678994784257,-0.0021064100236062,-0.1815066863370295,972.5,1140.0,0.6653562653562654,-0.0031686509796567,0.0019150810777595,-0.0005842848469309
2012-03-19,1060.0,1060.0,1045.5,1047.5,632.0,1047.5,1054.4,1050.8,1065.24,1098.7666666666669,1243.85,False,False,False,False,False,False,False,False,False,False,False,-0.0195704057279236,-0.0009546539379474,,,-0.0169355608591885,-0.048941925218775,0.0119331742243436,-0.2,-0.0023966265206442,-0.1877617053673391,972.5,1139.0,0.4667651403249631,-0.0013705831549698,0.0017980678246869,-0.0002902164970379
2012-03-21,1040.0,1049.0,1023.0,1029.0,1648.0,1029.0,1045.4,1049.75,1063.2,1096.1533333333334,1239.095,False,False,False,False,False,False,False,False,False,True,False,0.0068027210884353,0.0140913508260447,,,-0.0332361516034985,-0.0652607709750567,0.0495626822157434,-0.1924198250728863,-0.0023840946826175,-0.1939985710883543,972.5,1119.0,2.607594936708861,-0.0019187358916478,-0.000548152736678,1.2531838026739236e-05
2012-03-22,1032.0,1046.0,1025.5,1045.0,1377.0,1045.0,1045.0,1051.6,1061.54,1093.5533333333333,1234.6575,False,False,False,False,False,False,False,False,False,False,False,0.0377990430622009,-0.0181818181818181,,,-0.0158277511961722,-0.0464625199362041,0.0229665071770334,-0.2368421052631578,-0.0023775703669384,-0.2034518828451882,1010.0,1090.0,0.8355582524271845,-0.0015637658496147,0.000354970042033,6.524315679024093e-06
2012-03-23,1044.0,1054.0,1035.0,1052.0,1402.0,1052.0,1045.6,1053.05,1058.44,1090.8933333333334,1230.4175,False,False,False,False,False,False,False,False,False,True,False,0.0289923954372623,-0.0033269961977186,,,-0.0061216730038023,-0.0369708491761724,0.0275665399239543,-0.2404942965779467,-0.0024383685542123,-0.2104363515502587,1023.0,1069.5,1.018155410312273,-0.0029288386682286,-0.0013650728186138,-6.0798187273831353e-05
2012-03-26,1052.0,1052.5,1020.0,1020.0,2186.0,1020.0,1038.7,1049.2,1055.84,1087.56,1226.0925,False,False,False,False,False,False,False,False,False,False,False,0.0357843137254901,0.0122549019607843,,,-0.0351372549019607,-0.066235294117647,0.0284313725490196,-0.2441176470588235,-0.0030649649980998,-0.2157357987037743,1030.0,1090.0,1.5592011412268187,-0.0024624943173209,0.0004663443509076,-0.0006265964438875
2012-03-27,1024.0,1028.5,1018.0,1027.0,924.0,1027.0,1034.6,1044.5,1055.0,1084.7733333333333,1221.715,False,False,False,False,False,False,False,False,False,False,False,0.0189873417721519,-0.0111976630963972,,,-0.0272638753651411,-0.0562544628367413,0.0584225900681596,-0.240506329113924,-0.0025688930406351,-0.2189085686931546,1125.0,1104.0,0.4226898444647758,-0.0007962085308056,0.0016662857865153,0.0004960719574646
2012-03-28,1024.0,1045.0,1022.5,1036.0,1213.0,1036.0,1036.0,1040.7,1053.44,1082.0733333333333,1216.97,False,False,False,False,False,False,False,False,False,True,False,0.0072393822393822,-0.0159266409266409,,,-0.0168339768339768,-0.0444723294723294,0.0183397683397683,-0.2557915057915058,-0.0024952098132597,-0.223791678677813,1105.0,1100.0,1.3127705627705628,-0.0014808626974483,-0.0006846541666426,7.368322737541467e-05
2012-03-29,1036.5,1086.0,1036.0,1084.5,3661.0,1084.5,1043.9,1044.45,1053.04,1080.46,1212.1675,False,False,False,False,True,False,False,False,False,False,True,-0.0539419087136929,-0.0663900414937759,,,0.0290087597971415,0.0037252189949285,-0.0207468879668049,-0.2996772706316274,-0.0014931911716613,-0.2340944994973431,1173.0,1114.5,3.0181368507831823,-0.0003798526171846,0.0011010100802636,0.0010020186415984
2012-03-30,1082.5,1090.5,1068.0,1082.5,3591.0,1082.5,1050.0,1047.8,1052.54,1078.96,1207.805,False,False,False,False,False,False,False,False,False,True,False,-0.0314087759815242,-0.0512702078521939,,,0.0276766743648961,0.0032702078521939,-0.0674364896073903,-0.3066974595842956,-0.0013902276266033,-0.2436533689635426,1139.0,1141.0,0.9808795411089866,-0.0004750413285955,-9.518871141096904e-05,0.0001029635450579
2012-04-02,1066.5,1070.0,1055.0,1056.5,2445.0,1056.5,1057.3,1048.0,1050.82,1077.006666666667,1203.675,False,False,False,False,False,False,False,False,False,True,False,-0.0227165168007572,-0.0340747752011358,,,0.0053762423095126,-0.0194100015775361,-0.0255560814008518,-0.2957879791765263,-0.0018136687485683,-0.2517652671755725,1147.0,1135.0,0.6808688387635756,-0.0016368169619916,-0.001161775633396,-0.0004234411219649
2012-04-03,1057.5,1069.5,1035.5,1046.5,1889.0,1046.5,1061.2,1047.9,1049.54,1074.9,1199.6325,False,False,False,False,False,True,False,False,False,False,False,-0.0296225513616817,0.020066889632107,,,-0.0029049211657906,-0.0271380793119924,-0.0659340659340659,-0.3358815097945533,-0.0019598722361771,-0.2653402042179598,1129.0,1106.5,0.772597137014315,-0.0012195819120757,0.0004172350499158,-0.0001462034876087
2012-04-04,1043.5,1050.5,1032.5,1043.5,1409.0,1043.5,1062.7,1049.35,1049.04,1073.2133333333334,1195.8125,False,False,False,False,False,False,False,False,False,False,False,-0.0229995208433157,0.0249161475802587,,,-0.005309056061332,-0.0284746845551829,-0.0392908481073311,-0.3234307618591279,-0.0015716042787392,-0.2782674989279076,1140.0,1081.5,0.7458973001588142,-0.0004766262487607,0.0007429556633149,0.0003882679574378
2012-04-05,1030.0,1037.0,1019.0,1026.0,1619.0,1026.0,1051.0,1047.45,1048.08,1071.7,1191.905,False,False,False,False,False,False,False,False,False,True,False,-0.0131578947368421,0.0482456140350877,,,-0.0215204678362572,-0.044541910331384,0.0136452241715399,-0.3265107212475633,-0.0014120867158097,-0.2871258771301733,1178.0,1066.5,1.149041873669269,-0.0009159606136936,-0.0004393343649328,0.0001595175629295
2012-04-06,1060.0,1060.0,1037.5,1048.5,3099.0,1048.5,1044.2,1047.1,1048.54,1070.5933333333332,1188.0225,False,False,False,False,False,False,True,False,False,False,False,-0.0205054840247973,0.0395803528850739,,,-3.814973772051847e-05,-0.0210713718009854,0.0019074868860276,-0.3276108726752503,-0.0010336947113439,-0.2958647693630025,1185.0,1046.0,1.9141445336627547,0.0004387052472962,0.0013546658609899,0.0003783920044657
2012-04-09,1040.0,1043.0,1026.0,1032.5,1006.0,1032.5,1039.4,1048.35,1047.34,1069.16,1184.3475,False,False,False,False,False,False,False,False,False,True,False,-0.0116222760290556,0.0358353510895883,,,-0.0143728813559321,-0.0355060532687652,0.0401937046004842,-0.349636803874092,-0.0013406163093766,-0.3061954499928458,1139.0,1060.0,0.324620845434011,-0.0011457597341837,-0.00158446498148,-0.0003069215980326
2012-04-10,1023.5,1031.5,1015.0,1015.5,1622.0,1015.5,1033.2,1047.2,1046.12,1067.513333333333,1181.475,False,False,False,False,False,False,False,False,False,True,False,0.0512063023141309,0.0438207779419005,,,-0.0301526341703593,-0.0512194321352369,0.0196947316592811,-0.362383062530773,-0.0015425256202891,-0.3180863254392666,1084.0,1035.0,1.6123260437375746,-0.0011662142010477,-2.045446686392192e-05,-0.0002019093109125
2012-04-11,995.0,1024.0,995.0,1019.5,2449.0,1019.5,1028.4,1045.55,1045.32,1066.1866666666667,1178.2475,False,False,False,False,False,False,False,False,False,False,False,0.0490436488474742,0.0593428151054438,,,-0.0253261402648356,-0.0457936897171816,-0.0603236880823933,-0.3536047081902894,-0.0012443099394724,-0.327722251446607,1080.0,991.0,1.5098643649815042,-0.0007653158841311,0.0004008983169165,0.0002982156808167
2012-04-12,1019.5,1050.0,1001.5,1012.5,1897.0,1012.5,1025.7,1038.35,1044.76,1065.1533333333334,1174.9225,False,False,False,False,False,False,False,False,False,False,False,0.0622222222222222,0.0558024691358024,,,-0.0318617283950617,-0.05200329218107,-0.0641975308641975,-0.3348148148148148,-0.0009701263667828,-0.331342996099581,1086.5,959.0,0.7746018783176807,-0.0005360082698418,0.0002293076142893,0.0002741835726896
2012-04-13,1009.5,1038.5,1009.5,1027.0,1961.0,1027.0,1021.4,1032.8,1044.34,1064.5866666666666,1172.1075,False,False,False,False,False,False,False,False,False,False,False,0.0613437195715676,0.0525803310613437,,,-0.016884128529698,-0.0365985069782537,-0.1640701071080818,-0.3076923076923077,-0.0005322879615251,-0.3315743609604957,1129.5,954.5,1.0337374802319452,-0.0004021678763621,0.0001338403934796,0.0004378384052577
2012-04-16,1028.5,1031.0,1015.5,1020.5,1091.0,1020.5,1019.0,1029.2,1042.82,1063.66,1169.585,False,False,False,False,False,False,False,False,False,True,False,0.048015678588927,0.0279274865262126,,,-0.0218716315531601,-0.0422929936305733,-0.1680548750612444,-0.3076923076923077,-0.000871205711098,-0.3328799067236688,1085.0,972.5,0.5563488016318205,-0.0014575861606029,-0.0010554182842407,-0.0003389177495728
2012-04-17,1021.0,1074.0,1021.0,1067.5,4443.0,1067.5,1029.4,1031.3,1042.56,1063.1733333333334,1167.2725,False,False,False,False,True,False,False,False,False,False,True,-0.0070257611241217,0.0182669789227166,,,0.0233629976580796,0.0040530835284932,-0.2426229508196721,-0.3433255269320843,-0.0004577491283955,-0.3336565499854552,1048.0,972.5,4.072410632447296,-0.0002493861264579,0.001208200034145,0.0004134565827025
2012-04-18,1065.0,1077.0,1050.0,1069.5,3114.0,1069.5,1039.4,1033.9,1042.38,1062.7666666666669,1164.47,False,False,False,False,False,False,False,False,False,False,False,0.0098176718092566,-0.013557737260402,,,0.0253576437587656,0.0062957768427612,-0.2800374006545114,-0.34315100514259,-0.0003826490606277,-0.3356707611954735,1075.0,972.5,0.700877785280216,-0.0001726817475391,7.670437891881291e-05,7.510006776771991e-05
2012-04-19,1072.5,1076.5,1064.5,1075.5,1888.0,1075.5,1052.0,1038.85,1043.52,1062.246666666667,1161.41,False,False,False,False,False,False,True,False,True,False,False,-0.00604370060437,-0.0125523012552301,,,0.0297350069735007,0.0123229505656281,-0.2566248256624825,-0.3231055323105532,-0.0004895284836541,-0.3352745824710015,1094.5,1010.0,0.6062941554271034,0.0010924563017478,0.0012651380492869,-0.0001068794230263
2012-04-20,1080.0,1090.0,1075.5,1090.0,2565.0,1090.0,1064.6,1043.0,1045.16,1061.5666666666666,1158.6975,False,False,False,False,False,False,True,False,False,False,False,-0.0082568807339449,-0.0738532110091743,,,0.041137614678899,0.026085626911315,-0.286697247706422,-0.3408256880733945,-0.0006405626903635,-0.3366251198465964,1095.0,1023.0,1.3585805084745763,0.0015691377396763,0.0004766814379285,-0.0001510342067094
2012-04-23,1097.5,1099.0,1069.5,1069.5,1918.0,1069.5,1074.4,1046.7,1045.76,1060.6933333333334,1156.7,False,False,False,False,False,False,True,False,False,True,False,-0.0191678354371201,-0.0374006545114539,,,0.0221972884525479,0.0082343774349383,-0.281439925198691,-0.3071528751753156,-0.0008233608205952,-0.3323301805674978,1099.5,1030.0,0.7477582846003898,0.0005737454100366,-0.0009953923296396,-0.0001827981302316
2012-04-24,1064.5,1079.5,1058.5,1060.0,2223.0,1060.0,1072.9,1051.15,1046.26,1060.0733333333333,1154.675,False,False,False,False,False,False,True,False,False,True,False,0.0254716981132075,-0.0778301886792452,,,0.0129622641509434,-6.9182389937044e-05,-0.2938679245283019,-0.2655660377358491,-0.0005848651980052,-0.322694192075346,1078.5,1125.0,1.159019812304484,0.0004778926844187,-9.58527256178458e-05,0.0002384956225899
2012-04-25,1066.5,1088.0,1066.5,1080.0,1657.0,1080.0,1075.0,1057.2,1048.3,1060.0533333333333,1152.835,False,False,False,False,False,False,True,False,True,False,False,-0.0231481481481481,-0.0717592592592592,,,0.0293518518518518,0.0184691358024691,-0.3884259259259259,-0.3722222222222222,-1.886697524651132e-05,-0.3247729852440408,1056.0,1105.0,0.7453891138101665,0.0019460078221882,0.0014681151377694,0.0005659982227587
2012-04-26,1080.0,1086.0,1067.5,1069.0,1336.0,1069.0,1073.7,1062.85,1049.26,1060.0866666666666,1151.045,False,False,False,False,False,False,True,True,False,True,False,-0.0065481758652946,-0.0271281571562207,,,0.0184658559401309,0.0083380106018086,-0.3189897100093545,-0.3685687558465856,3.1443969989846444e-05,-0.3282212918097567,1050.0,1173.0,0.8062764031382016,0.0009149305224634,-0.0010310772997247,5.031094523635776e-05
2012-04-27,1065.0,1085.0,1064.0,1081.0,1664.0,1081.0,1071.9,1068.25,1050.42,1060.5533333333333,1149.2775,False,False,False,False,False,False,True,True,False,False,False,-0.0661424606845513,-0.0282146160962072,,,0.0282886216466234,0.0189145852605612,-0.3163737280296022,-0.3737280296022202,0.0004400218753732,-0.3347999063889538,1037.0,1139.0,1.2455089820359282,0.0011043201766913,0.0001893896542278,0.0004085779053834
2012-05-01,1082.0,1083.0,1045.5,1049.0,1771.0,1049.0,1067.8,1071.1,1051.58,1060.4066666666668,1147.255,False,False,False,False,False,False,True,False,False,True,False,-0.0185891325071496,0.0238322211630123,,,-0.0024594852240228,-0.0108738481093105,-0.2683508102955195,-0.3703527168732126,-0.0001383117168883,-0.3408645317897488,1062.5,1147.0,1.0643028846153846,0.0011031019988967,-1.2181777945463254e-06,-0.0005783335922616
2012-05-02,1053.0,1088.0,1053.0,1087.0,2273.0,1087.0,1073.2,1073.05,1053.98,1061.1,1145.69,False,False,False,False,False,False,True,True,False,False,False,-0.1007359705611775,-0.0473781048758049,,,0.0303771849126034,0.0238270469181233,-0.3146274149034038,-0.3955841766329346,0.0006534099833504,-0.3461628069521457,1046.0,1129.0,1.2834556747600223,0.0022770830566045,0.0011739810577078,0.0007917217002388
2012-05-07,1052.5,1080.0,1044.0,1055.0,3326.0,1055.0,1068.2,1071.6,1054.74,1061.9533333333334,1144.2,False,False,False,False,False,False,True,True,False,True,False,-0.0497630331753554,-0.0919431279620853,,,0.0002464454976303,-0.0065908372827804,-0.2563981042654028,-0.3881516587677725,0.0008035506896098,-0.3505972377752892,1039.5,1140.0,1.4632644082710076,0.00072055672488,-0.0015565263317245,0.0001501407062593
2012-05-08,1061.0,1072.5,1050.5,1062.0,1586.0,1062.0,1066.8,1070.25,1053.84,1063.3266666666666,1142.79,False,False,False,False,False,False,False,True,False,True,False,-0.0207156308851224,-0.1078154425612052,,,0.0076836158192091,-0.0012492153170118,-0.2589453860640301,-0.4077212806026365,0.0012915441476121,-0.3590282644241999,1026.5,1178.0,0.4768490679494889,-0.0008540195855159,-0.0015745763103959,0.0004879934580022
2012-05-09,1061.0,1063.0,1006.5,1009.5,2332.0,1009.5,1052.5,1062.2,1050.92,1064.06,1140.975,False,False,False,False,False,True,False,True,False,True,False,0.0406141654284299,-0.1495789995047053,,,-0.0410302129767212,-0.0540465577018325,-0.2322932144626052,-0.350668647845468,0.0006891841938737,-0.3601016757672755,1037.5,1185.0,1.4703656998738963,-0.0027785178700565,-0.0019244982845406,-0.0006023599537383
2012-05-10,1000.0,1036.0,986.0,1029.5,1686.0,1029.5,1048.6,1058.2,1049.84,1064.82,1139.2325,False,False,False,False,False,False,False,True,False,False,False,0.0432248664400194,-0.1753278290432248,,,-0.0197571636716852,-0.034307916464303,-0.2515784361340457,-0.3744536182612918,0.0007137356548524,-0.3668493668493668,1058.5,1139.0,0.7229845626072041,-0.0010287281871524,0.001749789682904,2.4551460978661536e-05
2012-05-11,1033.0,1044.0,975.5,977.5,2636.0,977.5,1026.7,1049.95,1047.08,1064.8866666666668,1137.29,False,False,False,False,False,False,False,True,False,True,False,0.0593350383631713,-0.1728900255754475,,,-0.0711815856777492,-0.0893981244671782,-0.2148337595907928,-0.3468030690537084,6.26044712114905e-05,-0.3752083432544407,1074.0,1084.0,1.5634638196915778,-0.0026359017458073,-0.0016071735586549,-0.0006511311836409
2012-05-14,1035.0,1075.0,995.5,1002.5,4025.0,1002.5,1016.2,1042.2,1045.44,1065.2866666666666,1135.535,False,False,False,False,False,False,False,True,False,False,False,-0.0443890274314214,-0.2319201995012468,,,-0.0428329177057357,-0.0626300914380714,-0.2169576059850374,-0.3566084788029925,0.0003754857847338,-0.3737286509307234,1074.0,1080.0,1.5269347496206374,-0.0015687174778082,0.0010671842679991,0.0003128813135223
2012-05-15,985.0,1049.5,952.5,1040.0,4232.0,1040.0,1011.8,1039.3,1046.0,1065.6866666666667,1133.935,False,False,False,False,False,False,True,True,False,False,False,-0.0889423076923077,-0.23125,,,-0.0057692307692307,-0.024698717948718,-0.2677884615384615,-0.3769230769230769,0.0003753448480792,-0.3745790435870297,1047.0,1086.5,1.0514285714285714,0.0005353728489483,0.0021040903267565,-1.4093665461349834e-07
2012-05-16,1060.0,1065.0,1030.0,1050.5,3397.0,1050.5,1020.0,1036.25,1046.08,1066.0533333333333,1131.7875,False,False,False,False,True,False,True,True,False,True,False,-0.1827701094716801,-0.2598762494050452,,,0.0042075202284627,-0.0148056481040773,-0.2513089005235602,-0.4083769633507853,0.0003439477699676,-0.3780940892641736,1049.0,1129.5,0.8026937618147448,7.647598654015682e-05,-0.0004588968624081,-3.1397078111626174e-05
2012-05-17,1055.0,1074.0,1036.0,1074.0,2726.0,1074.0,1028.9,1038.75,1047.74,1066.64,1129.84,False,False,False,False,False,False,True,True,True,False,True,-0.2094972067039106,-0.2844506517690875,,,0.0244506517690875,0.0068528864059589,-0.2085661080074488,-0.4236499068901304,0.0005500137503438,-0.3835860409145608,1054.5,1085.0,0.802472770091257,0.0015843625326894,0.0015078865461493,0.0002060659803762
2012-05-18,1050.0,1064.0,1028.5,1035.5,3626.0,1035.5,1040.5,1033.6,1048.54,1065.4466666666667,1127.8175,False,False,False,False,False,False,True,False,False,True,False,-0.2192177691936262,-0.2771607918879768,,,-0.0125929502655721,-0.0289200064381136,-0.128440366972477,-0.3896668276195075,-0.0011200310354968,-0.3829334365325077,1047.5,1048.0,1.33015407190022,0.0007629656474716,-0.0008213968852178,-0.0016700447858407
2012-05-21,965.5,998.5,950.5,958.0,4461.0,958.0,1031.6,1023.9,1046.08,1063.486666666667,1125.5975,False,False,False,False,False,False,False,False,False,True,False,-0.1962421711899791,-0.3105427974947808,,,-0.0919415448851773,-0.1101113430758527,-0.0553235908141962,-0.3267223382045929,-0.0018429944271357,-0.3771364391053813,1029.0,1075.0,1.230281301709873,-0.0023516365861119,-0.0031146022335836,-0.0007229633916388
2012-05-22,960.0,963.5,932.0,947.5,3190.0,947.5,1013.1,1012.45,1043.48,1060.48,1123.5475,False,False,False,False,False,False,False,False,False,True,False,-0.1562005277044854,-0.2316622691292876,,,-0.1012981530343008,-0.1192401055408971,-0.0691292875989445,-0.3145118733509235,-0.0028351941259306,-0.3680675588917972,1045.0,1094.5,0.7150863035193903,-0.0024916625138957,-0.0001400259277837,-0.0009921996987948
2012-05-23,925.0,931.0,840.5,858.5,8298.0,858.5,974.7,997.35,1036.74,1056.74,1121.3875,False,False,False,False,False,False,False,False,False,True,False,-0.0943506115317414,-0.1391962725684333,,,-0.2076179382644147,-0.2309143855562027,0.0029120559114735,-0.2719860221316249,-0.0035391865548763,-0.3615581290419612,1052.0,1095.0,2.601253918495298,-0.0065011478287709,-0.0040094853148752,-0.0007039924289457
2012-05-24,870.0,883.5,827.5,849.0,4269.0,849.0,929.7,979.3,1029.88,1052.7666666666669,1118.995,False,False,False,False,False,False,False,False,False,True,False,-0.0948174322732626,-0.0959952885747938,,,-0.2130506478209659,-0.2400078523753437,0.0094228504122497,-0.2520612485276796,-0.0037741823132696,-0.3507096905953231,1020.0,1099.5,0.5144613159797542,-0.0066609702101214,-0.0001598223813505,-0.0002349957583932
2012-05-25,849.0,852.0,804.0,808.5,3879.0,808.5,884.3,962.4,1019.52,1048.493333333333,1116.6975,False,False,False,False,False,False,False,False,False,True,False,-0.0742115027829313,-0.0785405071119356,,,-0.2610018552875695,-0.2968377654091937,0.0513296227581941,-0.2003710575139146,-0.0040756895608941,-0.3384767248545303,1027.0,1078.5,0.9086437104708364,-0.0101616446955431,-0.0035006744854216,-0.0003015072476245
2012-05-28,788.5,799.0,742.5,770.0,6354.0,770.0,846.7,939.15,1007.54,1043.56,1113.935,False,False,False,False,False,False,False,False,False,True,False,-0.1422077922077922,0.0188311688311688,,,-0.3084935064935064,-0.3552727272727272,0.1058441558441558,-0.1714285714285714,-0.0047274074641929,-0.3228451259117286,1036.0,1056.0,1.6380510440835268,-0.0118903467852393,-0.0017287020896961,-0.0006517179032987
2012-05-29,790.0,810.0,771.0,799.5,3019.0,799.5,817.1,915.1,996.5,1038.513333333333,1111.5925,False,False,False,False,False,False,False,False,False,False,False,-0.089430894308943,-0.0156347717323327,,,-0.2464040025015634,-0.2989535126120489,0.0481550969355847,-0.1575984990619137,-0.0048595107108239,-0.3022620478636215,1084.5,1050.0,0.4751337740006295,-0.0110787757150024,0.0008115710702368,-0.000132103246631
2012-05-30,791.5,803.5,770.5,777.5,2237.0,777.5,800.9,887.8,984.0,1033.08,1109.575,False,False,False,False,False,False,False,False,False,True,False,-0.0495176848874598,-0.0032154340836012,,,-0.2655948553054662,-0.3287202572347266,0.0610932475884244,-0.1067524115755627,-0.0052593539061187,-0.2725839152962379,1082.5,1037.0,0.7409738323948327,-0.0127032520325203,-0.0016244763175178,-0.0003998431952947
2012-05-31,750.0,769.5,735.0,768.5,2299.0,768.5,784.8,857.25,971.96,1028.14,1108.1525,False,False,False,False,False,False,False,False,False,False,False,-0.0013012361743656,0.0026024723487312,,,-0.2647495120364346,-0.3378529603122968,0.0767729342875731,-0.099544567338972,-0.0048047931215591,-0.2381452318460192,1056.5,1062.5,1.02771569065713,-0.0123873410428412,0.000315910989679,0.0004545607845596
2012-06-01,769.0,795.0,745.0,748.5,2504.0,748.5,772.8,828.55,959.5,1023.6666666666666,1106.46,False,False,False,False,False,False,False,False,False,True,False,-0.0046760187040748,0.0253841015364061,,,-0.2818971275885104,-0.3676241371632153,0.1195724782899131,-0.0594522378089512,-0.0043699120807555,-0.203065596524048,1046.5,1046.0,1.0891692040017398,-0.0129859301719646,-0.0005985891291233,0.0004348810408035
2012-06-04,688.5,724.0,660.0,660.5,5688.0,660.5,750.9,798.8,942.72,1018.0733333333334,1104.275,False,False,False,False,False,False,False,False,False,True,False,0.1877365632096896,0.1884935654806964,,,-0.4272823618470855,-0.541367650769619,0.2581377744133232,0.0537471612414837,-0.0054940377575943,-0.1670005007511266,1043.5,1039.5,2.271565495207668,-0.0177995587236931,-0.0048136285517285,-0.0011241256768387
2012-06-05,690.0,733.0,680.0,728.0,4839.0,728.0,736.6,776.85,929.08,1013.2933333333332,1101.9775,False,False,False,False,False,False,False,False,False,False,False,0.081043956043956,0.0460164835164835,,,-0.2762087912087912,-0.3918864468864467,0.0954670329670329,-0.0384615384615384,-0.0047172914720319,-0.136963377743451,1026.0,1026.5,0.8507383966244726,-0.014681189994403,0.00311836872929,0.0007767462855623
2012-06-06,720.5,750.5,707.5,739.0,3218.0,739.0,728.9,764.9,915.4,1008.0866666666668,1099.47,False,False,False,False,False,False,False,False,False,True,False,0.0487144790257104,0.064276048714479,,,-0.238700947225981,-0.3641226883175464,0.081190798376184,-0.0399188092016238,-0.0051648998432671,-0.1124329977774872,1048.5,1037.5,0.6650134325273817,-0.0149442866506445,-0.0002630966562415,-0.0004476083712351
2012-06-07,765.0,770.0,751.5,767.5,2644.0,767.5,728.7,756.75,904.14,1003.8533333333334,1097.33,False,False,False,False,False,False,False,False,False,False,False,0.0039087947882736,0.1074918566775244,,,-0.1780325732899022,-0.3079522258414767,0.0045602605863192,-0.070358306188925,-0.0042170835048946,-0.0925008259002312,1032.5,1058.5,0.8216283405842137,-0.0124538235229057,0.0024904631277388,0.0009478163383725
2012-06-08,754.0,758.5,739.0,745.0,2078.0,745.0,728.0,750.4,890.46,999.8133333333334,1095.5175,False,False,False,False,False,False,False,False,False,True,False,0.0302013422818791,0.2114093959731543,,,-0.195248322147651,-0.3420313199105146,0.046979865771812,-0.0543624161073825,-0.0040407542741311,-0.0770922174840085,1015.5,1074.0,0.7859304084720121,-0.0153628461693955,-0.0029090226464898,0.0001763292307634
2012-06-11,765.0,785.5,757.0,784.5,2381.0,784.5,752.8,751.85,879.64,995.94,1093.7125,False,False,False,False,False,False,False,False,False,False,False,0.0006373486297004,0.1536010197578075,,,-0.1212746972594008,-0.2695219885277247,-0.017208413001912,-0.1070745697896749,-0.0038891231734174,-0.0705592870918402,1019.5,1074.0,1.145813282001925,-0.0123004865626847,0.0030623596067107,0.0001516311007137
2012-06-12,760.0,797.0,757.5,787.0,2281.0,787.0,764.6,750.6,868.64,991.84,1091.6125,False,False,False,False,False,False,False,False,False,True,False,-0.0324015247776365,0.1207115628970775,,,-0.1037357052096569,-0.260279542566709,-0.0349428208386277,-0.1365946632782719,-0.0041337312469753,-0.0682120969890754,1012.5,1047.0,0.9580008399832004,-0.0126634739362681,-0.0003629873735833,-0.0002446080735579
2012-06-13,787.0,799.5,767.5,775.0,2027.0,775.0,771.8,750.35,859.26,987.5733333333334,1089.595,False,False,False,False,False,False,False,False,False,False,False,0.0148387096774193,0.1109677419354838,,,-0.1087225806451612,-0.2742881720430108,-0.0316129032258064,-0.1103225806451612,-0.00432035426905,-0.0685680015992537,1027.0,1049.0,0.8886453309951775,-0.0109163698996811,0.001747104036587,-0.0001866230220747
2012-06-14,775.0,783.5,755.5,770.5,1410.0,770.5,772.4,750.55,848.9,983.1866666666666,1087.9525,False,False,False,False,False,False,False,False,False,True,False,0.1031797534068786,0.1122647631408176,,,-0.1017521090201167,-0.2760372052779579,-0.0343932511356262,-0.1057754704737183,-0.0044616824204289,-0.0692159083338884,1020.5,1054.5,0.6956092747903305,-0.0122040287430792,-0.0012876588433981,-0.0001413281513788
2012-06-15,785.0,787.5,757.5,767.5,2293.0,767.5,776.9,752.45,840.5,979.04,1086.4275,False,False,False,False,False,False,False,False,False,False,True,0.1758957654723127,0.1074918566775244,,,-0.0951140065146579,-0.2756221498371335,-0.0944625407166123,-0.0820846905537459,-0.0042354415209456,-0.0714997674264071,1067.5,1047.5,1.6262411347517731,-0.0099940511600237,0.0022099775830555,0.0002262408994832
2012-06-18,797.0,798.0,778.5,785.0,1831.0,785.0,777.0,764.9,831.8,975.4266666666666,1085.23,False,False,False,False,False,False,False,False,False,True,False,0.1528662420382165,0.0847133757961783,,,-0.0596178343949044,-0.2425817409766453,-0.1006369426751592,-0.1171974522292993,-0.0037043618519075,-0.0870048372336252,1069.5,1029.0,0.798517226341038,-0.0104592450108199,-0.0004651938507961,0.0005310796690381
2012-06-19,777.5,779.0,761.0,761.5,2220.0,761.5,771.9,768.25,820.66,971.58,1083.7125,False,False,False,False,False,False,False,False,False,True,False,0.1582403151674327,0.1004596191726854,,,-0.07768877216021,-0.2758765594221931,-0.0925804333552199,-0.0400525279054497,-0.0039591867542215,-0.0869508623494955,1075.5,1045.0,1.2124522119060623,-0.0135744400848097,-0.0031151950739898,-0.000254824902314
2012-06-20,772.0,787.0,767.5,786.5,1754.0,786.5,774.2,773.0,810.1,968.24,1082.02,False,False,False,False,False,False,False,False,False,False,False,0.094723458359822,0.0489510489510489,,,-0.0300063572790845,-0.2310743801652892,-0.1036236490781945,-0.0419580419580419,-0.0034495579608361,-0.0868693402328589,1090.0,1052.0,0.7900900900900901,-0.0130354277249721,0.0005390123598376,0.0005096287933853
2012-06-21,794.0,854.5,792.5,850.0,4750.0,850.0,790.1,781.25,801.14,965.4066666666666,1080.5575,False,False,False,False,True,False,False,False,False,False,False,0.008235294117647,-0.0264705882352941,,,0.0574823529411764,-0.1357725490196078,-0.21,-0.1188235294117647,-0.0029348599208624,-0.091968,1069.5,1020.0,2.708095781071836,-0.0111840627106373,0.0018513650143347,0.0005146980399737
2012-06-22,830.0,905.0,827.5,902.5,4920.0,902.5,817.1,797.0,795.82,963.4933333333332,1079.375,False,False,False,False,False,False,False,False,False,False,False,-0.0581717451523545,-0.0714681440443213,,,0.1182049861495844,-0.0675826408125575,-0.2825484764542936,-0.1850415512465374,-0.0019858293432233,-0.1060225846925972,1060.0,1027.0,1.0357894736842106,-0.0066849287527329,0.0044991339579044,0.000949030577639
2012-06-25,908.0,931.0,878.5,905.0,4089.0,905.0,841.1,809.05,793.7,961.7,1077.825,False,False,False,False,False,False,False,False,False,False,False,-0.0591160220994475,-0.0817679558011049,,,0.1229834254143645,-0.0626519337016575,-0.2718232044198895,-0.1718232044198895,-0.0018647533880973,-0.1132810085903219,1080.0,1036.0,0.8310975609756097,-0.0026710343958674,0.0040138943568654,0.000121075955126
2012-06-26,891.5,905.0,875.5,882.0,2051.0,882.0,865.2,818.55,791.08,959.7733333333332,1076.095,False,False,False,False,False,False,False,False,False,True,False,-0.0498866213151927,-0.0958049886621315,,,0.1030839002267573,-0.0881783824640966,-0.2363945578231292,-0.1536281179138322,-0.0020074184182378,-0.1153869647547491,1069.0,1084.5,0.5015896307165566,-0.0033119279971684,-0.0006408936013009,-0.0001426650301405
2012-06-27,890.0,893.5,859.0,861.0,1572.0,861.0,880.1,827.15,791.18,957.42,1074.15,False,False,False,False,False,False,True,False,False,False,False,-0.0418118466898954,-0.0720092915214866,,,0.0810917537746806,-0.11198606271777,-0.1742160278745644,-0.1306620209059233,-0.0024579947497788,-0.1174514900562171,1081.0,1082.5,0.7664553876157971,0.0001263934882073,0.0034383214853758,-0.0004505763315409
2012-06-28,850.0,868.0,846.5,857.0,1449.0,857.0,881.5,835.8,791.5,954.7333333333332,1072.4125,False,False,False,False,False,False,True,False,False,False,False,-0.0344224037339556,-0.1003500583430571,,,0.0764294049008168,-0.1140412290937377,-0.17561260210035,-0.0985997666277713,-0.0028140492982334,-0.1165948791576931,1049.0,1056.5,0.9217557251908396,0.0004042956411876,0.0002779021529803,-0.0003560545484546
2012-06-29,847.5,860.0,842.5,850.0,2391.0,850.0,871.0,844.05,793.16,951.7466666666668,1071.1875,False,False,False,False,False,False,True,False,True,False,False,-0.0141176470588235,-0.0823529411764705,,,0.0668705882352941,-0.1197019607843138,-0.1752941176470588,-0.0876470588235294,-0.0031380899679184,-0.1168177240684792,1087.0,1046.5,1.650103519668737,0.0020928942458015,0.0016885986046138,-0.0003240406696849
2012-07-02,855.0,860.0,847.0,851.5,1387.0,851.5,860.3,850.7,796.42,948.78,1069.5325,False,False,False,False,False,False,True,False,False,False,False,-0.0240751614797416,-0.094539048737522,,,0.0646858485026424,-0.1142454492072812,-0.1749853200234879,-0.0927774515560775,-0.0031268225159328,-0.1143763959092512,1055.0,1043.5,0.5800920117105813,0.0040933175962431,0.0020004233504416,1.126745198551382e-05
2012-07-03,853.5,855.0,833.0,838.0,1584.0,838.0,851.5,858.35,797.96,945.9933333333332,1067.805,False,False,False,False,False,False,True,False,False,True,False,-0.0483293556085918,-0.0936754176610978,,,0.047780429594272,-0.1288703261734286,-0.1312649164677804,-0.0960620525059665,-0.0029457571934968,-0.1191821518028777,1062.0,1026.0,1.142033165104542,0.0019299212993133,-0.0021633962969298,0.000181065322436
2012-07-04,842.0,846.0,820.5,825.0,1580.0,825.0,844.3,862.2,799.86,943.0066666666668,1066.14,False,False,False,False,False,False,True,False,False,False,False,-0.0315151515151515,-0.0903030303030303,,,0.0304727272727272,-0.1430383838383839,-0.1290909090909091,-0.0757575757575757,-0.0031671744985893,-0.1220714451403386,1009.5,1048.5,0.9974747474747476,0.002375415697747,0.0004454943984337,-0.0002214173050925
2012-07-05,829.0,841.0,820.5,827.5,1127.0,827.5,838.4,859.95,802.22,939.98,1064.7125,False,False,False,False,False,False,True,False,False,False,False,-0.0682779456193353,-0.1009063444108761,,,0.0305498489425981,-0.1359274924471299,-0.1045317220543806,-0.0453172205438066,-0.0032199266651064,-0.1150066864352579,1029.5,1032.5,0.7132911392405064,0.0029418364039789,0.0005664207062318,-5.275216651705588e-05
2012-07-06,824.5,849.5,824.0,838.0,1349.0,838.0,836.0,853.5,805.8,937.1866666666666,1063.3225,False,False,False,False,False,False,True,False,False,False,False,-0.0692124105011933,-0.1706443914081145,,,0.0384248210023866,-0.1183611774065234,-0.0710023866348448,-0.0513126491646778,-0.0029805517221756,-0.1013473930872876,977.5,1015.5,1.19698314108252,0.0044427897741374,0.0015009533701584,0.0002393749429307
2012-07-09,833.0,855.0,828.5,831.0,941.0,831.0,831.9,846.1,812.62,934.5466666666666,1062.2425,False,False,False,False,False,False,True,False,False,False,False,-0.0722021660649819,-0.1504211793020457,,,0.0221179302045727,-0.1246048937023665,-0.1841155234657039,-0.0439229843561973,-0.0028248990597936,-0.0881692471339085,1002.5,1019.5,0.6975537435137139,0.0083926066304054,0.003949816856268,0.0001556526623819
2012-07-10,825.5,845.0,797.5,797.5,1871.0,797.5,823.8,837.65,815.4,931.2466666666668,1061.0675,False,False,False,False,False,False,True,False,False,True,False,-0.0476489028213166,-0.1335423197492163,,,-0.0224451410658306,-0.1677074190177639,-0.1536050156739812,-0.0112852664576802,-0.0035436368452323,-0.0739569032412104,1040.0,1012.5,1.988310308182784,0.0034093696345351,-0.0049832369958702,-0.0007187377854387
2012-07-11,779.0,805.0,763.0,799.0,1653.0,799.0,818.6,831.45,817.8,927.8733333333332,1059.5625,False,False,False,False,False,False,True,False,False,True,False,-0.0607008760951189,-0.1176470588235294,,,-0.0235294117647058,-0.1612932832707549,-0.1526908635794743,-0.0362953692115143,-0.0036355537034511,-0.0644656924649708,1050.5,1027.0,0.8834847675040085,0.0029347028613352,-0.0004746667731999,-9.191685821876476e-05
2012-07-12,790.0,795.0,766.5,771.0,815.0,771.0,807.3,822.85,817.94,924.5533333333332,1057.9775,False,False,False,False,False,False,True,False,False,True,False,-0.0350194552529182,-0.12905317769131,,,-0.0608819714656291,-0.1991612624297447,-0.1433203631647211,0.0188067444876783,-0.0035909231845288,-0.0531080998967005,1074.0,1020.5,0.4930429522081064,0.0001711616989022,-0.002763541162433,4.463051892234903e-05
2012-07-13,765.0,782.0,765.0,780.0,931.0,780.0,795.7,815.85,819.34,921.26,1056.67,False,False,False,False,False,False,True,False,True,False,False,-0.1089743589743589,-0.1698717948717948,,,-0.0504358974358974,-0.1811025641025641,-0.1576923076923077,-0.0115384615384615,-0.0035748142037352,-0.0455353312496169,1035.5,1067.5,1.1423312883435583,0.0017086923621451,0.0015375306632428,1.6108980793502325e-05
2012-07-17,785.0,789.0,769.5,771.0,785.0,771.0,783.7,807.8,818.8,917.7266666666668,1054.95,False,False,False,False,False,False,False,False,False,True,False,-0.0843060959792477,-0.1452658884565499,,,-0.0619974059662775,-0.1903069606571553,-0.162775616083009,-0.0162127107652399,-0.0038500933466026,-0.0377568705125031,958.0,1069.5,0.8431793770139635,-0.0006595017098193,-0.0023681940719644,-0.0002752791428673
2012-07-18,765.0,769.5,740.5,759.5,1799.0,759.5,776.1,799.95,817.7,913.3933333333332,1053.4825,False,False,False,False,False,False,False,False,False,True,False,-0.0901909150757077,-0.1132323897300855,,,-0.0766293614219882,-0.2026245336844413,-0.1718235681369322,-0.0131665569453587,-0.0047442138837597,-0.0293143321457591,947.5,1075.5,2.29171974522293,-0.0013452366393541,-0.0006857349295348,-0.000894120537157
2012-07-19,764.5,775.0,745.5,750.5,1281.0,750.5,766.4,792.5,816.72,908.9666666666668,1051.7725,False,False,False,False,False,False,False,False,False,False,False,-0.0606262491672218,-0.0526315789473684,,,-0.088234510326449,-0.2111481234732402,-0.1265822784810126,0.0073284477015323,-0.0048699988998493,-0.0210094637223974,858.5,1090.0,0.7120622568093385,-0.0011999216377706,0.0001453150015835,-0.0001257850160895
2012-07-20,750.0,763.0,744.0,744.0,1076.0,744.0,761.0,784.15,815.66,904.8,1050.1775,False,False,False,False,False,False,False,False,False,True,False,-0.0974462365591397,-0.0504032258064516,,,-0.0963172043010752,-0.2161290322580644,-0.1344086021505376,-0.0114247311827957,-0.0046050692602418,-0.0175349104125486,849.0,1069.5,0.839968774395004,-0.0012995610916313,-9.963945386077264e-05,0.0002649296396074
2012-07-23,723.0,732.5,695.0,695.0,2015.0,695.0,744.0,769.85,812.76,900.1133333333333,1047.9075,False,False,False,False,False,False,False,False,False,True,False,-0.0683453237410072,0.0086330935251798,,,-0.1694388489208633,-0.2951270983213429,-0.0812949640287769,0.0381294964028776,-0.0052067517423731,-0.0088328895239333,808.5,1060.0,1.8726765799256504,-0.0035680889807568,-0.0022685278891255,-0.0006016824821312
2012-07-24,675.5,717.5,675.5,706.0,1830.0,706.0,731.0,757.35,809.6,895.6133333333333,1045.75,False,False,False,False,False,False,False,False,False,True,False,-0.0665722379603399,-0.0049575070821529,,,-0.146742209631728,-0.2685741265344665,-0.0864022662889518,0.036827195467422,-0.0050244897351535,-0.000726216412491,770.0,1080.0,0.9081885856079404,-0.0039031620553359,-0.000335073074579,0.0001822620072195
2012-07-25,709.5,716.0,687.5,691.0,1436.0,691.0,717.3,746.7,806.78,891.1466666666666,1043.555,False,False,False,False,False,False,False,False,False,False,False,-0.0253256150506512,0.0535455861070911,,,-0.1675542691751085,-0.289647853352629,-0.0622286541244573,0.0535455861070911,-0.0050122688371536,0.0054238650060264,799.5,1069.0,0.7846994535519126,-0.0034953766826149,0.000407785372721,1.2220897999899552e-05
2012-07-26,665.0,714.0,665.0,705.0,1804.0,705.0,708.2,737.3,803.52,886.5666666666667,1041.59,False,False,False,False,False,False,False,False,False,True,False,0.0085106382978723,0.0191489361702127,,,-0.1397446808510638,-0.2575413711583925,-0.1184397163120567,0.0390070921985815,-0.0051659961649809,0.0131561101315611,777.5,1081.0,1.256267409470752,-0.0040571485463958,-0.0005617718637809,-0.0001537273278272
2012-07-27,700.0,722.5,668.0,671.5,3434.0,671.5,693.7,727.35,796.38,881.7533333333333,1039.6225,False,False,False,False,False,False,False,False,False,True,False,0.0521221146686522,0.1034996276991809,,,-0.1859717051377513,-0.3131099528418962,-0.0781831720029784,0.0580789277736411,-0.0054588206830331,0.0167044751495153,768.5,1049.0,1.9035476718403548,-0.0089655692006328,-0.004908420654237,-0.0002928245180521
2012-07-30,680.0,684.5,637.5,647.5,3944.0,647.5,684.2,714.1,786.18,876.8466666666667,1037.3175,False,False,False,False,False,False,False,False,False,True,False,0.0826254826254826,0.2023166023166023,,,-0.2141776061776061,-0.3542033462033462,-0.0239382239382239,0.0895752895752895,-0.0055958092254821,0.0263968631844279,748.5,1087.0,1.1485148514851484,-0.0129741280622758,-0.004008558861643,-0.000136988542449
2012-07-31,647.5,672.0,641.5,659.0,3062.0,659.0,674.8,702.9,776.34,872.04,1034.8925,False,False,False,False,False,False,False,False,False,False,False,0.0660091047040971,0.0288315629742033,,,-0.1780576631259484,-0.323277693474962,-0.0212443095599393,0.0751138088012139,-0.0055119795728025,0.0356380708493385,660.5,1055.0,0.776369168356998,-0.0126748589535511,0.0002992691087247,8.382965267964438e-05
2012-08-01,653.0,673.5,642.5,673.5,2614.0,673.5,671.3,694.3,768.0,867.52,1032.51,False,False,False,False,False,False,False,False,False,False,False,0.080920564216778,0.0022271714922048,,,-0.1403118040089087,-0.2880772086117297,-0.0356347438752783,0.0631031922791388,-0.0052102545186277,0.0436410773440876,728.0,1062.0,0.8536903984323971,-0.010859375,0.0018154839535511,0.0003017250541747
2012-08-02,673.5,712.5,673.5,711.0,2898.0,711.0,672.5,690.35,762.0,863.3066666666666,1030.125,False,False,False,False,False,False,False,False,False,False,False,0.010548523206751,-0.0478199718706047,,,-0.0717299578059071,-0.214214721050164,-0.1209563994374121,0.0175808720112517,-0.0048804596280966,0.0449047584558557,739.0,1009.5,1.1086457536342769,-0.0078740157480314,0.0029853592519685,0.0003297948905311
2012-08-03,710.0,710.0,694.5,706.5,1758.0,706.5,679.5,686.6,755.98,859.12,1027.6575,False,False,False,False,False,False,False,False,False,True,False,0.048832271762208,-0.065109695682944,,,-0.0700353857041755,-0.2160226468506723,-0.1012031139419674,0.0290162774239207,-0.0048732035881676,0.0493737256044275,767.5,1029.5,0.6066252587991718,-0.0079631736289319,-8.915788090046138e-05,7.256039928987823e-06
2012-08-06,720.5,723.5,697.5,701.0,1579.0,701.0,690.2,687.2,750.02,854.2333333333333,1025.265,False,False,False,False,False,False,False,False,False,False,False,0.1105563480741797,-0.0627674750356633,,,-0.069928673323823,-0.2185924869234427,-0.0777460770328102,0.0527817403708987,-0.0057205291294337,0.050858556461001,745.0,977.5,0.8981797497155859,-0.0079464547612064,1.671886772554136e-05,-0.0008473255412661
2012-08-07,696.0,710.0,696.0,702.5,1179.0,702.5,698.9,686.85,744.06,849.34,1022.9575,False,False,False,False,False,False,False,False,False,True,False,-0.0348754448398576,-0.0811387900355871,,,-0.0591601423487543,-0.2090249110320285,-0.091814946619217,0.099644128113879,-0.0057613362532476,0.0572905292276334,784.5,1002.5,0.746675110829639,-0.0080101067118243,-6.365195061794858e-05,-4.080712381381198e-05
2012-08-08,701.0,736.5,700.5,728.0,2723.0,728.0,709.8,690.55,739.66,844.7066666666667,1020.6875,False,False,False,False,False,False,False,False,False,False,True,-0.0728021978021978,-0.1359890109890109,,,-0.0160164835164834,-0.1603113553113553,-0.0748626373626373,0.0631868131868131,-0.0054851388253121,0.0582868727825646,787.0,1040.0,2.30958439355386,-0.0059486791228401,0.0020614275889841,0.0002761974279354
2012-08-09,720.0,733.5,706.0,718.5,1998.0,718.5,711.3,691.9,735.4,839.7533333333333,1018.33,False,False,False,False,False,False,False,False,False,False,False,-0.057759220598469,-0.0876826722338204,,,-0.0235212247738343,-0.1687589886337276,-0.0334029227557411,0.0821155184411969,-0.0058985575129205,0.0627258274317097,775.0,1050.5,0.7337495409474843,-0.0057927658417187,0.0001559132811214,-0.0004134186876083
2012-08-10,729.5,747.5,720.5,741.0,1961.0,741.0,718.2,698.85,731.94,835.3733333333333,1015.96,False,False,False,False,True,False,False,False,False,False,False,-0.1086369770580296,-0.1309041835357624,,,0.0122267206477732,-0.1273594242015294,-0.0661268556005398,0.0458839406207827,-0.0052431647327342,0.0613865636402661,770.5,1074.0,0.9814814814814816,-0.0047271634286962,0.0010656024130225,0.0006553927801862
2012-08-13,750.0,781.0,745.0,778.5,3282.0,778.5,733.7,711.95,729.56,831.62,1013.6225,False,False,False,False,False,False,False,False,False,False,False,-0.1560693641618497,-0.1798330122029544,,,0.0628644829800899,-0.0682337829158638,-0.0956968529222864,0.02504816955684,-0.0045132793022454,0.0548493573986936,767.5,1035.5,1.6736359000509944,-0.0032622402544,0.0014649231742961,0.0007298854304888
2012-08-14,663.5,692.5,657.5,678.0,9471.0,678.0,728.8,713.85,723.44,826.26,1010.545,False,False,False,False,False,False,False,False,False,True,False,-0.0479351032448377,-0.0486725663716814,,,-0.0670206489675517,-0.2186725663716814,0.0265486725663716,0.1725663716814159,-0.0064870621838162,0.0641591370736148,785.0,958.0,2.885740402193784,-0.0084595819971246,-0.0051973417427246,-0.0019737828815708
2012-08-15,676.0,688.0,667.5,675.0,2704.0,675.0,718.2,714.0,718.54,821.0066666666667,1007.19,False,False,False,False,False,False,False,False,False,False,False,-0.0681481481481481,-0.04,,,-0.0645037037037036,-0.2163061728395061,0.037037037037037,0.1392592592592592,-0.0063986488132455,0.071358543417367,761.5,947.5,0.2855031147714074,-0.0068193837503828,0.0016401982467418,8.841337057072414e-05
2012-08-16,678.0,681.5,673.0,677.0,2528.0,677.0,709.9,710.6,713.66,815.62,1004.05,False,False,False,False,False,False,False,False,False,True,False,-0.0317577548005908,-0.0819793205317577,,,-0.0541506646971934,-0.2047562776957164,0.0480059084194977,0.1262924667651403,-0.0066043827599453,0.0819729805797917,786.5,858.5,0.9349112426035504,-0.0068379900793094,-1.860632892662205e-05,-0.0002057339466998
2012-08-17,665.5,675.0,660.5,660.5,3011.0,660.5,693.8,706.0,709.24,810.44,1000.765,False,False,False,False,False,False,False,False,False,False,False,-0.0249810749432248,-0.0628311884935654,,,-0.0737925813777441,-0.2270098410295231,0.0802422407267221,0.1627554882664648,-0.0063915897537139,0.0948300283286119,850.0,849.0,1.1910601265822784,-0.0062320230105464,0.000605967068763,0.0002127930062314
2012-08-20,663.0,670.0,649.0,657.0,3347.0,657.0,669.5,701.6,704.32,804.7066666666667,997.575,False,False,False,False,False,False,False,False,False,True,False,-0.0281582952815829,-0.0380517503805175,,,-0.0720243531202436,-0.2248198883815322,0.0722983257229832,0.1933028919330289,-0.0071247493910824,0.108252565564424,902.5,808.5,1.1115908336100964,-0.0069854611540208,-0.0007534381434743,-0.0007331596373685
2012-08-21,657.5,660.0,645.0,645.5,2603.0,645.5,663.0,695.9,699.3,799.2466666666667,994.2525,False,False,False,False,False,False,False,False,False,True,False,-0.0007745933384972,-0.0007745933384972,,,-0.0833462432223082,-0.2381822876323263,0.0852052672347017,0.2563903950426026,-0.0068314329326783,0.122862480241414,905.0,770.0,0.7777113833283538,-0.0071786071786073,-0.0001931460245864,0.0002933164584041
2012-08-22,640.0,647.5,613.5,629.0,7194.0,629.0,653.8,686.0,694.08,793.4733333333334,991.1575,False,False,False,False,False,False,False,False,False,True,False,0.0302066772655007,0.0325914149443561,,,-0.1034658187599364,-0.2614838367779544,0.0802861685214626,0.2821939586645469,-0.0072760269196192,0.143804664723032,882.0,799.5,2.7637341529005,-0.0075207468879666,-0.0003421397093593,-0.0004445939869408
2012-08-23,639.5,659.5,623.0,655.5,4066.0,655.5,649.5,679.7,690.28,788.7533333333333,988.305,False,False,False,False,False,False,False,False,False,False,False,-0.0518688024408848,-0.0465293668954996,,,-0.0530587337909991,-0.2032850241545893,0.0518688024408848,0.2745995423340961,-0.0059841268499658,0.1629395321465352,861.0,777.5,0.5651932165693634,-0.0055050124587125,0.0020157344292541,0.0012919000696533
2012-08-24,651.5,672.0,641.5,644.0,4160.0,644.0,646.2,670.0,686.28,783.6133333333333,985.275,False,False,False,False,False,False,False,False,False,True,False,-0.0388198757763975,-0.0139751552795031,,,-0.0656521739130434,-0.2167908902691511,0.0698757763975155,0.2888198757763975,-0.006559357506253,0.1879850746268657,857.0,768.5,1.0231185440236104,-0.005828524800373,-0.0003235123416605,-0.0005752306562872
2012-08-27,647.5,649.5,635.0,638.5,1673.0,638.5,642.5,656.0,684.02,779.0933333333334,981.8975,False,False,False,False,False,False,False,False,False,False,False,-0.0101801096319498,0.0125293657008613,,,-0.0712920908379013,-0.220193161054555,0.1033672670321065,0.2772122161315583,-0.0058016155531215,0.2160060975609757,850.0,748.5,0.4021634615384615,-0.0033039969591532,0.0025245278412197,0.0007577419531315
2012-08-28,637.5,646.0,625.0,645.0,2444.0,645.0,642.4,652.7,681.58,774.3266666666667,978.6575,False,False,False,False,False,False,False,False,False,True,False,0.0,-0.0108527131782945,,,-0.0567131782945737,-0.2005064599483204,0.0744186046511627,0.275968992248062,-0.0061558859740505,0.2264440018385168,851.5,660.5,1.460848774656306,-0.0035799172510929,-0.0002759202919397,-0.0003542704209289
2012-08-29,644.0,657.5,640.0,648.0,1513.0,648.0,646.2,650.0,679.86,769.1,975.3725,False,False,False,False,False,False,False,False,False,False,False,0.0023148148148148,0.0393518518518518,,,-0.0491666666666666,-0.1868827160493827,0.1280864197530864,0.257716049382716,-0.0067958219563992,0.2386153846153846,838.0,728.0,0.6190671031096563,-0.0025299326331892,0.0010499846179037,-0.0006399359823487
2012-08-30,648.0,648.0,621.5,621.5,2117.0,621.5,639.4,644.45,676.52,763.38,972.1725,False,False,False,False,False,False,False,False,False,True,False,0.0056315366049879,0.1174577634754625,,,-0.0885277554304102,-0.2282864038616251,0.2123893805309734,0.3193885760257441,-0.0074929916948309,0.2582046706493909,825.0,739.0,1.3992068737607402,-0.0049370306864542,-0.002407098053265,-0.0006971697384316
2012-08-31,615.5,631.5,615.5,619.0,1367.0,619.0,634.4,640.3,674.42,757.3133333333334,969.065,False,False,False,False,False,False,False,False,False,False,False,0.0258481421647819,0.1179321486268174,,,-0.0895315024232632,-0.2234464189553043,0.210016155088853,0.3206785137318255,-0.0080107749324365,0.2740902701858504,827.5,767.5,0.6457250826641474,-0.003113786661131,0.0018232440253231,-0.0005177832376055
2012-09-03,617.5,636.0,615.0,632.0,1692.0,632.0,633.1,637.8,673.8,751.9333333333333,965.6275,False,False,False,False,False,False,False,False,False,False,False,0.0229430379746835,0.1139240506329113,,,-0.066139240506329,-0.1897679324894514,0.1637658227848101,0.2784810126582278,-0.007154889617874,0.2828472875509565,838.0,745.0,1.2377468910021945,-0.0009201543484713,0.0021936323126597,0.0008558853145624
2012-09-04,636.5,651.5,636.5,645.0,2131.0,645.0,633.1,637.75,673.24,747.76,962.3225,False,False,False,False,False,False,False,False,False,False,False,-0.0108527131782945,0.0790697674418604,,,-0.0437829457364341,-0.1593178294573643,0.162015503875969,0.2054263565891473,-0.0055811133697085,0.2776950215601725,831.0,784.5,1.2594562647754135,-0.0008317984671141,8.835588135719093e-05,0.0015737762481654
2012-09-05,640.0,651.5,630.0,649.5,1788.0,649.5,633.4,639.8,672.28,743.7866666666666,959.19,False,False,False,False,False,False,False,False,False,True,True,0.0369515011547344,0.0777521170130869,,,-0.0350731331793687,-0.1451680780087246,0.1493456505003849,0.23094688221709,-0.0053420335580094,0.2725070334479525,797.5,787.0,0.8390427029563585,-0.0014279764383888,-0.0005961779712746,0.000239079811699
2012-09-06,642.5,647.5,623.0,625.0,1506.0,625.0,634.1,636.75,668.84,740.6733333333333,955.8175,False,False,False,False,False,False,False,False,False,True,False,0.1112,0.1352,,,-0.070144,-0.1850773333333332,0.1976,0.2888,-0.0042033825078082,0.2738908519827247,799.0,775.0,0.8422818791946308,-0.0051432330602235,-0.0037152566218347,0.0011386510502012
2012-09-07,638.0,641.0,625.0,635.0,1151.0,635.0,637.3,635.85,665.98,737.82,952.5775,False,False,False,False,False,False,False,False,False,False,False,0.089763779527559,0.1236220472440945,,,-0.0487874015748031,-0.1619212598425197,0.2165354330708661,0.3133858267716535,-0.0038672485610761,0.2763230321616732,771.0,770.5,0.7642762284196547,-0.0042944232559536,0.0008488098042699,0.000336133946732
2012-09-10,636.0,648.0,626.5,646.5,1322.0,646.5,640.2,636.65,663.8,735.66,949.7475,False,False,False,False,False,False,False,False,False,False,False,0.0889404485692188,0.0897138437741686,,,-0.0267594740912605,-0.1379118329466356,0.1995359628770301,0.2892498066511987,-0.002936138977245,0.2775465326317444,780.0,767.5,1.1485664639443962,-0.0032841217234107,0.0010103015325428,0.0009311095838311
2012-09-11,645.5,645.5,633.5,638.0,845.0,638.0,638.8,635.95,661.22,733.9,946.715,False,False,False,False,False,False,False,False,False,True,False,0.0909090909090909,0.097962382445141,,,-0.0363949843260188,-0.1503134796238244,0.2108150470219435,0.347962382445141,-0.0023981468864967,0.2847708153156693,771.0,785.0,0.6391830559757943,-0.0039018783460874,-0.0006177566226766,0.0005379920907482
2012-09-12,645.0,678.0,643.0,673.5,3583.0,673.5,643.6,638.5,659.04,732.22,944.11,False,False,False,False,True,False,False,False,False,False,True,0.0393466963622865,0.0089086859688195,,,0.0214699331848552,-0.0871863400148478,0.1247216035634743,0.3496659242761692,-0.0022943923957279,0.2943617854346124,759.5,761.5,4.240236686390532,-0.0033078417091528,0.0005940366369346,0.0001037544907687
2012-09-13,680.0,702.5,677.5,694.5,4959.0,694.5,657.5,645.8,658.08,731.1133333333333,941.7075,False,False,False,False,False,False,False,False,False,False,False,0.0215982721382289,-0.0071994240460763,,,0.0524406047516198,-0.0527189824814015,0.0979121670266378,0.279337652987761,-0.0015136732107197,0.2903375658098482,750.5,786.5,1.384035724253419,-0.0014587892049597,0.001849052504193,0.0007807191850082
2012-09-14,703.5,707.5,685.5,692.0,2340.0,692.0,668.9,653.1,656.12,730.0933333333334,939.025,False,False,False,False,False,False,False,False,False,True,False,0.0310693641618497,-0.0043352601156069,,,0.0518497109826589,-0.0550481695568401,0.1416184971098266,0.2789017341040462,-0.0013970816516609,0.2862501913948858,744.0,850.0,0.4718693284936479,-0.0029872584283363,-0.0015284692233765,0.0001165915590587
2012-09-18,696.0,707.0,688.5,704.0,2336.0,704.0,680.4,660.3,653.14,729.5,936.32,False,False,False,False,False,False,False,False,False,True,False,0.0007102272727272,0.0007102272727272,,,0.0722443181818182,-0.0362215909090909,0.1292613636363636,0.3082386363636363,-0.0008133424720128,0.2893381796153265,695.0,902.5,0.9982905982905984,-0.0045625746394341,-0.0015753162110978,0.0005837391796481
2012-09-19,699.0,704.0,693.0,696.0,828.0,696.0,692.0,665.4,653.86,729.9733333333334,933.675,False,False,False,False,False,False,True,True,True,False,False,0.0064655172413793,-0.0043103448275862,,,0.0605459770114942,-0.0488122605363985,0.1415229885057471,0.3383620689655172,0.0006484255132607,0.302599939885783,706.0,905.0,0.3544520547945205,0.0011011531520509,0.005663727791485,0.0014617679852736
2012-09-20,705.0,723.5,695.0,700.0,2434.0,700.0,697.3,670.45,654.86,729.6,930.975,False,False,False,False,False,False,True,False,False,False,False,-0.0292857142857142,0.0442857142857142,,,0.0644857142857142,-0.0422857142857143,0.1264285714285714,0.3692857142857143,-0.0005116959064327,0.3165038407040046,691.0,882.0,2.9396135265700485,0.0015270439483248,0.0004258907962738,-0.0011601214196935
2012-09-21,692.5,712.0,687.5,709.5,1397.0,709.5,700.3,678.9,656.16,729.2066666666667,928.265,False,False,False,False,False,False,True,False,False,False,False,-0.0281888653981677,0.0620155038759689,,,0.0751797040169133,-0.0277754287056613,0.0852713178294573,0.3840732910500352,-0.0005393989815415,0.3261157755192223,705.0,861.0,0.5739523418241578,0.0019812240916848,0.00045418014336,-2.7703075108810463e-05
2012-09-24,700.5,713.5,695.5,713.5,1098.0,713.5,704.6,686.75,658.28,728.4866666666667,925.4825,False,False,False,False,False,False,True,False,False,False,False,-0.0343377715487035,0.0497547302032235,,,0.0773931324456903,-0.0210044382153702,0.1009110021023125,0.4330763840224246,-0.0009883502786599,0.3384055333090644,671.5,857.0,0.7859699355762347,0.0032205140669623,0.0012392899752775,-0.0004489512971183
2012-09-25,701.0,712.5,697.5,704.5,1839.0,704.5,704.7,692.55,660.18,727.9466666666667,922.825,False,False,False,False,False,False,True,False,False,True,False,0.0,0.0440028388928318,,,0.0629098651525905,-0.0332812869647504,0.0943931866572036,0.453513129879347,-0.0007418125870026,0.3547036315067505,647.5,850.0,1.674863387978142,0.0028780029688872,-0.0003425110980751,0.0002465376916572
2012-09-26,697.0,709.5,697.0,700.5,657.0,700.5,705.6,698.8,662.38,726.8266666666667,920.135,False,False,False,False,False,False,True,False,False,False,False,-0.0107066381156316,0.0699500356887937,,,0.054418272662384,-0.0375826790387818,0.0827980014275517,0.4646680942184154,-0.0015409451130026,0.3663423010875787,659.0,851.5,0.3572593800978793,0.003321356321145,0.0004433533522577,-0.0007991325259999
2012-09-27,698.0,700.5,676.0,679.5,2004.0,679.5,701.5,699.4,664.4,725.3933333333333,917.505,False,False,False,False,False,False,True,False,False,True,False,0.0757910228108903,0.0986019131714495,,,0.0222222222222222,-0.0675398577385332,0.1030169242089771,0.47093451066961,-0.0019759394902995,0.3781098084072062,673.5,838.0,3.050228310502283,0.0030403371462973,-0.0002810191748476,-0.0004349943772969
2012-09-28,669.5,692.5,668.5,689.5,1342.0,689.5,697.5,698.9,665.76,724.2533333333333,914.9775,False,False,False,False,False,False,True,False,False,True,False,0.0928208846990572,0.0855692530819434,,,0.0344307469180565,-0.0504036741600193,0.0964467005076142,0.4227701232777375,-0.001574034868094,0.3923308055515811,711.0,825.0,0.6696606786427146,0.0020427781783225,-0.0009975589679748,0.0004019046222055
2012-10-01,683.5,699.0,681.5,689.0,737.0,689.0,692.6,698.6,667.56,723.1666666666666,912.4075,False,False,False,False,False,False,True,False,False,False,False,0.0870827285921625,0.1211901306240928,,,0.0311175616835995,-0.0495887760038702,0.0674891146589259,0.4412191582002903,-0.001502650380272,0.4083882049813913,706.5,827.5,0.5491803278688525,0.0026963868416321,0.0006536086633096,7.138448782201788e-05
2012-10-02,695.0,706.5,689.0,704.5,1458.0,704.5,692.6,698.65,670.2,722.3266666666667,909.9075,False,False,False,False,False,False,True,False,False,False,False,0.0440028388928318,0.1007806955287437,,,0.0486870120652944,-0.0253039981074048,0.0241305890702626,0.4464158977998581,-0.0011629087485808,0.4223144636083877,701.0,838.0,1.978290366350068,0.0039391226499553,0.0012427358083232,0.0003397416316911
2012-10-03,708.5,710.0,690.5,693.0,908.0,693.0,691.1,698.35,672.12,721.1,907.5225,False,False,False,False,False,False,True,False,False,True,False,0.0815295815295815,0.1147186147186147,,,0.0301298701298701,-0.0405483405483405,0.0562770562770562,0.5238095238095238,-0.0017011047936023,0.4407532039808118,702.5,831.0,0.6227709190672154,0.0028566327441527,-0.0010824899058026,-0.0005381960450215
2012-10-04,700.0,733.0,694.5,731.0,2427.0,731.0,701.4,701.45,675.44,720.6933333333334,905.48,False,False,False,False,False,False,True,False,False,False,True,0.021203830369357,0.0362517099863201,,,0.0760054719562242,0.0140994072047422,-0.0041039671682626,0.4336525307797537,-0.0005642714423147,0.447145199230166,728.0,797.5,2.6729074889867843,0.0049153144616843,0.0020586817175315,0.0011368333512876
2012-10-05,737.5,757.5,733.5,753.5,3194.0,753.5,714.2,705.85,680.72,720.2533333333333,903.59,False,False,False,False,False,False,True,False,False,False,False,-0.006635700066357,0.0119442601194426,,,0.0965892501658924,0.0441229816412298,-0.0278699402786994,0.3735899137358991,-0.0006108961661638,0.4456329248423885,718.5,799.0,1.3160280181293778,0.0077564931249265,0.0028411786632421,-4.66247238490651e-05
2012-10-09,745.0,755.5,740.0,749.0,1160.0,749.0,726.2,709.4,685.92,718.9066666666666,901.635,False,False,False,False,False,False,True,False,False,True,False,0.0313751668891855,0.0547396528704939,,,0.084218958611482,0.0401780151312861,-0.0514018691588785,0.4352469959946595,-0.0018732148818576,0.4457992669861856,741.0,771.0,0.3631809643080776,0.0075810590156285,-0.0001754341092979,-0.0012623187156938
2012-10-10,747.5,747.5,723.0,735.5,2199.0,735.5,732.4,712.5,690.06,716.68,899.6175,False,False,False,False,False,False,True,False,False,True,False,0.0543847722637661,0.0808973487423521,,,0.0617811012916384,0.025588035350102,-0.0407885791978246,0.5533650577838205,-0.0031069189410429,0.4561403508771929,778.5,780.0,1.8956896551724136,0.0059994783062342,-0.0015815807093943,-0.0012337040591853
2012-10-11,724.5,757.0,717.0,749.5,2091.0,749.5,743.7,717.4,694.24,714.6066666666667,897.77,False,False,False,False,False,False,True,False,False,False,False,0.0306871247498332,0.0600400266844563,,,0.0737291527685123,0.0465554814320658,-0.0547031354236157,0.4909939959973315,-0.0029013629875641,0.4589489824365767,678.0,771.0,0.950886766712142,0.0060209725743259,2.1494268091752297e-05,0.0002055559534788
2012-10-12,748.0,762.5,740.0,746.5,2237.0,746.5,746.8,724.1,698.12,712.8,896.0525,False,False,False,False,False,False,True,False,False,True,False,0.014735432016075,0.0562625586068318,,,0.0648091091761553,0.0451440053583389,-0.0408573342263898,0.4896182183523108,-0.0025346053123831,0.4609860516503246,675.0,759.5,1.0698230511716882,0.0055577837621039,-0.000463188812222,0.0003667576751809
2012-10-15,742.5,755.0,740.0,748.5,1213.0,748.5,745.8,730.0,703.06,711.3,894.4475,False,False,False,False,False,False,True,False,False,False,False,0.0187040748162992,0.0287241148964595,,,0.0607080828323314,0.0496993987975952,-0.0334001336005344,0.4802939211756847,-0.0021088148460565,0.4665753424657533,677.0,750.5,0.5422440768886903,0.0070264273319488,0.0014686435698448,0.0004257904663266
2012-10-16,755.0,779.5,753.5,772.5,2816.0,772.5,750.5,738.35,708.56,710.1733333333333,892.86,False,False,False,False,False,False,True,False,False,False,False,0.0226537216828478,0.0168284789644012,,,0.0827702265372169,0.0806817691477886,-0.0588996763754045,0.4110032362459547,-0.0015864671535587,0.4631272431773548,660.5,744.0,2.3215169002473206,0.0077622219713221,0.0007357946393732,0.0005223476924977
2012-10-17,780.0,784.0,766.5,775.5,1885.0,775.5,758.5,745.45,713.72,709.18,891.2175,False,True,False,False,False,False,True,False,False,True,False,0.0251450676982591,-0.0058027079303675,,,0.0796647324306898,0.0855190199871051,-0.0483558994197292,0.3971631205673759,-0.0014006787181439,0.4578442551478972,657.0,695.0,0.6693892045454546,0.0072297259429469,-0.0005324960283751,0.0001857884354147
2012-10-18,774.5,786.0,771.0,772.5,1282.0,772.5,763.1,753.4,719.1,708.1266666666667,889.58,False,False,False,False,False,False,True,False,False,False,False,0.0284789644012945,-0.0181229773462783,,,0.0691262135922329,0.0833311758360302,0.0,0.3689320388349514,-0.0014874928214348,0.4426599415980888,645.5,706.0,0.680106100795756,0.0074815741899596,0.0002518482470127,-8.681410329092307e-05
2012-10-19,770.0,770.0,754.0,757.5,1549.0,757.5,765.3,756.05,722.46,707.0533333333333,887.795,False,False,False,False,False,False,True,False,False,True,False,0.0409240924092409,-0.0105610561056105,,,0.0462574257425742,0.0665962596259626,0.0217821782178217,0.3702970297029703,-0.0015180373003451,0.4362806692679057,629.0,691.0,1.2082683307332294,0.0046507765135786,-0.002830797676381,-3.054447891026927e-05
2012-10-22,750.0,772.5,741.0,762.5,1089.0,762.5,768.1,756.95,725.18,706.22,885.9025,False,False,False,False,False,False,True,False,False,True,False,0.0098360655737704,-0.0085245901639344,,,0.048944262295082,0.0738098360655737,0.0196721311475409,0.420327868852459,-0.0011799911264666,0.4409141951251734,655.5,705.0,0.7030342156229825,0.0037507929065885,-0.00089998360699,0.0003380461738785
2012-10-23,762.5,792.5,762.5,790.0,1976.0,790.0,771.6,761.05,729.1,705.72,884.1775,False,False,False,False,False,False,True,False,False,False,False,-0.0056962025316455,-0.0689873417721519,,,0.0770886075949366,0.1066835443037974,-0.0189873417721519,0.2784810126582278,-0.0007084962874794,0.4246107351685173,644.0,671.5,1.8145087235996329,0.0053764915649431,0.0016256986583545,0.0004714948389871
2012-10-24,800.0,822.5,795.0,795.0,4629.0,795.0,775.5,767.0,732.74,705.1466666666666,882.62,False,False,False,False,False,False,True,False,False,True,False,-0.030188679245283,-0.0924528301886792,,,0.078314465408805,0.1130230607966457,0.0037735849056603,0.3194968553459119,-0.0008130696214499,0.4013689700130377,638.5,647.5,2.342611336032389,0.0049676556486611,-0.000408835916282,-0.0001045733339705
2012-10-25,808.5,814.5,790.5,794.5,1802.0,794.5,779.9,771.5,736.68,704.66,881.185,False,False,False,False,False,False,True,False,False,False,False,-0.0453115166771554,-0.0786658275645059,,,0.0727753303964758,0.1130774071743235,0.000629326620516,0.3838892385147892,-0.0006906404034096,0.3908619572261827,645.0,659.0,0.3892849427522143,0.00534831948743,0.0003806638387688,0.0001224292180402
2012-10-26,790.5,805.0,780.0,788.5,1428.0,788.5,786.1,775.7,740.22,704.54,879.795,False,False,False,False,False,False,True,False,False,True,False,-0.0494610019023462,-0.0767279644895371,,,0.0612301838934685,0.1064806594800254,-0.0247305009511731,0.3703233988585923,-0.0001703238992818,0.3792703364702849,648.0,673.5,0.7924528301886793,0.0047823620004864,-0.0005659574869435,0.0005203165041278
2012-10-29,780.0,793.5,766.0,770.0,1317.0,770.0,787.6,777.85,742.64,704.1533333333333,878.415,False,False,False,False,False,False,True,False,False,True,False,-0.0181818181818181,-0.0487012987012987,,,0.0355324675324675,0.0855151515151515,-0.0097402597402597,0.4227272727272727,-0.0005491228236274,0.3738509995500418,621.5,711.0,0.9222689075630252,0.0032586448346439,-0.0015237171658425,-0.0003787989243456
2012-10-30,775.0,797.5,767.5,785.5,1047.0,785.5,786.7,779.15,745.52,704.3466666666667,877.0425,False,False,False,False,False,False,True,True,False,False,False,-0.0636537237428389,-0.0954805856142584,,,0.050897517504774,0.1033142372162104,-0.0222788033099936,0.3812858052196053,0.0002744860485367,0.3709170249631009,619.0,706.5,0.7949886104783599,0.0038630754372786,0.0006044306026347,0.0008236088721641
2012-10-31,785.5,785.5,763.5,771.0,1164.0,771.0,781.9,778.7,748.18,704.2266666666667,875.7225,False,False,False,False,False,False,True,False,False,True,False,-0.0642023346303501,-0.0849546044098573,,,0.0295979247730221,0.086606139213143,0.0168612191958495,0.4202334630350194,-0.0001703996819206,0.3731860793630408,632.0,701.0,1.111747851002865,0.0035552941805447,-0.0003077812567339,-0.0004448857304573
2012-11-01,766.5,771.0,757.0,758.5,908.0,758.5,774.7,777.3,750.5,704.06,874.56,False,False,False,False,False,False,True,False,False,True,False,-0.034937376400791,-0.0659195781147,,,0.010547132498352,0.0717732366512855,0.069215557020435,0.4106789716545814,-0.0002367222490508,0.3772674642994983,645.0,702.5,0.7800687285223368,0.00309127248501,-0.0004640216955346,-6.632256713025124e-05
2012-11-02,770.5,774.0,746.5,749.5,1730.0,749.5,766.9,776.5,753.3,703.9266666666666,873.5125,False,False,False,False,False,False,True,False,False,False,False,-0.028685790527018,-0.0446964643095396,,,-0.0050700466977984,0.0608049810985101,0.0760507004669779,0.4536357571714476,-0.0001894136699845,0.3853187379265937,649.5,728.0,1.9052863436123348,0.0037169786273728,0.0006257061423627,4.7308579066299416e-05
2012-11-05,747.0,764.5,743.5,756.0,747.0,756.0,764.1,775.85,755.96,704.0,872.52,False,False,False,False,False,False,True,True,False,True,False,-0.031084656084656,-0.0429894179894179,,,5.291005291000479e-05,0.0687830687830687,0.1051587301587301,0.6071428571428571,0.0001041666666667,0.4034929432235613,625.0,718.5,0.4317919075144508,0.0035187046933701,-0.0001982739340027,0.0002935803366512
2012-11-06,745.0,752.5,724.0,735.5,1732.0,735.5,754.1,770.4,757.82,703.8866666666667,871.335,False,False,False,False,False,False,True,False,False,True,False,-0.0339904826648538,-0.0115567641060503,,,-0.0303467029231815,0.0429820983457965,0.1284840244731475,0.6702923181509177,-0.000161010768779,0.4417834890965733,635.0,741.0,2.318607764390897,0.0024544086986355,-0.0010642959947345,-0.0002651774354458
2012-11-07,730.5,744.0,720.0,721.5,1256.0,721.5,744.2,763.05,758.5,704.24,870.08,False,False,False,False,False,False,True,True,False,True,False,-0.0221760221760221,0.0228690228690228,,,-0.0512820512820512,0.0239223839223839,0.1302841302841302,0.8641718641718642,0.000501722897497,0.4944630102876613,646.5,778.5,0.7251732101616628,0.0008965062623598,-0.0015579024362757,0.0006627336662761
2012-11-08,709.5,738.0,708.5,732.0,945.0,732.0,738.9,756.8,760.06,704.5866666666667,868.8775,False,False,False,False,False,False,True,True,True,False,False,-0.032103825136612,0.055327868852459,,,-0.0383333333333332,0.0374499089253187,0.1243169398907103,0.9139344262295082,0.0004920142305654,0.5466437632135307,638.0,678.0,0.7523885350318471,0.0020524695418782,0.0011559632795183,-9.708666931618965e-06
2012-11-09,725.0,734.5,721.0,728.0,602.0,728.0,734.6,750.75,759.94,705.08,867.4675,False,False,False,False,False,False,False,True,False,True,False,-0.0164835164835164,0.0631868131868131,,,-0.0438736263736264,0.0314835164835164,0.1195054945054945,0.9642857142857144,0.0006996841965923,0.6056610056610057,673.5,675.0,0.6370370370370371,-0.0001579072032001,-0.0022103767450783,0.0002076699660268
2012-11-12,728.0,733.0,721.0,732.5,463.0,732.5,729.9,747.0,759.1,705.4466666666667,866.015,False,False,False,False,False,False,False,True,False,True,False,-0.0122866894197952,0.0614334470989761,,,-0.0363139931740614,0.0369328782707621,0.1194539249146757,0.9228668941979522,0.0005197652551102,0.6556224899598394,694.5,677.0,0.7691029900332226,-0.0011065735739692,-0.0009486663707691,-0.0001799189414821
2012-11-13,735.0,736.5,710.5,710.5,981.0,710.5,724.9,739.5,757.56,705.9666666666667,864.4175,False,False,False,False,False,False,False,True,False,True,False,0.0232230823363828,0.0907811400422237,,,-0.0662350457424348,0.0063804832277738,0.1505981703026038,0.9148486980999296,0.0007365786864346,0.7096686950642326,692.0,660.5,2.11879049676026,-0.0020328422831195,-0.0009262687091503,0.0002168134313244
2012-11-14,682.5,706.5,665.0,705.5,2805.0,705.5,721.7,732.95,756.36,706.74,862.32,False,False,False,False,False,False,False,True,False,False,False,0.0460666194188518,0.1311126860382707,,,-0.072090715804394,-0.0017576187101346,0.1452870304748405,0.8518781006378455,0.0010942260708794,0.7538031243604612,704.0,657.0,2.859327217125382,-0.0015865460891638,0.0004462961939557,0.0003576473844447
2012-11-15,700.0,725.0,695.0,708.5,1311.0,708.5,717.0,727.95,754.72,707.4,860.3375,False,False,False,False,False,False,False,True,False,True,False,0.0903316866619619,0.1220889202540578,,,-0.0652364149611856,0.0015525758645025,0.0973888496824276,0.8517995765702188,0.000932994062765,0.7990933443230991,696.0,645.5,0.467379679144385,-0.0021729913080347,-0.0005864452188709,-0.0001612320081143
2012-11-16,696.0,722.5,696.0,716.0,1026.0,716.0,714.6,724.6,753.5,707.9666666666667,858.0525,False,False,False,False,False,False,False,True,False,False,False,0.0810055865921787,0.074022346368715,,,-0.0523743016759776,0.0112197392923649,0.1166201117318435,0.8505586592178771,0.0008004143321249,0.8399116754071212,700.0,629.0,0.782608695652174,-0.0016191108161911,0.0005538804918436,-0.00013257973064
2012-11-19,723.5,733.5,719.5,723.5,848.0,723.5,712.8,721.35,752.5,708.1333333333333,855.975,False,False,False,False,False,False,False,True,False,False,False,0.0746371803731859,0.0539046302695231,,,-0.0400829302004146,0.0212393457728634,0.1133379405666897,0.9212163096060816,0.0002353605723968,0.8724613571775144,709.5,655.5,0.8265107212475633,-0.001328903654485,0.000290207161706,-0.000565053759728
2012-11-20,724.5,728.5,720.0,727.0,1072.0,727.0,716.1,720.5,750.68,708.4066666666666,853.875,False,False,False,False,False,False,False,True,False,True,False,0.0660247592847317,0.0563961485557083,,,-0.0325722145804676,0.0255754241173773,0.1471801925722145,0.9002751031636864,0.0003858424069037,0.8959056210964608,713.5,644.0,1.2641509433962264,-0.0024244684819098,-0.0010955648274247,0.0001504818345068
2012-11-21,725.0,744.5,725.0,738.0,1295.0,738.0,722.6,722.15,749.18,708.9,851.92,False,False,False,False,False,False,False,True,False,False,True,0.08130081300813,0.062330623306233,,,-0.0151490514905148,0.0394308943089431,0.1294037940379404,0.8123306233062331,0.0006959138571495,0.8905352073668906,704.5,638.5,1.2080223880597014,-0.0020021890600389,0.0004222794218708,0.0003100714502458
2012-11-22,745.0,785.0,741.0,772.5,2587.0,772.5,735.4,726.2,749.18,709.8333333333334,850.0825,False,False,False,False,True,False,False,True,False,False,False,0.029126213592233,0.0498381877022653,,,0.0301877022653722,0.0811218985976267,0.1132686084142394,0.7411003236245954,0.0013148626438131,0.872280363536216,700.5,645.0,1.9976833976833976,0.0,0.0020021890600389,0.0006189487866636
2012-11-26,790.0,796.0,772.0,774.0,1380.0,774.0,747.0,730.8,749.84,710.4466666666667,848.0625,False,False,False,False,False,False,True,True,False,False,False,-0.0064599483204134,0.0419896640826873,,,0.0312144702842376,0.0821102497846683,0.1744186046511628,0.8210594315245479,0.0008633066521531,0.8576902025177887,679.5,648.0,0.5334364128333977,0.0008801877733917,0.0008801877733917,-0.00045155599166
2012-11-27,781.0,784.0,770.0,777.5,1025.0,777.5,757.8,735.3,750.44,711.2333333333333,846.025,False,False,False,False,False,False,True,True,False,True,False,-0.0192926045016077,0.0745980707395498,,,0.0348038585209002,0.085230439442658,0.1427652733118971,0.8038585209003215,0.0011060598959553,0.8455052359581124,689.5,621.5,0.7427536231884058,0.0007995309418474,-8.065683154428636e-05,0.0002427532438022
2012-11-28,776.0,788.5,772.5,775.0,940.0,775.0,767.4,741.75,749.84,711.6866666666666,844.205,False,False,False,False,False,False,False,True,False,True,False,-0.0090322580645161,0.0709677419354838,,,0.0324645161290322,0.081694623655914,0.1419354838709677,0.7787096774193548,0.0006369844407181,0.8318840579710144,689.0,619.0,0.9170731707317074,-0.0008001707030833,-0.0015997016449308,-0.0004690754552371
2012-11-29,784.0,798.0,782.5,798.0,1502.0,798.0,779.4,751.0,749.96,711.9466666666667,842.775,False,False,False,False,False,False,True,True,False,False,False,-0.0175438596491228,0.0219298245614035,,,0.0602005012531327,0.1078362573099414,0.1541353383458646,0.7988721804511278,0.0003651958948237,0.8264980026631159,704.5,632.0,1.597872340425532,0.0001600085337884,0.0009601792368718,-0.0002717885458944
2012-11-30,800.0,800.5,782.5,795.0,1492.0,795.0,783.9,759.65,749.98,713.5066666666667,841.35,False,False,False,False,False,False,True,True,False,True,False,0.020125786163522,0.0352201257861635,,,0.05662893081761,0.1025073375262054,0.1716981132075471,0.9937106918238994,0.002186384616822,0.8416375962614362,693.0,645.0,0.9933422103861518,2.6667377796717e-05,-0.0001333411559917,0.0018211887219982
2012-12-03,795.0,795.0,769.0,769.0,1530.0,769.0,782.9,764.95,749.2,714.76,839.7625,False,False,False,False,False,False,False,True,False,True,False,0.0487646293888166,0.059817945383615,,,0.0257477243172951,0.0705331599479844,0.2464239271781534,1.0221066319895968,0.0017535023411121,0.8589450290868683,731.0,649.5,1.0254691689008042,-0.0010411105178857,-0.0010677778956824,-0.0004328822757098
2012-12-04,764.5,770.0,757.0,762.5,836.0,762.5,779.9,768.85,748.9,715.9,837.9275,False,False,False,False,False,False,False,True,False,False,False,0.0957377049180327,0.0754098360655737,,,0.0178360655737705,0.0611147540983606,0.2878688524590164,0.99672131147541,0.0015924011733482,0.8667490407751837,753.5,625.0,0.5464052287581699,-0.000400587528375,0.0006405229895106,-0.0001611011677639
2012-12-05,763.0,772.5,763.0,768.0,656.0,768.0,778.5,772.95,748.2,717.3333333333334,836.3425,False,False,False,False,False,False,False,True,False,True,False,0.0807291666666666,0.064453125,,,0.0257812499999999,0.0659722222222221,0.3313802083333333,0.85546875,0.0019981412639406,0.8624749336955816,749.0,635.0,0.784688995215311,-0.0009355787222666,-0.0005349911938916,0.0004057400905923
2012-12-06,772.0,784.0,766.0,784.0,811.0,784.0,775.7,777.55,748.72,719.0266666666666,835.0225,False,False,False,False,False,False,True,True,False,False,False,0.0401785714285714,0.0306122448979591,,,0.0449999999999999,0.0828741496598639,0.3061224489795918,0.826530612244898,0.0023550355109684,0.8636100572310463,735.5,646.5,1.236280487804878,0.0006945186451543,0.001630097367421,0.0003568942470278
2012-12-07,825.0,830.0,806.5,811.0,6332.0,811.0,778.9,781.4,750.82,721.2333333333333,833.7025,False,False,False,False,False,False,True,True,True,False,False,0.0147965474722564,-0.0413070283600493,,,0.0742046855733661,0.1106863953966296,0.2651048088779285,0.8064118372379778,0.0030595738780792,0.8697850012797543,749.5,638.0,7.807644882860666,0.002796942010069,0.0021024233649146,0.0007045383671108
2012-12-10,817.5,818.0,802.5,806.5,1011.0,806.5,786.4,784.65,753.1,723.6,832.2625,False,False,False,False,False,False,True,True,False,False,False,0.0105393676379417,-0.0086794792312461,,,0.0662120272783632,0.1027898326100433,0.2393056416615003,0.7898326100433974,0.0032706836189423,0.8663735423437202,746.5,673.5,0.1596651926721415,0.0030274863895896,0.0002305443795206,0.000211109740863
2012-12-11,805.0,842.5,805.0,835.5,3729.0,835.5,801.0,790.45,756.28,726.0,830.965,False,False,False,False,False,False,True,True,False,False,False,-0.0185517654099341,-0.0359066427289048,,,0.0948174745661281,0.1310592459605027,0.1741472172351885,0.7295032914422501,0.0033057851239669,0.8580555379846923,748.5,694.5,3.688427299703264,0.0042047918760246,0.001177305486435,3.5101505024575166e-05
2012-12-12,844.0,845.0,825.5,830.0,2638.0,830.0,813.4,795.95,760.06,728.48,829.6175,False,False,False,False,False,False,True,True,False,False,False,-0.0150602409638554,0.0048192771084337,,,0.0842650602409639,0.1223132530120481,0.1963855421686747,0.8012048192771084,0.0034043487810235,0.8598530058420752,772.5,692.0,0.7074282649503888,0.0049732915822434,0.0007684997062187,9.856365705661514e-05
2012-12-13,830.5,837.0,810.5,815.5,2037.0,815.5,819.7,797.7,763.82,730.84,828.3025,False,False,False,False,False,False,True,True,False,True,False,-0.009196811771919,0.0220723482526057,,,0.0633721643163702,0.1038136112814224,0.249540159411404,0.912936848559166,0.0032291609654644,0.8713802181271153,775.5,704.0,0.7721758908263836,0.0049226257495222,-5.06658327211959e-05,-0.0001751878155591
2012-12-14,811.5,824.0,801.5,823.0,1502.0,823.0,822.1,800.5,767.46,733.2133333333334,827.1375,False,False,False,False,False,False,True,True,False,True,False,-0.0552855407047387,0.0449574726609963,,,0.0674848116646415,0.1090968003240177,0.2831105710814094,0.8347509113001215,0.0032368933098143,0.8554653341661461,772.5,696.0,0.7373588610702013,0.004742918197691,-0.0001797075518312,7.73234434991955e-06
2012-12-17,816.5,828.5,812.5,815.0,1079.0,815.0,823.8,805.1,770.94,735.44,825.9625,False,False,False,False,False,False,True,True,False,True,False,-0.0190184049079754,0.1153374233128834,,,0.0540613496932514,0.0976196319018404,0.2858895705521472,0.8834355828220859,0.0030276659777367,0.8423798285927213,757.5,700.0,0.7183754993342211,0.0045139699587516,-0.0002289482389393,-0.0002092273320776
2012-12-18,817.5,822.0,816.0,820.0,962.0,820.0,820.7,810.85,774.44,738.0866666666667,824.8775,False,False,False,False,False,False,True,True,False,False,False,-0.0176829268292682,0.0835365853658536,,,0.055560975609756,0.0998943089430893,0.2621951219512195,0.8292682926829268,0.0035858480937197,0.8265400505642226,762.5,709.5,0.891566265060241,0.0045193946593667,5.42470061509065e-06,0.000558182115983
2012-12-19,825.0,832.0,801.5,817.5,1740.0,817.5,818.2,815.8,778.72,740.7333333333333,823.6525,False,False,False,False,False,False,True,True,False,False,False,0.0201834862385321,0.0825688073394495,,,0.0474373088685015,0.0939041794087665,0.3149847094801223,0.7993883792048929,0.0035730357303572,0.8210958568276541,790.0,713.5,1.8087318087318087,0.0054961988904869,0.0009768042311201,-1.281236336249424e-05
2012-12-20,822.5,824.0,806.5,808.0,1105.0,808.0,816.7,818.2,782.82,743.08,822.4625,False,False,False,False,False,False,True,True,False,True,False,0.031559405940594,0.1398514851485148,,,0.0311633663366336,0.0803465346534652,0.4139851485148514,0.8254950495049505,0.0031580269508891,0.8210095331214862,795.0,704.5,0.6350574712643678,0.0052374747707008,-0.000258724119786,-0.0004150087794681
2012-12-21,807.5,810.0,772.0,777.5,2692.0,777.5,807.6,814.85,785.58,744.8466666666667,821.1525,False,False,False,False,False,False,True,True,False,True,False,0.1061093247588424,0.1980707395498392,,,-0.0103922829581994,0.0419978563772775,0.4372990353697749,0.9485530546623794,0.0023718528198197,0.8346321408848254,794.5,700.5,2.436199095022624,0.003513327732376,-0.0017241470383247,-0.0007861741310694
2012-12-25,826.5,830.0,795.0,799.5,4664.0,799.5,804.5,814.15,788.92,746.8466666666667,820.0175,False,False,False,False,False,False,True,True,False,False,False,0.1369606003752345,0.198874296435272,,,0.0132332707942464,0.0658578278090473,0.3908692933083177,1.0387742338961852,0.0026779258571594,0.8591168703555855,788.5,679.5,1.7325408618127789,0.004233635856614,0.0007203081242379,0.0003060730373397
2012-12-26,808.5,817.5,801.5,805.5,1519.0,805.5,801.6,811.15,792.2,749.2533333333333,818.8575,False,False,False,False,False,False,True,True,False,True,False,0.1030415890751086,0.2191185599006828,,,0.0165114835505896,0.0698282640182081,0.3755431409062694,1.0887647423960274,0.0032120866996476,0.8952721444862232,770.0,689.5,0.3256861063464837,0.0041403685937895,-9.326726282444554e-05,0.0005341608424881
2012-12-27,803.0,837.5,797.5,834.0,2717.0,834.0,804.9,811.55,796.48,751.9066666666666,817.735,False,False,False,False,False,False,True,True,False,False,False,0.0611510791366906,0.2260191846522782,,,0.0449880095923261,0.0984332533972822,0.3069544364508393,0.9784172661870504,0.0035288067667972,0.91343724970735,785.5,689.0,1.7886767610269914,0.0053736440337484,0.0012332754399589,0.0003167200671496
2012-12-28,839.0,839.0,820.0,833.5,1994.0,833.5,810.0,813.35,800.3,754.4,816.5325,False,False,False,False,False,False,True,True,False,True,True,0.1049790041991601,0.2285542891421715,,,0.0398320335932814,0.0949010197960408,0.2999400119976004,1.0065986802639473,0.0033050547896783,0.9230343640499168,771.0,704.5,0.7338976812661023,0.0047732100462325,-0.0006004339875158,-0.0002237519771189
2013-01-04,844.0,874.0,830.0,860.0,3287.0,860.0,826.5,817.05,803.8,757.36,815.4625,False,False,False,False,False,False,True,True,False,True,False,0.0831395348837209,0.1930232558139535,,,0.0653488372093023,0.1193488372093023,0.2296511627906976,0.9883720930232558,0.0039083130875673,0.9388042347469556,758.5,693.0,1.648445336008024,0.0043543169942771,-0.0004188930519554,0.000603258297889
2013-01-07,870.0,918.0,842.5,909.0,6531.0,909.0,848.4,826.45,809.2,760.5,814.7725,False,False,False,False,False,False,True,True,False,False,False,0.0544554455445544,0.0995599559955995,,,0.1097909790979097,0.1633663366336633,0.1419141914191419,0.8509350935093509,0.004128862590401,0.9345997943009254,749.5,731.0,1.9869181624581684,0.0066732575383095,0.0023189405440323,0.0002205495028336
2013-01-08,905.0,909.0,882.5,888.5,2739.0,888.5,865.0,833.3,813.64,763.0866666666667,813.97,False,False,False,False,False,False,True,True,False,True,False,0.1052335396736072,0.1041080472706809,,,0.0842543612830613,0.1411517538923278,0.2189082723691615,0.8289251547552055,0.0033897416632449,0.9336973478939158,756.0,753.5,0.4193844740468535,0.0054569588515804,-0.001216298686729,-0.000739120927156
2013-01-09,878.0,889.5,873.5,885.0,1610.0,885.0,875.2,840.05,818.04,765.66,813.1225,False,False,False,False,False,False,True,True,False,True,False,0.1553672316384181,0.1220338983050847,,,0.0756610169491525,0.1348474576271186,0.1412429378531073,1.0169491525423728,0.0033609347926406,0.9555383608118564,735.5,749.0,0.5878057685286601,0.0053787100875262,-7.824876405422478e-05,-2.880687060425203e-05
2013-01-10,913.5,934.0,890.0,921.0,4346.0,921.0,892.7,851.35,822.96,768.5533333333333,812.49,False,False,False,False,False,False,True,True,False,False,False,0.1118349619978284,0.1064060803474484,,,0.1064495114006514,0.1655229822656533,0.1389793702497285,0.8838219326818675,0.003764648733985,0.9601221589240616,721.5,735.5,2.699378881987577,0.0059784193642462,0.0005997092767199,0.0004037139413443
2013-01-11,927.0,940.5,916.5,931.5,3115.0,931.5,907.0,866.75,828.42,771.6933333333334,812.0025,False,False,False,False,False,False,True,True,False,False,False,0.1014492753623188,0.1336553945249597,,,0.1106602254428341,0.1715584183217033,0.180354267310789,0.8840579710144928,0.0040689738583549,0.9529852898759734,732.0,749.5,0.7167510354348826,0.0065908597088432,0.000612440344597,0.0003043251243698
2013-01-15,945.0,965.0,934.0,958.5,3914.0,958.5,916.9,882.65,836.0,775.14,811.57,False,False,False,False,False,False,True,True,False,False,False,0.0427751695357329,0.0933750652060511,,,0.1278038601982264,0.1912989045383411,0.127282211789254,1.0135628586332812,0.0044465085876959,0.9517928963915482,728.0,746.5,1.2565008025682185,0.009066985645933,0.0024761259370898,0.0003775347293409
2013-01-16,956.0,993.5,946.0,982.0,6514.0,982.0,935.6,900.3,844.78,778.7733333333333,811.22,False,False,False,False,False,False,True,True,False,False,False,-0.0010183299389002,0.0539714867617108,,,0.1397352342158859,0.2069517990495587,0.1155804480651731,0.939918533604888,0.0046654567867415,0.9382428079529048,732.5,748.5,1.6642820643842615,0.0103932384762896,0.0013262528303565,0.0002189481990456
2013-01-17,975.5,1023.0,974.5,1022.5,8556.0,1022.5,963.1,919.15,854.96,782.8933333333333,811.2325,False,False,False,False,False,False,True,True,False,False,False,-0.0288508557457212,0.0513447432762836,,,0.1638533007334963,0.2343341483292583,0.0611246943765281,0.8875305623471883,0.0052625304426316,0.9289561007452538,710.5,772.5,1.3134786613447955,0.0119069898006925,0.0015137513244028,0.00059707365589
2013-01-18,1023.0,1035.0,1009.0,1024.0,3402.0,1024.0,983.7,938.2,864.56,787.1533333333333,811.2175,False,False,False,False,False,False,True,True,False,True,False,-0.0048828125,0.11572265625,,,0.155703125,0.2312955729166667,0.0693359375,0.865234375,0.0054119061936259,0.9151033894691962,705.5,775.5,0.3976157082748948,0.0111039141297306,-0.0008030756709618,0.0001493757509943
2013-01-21,1015.5,1047.5,1007.5,1026.0,3733.0,1026.0,1002.6,954.8,873.16,791.4933333333333,811.1675,False,False,False,False,False,False,True,True,False,True,False,0.0292397660818713,0.0891812865497076,,,0.1489668615984405,0.2285640025990903,0.0428849902534113,0.7275828460038987,0.0054833058185371,0.8883535819019691,708.5,772.5,1.0972957084068196,0.0098492830638142,-0.0012546310659164,7.139962491118507e-05
2013-01-22,1022.5,1034.0,989.5,999.5,3418.0,999.5,1010.8,963.85,880.88,795.76,810.7425,False,False,False,False,False,False,True,True,False,True,False,0.0485242621310655,0.1125562781390695,,,0.1186793396698349,0.2038419209604802,0.0900450225112556,0.8759379689844923,0.0053617506115746,0.8905950095969289,716.0,757.5,0.9156174658451648,0.0087639633094178,-0.0010853197543963,-0.0001215552069624
2013-01-23,1000.0,1009.0,980.0,981.0,1749.0,981.0,1010.6,973.1,886.7,799.6466666666666,810.235,False,False,False,False,False,False,True,True,False,True,False,0.055045871559633,0.1294597349643221,,,0.0961264016309887,0.184865783214407,0.2385321100917431,0.7074413863404689,0.0048604800453533,0.8777617922104614,723.5,762.5,0.5117027501462844,0.0065636630201872,-0.0022003002892306,-0.0005012705662213
2013-01-24,974.5,1015.0,947.5,993.0,2779.0,993.0,1004.7,983.9,893.22,803.7,809.9175,False,False,False,False,False,False,True,True,False,False,False,0.0825780463242698,0.0976837865055387,,,0.1004833836858005,0.1906344410876132,0.2371601208459214,0.6263846928499497,0.005043341213554,0.8398719382051022,727.0,790.0,1.5889079473985137,0.0072994335102214,0.0007357704900341,0.0001828611682007
2013-01-25,999.5,1023.0,995.0,1019.0,3595.0,1019.0,1003.7,993.7,901.36,807.8933333333333,809.78,False,False,False,False,False,False,True,True,False,False,False,0.1211972522080471,0.0632973503434739,,,0.1154465161923454,0.2071704285246974,0.3199214916584887,0.6707556427870461,0.0051904541853709,0.818456274529536,738.0,795.0,1.2936308024469234,0.0090307979053873,0.0017313643951659,0.0001471129718168
2013-01-28,1025.0,1060.0,1020.5,1056.0,3348.0,1056.0,1009.7,1006.15,910.68,812.7333333333333,809.8425,False,False,False,False,False,False,True,True,False,False,False,0.0582386363636363,0.0014204545454545,,,0.1376136363636364,0.2303661616161616,0.3267045454545454,0.6382575757575758,0.0059552128619473,0.7934701585250709,772.5,794.5,0.9312934631432546,0.0102341107743663,0.0012033128689789,0.0007647586765764
2013-01-29,1064.5,1075.0,1010.5,1048.0,3110.0,1048.0,1019.4,1015.1,920.0,816.96,809.9525,False,False,False,False,False,False,True,True,False,True,False,0.0610687022900763,-0.0095419847328244,,,0.1221374045801526,0.2204580152671755,0.3645038167938931,0.5338740458015268,0.0051736519127823,0.7458871047187469,774.0,788.5,0.9289127837514934,0.0101304347826087,-0.0001036759917575,-0.000781560949165
2013-01-30,1033.5,1052.0,1013.5,1035.0,2337.0,1035.0,1030.2,1020.4,928.6,820.7133333333334,809.885,False,False,False,False,False,False,True,True,False,True,False,0.0705314009661835,0.0463768115942029,,,0.1028019323671497,0.2070402576489532,0.3608695652173913,0.5,0.0045732574102203,0.7022736181889455,777.5,770.0,0.7514469453376206,0.0092612534998923,-0.0008691812827164,-0.000600394502562
2013-01-31,1075.0,1125.0,1058.5,1075.0,7743.0,1075.0,1046.6,1025.65,938.9,825.06,810.0975,False,False,False,False,False,False,True,True,False,False,False,0.013953488372093,-0.0604651162790697,,,0.1266046511627907,0.2325023255813953,0.2655813953488372,0.3488372093023256,0.0052683037193253,0.64676059084483,775.0,785.5,3.313222079589217,0.0109702843753327,0.0017090308754404,0.0006950463091049
2013-02-01,1069.0,1146.5,1065.0,1142.5,8601.0,1142.5,1071.3,1037.5,952.28,830.4866666666667,810.7325,False,False,False,False,False,False,True,True,False,False,False,-0.0516411378555798,-0.0818380743982494,,,0.1664945295404814,0.2730970094821298,0.1435448577680525,0.2700218818380744,0.0065343212413605,0.5837108433734939,798.0,771.0,1.1108097636574972,0.0140504893518712,0.0030802049765385,0.0012660175220352
2013-02-04,1135.0,1151.5,1112.5,1117.5,3762.0,1117.5,1083.6,1046.65,965.88,835.3933333333333,811.2225,False,False,False,False,False,False,True,True,False,False,False,-0.0536912751677852,-0.0161073825503355,,,0.1356778523489933,0.2524444444444444,0.1740492170022371,0.2272930648769575,0.0058734807555721,0.5315530502078057,795.0,758.5,0.4373910010463899,0.0140804240692425,2.99347173712862e-05,-0.0006608404857883
2013-02-05,1139.5,1149.5,1102.0,1112.0,3559.0,1112.0,1096.4,1057.9,978.38,840.2666666666667,811.72,False,False,False,False,False,False,True,True,False,True,False,-0.066546762589928,-0.0283273381294964,,,0.1201618705035971,0.2443645083932853,0.191546762589928,0.318794964028777,0.0057997461123452,0.4766518574534454,769.0,749.5,0.9460393407761828,0.0127762219178642,-0.0013042021513783,-7.373464322690208e-05
2013-02-06,1120.0,1121.5,1092.5,1108.0,3371.0,1108.0,1111.0,1070.6,990.48,845.06,812.125,False,False,False,False,False,False,True,True,False,True,False,-0.0225631768953068,-0.0112815884476534,,,0.1060649819494584,0.2373104693140794,0.2545126353790614,0.3831227436823105,0.0056721810680109,0.4458247711563611,762.5,756.0,0.9471761730823264,0.0122162991680801,-0.000559922749784,-0.0001275650443343
2013-02-07,1097.5,1127.5,1084.5,1090.0,2183.0,1090.0,1114.0,1080.3,1000.72,849.2933333333333,812.4725,False,False,False,False,False,False,True,True,False,True,False,-0.073394495412844,-0.0045871559633027,,,0.0819082568807339,0.2208318042813456,0.2674311926605504,0.3922018348623853,0.0049845361633986,0.4238174581134871,768.0,735.5,0.6475823197864136,0.0102326325045967,-0.0019836666634834,-0.0006876449046122
2013-02-08,1070.0,1108.0,1058.0,1083.5,3685.0,1083.5,1102.2,1086.75,1010.72,853.4,812.5525,False,False,False,False,False,False,True,True,False,True,False,-0.031841255191509,0.010613751730503,,,0.0671712044300876,0.2123673281033687,0.2344254730041532,0.4236271342870327,0.0048121240528083,0.4006441223832529,784.0,721.5,1.6880439761795694,0.0098939369954092,-0.0003386955091874,-0.0001724121105902
2013-02-12,1085.0,1100.0,1052.0,1057.5,2532.0,1057.5,1090.2,1086.9,1018.62,857.2,812.4925,False,False,False,False,False,False,True,True,False,True,False,0.0397163120567375,0.0118203309692671,,,0.0367659574468085,0.1894089834515366,0.2718676122931442,0.4137115839243498,0.0044330377974802,0.3788296991443555,811.0,732.0,0.6871099050203527,0.0077555908974887,-0.0021383460979204,-0.0003790862553281
2013-02-13,1050.0,1050.5,1002.5,1038.0,2889.0,1038.0,1075.4,1085.9,1023.78,860.94,812.305,False,False,False,False,False,False,True,True,False,True,False,0.0409441233140655,0.0496146435452793,,,0.0136994219653179,0.1705780346820808,0.3578998073217726,0.4046242774566474,0.0043440890189792,0.3663320747766828,806.5,728.0,1.1409952606635072,0.0050401453437261,-0.0027154455537625,-8.894877850098171e-05
2013-02-14,1062.5,1095.0,1040.0,1083.0,3509.0,1083.0,1070.4,1090.7,1031.56,865.2133333333334,812.27,False,False,False,False,False,False,True,True,False,False,True,0.0115420129270544,0.1218836565096952,,,0.0474976915974146,0.2010957217605416,0.2950138504155125,0.4012003693444136,0.0049390516404431,0.3571101127716145,835.5,732.5,1.214607130494981,0.00754197526077,0.0025018299170439,0.0005949626214639
2013-02-15,1104.5,1104.5,999.0,1010.0,5289.0,1010.0,1054.4,1084.2,1036.56,868.1466666666666,811.9725,False,False,False,False,False,False,True,True,False,True,False,0.0742574257425742,0.2163366336633663,,,-0.0262970297029702,0.1404488448844884,0.3648514851485148,0.3118811881188119,0.0033788453563913,0.3537170263788968,830.0,710.5,1.5072670276432032,0.0048236474492552,-0.0027183278115148,-0.0015602062840518
2013-02-18,1024.5,1060.0,984.5,1049.0,3217.0,1049.0,1047.5,1074.85,1041.68,871.5333333333333,811.9175,False,False,False,False,False,False,True,True,False,False,False,0.0438512869399428,0.2821734985700667,,,0.0069780743565299,0.169176993962504,0.3684461391801716,0.3093422306959008,0.003885871643846,0.3582825510536355,815.5,705.5,0.608243524295708,0.0049151370862454,9.148963699018036e-05,0.0005070262874547
2013-02-19,1031.5,1162.5,1026.5,1099.5,6954.0,1099.5,1055.9,1073.05,1048.4,875.6,812.015,False,False,False,False,False,False,True,True,False,False,False,-0.0268303774442928,0.2742155525238745,,,0.046475670759436,0.203638017280582,0.4415643474306503,0.4051841746248295,0.0046444342926755,0.3767298821117376,823.0,708.5,2.161641280696301,0.0064097672644029,0.0014946301781575,0.0007585626488294
2013-02-20,1080.0,1097.5,1053.5,1080.5,3468.0,1080.5,1064.4,1069.9,1053.28,879.4933333333333,812.0725,False,False,False,False,False,False,True,True,False,True,False,0.0083294770939379,0.3234613604812587,,,0.025192040721888,0.1860311584143143,0.4391485423415086,0.3706617306802406,0.0044267911828022,0.3821385176184689,815.0,716.0,0.4987057808455565,0.0046331459820749,-0.0017766212823279,-0.0002176431098733
2013-02-21,1085.0,1105.5,1079.0,1095.5,2765.0,1095.5,1066.9,1068.65,1057.82,883.8333333333334,812.145,False,False,False,False,False,False,True,True,False,True,False,0.1090826106800547,0.2857142857142857,,,0.0343952533089913,0.1932146660581165,0.389776357827476,0.4148790506617982,0.0049104280595889,0.3853927852898515,820.0,723.5,0.7972895040369089,0.0042918454935621,-0.0003413004885127,0.0004836368767867
2013-02-22,1103.5,1117.0,1047.5,1085.0,4649.0,1085.0,1081.9,1068.15,1060.32,887.8266666666667,812.325,False,False,False,False,False,False,True,True,False,True,False,0.132258064516129,0.2539170506912442,,,0.0227465437788019,0.181726574500768,0.3133640552995391,0.3092165898617511,0.0044978749605778,0.3769601647708653,817.5,727.0,1.681374321880651,0.0023577787837633,-0.0019340667097988,-0.000412553099011
2013-02-25,1090.0,1097.5,1085.0,1095.0,1391.0,1095.0,1091.1,1069.3,1063.16,892.1466666666666,812.365,False,False,False,False,False,False,True,True,False,False,False,0.228310502283105,0.1931506849315068,,,0.0290776255707761,0.1852541856925418,0.3077625570776255,0.3187214611872146,0.0048422531422336,0.3662676517347799,808.0,738.0,0.299204129920413,0.002671281839046,0.0003135030552826,0.0003443781816557
2013-02-26,1074.5,1087.5,1069.5,1070.0,1679.0,1070.0,1085.2,1070.55,1064.92,896.3,812.44,False,False,False,False,False,False,True,True,False,True,False,0.3093457943925233,0.2261682242990654,,,0.0047476635514018,0.1623364485981308,0.3691588785046729,0.3878504672897196,0.0046338651493175,0.3637382653776097,777.5,772.5,1.2070452911574407,0.001652706306577,-0.0010185755324689,-0.0002083879929161
2013-02-27,1070.0,1095.0,1059.5,1089.5,2030.0,1089.5,1087.0,1075.7,1068.52,900.8333333333334,812.5775,False,False,False,False,False,False,True,True,False,False,False,0.312528682882056,0.216154199173933,,,0.0192565396971087,0.1731681199326908,0.3249196879302432,0.4364387333639284,0.0050323774283072,0.3671562703355954,799.5,774.0,1.209053007742704,0.0033691461086361,0.0017164398020591,0.0003985122789896
2013-02-28,1160.0,1215.0,1136.5,1215.0,23516.0,1215.0,1110.9,1088.9,1077.88,906.9533333333334,813.605,False,False,False,False,False,False,True,True,False,False,False,0.1592592592592592,0.1440329218106996,,,0.1128559670781892,0.2535363511659808,0.1893004115226337,0.294238683127572,0.0067478664833912,0.3556341261823859,805.5,777.5,11.58423645320197,0.0086837124726315,0.0053145663639954,0.001715489055084
2013-03-01,1190.0,1240.0,1177.5,1228.5,10991.0,1228.5,1139.6,1110.75,1087.3,913.5266666666666,814.6,False,False,False,False,False,False,True,True,False,True,False,0.1074481074481074,0.1245421245421245,,,0.1149369149369149,0.2563885497218831,0.2169312169312169,0.2515262515262515,0.0071955571448378,0.3480981318928652,834.0,775.0,0.467383908828032,0.0086636622827185,-2.005018991305986e-05,0.0004476906614465
2013-03-04,1265.0,1394.5,1258.5,1345.0,23056.0,1345.0,1189.6,1140.35,1100.34,921.84,816.4375,False,False,False,False,False,False,True,True,False,False,False,-0.0286245353159851,-0.0055762081784386,,,0.1819033457249071,0.3146171003717471,0.1598513011152416,0.1561338289962825,0.0090181954930718,0.3290217915552243,833.5,798.0,2.0977163133472843,0.011850882454514,0.0031872201717955,0.001822638348234
2013-03-05,1375.0,1446.0,1361.0,1401.0,18055.0,1401.0,1255.8,1170.5,1114.14,930.76,818.43,False,False,False,False,False,False,True,True,False,False,False,-0.0635260528194147,-0.0399714489650249,,,0.2047537473233404,0.3356459671663098,0.0778015703069236,0.1705924339757316,0.009583566118011,0.3029047415634344,860.0,795.0,0.7830933379597502,0.0123862351230547,0.0005353526685406,0.0005653706249391
2013-03-06,1414.5,1438.0,1367.5,1430.0,11872.0,1430.0,1323.9,1205.45,1129.42,940.12,820.38,False,False,False,False,False,False,True,True,False,False,False,-0.0734265734265734,-0.0143356643356643,,,0.2101958041958041,0.3425734265734265,0.0734265734265734,0.0699300699300699,0.0099561758073437,0.2691940769007424,909.0,769.0,0.6575463860426475,0.0135290680172123,0.0011428328941576,0.0003726096893327
2013-03-07,1422.5,1424.0,1387.5,1408.5,5334.0,1408.5,1362.6,1236.75,1144.36,949.1333333333332,822.17,False,False,False,False,False,False,True,True,False,True,False,-0.0131345402910898,-0.0042598509052183,,,0.1875328363507278,0.3261389184711869,0.0649627263045793,0.058217962371317,0.0094963826648871,0.2322619769557307,888.5,762.5,0.4492924528301887,0.0130553322381067,-0.0004737357791056,-0.0004597931424566
2013-03-08,1420.0,1457.0,1360.0,1360.5,5925.0,1360.5,1389.0,1264.3,1155.78,957.8,823.6025,False,False,False,False,False,False,True,True,False,True,False,0.0154355016538037,0.0132304299889746,,,0.1504740904079382,0.2959941198088938,0.0812201396545387,0.1392870268283719,0.0090485139555927,0.2156529304753619,885.0,768.0,1.1107986501687288,0.0098807731575213,-0.0031745590805853,-0.0004478687092943
2013-03-11,1350.5,1384.0,1291.5,1306.5,5685.0,1306.5,1381.3,1285.45,1162.34,965.8133333333334,824.9575,False,False,False,False,False,False,True,True,False,True,False,0.0237275162648296,0.0987370838117106,,,0.1103406046689629,0.2607628524046434,0.1289705319556066,0.2016838882510524,0.0082969794025071,0.2054533431872106,921.0,784.0,0.959493670886076,0.0056437875320473,-0.004236985625474,-0.0007515345530856
2013-03-12,1295.0,1385.0,1289.5,1312.0,6227.0,1312.0,1363.5,1309.65,1170.12,973.86,826.7275,False,False,False,False,False,False,True,True,False,False,False,0.0251524390243902,0.2080792682926829,,,0.1081402439024391,0.2577286585365853,0.1547256097560975,0.2576219512195122,0.0082626524004134,0.1957774978047568,931.5,811.0,1.095338610378188,0.0066488907120636,0.0010051031800163,-3.4327002093714754e-05
2013-03-13,1305.0,1360.0,1292.0,1325.0,3795.0,1325.0,1342.5,1333.2,1178.64,981.98,828.615,False,False,False,False,False,False,True,True,False,False,False,0.0637735849056603,0.1735849056603773,,,0.1104603773584904,0.2588830188679245,0.230188679245283,0.3056603773584905,0.008269007515428,0.1870312031203119,958.5,806.5,0.6094427493174883,0.0072286703319081,0.0005797796198444,6.355115014587687e-06
2013-03-14,1334.5,1407.5,1334.5,1390.0,4424.0,1390.0,1338.8,1350.7,1189.92,990.8666666666668,831.2725,False,False,False,False,False,False,True,True,False,False,False,0.0089928057553956,0.0953237410071942,,,0.1439424460431654,0.287146282973621,0.210431654676259,0.2589928057553957,0.0089685796945436,0.1847930702598652,982.0,835.5,1.1657444005270092,0.0094796288826139,0.0022509585507057,0.0006995721791155
2013-03-15,1400.0,1404.0,1357.5,1381.5,3110.0,1381.5,1343.0,1366.0,1201.58,999.5933333333334,833.935,False,False,False,False,False,False,True,True,False,False,False,-0.002171552660152,0.0314875135722041,,,0.1302352515381832,0.2764434793099288,0.1943539630836047,0.2377850162866449,0.0087302169548948,0.1841508052708638,1022.5,830.0,0.7029837251356239,0.0097038898783267,0.0002242609957128,-0.0002383627396487
2013-03-18,1366.0,1402.5,1315.5,1337.5,3898.0,1337.5,1349.2,1365.25,1211.74,1007.5866666666668,836.58,False,False,False,False,False,False,True,True,False,True,False,0.0732710280373831,0.0706542056074766,,,0.094026168224299,0.2466641744548285,0.2504672897196262,0.3065420560747663,0.0079331471899854,0.1989013001281816,1024.0,815.5,1.2533762057877813,0.0083846369683266,-0.0013192529100001,-0.0007970697649094
2013-03-19,1331.5,1356.5,1320.5,1345.0,3409.0,1345.0,1355.8,1359.65,1223.24,1015.22,839.455,False,False,False,False,False,False,True,True,False,False,False,0.1784386617100371,0.0892193308550185,,,0.0905278810408921,0.2451895910780669,0.2713754646840148,0.3197026022304832,0.0075188957401678,0.2137682491817746,1026.0,823.0,0.8745510518214469,0.0094012622216408,0.0010166252533142,-0.0004142514498175
2013-03-21,1351.5,1414.5,1342.5,1409.5,5306.0,1409.5,1372.7,1357.6,1238.1,1023.6933333333334,842.505,False,False,False,False,False,False,True,True,False,False,False,0.1032280950691734,0.0241220290883291,,,0.1216034054629301,0.273718812817784,0.1936857041504079,0.245122383824051,0.0082772184378134,0.2321744254566883,999.5,815.0,1.5564681724845997,0.0120022615297632,0.0026009993081223,0.0007583226976455
2013-03-22,1397.5,1476.5,1385.5,1402.5,11668.0,1402.5,1375.2,1357.0,1250.88,1032.0266666666666,845.63,False,False,False,False,False,False,True,True,False,True,False,0.0855614973262032,0.0303030303030303,,,0.1081069518716576,0.2641521093285799,0.1586452762923351,0.2014260249554367,0.0080747267512466,0.2470523212969786,981.0,820.0,2.199019977384093,0.0102168073676133,-0.0017854541621499,-0.0002024916865667
2013-03-25,1425.0,1427.0,1360.0,1378.5,4170.0,1378.5,1374.6,1358.8,1265.62,1040.0733333333333,848.68,False,False,False,False,False,False,True,True,False,False,False,0.0337323177366702,0.084512150888647,,,0.081886108088502,0.2455035666787571,0.294885745375408,0.2767500906782735,0.0077366339552979,0.2608551663232264,993.0,817.5,0.3573877271169009,0.0116464657638151,0.0014296583962018,-0.0003380927959486
2013-03-26,1390.0,1444.5,1380.0,1435.5,5080.0,1435.5,1394.2,1371.7,1281.08,1048.5733333333333,852.115,False,False,False,False,False,False,True,True,False,False,False,-0.0024381748519679,0.0867293625914315,,,0.1075722744688262,0.2695413909207013,0.2086381051898293,0.1929641239986067,0.0081062523047187,0.2593861631552088,1019.0,808.0,1.2182254196642686,0.0120679426733693,0.0004214769095541,0.0003696183494208
2013-03-27,1455.0,1595.0,1449.5,1585.0,16774.0,1585.0,1442.2,1399.0,1300.5,1059.1066666666666,856.7375,False,False,False,False,False,False,True,True,False,False,False,-0.0757097791798107,-0.0473186119873817,,,0.1794952681388012,0.3317939011566772,0.1072555205047318,0.1182965299684542,0.0099454886508126,0.243566833452466,1056.0,777.5,3.301968503937008,0.0149327181853133,0.002864775511944,0.0018392363460938
2013-03-28,1560.0,1580.0,1505.0,1555.0,9394.0,1555.0,1471.3,1422.0,1319.48,1069.5866666666666,860.8725,False,False,False,False,False,False,True,True,False,True,False,-0.0717041800643086,-0.0128617363344051,,,0.1514598070739549,0.3121629153269025,0.2411575562700964,0.1286173633440514,0.0097981774891235,0.225210970464135,1048.0,799.5,0.5600333850005962,0.0143844544820687,-0.0005482637032446,-0.000147311161689
2013-03-29,1530.0,1560.0,1505.0,1522.5,5740.0,1522.5,1495.3,1435.25,1336.56,1079.72,864.79,False,False,False,False,False,False,True,True,False,True,False,-0.0509031198686371,-0.0147783251231527,,,0.122128078817734,0.2908243021346469,0.2512315270935961,0.2118226600985221,0.0093851492362218,0.2205190733321721,1035.0,805.5,0.6110283159463488,0.0127790746393726,-0.001605379842696,-0.0004130282529017
2013-04-01,1580.0,1590.0,1414.0,1425.0,10059.0,1425.0,1504.6,1439.6,1350.16,1088.48,868.0775,False,False,False,False,False,False,True,True,False,True,False,0.0491228070175438,0.0322807017543859,,,0.0525192982456139,0.2361543859649122,0.3543859649122807,0.3052631578947368,0.0080479200352785,0.2272506251736594,1075.0,834.0,1.752439024390244,0.0100728802512295,-0.002706194388143,-0.0013372292009432
2013-04-02,1375.0,1484.5,1340.0,1432.0,7262.0,1432.0,1503.9,1449.05,1363.64,1097.12,871.5125,False,False,False,False,False,False,True,True,False,True,False,0.0893854748603352,0.0300279329608938,,,0.0477374301675977,0.233854748603352,0.3337988826815642,0.3076117318435754,0.0078751640659179,0.2278734343190366,1142.5,833.5,0.7219405507505716,0.0098853069725147,-0.0001875732787148,-0.0001727559693606
2013-04-03,1495.0,1510.0,1438.0,1465.0,4920.0,1465.0,1479.9,1461.05,1379.44,1105.84,874.915,False,False,False,False,False,False,True,True,False,False,False,0.030716723549488,0.0341296928327645,,,0.0584027303754265,0.245160409556314,0.2098976109215017,0.2627986348122867,0.0078854083773421,0.2229218712569727,1117.5,860.0,0.6774993114844395,0.0114539233312068,0.001568616358692,1.0244311424212338e-05
2013-04-04,1450.0,1497.5,1402.0,1443.5,5782.0,1443.5,1457.6,1464.45,1393.6,1114.3333333333333,878.1975,False,False,False,False,False,False,True,True,False,True,False,0.0633875995843436,0.1291998614478697,,,0.0345687564946311,0.2280337143516915,0.2989262209906477,0.3231728437824731,0.0076218965001495,0.23066680323671,1112.0,909.0,1.1752032520325204,0.0101607347876003,-0.0012931885436064,-0.0002635118771925
2013-04-05,1470.0,1500.0,1439.5,1445.0,5132.0,1445.0,1442.1,1468.7,1402.8,1122.46,881.5475,False,False,False,False,False,False,True,True,False,True,False,0.0380622837370242,0.1643598615916955,,,0.0292041522491349,0.2232110726643598,0.1591695501730103,0.3356401384083045,0.0072400501279927,0.2437870225369373,1108.0,888.5,0.8875821515046697,0.0065583119475335,-0.0036024228400668,-0.0003818463721567
2013-04-08,1455.0,1495.0,1453.0,1495.0,3712.0,1495.0,1456.1,1480.35,1413.46,1131.3266666666666,885.17,False,False,False,False,False,False,True,True,False,False,False,-0.0160535117056856,0.1036789297658862,,,0.0545418060200668,0.2432597547380156,0.0802675585284281,0.3127090301003344,0.0078374062310325,0.2476779140068228,1090.0,885.0,0.7233047544816835,0.0075417769162198,0.0009834649686862,0.0005973561030397
2013-04-09,1520.0,1597.5,1495.0,1560.0,10024.0,1560.0,1481.7,1492.8,1422.06,1141.253333333333,889.1325,False,False,False,False,False,False,True,True,False,True,False,-0.0544871794871794,0.0721153846153846,,,0.0884230769230769,0.2684273504273505,0.0913461538461538,0.219551282051282,0.0086980395822135,0.25,1083.5,921.0,2.7004310344827585,0.0060475648003599,-0.0014942121158598,0.000860633351181
2013-04-10,1545.0,1567.5,1502.5,1510.0,4356.0,1510.0,1490.7,1485.3,1426.42,1150.4133333333334,892.7575,False,False,False,False,False,False,True,True,False,True,False,0.0033112582781456,0.1324503311258278,,,0.0553509933774833,0.2381368653421633,0.1456953642384106,0.2466887417218543,0.0079623555591616,0.2637177674543863,1057.5,931.5,0.4345570630486831,0.0030566032444862,-0.0029909615558736,-0.0007356840230519
2013-04-11,1515.0,1545.0,1500.0,1535.0,3178.0,1535.0,1509.0,1483.3,1430.62,1160.013333333333,896.625,False,False,False,False,False,False,True,True,False,True,False,0.0618892508143322,0.0960912052117263,,,0.068,0.2442909880564605,0.0472312703583061,0.257328990228013,0.0082757669452072,0.2772197128025349,1038.0,958.5,0.7295684113865932,0.0029357900770294,-0.0001208131674568,0.0003134113860456
2013-04-12,1545.0,1547.5,1495.5,1500.0,4518.0,1500.0,1520.0,1481.05,1434.28,1169.08,900.1925,False,False,False,False,False,False,True,True,False,True,False,0.1216666666666666,0.0833333333333333,,,0.0438133333333333,0.2206133333333333,0.035,0.4633333333333333,0.0077553860015284,0.3027919381519868,1083.0,982.0,1.421648835745752,0.0025518029952311,-0.0003839870817982,-0.0005203809436788
2013-04-15,1490.0,1517.5,1458.5,1471.0,2965.0,1471.0,1515.2,1485.65,1438.7,1177.7933333333333,903.2975,False,False,False,False,False,False,True,True,False,False,True,0.1216859279401767,0.2134602311352821,,,0.0219578518014955,0.1993247224110582,-0.0142760027192386,0.5669612508497621,0.0073980154979085,0.328711338471376,1010.0,1022.5,0.6562638335546702,0.0030722179745604,0.0005204149793293,-0.0003573705036198
2013-04-16,1437.5,1495.0,1431.5,1475.0,3612.0,1475.0,1498.2,1489.95,1445.44,1186.6866666666667,906.16,False,False,False,False,False,False,True,True,False,False,False,0.1338983050847457,0.1762711864406779,,,0.0200406779661016,0.1954666666666666,-0.0162711864406779,0.6830508474576271,0.0074942557147914,0.3658176448874123,1049.0,1024.0,1.218212478920742,0.0046629400044277,0.0015907220298673,9.624021688285808e-05
2013-04-17,1480.0,1547.5,1480.0,1515.0,5239.0,1515.0,1499.2,1494.95,1453.56,1196.52,909.21,False,False,False,False,False,False,True,True,False,False,False,0.1287128712871287,0.1584158415841584,,,0.0405544554455445,0.2102178217821782,-0.0947194719471947,0.6468646864686468,0.0082182774490466,0.4043947958125689,1099.5,1026.0,1.4504429678848283,0.0055862847078895,0.0009233447034617,0.0007240217342552
2013-04-18,1545.0,1675.0,1517.5,1630.0,12765.0,1630.0,1518.2,1513.6,1465.76,1207.5933333333332,912.95,False,False,False,False,False,False,True,True,False,False,False,0.0322085889570552,0.1840490797546012,,,0.100760736196319,0.2591451942740286,-0.1003067484662576,0.5398773006134969,0.0091697536146273,0.4267309725158563,1080.5,999.5,2.436533689635427,0.0083233271476913,0.0027370424398018,0.0009514761655807
2013-04-19,1647.5,1735.0,1635.0,1682.5,14698.0,1682.5,1554.7,1537.35,1477.46,1219.2866666666666,917.0575,False,False,False,False,False,False,True,True,False,True,False,-0.0341753343239227,0.1322436849925705,,,0.1218662704309063,0.2753125309559188,-0.0891530460624071,0.3580980683506686,0.0095903069007562,0.4277815721859044,1095.5,981.0,1.1514296905601251,0.007918996114954,-0.0004043310327372,0.0004205532861288
2013-04-22,1705.0,1725.0,1640.0,1650.0,4471.0,1650.0,1590.5,1552.85,1488.2,1230.1666666666667,921.0225,False,False,False,False,False,False,True,True,False,True,False,0.0818181818181818,0.1696969696969697,,,0.098060606060606,0.2544444444444444,-0.0803030303030303,0.3393939393939394,0.0088443300365804,0.4294683968187527,1085.0,993.0,0.3041910464008708,0.0072167719392554,-0.0007022241756985,-0.0007459768641757
2013-04-23,1645.0,1682.5,1630.0,1672.5,3297.0,1672.5,1630.0,1564.1,1501.6,1241.3533333333332,925.135,False,False,False,False,False,False,True,True,False,False,False,0.0373692077727952,0.1420029895366218,,,0.1021823617339312,0.257785749875436,-0.077727952167414,0.3183856502242152,0.0090116700590214,0.4385269484048335,1095.0,1019.0,0.7374189219414001,0.0089238145977622,0.0017070426585068,0.0001673400224409
2013-04-24,1695.0,1725.0,1647.5,1710.0,5486.0,1710.0,1669.0,1584.1,1516.2,1252.6866666666667,929.4275,False,False,False,False,False,False,True,True,False,False,False,0.0263157894736842,0.0365497076023391,,,0.1133333333333333,0.2674346978557504,-0.1257309941520467,0.3406432748538012,0.0090472211726264,0.4462470803610884,1070.0,1056.0,1.6639369123445558,0.0096293364991426,0.0007055219013803,3.5551113604953555e-05
2013-04-25,1697.5,1725.0,1660.0,1682.5,4309.0,1682.5,1679.5,1598.85,1527.12,1263.0,933.65,False,False,False,False,False,False,True,True,False,True,False,0.1471025260029717,0.1144130757800891,,,0.0923506686478455,0.2493313521545319,-0.1334323922734026,0.5720653789004457,0.0081657429400896,0.4776245426400226,1089.5,1048.0,0.7854538826102807,0.007150715071507,-0.0024786214276356,-0.0008814782325367
2013-04-26,1700.0,1700.0,1615.0,1625.0,4024.0,1625.0,1668.0,1611.35,1536.02,1272.82,937.65,False,False,False,False,False,False,True,True,False,True,False,0.1723076923076923,0.0307692307692307,,,0.054756923076923,0.2167261538461538,-0.0661538461538461,0.6276923076923077,0.0077151521817695,0.4940888075216434,1215.0,1035.0,0.933859364121606,0.0057941953880809,-0.0013565196834261,-0.0004505907583201
2013-04-30,1652.5,1817.5,1650.0,1785.0,13222.0,1785.0,1695.0,1642.75,1552.28,1284.82,942.4375,False,False,False,False,False,False,True,True,False,False,False,0.0812324929971988,-0.0952380952380952,,,0.130375350140056,0.2802128851540617,-0.2577030812324929,0.4145658263305322,0.0093398297037717,0.4789225384264191,1228.5,1075.0,3.285785288270377,0.0104749143195815,0.0046807189315005,0.0016246775220021
2013-05-01,1815.0,1815.0,1702.5,1735.0,7208.0,1735.0,1707.5,1668.75,1564.26,1295.6733333333334,946.9225,False,False,False,False,False,False,True,True,False,True,False,0.100864553314121,-0.0187319884726224,,,0.0984092219020173,0.2532142170989432,-0.20835734870317,0.5648414985590778,0.0083765969817496,0.469812734082397,1345.0,1142.5,0.5451520193616699,0.0076585733829414,-0.00281634093664,-0.0009632327220221
2013-05-02,1700.0,1760.0,1682.5,1755.0,5177.0,1755.0,1716.5,1692.75,1571.06,1306.6533333333334,951.5425,False,False,False,False,False,False,True,True,False,True,False,0.0099715099715099,-0.0142450142450142,,,0.1048091168091168,0.2554681861348527,-0.1196581196581196,0.4615384615384615,0.0084031469708874,0.4531088465514695,1401.0,1117.5,0.7182297447280799,0.0043282879075273,-0.003330285475414,2.6549989137853933e-05
2013-05-07,1785.0,1960.0,1740.0,1930.0,18738.0,1930.0,1766.0,1722.75,1586.06,1319.6066666666666,957.205,False,False,False,False,False,False,True,True,False,False,False,-0.0284974093264248,-0.1670984455958549,,,0.1782072538860103,0.31626597582038,-0.2326424870466321,0.2629533678756476,0.0098160562996042,0.4235959947757945,1430.0,1112.0,3.61947073594746,0.0094573975763842,0.0051291096688568,0.0014129093287168
2013-05-08,1965.0,2037.5,1825.0,1905.0,19283.0,1905.0,1822.0,1745.0,1601.36,1331.9133333333334,962.735,False,False,False,False,False,False,True,True,False,False,False,-0.1207349081364829,-0.1850393700787401,,,0.1593910761154856,0.3008328958880139,-0.1863517060367454,0.2677165354330709,0.0092398404300581,0.4128939828080229,1408.5,1108.0,1.0290852812466644,0.0095543787780386,9.698120165439056e-05,-0.0005762158695461
2013-05-09,1965.0,2020.0,1900.0,1930.0,8371.0,1930.0,1851.0,1773.0,1621.56,1344.013333333333,968.53,False,False,False,False,False,False,True,True,False,False,False,-0.1632124352331606,-0.2487046632124352,,,0.1598134715025907,0.3036200345423144,-0.2639896373056994,0.2746113989637305,0.009002886876122,0.4046813310772701,1360.5,1090.0,0.4341129492298916,0.0124571400379881,0.0029027612599494,-0.0002369535539361
2013-05-10,1932.5,1960.0,1885.0,1910.0,6042.0,1910.0,1886.0,1796.75,1640.68,1355.8266666666666,974.18,False,False,False,False,False,False,True,True,False,True,False,-0.1086387434554973,-0.2403141361256544,,,0.1410052356020942,0.2901431064572426,-0.243979057591623,0.3272251308900523,0.0087130114960615,0.4044803116738555,1306.5,1083.5,0.7217775654043722,0.0116537045615233,-0.0008034354764647,-0.0002898753800604
2013-05-13,1815.0,1872.5,1765.0,1772.5,8792.0,1772.5,1889.5,1803.0,1652.98,1365.78,979.1875,False,False,False,False,False,False,True,True,False,True,False,-0.0239774330042313,-0.2262341325811001,,,0.0674301833568406,0.2294612129760226,-0.1622002820874471,0.38787023977433,0.0072876549175807,0.4089018302828619,1312.0,1057.5,1.4551473022178087,0.0074411063654732,-0.0042125981960501,-0.0014253565784808
2013-05-14,1710.0,1895.0,1702.5,1875.0,10407.0,1875.0,1878.5,1822.25,1670.24,1377.4533333333334,984.765,False,False,False,False,False,False,True,True,False,False,False,-0.1426666666666666,-0.2178666666666666,,,0.1092053333333333,0.2653582222222222,-0.1653333333333333,0.232,0.0084745762711864,0.3756345177664975,1325.0,1038.0,1.183689717925387,0.0103338442379538,0.0028927378724805,0.0011869213536057
2013-05-15,1892.5,1892.5,1657.5,1675.0,9487.0,1675.0,1832.5,1827.25,1679.44,1386.7066666666667,989.3875,False,False,False,False,False,False,True,True,False,True,False,-0.0731343283582089,-0.0850746268656716,,,-0.0026507462686567,0.1721154228855721,-0.0611940298507462,0.4865671641791044,0.0066728844360258,0.3633876043234368,1390.0,1083.0,0.91159796290958,0.0054780164816843,-0.0048558277562694,-0.0018016918351606
2013-05-16,1680.0,1745.0,1450.0,1615.0,16405.0,1615.0,1769.5,1810.25,1684.24,1395.0,993.7425,False,False,False,False,False,False,True,True,False,True,False,-0.1021671826625387,-0.0603715170278637,,,-0.0428730650154798,0.1362229102167182,-0.0479876160990712,0.5541795665634675,0.0059450418160095,0.3753625189890899,1381.5,1010.0,1.729208390429008,0.0028499501258727,-0.0026280663558116,-0.0007278426200163
2013-05-17,1585.0,1727.5,1557.5,1702.5,5978.0,1702.5,1728.0,1807.0,1689.94,1404.1133333333332,998.78,False,False,False,False,False,False,True,True,False,False,False,-0.1477239353891336,-0.0939794419970631,,,0.0073773861967694,0.1752638277043564,-0.0866372980910425,0.447870778267254,0.0064904542368374,0.3640011068068622,1337.5,1049.0,0.3644010972264553,0.0033729008130466,0.0005229506871738,0.0005454124208278
2013-05-20,1735.0,1795.0,1710.0,1730.0,4241.0,1730.0,1719.5,1804.5,1698.74,1413.1,1003.9,False,False,False,False,False,False,True,True,False,False,False,-0.2072254335260115,-0.1358381502890173,,,0.0180693641618497,0.1831791907514451,-0.0520231213872832,0.4653179190751445,0.0063595404901752,0.3642283180936547,1345.0,1099.5,0.709434593509535,0.0051803101122007,0.0018074092991541,-0.0001309137466621
2013-05-21,1700.0,1722.5,1607.5,1607.5,4989.0,1607.5,1666.0,1772.25,1701.64,1420.56,1008.4825,False,False,False,False,False,False,True,True,False,True,False,-0.0877138413685847,-0.0930015552099533,,,-0.0585629860031104,0.1162923794712286,-0.0482115085536547,0.6640746500777605,0.0052514501323422,0.4024545069826492,1409.5,1080.5,1.1763734968167885,0.0017042382642627,-0.003476071847938,-0.001108090357833
2013-05-22,1605.0,1647.5,1530.0,1552.5,7241.0,1552.5,1641.5,1737.0,1703.74,1427.46,1012.72,False,False,False,False,False,False,True,True,False,True,False,-0.0128824476650563,-0.0225442834138486,,,-0.0974170692431562,0.0805410628019323,-0.0399355877616747,0.7552334943639292,0.004833760665798,0.448762233736327,1402.5,1095.5,1.4513930647424331,0.0012325824362871,-0.0004716558279755,-0.0004176894665441
2013-05-23,1507.5,1597.5,1362.5,1450.0,11315.0,1450.0,1608.5,1689.0,1702.9,1432.46,1016.6125,False,False,False,False,False,False,False,True,False,True,False,0.046551724137931,-0.0862068965517241,,,-0.1744137931034483,0.0120965517241379,0.0689655172413793,0.8448275862068966,0.0034904988620973,0.5026642984014209,1378.5,1085.0,1.562629471067532,-0.0004932761759351,-0.0017258586122222,-0.0013432618037006
2013-05-24,1495.0,1525.0,1365.0,1451.0,7813.0,1451.0,1558.2,1643.1,1701.94,1436.5733333333333,1020.63,False,False,False,False,False,False,False,True,False,True,False,0.0630599586492074,-0.0534114403859407,,,-0.1729427980702964,0.009942568343671,0.082012405237767,1.039972432804962,0.0028632950632522,0.5705069685350862,1435.5,1095.0,0.6904993371630579,-0.0005640621878562,-7.078601192111111e-05,-0.000627203798845
2013-05-27,1405.5,1427.5,1325.0,1371.5,4474.0,1371.5,1486.5,1603.0,1696.2,1439.96,1024.1925,False,False,False,False,False,False,False,True,False,True,False,0.0900473933649289,0.1265038279256288,,,-0.2367480860371855,-0.0499161502005104,0.2030623405030988,1.107181917608458,0.0023519171828847,0.6366188396756083,1585.0,1070.0,0.5726353513375144,-0.0033840349015446,-0.0028199727136884,-0.0005113778803675
2013-05-28,1374.5,1490.0,1372.5,1466.5,5218.0,1466.5,1458.3,1562.15,1689.66,1444.6866666666667,1028.1575,False,False,False,False,False,False,False,True,False,True,False,-0.0057961131946812,0.0098874872144561,,,-0.1521718377088306,0.0148744175474485,0.1796795090351176,1.00818274803955,0.0032717590434834,0.7200652946259961,1555.0,1089.5,1.1662941439427803,-0.0038706011860374,-0.0004865662844927,0.0009198418605987
2013-05-29,1520.0,1595.0,1475.5,1532.5,7845.0,1532.5,1454.3,1547.9,1683.66,1450.3466666666666,1032.265,False,False,False,False,False,False,False,True,False,False,False,-0.0097879282218597,0.0114192495921696,,,-0.0986362153344209,0.0536073953235454,0.1419249592169657,0.9249592169657422,0.0039025152607191,0.7656179339750628,1522.5,1215.0,1.5034495975469528,-0.0035636648729553,0.000306936313082,0.0006307562172356
2013-05-30,1482.5,1557.5,1477.5,1517.5,4232.0,1517.5,1467.8,1538.15,1678.36,1456.0466666666666,1036.32,False,False,False,False,False,False,False,True,False,False,False,-0.1268533772652388,-0.0639209225700164,,,-0.1060032948929159,0.0404964305326743,0.1268533772652388,1.2734761120263591,0.0039147096933706,0.8379221792412963,1425.0,1228.5,0.5394518801784576,-0.0031578445625492,0.000405820310406,1.2194432651488948e-05
2013-05-31,1570.0,1580.0,1485.5,1542.5,4043.0,1542.5,1486.1,1522.15,1673.16,1462.1666666666667,1040.5275,False,False,False,False,False,False,False,True,False,False,False,-0.1095623987034035,-0.0638573743922204,,,-0.0847066450567261,0.0520799567801188,0.13290113452188,1.119935170178282,0.004185569360538,0.9101271228196958,1432.0,1345.0,0.9553402646502837,-0.0031078916541154,4.995290843380672e-05,0.0002708596671674
2013-06-03,1520.0,1555.0,1477.5,1495.0,3388.0,1495.0,1510.8,1498.65,1664.56,1468.0,1044.49,False,False,False,False,False,False,False,True,False,True,False,0.0334448160535117,-0.0066889632107023,,,-0.1134180602006688,0.0180602006688963,0.1872909698996655,1.1137123745819395,0.0039736603088101,0.98178360524472,1465.0,1401.0,0.837991590403166,-0.0051665304945451,-0.0020586388404297,-0.0002119090517279
2013-06-04,1450.0,1500.0,1397.5,1458.0,5291.0,1458.0,1509.1,1483.7,1655.58,1473.6,1048.14,False,False,False,False,False,False,False,True,False,True,False,0.0157750342935528,0.0733882030178326,,,-0.135514403292181,-0.0106995884773661,0.2037037037037037,1.1536351165980796,0.0038002171552659,1.033092943317382,1443.5,1430.0,1.5616883116883118,-0.0054240809867236,-0.0002575504921785,-0.0001734431535441
2013-06-05,1446.0,1602.5,1437.5,1517.5,8909.0,1517.5,1506.1,1480.2,1651.28,1479.3933333333334,1052.135,False,False,False,False,False,False,False,True,False,False,False,0.0214168039538715,0.0362438220757825,,,-0.088158154859967,0.0251114772103239,0.1103789126853377,0.9736408566721582,0.0039160196296681,1.056141062018646,1445.0,1408.5,1.6838026838026838,-0.0026040405019136,0.00282004048481,0.0001158024744021
2013-06-06,1462.5,1510.0,1300.0,1325.0,6715.0,1325.0,1467.6,1467.7,1632.88,1483.5933333333332,1055.055,False,False,False,False,False,False,False,True,False,True,False,0.0720754716981132,0.160377358490566,,,-0.2323622641509434,-0.1196930817610062,0.3283018867924528,1.2943396226415094,0.0028309644601619,1.0985214962185732,1495.0,1360.5,0.7537321809406219,-0.0112684336877173,-0.0086643931858036,-0.0010850551695062
2013-06-07,1250.0,1422.0,1250.0,1373.5,9072.0,1373.5,1433.8,1459.95,1618.42,1487.92,1058.03,False,False,False,False,False,False,False,True,False,False,False,0.0513287222424463,0.1321441572624681,,,-0.178318165271205,-0.0833054240990171,0.2468147069530396,1.1732799417546411,0.0029078624298798,1.1113736771807252,1560.0,1306.5,1.3510052122114669,-0.0089346399574894,0.0023337937302278,7.689796971793207e-05
2013-06-10,1415.0,1550.0,1415.0,1545.0,8038.0,1545.0,1443.8,1477.3,1610.02,1493.86,1062.365,False,False,False,False,False,False,False,True,False,False,True,-0.0388349514563106,0.0614886731391585,,,-0.0420841423948219,0.0331003236245955,0.1472491909385113,1.0258899676375404,0.0039762762240101,1.1028227171190683,1510.0,1312.0,0.8860229276895943,-0.0052173264928386,0.0037173134646507,0.0010684137941303
2013-06-11,1515.0,1567.5,1465.5,1481.0,4233.0,1481.0,1448.4,1478.75,1592.06,1499.2,1066.395,False,False,False,False,False,False,False,True,False,True,False,0.0567184334908845,0.0330857528696826,,,-0.0749898717083051,-0.012288993923025,0.1850101282916948,1.1134368669817691,0.0035618996798293,1.1132713440405748,1535.0,1325.0,0.5266235381935805,-0.0112809818725425,-0.0060636553797038,-0.0004143765441808
2013-06-12,1440.0,1557.5,1435.0,1550.0,3196.0,1550.0,1454.9,1480.5,1577.86,1505.26,1070.76,False,False,False,False,False,False,False,True,False,False,False,0.014516129032258,-0.0383870967741935,,,-0.017974193548387,0.0288645161290322,0.1903225806451612,0.9935483870967742,0.0040258825717815,1.1202296521445458,1500.0,1390.0,0.7550200803212851,-0.0089995310103558,0.0022814508621866,0.0004639828919522
2013-06-13,1525.0,1535.0,1400.0,1420.5,6224.0,1420.5,1474.0,1470.8,1557.48,1509.7333333333331,1074.56,False,False,False,False,False,False,False,True,False,True,False,0.0823653643083421,0.091165082717353,,,-0.0964308342133051,-0.062818256482459,0.3093980992608237,1.3196057726152763,0.0029629956725248,1.123674190916508,1471.0,1381.5,1.9474342928660824,-0.0130852402599069,-0.0040857092495511,-0.0010628868992567
2013-06-14,1485.0,1493.0,1420.0,1444.0,3215.0,1444.0,1488.1,1460.95,1538.84,1514.3866666666668,1078.495,False,False,False,False,False,False,False,True,False,False,False,0.0768698060941828,0.0872576177285318,,,-0.0656786703601107,-0.0487442289935365,0.2967451523545706,1.188365650969529,0.0030727511247679,1.1304630548615626,1475.0,1337.5,0.5165488431876607,-0.0121130201970315,0.0009722200628753,0.0001097554522431
2013-06-17,1425.5,1497.5,1425.5,1485.0,2706.0,1485.0,1476.1,1459.95,1527.34,1519.92,1082.6925,False,False,False,False,False,False,False,True,False,False,False,0.1043771043771043,0.1111111111111111,,,-0.0285117845117844,-0.0235151515151515,0.2457912457912457,1.117845117845118,0.0036405424846921,1.1308948936607417,1515.0,1345.0,0.8416796267496112,-0.0075294302512865,0.004583589945745,0.0005677913599241
2013-06-18,1522.5,1595.0,1512.5,1565.0,5601.0,1565.0,1492.9,1470.65,1514.94,1526.26,1087.3725,False,False,True,False,True,False,False,True,False,True,True,-0.0223642172523961,0.1054313099041533,,,0.0319872204472843,0.0247539936102236,0.2204472843450479,0.8,0.0041539449372976,1.0934280760208068,1630.0,1409.5,2.0698447893569845,-0.0081851426459132,-0.0006557123946267,0.0005134024526054
2013-06-19,1595.0,1615.0,1545.0,1572.5,5931.0,1572.5,1497.4,1476.15,1510.84,1531.0266666666666,1091.9575,False,False,False,False,False,False,False,True,False,False,False,-0.0521462639109697,0.1128775834658187,,,0.0392114467408585,0.026374138844727,0.2273449920508744,0.7424483306836248,0.0031133792574916,1.068353487111743,1682.5,1402.5,1.058918050348152,-0.0027137221678007,0.0054714204781124,-0.0010405656798059
2013-06-20,1580.0,1625.0,1485.0,1537.5,5338.0,1537.5,1520.8,1497.4,1507.74,1535.1466666666668,1096.425,False,False,False,False,False,False,False,True,False,False,False,0.008130081300813,0.1121951219512195,,,0.0193560975609756,0.001530623306233,0.2764227642276423,0.8406504065040651,0.0026837826570317,1.0249766261519966,1650.0,1378.5,0.9000168605631428,-0.0020560574104287,0.0006576647573719,-0.0004295966004599
2013-06-21,1495.0,1577.5,1453.0,1555.0,6845.0,1555.0,1543.0,1515.55,1501.84,1537.9466666666667,1101.0075,False,False,False,False,False,False,False,True,False,True,False,0.0096463022508038,0.1237942122186495,,,0.0341864951768489,0.0109667738478027,0.2234726688102893,0.7839228295819936,0.0018206092972447,0.9868034706872092,1672.5,1435.5,1.282315473960285,-0.0039285143557237,-0.0018724569452949,-0.0008631733597869
2013-06-24,1597.5,1687.5,1587.5,1640.0,9203.0,1640.0,1574.0,1525.05,1498.24,1541.1333333333334,1105.9825,False,False,False,False,False,False,False,True,False,False,False,0.0060975609756097,0.0823170731707317,,,0.0864390243902439,0.0602845528455283,0.1478658536585365,0.75,0.0020677423541117,0.957378446608308,1710.0,1585.0,1.3444850255661067,-0.0024028193079879,0.0015256950477357,0.0002471330568669
2013-06-25,1597.5,1612.5,1495.0,1530.0,6117.0,1530.0,1567.0,1529.95,1495.14,1542.4666666666667,1110.3925,False,False,False,False,False,False,False,True,False,False,False,0.130718954248366,0.1470588235294117,,,0.0227843137254901,-0.0081481481481481,0.261437908496732,0.9045751633986928,0.0008644163028914,0.936991404947874,1682.5,1555.0,0.6646745626426165,-0.002073384432227,0.0003294348757609,-0.0012033260512203
2013-06-26,1555.0,1582.5,1455.0,1490.5,5460.0,1490.5,1550.6,1524.0,1492.66,1543.56,1114.7375,False,False,False,False,False,True,False,True,False,False,False,0.1741026501174102,0.1304931231130493,,,-0.0014491781281449,-0.0355987923515598,0.472660181147266,0.9308956725930896,0.0007083192965179,0.9306430446194228,1625.0,1522.5,0.8925944090240314,-0.0016614634277062,0.0004119210045207,-0.0001560970063734
2013-06-27,1500.0,1550.0,1450.0,1550.0,4790.0,1550.0,1553.1,1536.95,1496.66,1546.0866666666666,1119.3925,False,False,False,False,False,False,True,True,True,False,True,0.1032258064516129,0.1354838709677419,,,0.0344129032258063,0.0025247311827957,0.4870967741935484,0.8290322580645161,0.0016342335272278,0.8844464686554541,1785.0,1425.0,0.8772893772893773,0.0026726176954017,0.004334081123108,0.0009259142307099
2013-06-28,1595.0,1595.0,1505.0,1570.0,5918.0,1570.0,1556.1,1549.55,1501.42,1549.6,1124.0825,False,False,False,False,False,False,True,True,False,False,False,0.1130573248407643,0.090764331210191,,,0.0436815286624203,0.0129936305732484,0.5812101910828026,0.8286624203821656,0.002267251763896,0.8504727178858379,1735.0,1432.0,1.2354906054279748,0.0031703320856256,0.0004977143902238,0.0006330182366681
2013-07-01,1605.0,1662.5,1580.0,1650.0,5150.0,1650.0,1558.1,1566.05,1512.56,1554.1066666666666,1129.1075,False,False,False,False,False,False,True,True,False,False,False,0.0757575757575757,0.0742424242424242,,,0.0832969696969697,0.0581171717171717,0.5121212121212121,0.8696969696969697,0.0028998438545616,0.8271447271798475,1755.0,1465.0,0.8702264278472457,0.0073649970910244,0.0041946650053988,0.0006325920906656
2013-07-02,1700.0,1765.0,1695.0,1730.0,9525.0,1730.0,1598.1,1582.55,1523.1,1559.506666666667,1134.51,False,False,False,False,False,False,True,True,False,True,False,0.0144508670520231,0.0144508670520231,,,0.1195953757225434,0.0985510597302503,0.4508670520231214,0.7271676300578035,0.0034626334823835,0.8188998767811444,1930.0,1443.5,1.849514563106796,0.0069200971702448,-0.0004448999207795,0.0005627896278218
2013-07-03,1730.0,1750.0,1680.0,1750.0,3976.0,1750.0,1650.0,1600.3,1531.8,1564.3066666666666,1140.135,False,False,False,False,False,False,True,True,False,True,False,-0.0371428571428571,0.0542857142857142,,,0.1246857142857143,0.1061104761904762,0.3057142857142857,0.72,0.0030684520511747,0.8155970755483347,1905.0,1445.0,0.4174278215223097,0.0056795926361144,-0.0012405045341304,-0.0003941814312087
2013-07-04,1725.0,1785.0,1705.0,1710.0,4318.0,1710.0,1682.0,1617.55,1539.5,1568.6866666666667,1145.51,False,False,False,False,False,False,True,True,False,True,False,0.0292397660818713,0.087719298245614,,,0.0997076023391812,0.0826393762183235,0.2923976608187134,0.6912280701754386,0.0027921445965415,0.8000680040802447,1930.0,1495.0,1.086016096579477,0.0050016239038649,-0.0006779687322494,-0.0002763074546332
2013-07-05,1725.0,1747.5,1712.5,1747.5,2125.0,1747.5,1717.5,1636.8,1547.7,1574.1533333333334,1151.015,False,False,False,False,False,False,True,True,False,False,False,-0.0200286123032904,0.0715307582260372,,,0.1143347639484978,0.0991969480209823,0.2618025751072961,0.6492131616595136,0.0034727663124727,0.7854960899315738,1910.0,1560.0,0.4921259842519685,0.005298184402662,0.0002965604987971,0.0006806217159312
2013-07-08,1790.0,1792.5,1755.0,1775.0,5276.0,1775.0,1742.5,1650.3,1558.9,1579.8866666666668,1156.7,False,False,False,False,False,False,True,True,False,False,False,-0.0014084507042253,0.0422535211267605,,,0.1217464788732393,0.1099230046948356,0.2915492957746479,0.6473239436619719,0.0036289522877168,0.7741622735260256,1772.5,1510.0,2.482823529411765,0.0071845532105972,0.0018863688079352,0.000156185975244
2013-07-09,1775.0,1777.5,1720.0,1755.0,2878.0,1755.0,1747.5,1672.8,1570.78,1584.493333333333,1162.1075,False,False,False,False,False,False,True,True,False,False,False,0.0,0.0883190883190883,,,0.1049686609686609,0.0971547958214626,0.5071225071225072,0.7264957264957265,0.002907343672425,0.7572333811573411,1875.0,1535.0,0.545489006823351,0.0075631215065126,0.0003785682959153,-0.0007216086152917
2013-07-10,1735.0,1745.0,1672.5,1685.0,4470.0,1685.0,1734.5,1692.25,1577.48,1588.26,1167.06,False,False,False,False,False,False,True,True,False,True,False,0.0949554896142433,0.14540059347181,,,0.0638100890207715,0.0574124629080118,0.56973293768546,0.7002967359050445,0.0023715680472132,0.7362682818732456,1675.0,1500.0,1.5531619179986105,0.0042472804726526,-0.0033158410338599,-0.0005357756252118
2013-07-11,1670.0,1760.0,1660.0,1760.0,2962.0,1760.0,1744.5,1713.25,1594.88,1593.3466666666666,1172.4,True,True,False,False,False,False,True,True,False,False,False,0.0568181818181818,0.1150568181818181,,,0.0938181818181817,0.0946893939393939,0.4346590909090909,0.5454545454545454,0.0031924419042517,0.7082737487231868,1615.0,1471.0,0.6626398210290828,0.010909911717496,0.0066626312448434,0.0008208738570385
2013-07-12,1760.0,1765.0,1712.5,1712.5,1958.0,1712.5,1737.5,1727.5,1608.44,1597.04,1177.4425,False,False,False,False,False,False,True,True,False,True,False,0.0934306569343065,0.110948905109489,,,0.0607649635036496,0.067421897810219,0.5854014598540146,0.5089051094890511,0.0023126116649134,0.6775687409551375,1702.5,1475.0,0.6610398379473329,0.0084305289597373,-0.0024793827577586,-0.0008798302393383
2013-07-16,1715.0,1772.5,1712.5,1772.5,2904.0,1772.5,1737.0,1739.75,1617.54,1599.54,1182.825,False,False,False,False,False,False,True,True,False,True,False,0.0437235543018335,0.0620592383638928,,,0.0874245416078984,0.0975796897038082,0.4471086036671368,0.4849083215796897,0.0015629493479375,0.6397183503376921,1730.0,1515.0,1.4831460674157304,0.0056258268729057,-0.0028047020868316,-0.0007496623169759
2013-07-17,1752.5,1775.0,1722.5,1755.0,2581.0,1755.0,1737.0,1742.25,1628.5,1602.2066666666667,1188.1,False,False,False,False,False,False,True,True,False,False,False,0.0883190883190883,0.0997150997150997,,,0.072079772079772,0.0870617283950617,0.3888888888888889,0.674074074074074,0.0016643712213572,0.6344956234753909,1607.5,1630.0,0.8887741046831956,0.0067301197420939,0.0011042928691882,0.0001014218734197
2013-07-18,1772.5,1910.0,1770.0,1845.0,10911.0,1845.0,1769.0,1751.75,1640.3,1606.506666666667,1193.7775,False,False,False,False,False,False,True,True,False,False,False,0.046070460704607,0.1897018970189702,,,0.1109485094850948,0.1292646793134596,0.3089430894308943,0.5615176151761517,0.0026766150985991,0.6182674468388755,1552.5,1682.5,4.227431228206122,0.0071938060110955,0.0004636862690015,0.0010122438772418
2013-07-19,1845.0,1860.0,1775.0,1860.0,5839.0,1860.0,1789.0,1766.75,1657.88,1612.3066666666666,1199.51,False,False,False,False,False,False,True,True,False,False,False,0.0551075268817204,0.239247311827957,,,0.1086666666666666,0.133168458781362,0.3225806451612903,0.5591397849462365,0.0035973305326528,0.6049808971274939,1450.0,1650.0,0.535148015763908,0.0106039037807321,0.0034100977696366,0.0009207154340536
2013-07-22,1840.0,1877.5,1802.5,1872.5,2630.0,1872.5,1821.0,1779.25,1675.02,1618.18,1205.35,False,False,False,False,False,False,True,True,False,True,False,0.0160213618157543,0.3257676902536716,,,0.1054632843791722,0.1358184245660881,0.3538050734312417,0.4419225634178905,0.0036295920931747,0.5834761837853029,1451.0,1672.5,0.4504195923959582,0.01023271363924,-0.000371190141492,3.226156052186591e-05
2013-07-23,1850.0,1860.0,1795.0,1850.0,3749.0,1850.0,1836.5,1786.75,1689.62,1623.3133333333333,1211.0975,False,False,False,False,False,False,True,True,False,True,False,0.0175675675675675,0.3486486486486486,,,0.0866918918918919,0.1225333333333333,0.3297297297297297,0.3259459459459459,0.0031622566191779,0.5504687281376802,1371.5,1710.0,1.4254752851711026,0.008640996200329,-0.001591717438911,-0.0004673354739967
2013-07-24,1842.5,1920.0,1837.5,1910.0,5308.0,1910.0,1867.5,1802.25,1703.42,1629.5333333333333,1217.25,False,False,False,False,False,False,True,True,False,True,False,0.0104712041884816,0.3141361256544502,,,0.1081570680628271,0.1468411867364747,0.2094240837696335,0.2984293193717277,0.0038170437344025,0.5066167290886393,1466.5,1682.5,1.4158442251267005,0.0081013490507333,-0.0005396471495956,0.0006547871152245
2013-07-25,1945.0,2015.0,1922.5,1930.0,11213.0,1930.0,1884.5,1826.75,1717.72,1636.0,1223.4525,False,False,False,False,False,False,True,True,False,False,False,0.1373056994818652,0.1839378238341968,,,0.1099896373056994,0.1523316062176165,0.2901554404145077,0.2823834196891192,0.0039527302363488,0.4650609005063638,1532.5,1625.0,2.112471740768651,0.0083249889388258,0.0002236398880925,0.0001356865019463
2013-07-26,1917.5,1987.5,1912.5,1962.5,3398.0,1962.5,1905.0,1847.0,1734.72,1642.2333333333331,1229.82,False,False,False,False,False,False,True,True,False,False,False,0.1745222929936305,0.1261146496815286,,,0.1160662420382165,0.1631932059447984,0.2789808917197452,0.323312101910828,0.0037956441431382,0.4423389279913373,1517.5,1785.0,0.3030411129938464,0.0097998524257517,0.0014748634869258,-0.0001570860932105
2013-07-29,1940.0,2015.0,1865.0,1902.5,9332.0,1902.5,1911.0,1866.0,1748.62,1646.8,1235.81,False,False,False,False,False,False,True,True,False,True,False,0.304862023653088,0.1590013140604468,,,0.0808830486202365,0.1344021024967148,0.2956636005256242,0.361892247043364,0.0027730548133755,0.4280278670953911,1542.5,1735.0,2.746321365509123,0.0079491255961843,-0.0018507268295673,-0.0010225893297627
2013-07-30,1867.5,1940.0,1865.0,1882.5,3071.0,1882.5,1917.5,1877.0,1758.32,1651.7666666666669,1241.7575,False,False,False,False,False,False,True,True,False,True,False,0.3253652058432935,0.2177954847277556,,,0.0659654714475432,0.1225675077467905,0.3466135458167331,0.3917662682602921,0.003006881520796,0.4190197123068727,1495.0,1755.0,0.3290827261037291,0.0055166295099868,-0.0024324960861975,0.0002338267074205
2013-07-31,1882.5,1970.0,1850.0,1930.0,4419.0,1930.0,1921.5,1894.5,1774.32,1657.0333333333333,1247.7525,False,False,False,False,False,False,True,True,False,False,False,0.3005181347150259,0.3704663212435233,,,0.0806632124352332,0.141433506044905,0.3860103626943005,0.3202072538860103,0.003178370984289,0.3853259435207178,1458.0,1930.0,1.438944969065451,0.0090175391135759,0.003500909603589,0.0001714894634929
2013-08-01,2025.0,2280.0,2025.0,2195.0,31892.0,2195.0,1974.5,1929.5,1802.5,1666.3,1254.96,False,False,False,False,False,False,True,True,False,False,False,0.041002277904328,0.20501138952164,,,0.1788154897494305,0.2408656036446469,0.2414578587699316,0.143507972665148,0.0055612234691632,0.3409691629955947,1517.5,1905.0,7.217017424756732,0.0156338418862691,0.0066163027726932,0.0023828524848741
2013-08-02,2260.0,2312.5,2117.5,2305.0,22185.0,2305.0,2043.0,1974.0,1832.7,1677.42,1262.74,False,False,False,False,False,False,True,True,False,False,False,-0.0412147505422993,0.0954446854663774,,,0.2049023861171366,0.2722689804772234,0.1605206073752711,0.0841648590021692,0.0066292282195276,0.2904255319148937,1325.0,1930.0,0.6956289978678039,0.0164784198177552,0.0008445779314861,0.0010680047503644
2013-08-05,2270.0,2497.5,2245.0,2482.5,18878.0,2482.5,2159.0,2035.0,1869.2,1690.8533333333332,1271.475,False,False,False,False,False,False,True,True,False,False,False,-0.1117824773413897,0.093655589123867,,,0.2470493454179254,0.3188909029875797,0.1923464249748237,0.0171198388721047,0.0079447064204266,0.2431449631449632,1373.5,1910.0,0.8509353166553978,0.0195270704044511,0.0030486505866958,0.0013154782008989
2013-08-06,2430.0,2650.0,2350.0,2495.0,31104.0,2495.0,2281.5,2099.5,1903.0,1703.92,1280.2025,False,False,False,False,False,False,True,True,False,True,False,-0.0811623246492986,0.0280561122244488,,,0.2372745490981964,0.317066132264529,0.158316633266533,-0.0316633266533066,0.0076685916396701,0.2031912360085734,1545.0,1772.5,1.6476321644241976,0.0177614293221229,-0.0017656410823281,-0.0002761147807564
2013-08-07,2427.5,2620.0,2412.5,2510.0,18280.0,2510.0,2397.5,2159.5,1934.2,1715.6533333333334,1289.02,False,False,False,False,False,False,True,True,False,True,False,0.0537848605577689,-0.0288844621513944,,,0.229402390438247,0.316472775564409,0.1733067729083665,-0.0314741035856573,0.0068389884514354,0.167492475109979,1481.0,1875.0,0.5877057613168725,0.0161307000310206,-0.0016307292911023,-0.0008296031882347
2013-08-08,2500.0,2570.0,2130.0,2285.0,21085.0,2285.0,2415.5,2195.0,1955.6,1723.6866666666667,1296.7025,False,False,False,False,False,False,True,True,False,True,False,0.1575492341356674,0.0568927789934354,,,0.1441575492341357,0.2456513493800145,0.2910284463894967,0.0161925601750547,0.0046605531554458,0.1416400911161731,1550.0,1675.0,1.1534463894967175,0.0109429331151564,-0.0051877669158641,-0.0021784352959895
2013-08-09,2347.5,2390.0,2147.5,2210.0,12197.0,2210.0,2396.5,2219.75,1975.6,1731.1533333333334,1303.89,False,False,False,False,False,False,True,True,False,True,False,0.1425339366515837,0.1131221719457013,,,0.1060633484162896,0.2166726998491704,0.5610859728506787,0.0665158371040724,0.0043131168816165,0.1180988850095731,1420.5,1615.0,0.5784681052881195,0.0101235067827495,-0.0008194263324068,-0.0003474362738293
2013-08-12,2227.5,2345.0,2135.0,2205.0,14865.0,2205.0,2341.0,2250.0,1993.9,1738.253333333333,1311.0375,False,False,False,False,False,False,True,True,False,True,False,0.2312925170068027,0.1496598639455782,,,0.0957369614512471,0.21167649281935,0.4829931972789115,0.1160997732426303,0.0040845599797496,0.0972888888888889,1444.0,1702.5,1.2187423136836928,0.0091779928782788,-0.0009455139044707,-0.0002285569018669
2013-08-13,2275.0,2370.0,2230.0,2292.5,8194.0,2292.5,2300.5,2291.0,2014.6,1746.02,1318.6375,False,False,False,False,False,False,True,True,False,False,False,0.11886586695747,0.0730643402399127,,,0.1212213740458015,0.2383773173391494,0.3784078516902944,0.0918211559432933,0.0044482117425154,0.0725447402880837,1485.0,1730.0,0.5512277161116718,0.0102749925543531,0.0010969996760742,0.0003636517627658
2013-08-14,2370.0,2645.0,2350.0,2645.0,25576.0,2645.0,2327.5,2362.5,2050.2,1758.8533333333332,1328.075,False,False,False,False,False,False,True,True,False,False,False,-0.0784499054820415,-0.1266540642722117,,,0.2248771266540643,0.3350270951480781,0.1871455576559546,-0.0514177693761814,0.0072964203951058,0.0384338624338625,1565.0,1607.5,3.1213082743470832,0.0173641595941858,0.0070891670398327,0.0028482086525903
2013-08-15,2645.0,2910.0,2555.0,2645.0,47637.0,2645.0,2399.5,2407.5,2088.6,1772.4533333333334,1337.4875,False,False,False,False,False,False,True,True,False,False,False,-0.0869565217391304,-0.0586011342155009,,,0.210359168241966,0.3298853182104599,0.1323251417769376,-0.0669187145557655,0.0076729805768276,0.0172793354101764,1572.5,1552.5,1.862566468564279,0.018385521401896,0.0010213618077101,0.0003765601817218
2013-08-16,2595.0,2715.0,2490.0,2525.0,19231.0,2525.0,2462.5,2429.5,2119.2,1782.32,1346.1625,False,False,False,False,False,False,True,True,False,True,False,-0.0257425742574257,-0.0059405940594059,,,0.1607128712871287,0.2941306930693069,0.2039603960396039,-0.0712871287128712,0.0055358558882055,0.0017287507717636,1537.5,1450.0,0.4036988055503075,0.0144394110985277,-0.0039461103033683,-0.0021371246886221
2013-08-19,2570.0,2715.0,2495.0,2715.0,11844.0,2715.0,2564.5,2452.75,2159.3,1795.3866666666668,1355.7625,False,False,False,False,False,False,True,True,False,False,False,-0.0662983425414364,-0.0920810313075506,,,0.2046777163904235,0.3387157765500306,0.0994475138121546,-0.1222836095764272,0.0072779122788778,-0.0135562124146366,1555.0,1451.0,0.6158806094326869,0.0185708331403697,0.004131422041842,0.0017420563906722
2013-08-20,2675.0,2685.0,2515.0,2565.0,14911.0,2565.0,2619.0,2459.75,2191.0,1806.1866666666667,1364.615,False,False,False,False,False,False,True,True,False,True,False,-0.0409356725146198,-0.0116959064327485,,,0.1458089668615984,0.2958336582196231,0.2202729044834308,-0.0405458089668616,0.0059794484143388,-0.014533997357455,1640.0,1371.5,1.258949679162445,0.0144682793245092,-0.0041025538158604,-0.0012984638645389
2013-08-21,2565.0,2570.0,2402.5,2437.5,13813.0,2437.5,2577.5,2452.5,2218.3,1812.9533333333327,1372.86,False,False,False,False,False,False,True,True,False,True,False,-0.0523076923076923,0.0974358974358974,,,0.089928205128205,0.2562242735042735,0.2841025641025641,0.0683076923076923,0.0037323998043706,-0.0045667686034657,1530.0,1466.5,0.9263630876534102,0.0123067213632061,-0.0021615579613031,-0.0022470486099682
2013-08-22,2500.0,2590.0,2385.0,2415.0,17857.0,2415.0,2531.5,2465.5,2241.1,1819.753333333333,1381.085,False,False,False,False,False,False,True,True,False,True,True,0.031055900621118,0.1283643892339544,,,0.072008281573499,0.2464789510006902,0.2795031055900621,0.165631469979296,0.00373677018497,0.0101804907726627,1490.5,1532.5,1.2927676826178238,0.0101735754763284,-0.0021331458868776,4.370380599463906e-06
2013-08-23,2485.0,2575.0,2445.0,2460.0,12674.0,2460.0,2518.5,2490.5,2265.1,1826.82,1389.4575,False,False,False,False,False,False,True,True,False,False,False,0.0203252032520325,0.0873983739837398,,,0.0792276422764228,0.257390243902439,0.3394308943089431,0.1056910569105691,0.0038682884283436,0.0146155390483838,1550.0,1517.5,0.7097496779974239,0.0105955586949803,0.0004219832186518,0.0001315182433735
2013-08-26,2495.0,2540.0,2415.0,2535.0,8505.0,2535.0,2482.5,2523.5,2291.6,1835.1533333333327,1398.2775,False,False,False,False,False,False,True,True,False,False,False,-0.0276134122287968,0.1676528599605522,,,0.0960157790927022,0.2760736357659435,0.2465483234714004,0.1250493096646942,0.0045409466238969,0.0168416881315633,1570.0,1542.5,0.6710588606596181,0.0115639727701169,0.0009684140751365,0.0006726581955532
2013-08-27,2515.0,2535.0,2447.5,2460.0,7553.0,2460.0,2461.5,2540.25,2316.0,1844.32,1406.785,False,False,False,False,False,False,True,True,False,True,False,0.0304878048780487,0.1747967479674796,,,0.0585365853658536,0.2502764227642277,0.2784552845528455,0.0959349593495935,0.0049702148578699,0.0177344749532527,1650.0,1495.0,0.8880658436213992,0.0105354058721934,-0.0010285668979234,0.000429268233973
2013-08-28,2395.0,2397.5,2225.0,2310.0,10132.0,2310.0,2436.0,2506.75,2332.0,1850.12,1414.5875,False,False,False,False,False,False,True,True,False,True,False,0.158008658008658,0.2748917748917749,,,-0.0095238095238095,0.1990822510822511,0.2194805194805194,0.2008658008658008,0.0031349317882083,0.0419068515009475,1730.0,1458.0,1.3414537269958955,0.006861063464837,-0.0036743424073564,-0.0018352830696616
2013-08-29,2345.0,2510.0,2330.0,2490.0,16209.0,2490.0,2451.0,2491.25,2354.4,1860.986666666667,1423.2575,False,False,False,False,False,False,True,True,False,False,False,0.0943775100401606,0.1847389558232931,,,0.0544578313253011,0.2526157965194109,0.1004016064257028,0.0919678714859437,0.0058391964119393,0.0584646261916708,1750.0,1517.5,1.599782866166601,0.0095141012572205,0.0026530377923835,0.002704264623731
2013-08-30,2550.0,2550.0,2460.0,2510.0,8895.0,2510.0,2461.0,2489.75,2376.3,1872.92,1432.13,False,False,False,False,False,False,True,True,False,True,False,0.0657370517928286,0.3745019920318725,,,0.0532669322709162,0.253816733067729,0.1274900398406374,0.0585657370517928,0.0063715125757283,0.071633698162466,1710.0,1325.0,0.5487692022950212,0.0092160080797879,-0.0002980931774326,0.0005323161637889
2013-09-02,2590.0,2650.0,2452.5,2465.0,10728.0,2465.0,2447.0,2464.75,2398.8,1883.0866666666664,1440.8475,False,False,False,False,False,False,True,True,False,False,False,0.2008113590263691,0.3265720081135903,,,0.0268559837728194,0.2360703177822854,0.1253549695740365,0.0482758620689655,0.0053989372059347,0.0906582817729992,1747.5,1373.5,1.206070826306914,0.0093796898449224,0.0001636817651345,-0.0009725753697936
2013-09-03,2487.5,2550.0,2450.0,2535.0,4415.0,2535.0,2462.0,2461.75,2424.9,1893.82,1449.8625,False,False,False,False,False,False,True,True,False,False,False,0.1400394477317554,0.2465483234714004,,,0.0434319526627218,0.252930966469428,0.1321499013806706,0.0402366863905325,0.0056675572828112,0.0991367929318575,1775.0,1545.0,0.4115398956002983,0.0107633304466163,0.0013836406016938,0.0002686200768764
2013-09-04,2585.0,2710.0,2565.0,2675.0,13507.0,2675.0,2535.0,2485.5,2454.7,1908.0533333333333,1459.5975,False,False,False,False,False,False,True,True,False,False,True,0.1009345794392523,0.1738317757009345,,,0.0823551401869159,0.2867090342679128,0.0893457943925233,0.005233644859813,0.0074596097942755,0.092053912693623,1755.0,1481.0,3.059343148357871,0.0121399763718579,0.0013766459252416,0.0017920525114642
2013-09-05,2710.0,2795.0,2615.0,2725.0,11824.0,2725.0,2582.0,2516.5,2475.9,1923.6866666666667,1469.56,False,False,False,False,False,False,True,True,False,True,False,0.0825688073394495,0.0990825688073394,,,0.0914128440366972,0.2940599388379205,0.0561467889908256,-0.0135779816513761,0.0081267566097043,0.0735545400357639,1685.0,1550.0,0.8753979418079514,0.008562542913688,-0.0035774334581698,0.0006671468154288
2013-09-06,2700.0,2750.0,2590.0,2675.0,7046.0,2675.0,2615.0,2538.0,2490.7,1940.02,1479.3825,False,False,False,False,False,False,True,True,False,True,False,0.2897196261682243,0.1364485981308411,,,0.0688971962616823,0.2747588785046729,0.0598130841121495,0.0557009345794392,0.0084191571908193,0.0685579196217494,1760.0,1420.5,0.5959066305818674,0.0059421046292205,-0.0026204382844674,0.0002924005811149
2013-09-09,2745.0,3000.0,2700.0,2960.0,17811.0,2960.0,2714.0,2580.5,2509.8,1960.14,1490.655,False,False,False,False,False,False,True,True,False,False,False,0.1047297297297297,0.0084459459459459,,,0.1520945945945945,0.3377905405405405,-0.0300675675675675,-0.0766891891891891,0.0102645729386677,0.0463476070528966,1712.5,1444.0,2.5278172012489355,0.0076101681408878,0.0016680635116672,0.0018454157478484
2013-09-10,2940.0,2960.0,2835.0,2890.0,7301.0,2890.0,2785.0,2623.5,2525.6,1980.3866666666668,1501.5625,False,False,False,False,False,False,True,True,False,True,False,0.0934256055363321,0.0830449826989619,,,0.1260899653979239,0.3147450980392156,0.0674740484429065,-0.0363321799307958,0.0102235926990688,0.0325900514579759,1772.5,1485.0,0.4099152209308854,0.0062559391827683,-0.0013542289581195,-4.098023959883679e-05
2013-09-11,2860.0,3140.0,2825.0,2945.0,20589.0,2945.0,2839.0,2687.0,2543.0,2000.1,1512.7075,False,False,False,False,False,False,True,True,False,False,False,0.066213921901528,0.0628183361629881,,,0.1365025466893039,0.320848896434635,0.0146010186757215,-0.0899830220713073,0.0098561738579736,0.0046892445106065,1755.0,1565.0,2.8200246541569647,0.00684231222965,0.0005863730468817,-0.0003674188410951
2013-09-12,2930.0,3025.0,2875.0,2950.0,7980.0,2950.0,2884.0,2733.0,2569.6,2019.0,1523.84,False,False,False,False,False,False,True,True,False,False,False,0.0152542372881355,0.047457627118644,,,0.1289491525423729,0.315593220338983,0.0203389830508474,-0.0715254237288135,0.0093610698365527,-0.0114892060007318,1845.0,1572.5,0.3875856039632813,0.010351805728518,0.0035094934988679,-0.0004951040214208
2013-09-13,3445.0,3450.0,3215.0,3450.0,45757.0,3450.0,3039.0,2827.0,2619.2,2044.7666666666669,1537.455,False,False,False,False,False,False,True,True,False,False,False,-0.1188405797101449,-0.044927536231884,,,0.2408115942028986,0.4073140096618357,-0.1617391304347826,-0.1982608695652173,0.0126012747990806,-0.040502299257163,1860.0,1537.5,5.733959899749373,0.0189370800244349,0.0085852742959168,0.0032402049625278
2013-09-17,3400.0,3525.0,3235.0,3270.0,18961.0,3270.0,3101.0,2907.5,2661.8,2067.8,1550.115,False,False,False,False,False,False,True,True,False,True,False,-0.0871559633027523,-0.0336391437308868,,,0.1859938837920488,0.3676452599388378,-0.1186544342507645,-0.1162079510703364,0.011139052777509,-0.0565434221840069,1872.5,1555.0,0.4143846843105973,0.0160042076790143,-0.0029328723454205,-0.0014622220215715
2013-09-18,3295.0,3360.0,3140.0,3160.0,8843.0,3160.0,3155.0,2970.0,2696.5,2090.0,1562.0525,False,False,False,False,False,False,True,True,False,True,False,-0.0094936708860759,-0.0047468354430379,,,0.1466772151898734,0.3386075949367088,-0.0746835443037974,-0.0556962025316455,0.0106220095693779,-0.0647138047138046,1850.0,1640.0,0.4663783555719635,0.0128685332838864,-0.0031356743951278,-0.0005170432081311
2013-09-19,3200.0,3260.0,3090.0,3140.0,9878.0,3140.0,3194.0,3016.5,2716.3,2112.4266666666667,1573.8825,False,False,False,False,False,False,True,True,False,True,False,-0.0031847133757961,-0.1028662420382165,,,0.134936305732484,0.3272526539278131,-0.0350318471337579,-0.0643312101910828,0.0106165421127045,-0.0708768440245318,1910.0,1530.0,1.117041727920389,0.0072893273938814,-0.005579205890005,-5.467456673369578e-06
2013-09-20,3140.0,3145.0,2915.0,2995.0,12462.0,2995.0,3203.0,3043.5,2730.3,2132.1266666666666,1584.97,False,False,False,False,False,False,True,True,False,True,False,0.031719532554257,-0.0851419031719532,,,0.088380634390651,0.2881046188091263,-0.0434056761268781,-0.0397328881469115,0.0092396011494,-0.0729423361261705,1930.0,1490.5,1.2615914152662482,0.0051276416511006,-0.0021616857427808,-0.0013769409633044
2013-09-24,3025.0,3060.0,2940.0,3040.0,7693.0,3040.0,3121.0,3080.0,2750.9,2154.9933333333333,1596.295,False,False,False,False,False,False,True,True,False,False,False,0.0838815789473684,-0.069078947368421,,,0.0950986842105262,0.2911206140350877,-0.1052631578947368,-0.0404605263157894,0.0106110150379429,-0.0809090909090908,1962.5,1550.0,0.6173166425934842,0.0074884583227307,0.00236081667163,0.0013714138885428
2013-09-25,3045.0,3085.0,2955.0,2985.0,4227.0,2985.0,3064.0,3082.5,2761.7,2176.48,1607.23,False,False,False,False,False,False,True,True,False,True,False,0.0586264656616415,-0.0706867671691792,,,0.0748073701842546,0.2708609715242881,-0.1343383584589614,-0.0140703517587939,0.0098722095616163,-0.0748418491484184,1902.5,1570.0,0.5494605485506304,0.0039106347539557,-0.0035778235687749,-0.0007388054763266
2013-09-26,3025.0,3195.0,2989.0,3130.0,1266200.0,3130.0,3058.0,3106.5,2784.3,2197.613333333333,1618.905,False,False,False,False,False,False,True,True,False,False,True,0.0047923322683706,-0.0830670926517571,,,0.1104472843450478,0.2978871139510119,-0.1591054313099041,-0.0514376996805111,0.0096164930439686,-0.0760663125704169,1882.5,1650.0,299.5505086349657,0.0081169414215423,0.0042063066675865,-0.0002557165176476
2013-09-27,3185.0,3215.0,3080.0,3130.0,1048200.0,3130.0,3056.0,3125.0,2812.0,2219.6,1630.71,False,False,False,False,False,False,True,True,False,False,False,-0.1,-0.0690095846645367,,,0.1015974440894568,0.2908626198083067,-0.0613418530351437,-0.0559105431309904,0.0099056887126811,-0.072736,1930.0,1730.0,0.8278313062707313,0.0098506401137979,0.0017336986922555,0.0002891956687125
2013-09-30,3150.0,3165.0,2949.0,3090.0,725800.0,3090.0,3075.0,3139.0,2839.0,2240.133333333333,1642.3475,False,False,False,False,False,False,True,True,False,True,False,-0.1132686084142394,-0.0686084142394822,,,0.0812297734627831,0.2750377562028048,-0.0676375404530744,-0.0453074433656957,0.0091661210642223,-0.0701497292131251,2195.0,1750.0,0.6924251097118871,0.0095103909827404,-0.0003402491310575,-0.0007395676484588
2013-10-01,3160.0,3340.0,3065.0,3295.0,2392900.0,3295.0,3126.0,3123.5,2872.4,2265.1266666666666,1654.9825,False,False,False,False,False,False,True,True,False,False,False,-0.1411229135053111,-0.1396054628224582,,,0.1282549317147192,0.3125563985837127,-0.1198786039453717,-0.1271623672230652,0.0110339671953592,-0.0620137666079717,2305.0,1710.0,3.2969137503444474,0.0116279069767442,0.0021175159940038,0.0018678461311368
2013-10-02,3295.0,3355.0,3065.0,3160.0,1964300.0,3160.0,3161.0,3112.5,2897.4,2288.0066666666667,1666.8625,False,False,False,False,False,False,True,True,False,True,False,-0.1221518987341772,-0.0914556962025316,,,0.0831012658227847,0.2759472573839662,-0.1455696202531645,-0.1376582278481012,0.0099999708625558,-0.0639999999999999,2482.5,1747.5,0.8208867900873417,0.0086284254849175,-0.0029994814918267,-0.0010339963328033
2013-10-03,3180.0,3220.0,3015.0,3145.0,1474700.0,3145.0,3164.0,3111.0,2924.8,2310.14,1678.5325,False,False,False,False,False,False,True,True,False,False,False,-0.0874403815580286,-0.0190779014308426,,,0.0700158982511923,0.265456279809221,-0.2200317965023847,-0.1615262321144674,0.0095809489179587,-0.0747026679524269,2495.0,1775.0,0.7507509036297918,0.0093681619256017,0.0007397364406842,-0.000419021944597
2013-10-04,2945.0,3020.0,2695.0,2817.0,5400400.0,2817.0,3101.4,3078.7,2945.08,2326.833333333333,1688.585,False,False,False,False,False,False,True,True,False,True,False,0.0344337948171813,0.060702875399361,,,-0.0454668086616968,0.1740030765589872,-0.1196308129215477,0.0152644657436989,0.0071742711840125,-0.0675285022899274,2510.0,1755.0,3.662032955855428,0.0068860608200795,-0.0024821011055222,-0.0024066777339462
2013-10-07,2789.0,2914.0,2732.0,2740.0,1573300.0,2740.0,3031.4,3053.2,2955.08,2342.4,1698.1075,False,False,False,False,False,False,True,True,False,True,False,0.0503649635036496,0.0985401459854014,,,-0.0784963503649634,0.1451094890510948,-0.0967153284671532,0.0364963503649635,0.0066456056466304,-0.0609196908161928,2285.0,1685.0,0.2913302718317161,0.0033840031403549,-0.0035020576797245,-0.0005286655373821
2013-10-08,2696.0,2868.0,2660.0,2830.0,1667800.0,2830.0,2938.4,3032.2,2967.88,2359.633333333333,1708.1075,False,False,False,False,False,False,True,True,False,False,False,0.0017667844522968,0.0219081272084805,,,-0.0487208480565371,0.1662073027090695,-0.0823321554770318,-0.0240282685512367,0.0073033945952053,-0.0595277356374909,2210.0,1760.0,1.0600648318820314,0.0043128428373115,0.0009288396969566,0.0006577889485749
2013-10-09,2756.0,2794.0,2624.0,2774.0,2197500.0,2774.0,2861.2,3011.1,2980.24,2375.8866666666668,1717.9,False,False,False,False,False,False,True,True,False,True,False,0.0349675558759913,0.0389329488103821,,,-0.0743475126171592,0.1435159817351597,-0.0659697188175919,-0.0612833453496755,0.0068409548154654,-0.0641958088406229,2205.0,1712.5,1.3176040292601032,0.0041473169946043,-0.0001655258427071,-0.0004624397797399
2013-10-10,2800.0,2905.0,2800.0,2870.0,1673400.0,2870.0,2806.2,2985.1,2993.64,2392.286666666667,1728.135,False,False,False,False,False,False,True,True,False,False,False,0.0749128919860627,0.0188153310104529,,,-0.0430801393728222,0.1664506387921021,-0.0871080139372822,-0.1296167247386759,0.0068553657170406,-0.0718233895011892,2292.5,1772.5,0.7615017064846417,0.004476156117636,0.0003288391230317,1.4410901575159438e-05
2013-10-11,2919.0,2938.0,2846.0,2914.0,1136000.0,2914.0,2825.6,2963.5,3003.2,2410.74,1738.63,False,False,False,False,False,False,True,True,False,True,False,0.0253946465339739,0.0398078242964996,,,-0.0306108442004117,0.1727041866849692,-0.1256005490734385,-0.123541523678792,0.0076546343999489,-0.0785895056521005,2645.0,1755.0,0.6788574160392016,0.0031832711774107,-0.0012928849402253,0.0007992686829083
2013-10-15,2907.0,2912.0,2850.0,2878.0,489800.0,2878.0,2853.2,2942.3,3009.32,2429.24,1748.92,False,False,False,False,False,False,True,True,False,True,False,0.0458651841556636,-0.0045170257123002,,,-0.0456289089645587,0.1559277275886032,-0.1278665740097289,-0.1813759555246699,0.0076155505425565,-0.0921388029772628,2645.0,1845.0,0.4311619718309859,0.0020336820278336,-0.001149589149577,-3.908385739242581e-05
2013-10-16,2878.0,2924.0,2805.0,2835.0,630900.0,2835.0,2854.2,2896.3,3015.72,2446.373333333333,1759.0075,False,False,False,False,False,False,True,True,False,False,False,0.0201058201058201,-0.0405643738977072,,,-0.0637460317460316,0.1370817166372723,-0.1185185185185185,-0.1904761904761904,0.0070035644600442,-0.0977799261126265,2525.0,1860.0,1.28807676602695,0.0021222129375405,8.853090970685484e-05,-0.0006119860825123
2013-10-17,2872.0,2948.0,2860.0,2871.0,962800.0,2871.0,2873.6,2867.4,3012.16,2463.72,1769.3225,False,False,False,False,False,False,False,True,False,True,False,0.003831417624521,-0.0999651689306861,,,-0.0491675374433994,0.1418599791013584,-0.1205154998258446,-0.1386276558690351,0.0070408433858826,-0.097475064518379,2715.0,1872.5,1.5260738627357744,-0.001181876128758,-0.0033040890662985,3.7278925838444936e-05
2013-10-18,2950.0,3100.0,2930.0,3085.0,2525700.0,3085.0,2916.6,2861.4,3019.96,2482.853333333333,1780.86,False,False,False,True,True,False,True,True,True,False,False,-0.0521880064829821,-0.1468395461912479,,,0.0210826580226904,0.1951853052404107,-0.2168557536466774,-0.1841166936790924,0.0077061875046988,-0.0997763332634374,2565.0,1850.0,2.623286248442044,0.0025828156664327,0.0037646917951908,0.0006653441188161
2013-10-21,3155.0,3160.0,2970.0,2988.0,1749200.0,2988.0,2931.4,2878.5,3021.68,2499.6266666666666,1791.8025,False,False,False,False,False,False,True,True,False,True,True,0.0140562248995983,-0.0167336010709504,,,-0.0112717536813921,0.1634448906738063,-0.1864123159303882,-0.1713520749665328,0.0067103354100879,-0.11846447802675,2437.5,1910.0,0.6925604782832482,0.0005692197717825,-0.0020135958946502,-0.0009958520946108
2013-10-22,3025.0,3045.0,2989.0,3010.0,691800.0,3010.0,2957.8,2905.5,3024.08,2516.4266666666667,1802.825,False,False,False,False,False,False,True,True,False,False,False,-0.048172757475083,-0.0428571428571428,,,-0.0046777408637873,0.1639778516057585,-0.2285714285714285,-0.3435215946843853,0.0066761333531145,-0.1563930476682155,2415.0,1930.0,0.3954950834667276,0.0007936297981535,0.0002244100263709,-3.42020569734482e-05
2013-10-23,3045.0,3045.0,2888.0,2892.0,958900.0,2892.0,2969.2,2911.7,3001.76,2532.1866666666665,1813.115,False,False,False,False,False,False,False,True,False,True,False,-0.0594744121715076,0.0027662517289073,,,-0.0379529737206086,0.1244167819271554,-0.1849930843706777,-0.4035269709543568,0.0062238697515716,-0.1938043067623724,2460.0,1962.5,1.386094246892165,-0.0074356377591811,-0.0082292675573347,-0.0004522636015428
2013-10-24,2875.0,2919.0,2822.0,2882.0,543600.0,2882.0,2971.4,2922.5,2986.24,2547.313333333333,1823.3575,False,False,False,False,False,False,False,True,False,False,False,-0.1034004163775156,-0.0631505898681471,,,-0.0361693268563496,0.1161300023132085,-0.1460791117279667,-0.368147120055517,0.0059382826873803,-0.2235757057313943,2535.0,1902.5,0.5668995724267389,-0.0051971710244322,0.0022384667347489,-0.0002855870641912
2013-10-25,3010.0,3050.0,2890.0,2924.0,1725700.0,2924.0,2939.2,2927.9,2976.8,2562.633333333333,1833.6775,False,False,False,False,False,False,False,True,False,False,False,-0.0998632010943912,-0.1610807113543091,,,-0.0180574555403557,0.1235864113087095,-0.1439808481532147,-0.3857729138166895,0.0059782255232248,-0.2489839133850199,2460.0,1882.5,3.17457689477557,-0.0031711905401772,0.0020259804842549,3.994283584448678e-05
2013-10-28,2960.0,3030.0,2942.0,3030.0,816300.0,3030.0,2947.6,2939.5,2972.4,2579.633333333333,1844.2825,False,False,False,False,True,False,False,True,False,False,False,-0.0303630363036303,-0.1815181518151815,,,0.0190099009900989,0.1486358635863586,-0.1719471947194719,-0.4234323432343234,0.0065900838620475,-0.279401258717469,2310.0,1930.0,0.4730254389523092,-0.001480285291347,0.0016909052488301,0.0006118583388227
2013-10-29,3005.0,3010.0,2846.0,2865.0,1228000.0,2865.0,2918.6,2938.2,2967.2,2595.366666666667,1854.165,False,False,False,False,False,False,False,True,False,True,False,0.0055846422338568,-0.1361256544502617,,,-0.0356719022687608,0.0941128563118091,-0.1385689354275741,-0.3682373472949389,0.006062084997624,-0.2976652372200667,2490.0,2195.0,1.5043488913389684,-0.0017524939336749,-0.0002722086423278,-0.0005279988644235
2013-10-30,2883.0,2899.0,2714.0,2720.0,1265000.0,2720.0,2884.2,2926.7,2954.4,2608.1666666666665,1863.34,False,False,False,False,False,False,False,True,False,True,False,0.0661764705882353,-0.0452205882352941,,,-0.0861764705882353,0.0411151960784314,-0.1378676470588235,-0.3150735294117647,0.0049076618314268,-0.309666176922814,2510.0,2305.0,1.030130293159609,-0.0043325209856484,-0.0025800270519734,-0.0011544231661972
2013-10-31,2720.0,2807.0,2563.0,2584.0,1537600.0,2584.0,2824.6,2898.0,2938.36,2619.786666666667,1871.655,False,False,False,False,False,False,False,True,False,True,False,0.044891640866873,0.0027089783281733,,,-0.1371362229102167,-0.0138493292053664,-0.0777863777089783,-0.2515479876160991,0.0044354756621405,-0.3214285714285714,2465.0,2482.5,1.215494071146245,-0.0054588273730924,-0.001126306387444,-0.0004721861692862
2013-11-01,2655.0,2722.0,2565.0,2632.0,1944500.0,2632.0,2766.2,2852.7,2918.44,2631.2466666666664,1880.1575,False,False,False,False,False,False,False,True,False,True,False,-0.0680091185410334,-0.0045592705167173,,,-0.1088297872340425,0.0002862208713273,-0.0649696048632218,-0.2788753799392097,0.0043553499355183,-0.3323518070599782,2535.0,2495.0,1.2646331945889695,-0.006825564342594,-0.0013667369695015,-8.012572662219417e-05
2013-11-05,2799.0,2969.0,2745.0,2938.0,4481300.0,2938.0,2747.8,2847.7,2910.76,2647.02,1890.055,False,False,False,False,True,False,False,True,False,False,False,-0.1558883594281824,-0.1327433628318584,,,0.0092716133424097,0.0990401633764465,-0.1136827773995915,-0.3716814159292035,0.0059589022120473,-0.3533026653088457,2675.0,2510.0,2.3046027256364106,-0.0026384861685607,0.0041870781740332,0.0016035522765289
2013-11-06,2900.0,2978.0,2827.0,2881.0,2245000.0,2881.0,2751.0,2834.8,2902.4,2660.833333333333,1899.55,False,False,False,False,False,False,False,True,False,True,False,-0.1409232905241235,-0.1287747309961819,,,-0.0074279763970843,0.0764202244590999,-0.02290871225269,-0.3727872266574106,0.0051913560914499,-0.3563214336108368,2725.0,2285.0,0.5009707004663825,-0.002880374862183,-0.0002418886936223,-0.0007675461205973
2013-11-07,2975.0,3015.0,2859.0,2900.0,2276100.0,2900.0,2787.0,2835.6,2886.6,2674.7,1908.9375,False,False,False,False,False,False,False,True,False,True,False,-0.1044827586206896,-0.1382758620689655,,,0.0046206896551724,0.0776896551724138,-0.0620689655172413,-0.3931034482758621,0.0051843820490772,-0.3552687261955141,2675.0,2210.0,1.0138530066815146,-0.0054735675188804,-0.0025931926566973,-6.974042372739735e-06
2013-11-08,2929.0,2996.0,2653.0,2700.0,5312400.0,2700.0,2810.2,2817.4,2868.2,2685.733333333333,1917.3175,False,False,False,False,False,False,False,True,False,True,False,-0.0403703703703703,-0.0648148148148148,,,-0.0622962962962962,0.005283950617284,0.0562962962962962,-0.33,0.004108126892717,-0.3515297792290764,2960.0,2205.0,2.3339923553446686,-0.0064151732794087,-0.0009416057605283,-0.0010762551563601
2013-11-11,2650.0,2660.0,2453.0,2453.0,3661700.0,2453.0,2774.4,2770.3,2840.52,2693.773333333333,1924.4525,False,False,False,False,False,False,False,True,False,True,False,0.0680799021606196,-0.0150835711373827,,,-0.1579779861394211,-0.0981546405761651,0.0990623726049735,-0.2417448022829188,0.0029846609217305,-0.3381944193769628,2890.0,2292.5,0.6892741510428432,-0.0097446946333769,-0.0033295213539682,-0.0011234659709864
2013-11-12,2475.0,2540.0,2410.0,2480.0,2349600.0,2480.0,2682.8,2715.3,2827.04,2701.373333333333,1931.855,False,False,False,False,False,False,False,True,False,False,False,0.0274193548387096,-0.019758064516129,,,-0.1399354838709677,-0.0892634408602149,0.1185483870967741,-0.2254032258064516,0.0028133838097165,-0.3183810260376386,2945.0,2645.0,0.6416691700576235,-0.0047682381572245,0.0049764564761524,-0.000171277112014
2013-11-13,2520.0,2530.0,2342.0,2475.0,2804900.0,2475.0,2601.6,2676.3,2816.44,2708.64,1939.325,False,False,False,False,False,False,False,True,False,False,False,0.0141414141414141,-0.0618181818181818,,,-0.1379555555555555,-0.0943999999999999,0.0985858585858585,-0.2206060606060606,0.0026827731506094,-0.3040017935209058,2950.0,2645.0,1.1937776642832822,-0.0037636164803794,0.001004621676845,-0.000130610659107
2013-11-14,2525.0,2638.0,2489.0,2597.0,2288100.0,2597.0,2541.0,2664.0,2807.12,2717.1,1947.345,False,False,False,False,False,False,False,True,False,False,False,-0.0377358490566037,-0.0924143242202541,,,-0.0809087408548324,-0.0462456680785521,0.0231035810550635,-0.2479784366576819,0.0031136137793971,-0.2974099099099099,3450.0,2525.0,0.8157510071660309,-0.0033201288152983,0.0004434876650811,0.0004308406287876
2013-11-15,2619.0,2647.0,2565.0,2591.0,1923100.0,2591.0,2519.2,2664.7,2799.8,2726.28,1955.205,False,False,False,False,False,False,False,True,False,False,False,-0.025472790428406,-0.0501736781165573,,,-0.0805866460825936,-0.0522115013508298,-0.0027016595908915,-0.2404477035893477,0.003367225670144,-0.2963185349195031,3270.0,2715.0,0.8404790000437043,-0.0026144724623186,0.0007056563529796,0.0002536118907468
2013-11-18,2609.0,2698.0,2555.0,2620.0,1247500.0,2620.0,2552.6,2663.5,2789.8,2736.113333333333,1963.025,False,False,False,False,False,False,False,True,False,True,False,-0.0778625954198473,-0.0446564885496183,,,-0.0648091603053435,-0.0443180661577606,0.0064885496183206,-0.2473282442748091,0.0035939057105331,-0.2932232025530317,3160.0,2565.0,0.6486922156934117,-0.003584486343107,-0.0009700138807883,0.0002266800403891
2013-11-19,2570.0,2606.0,2523.0,2548.0,909800.0,2548.0,2566.2,2624.5,2775.16,2744.353333333333,1970.525,False,False,False,False,False,False,False,True,False,True,False,-0.0459183673469387,-0.0153061224489795,,,-0.0891522762951333,-0.0770617477760333,0.0553375196232339,-0.2405808477237048,0.0030025288288923,-0.2793293960754429,3140.0,2437.5,0.7292985971943888,-0.0052753715101112,-0.0016908851670042,-0.0005913768816407
2013-11-20,2596.0,2596.0,2492.0,2510.0,1102400.0,2510.0,2573.2,2587.4,2760.44,2748.5533333333333,1977.9,False,False,False,False,False,False,False,True,False,True,False,-0.0749003984063745,-0.0167330677290836,,,-0.0997768924302789,-0.0950411686586985,0.0709163346613545,-0.2792828685258964,0.0015280765881689,-0.268918605549973,2995.0,2415.0,1.2116948779951635,-0.0053324832273115,-5.711171720026911e-05,-0.0014744522407234
2013-11-21,2525.0,2544.0,2475.0,2499.0,1033000.0,2499.0,2553.6,2547.3,2747.0,2751.14,1985.02,False,False,True,False,False,False,False,True,False,False,False,-0.0568227290916366,-0.0616246498599439,,,-0.0992396958783513,-0.1008963585434173,0.1300520208083233,-0.2941176470588235,0.0009402162982133,-0.2572527774506341,3040.0,2460.0,0.9370464441219158,-0.004892610120131,0.0004398731071804,-0.0005878602899555
2013-11-22,2515.0,2566.0,2436.0,2525.0,1260800.0,2525.0,2540.4,2529.8,2733.16,2751.7066666666665,1991.9325,False,False,False,False,False,False,False,True,False,True,False,-0.0253465346534653,-0.0562376237623762,,,-0.0824396039603959,-0.0897848184818481,0.0823762376237623,-0.2744554455445545,0.000205932802915,-0.2512056289034707,2985.0,2535.0,1.2205227492739594,-0.0050637357490963,-0.0001711256289652,-0.0007342834952983
2013-11-25,2501.0,2518.0,2416.0,2416.0,944200.0,2416.0,2499.6,2526.1,2706.4,2750.653333333333,1998.425,False,False,False,False,False,False,False,False,False,True,False,0.0360099337748344,0.0186258278145695,,,-0.1201986754966887,-0.1385154525386313,0.1527317880794702,-0.2413079470198675,-0.0003829393259298,-0.2511777047622818,3130.0,2460.0,0.7488895939086294,-0.0098876736624297,-0.0048239379133333,-0.0005888721288448
2013-11-26,2374.0,2455.0,2354.0,2431.0,1160600.0,2431.0,2476.2,2521.2,2684.12,2749.6,2005.02,False,False,False,False,False,False,False,False,False,False,False,0.0320855614973262,0.0711641299876594,,,-0.1041217605923487,-0.1310571781160016,0.1024269847799259,-0.2879473467708762,-0.0003830860246338,-0.2572584483579248,3130.0,2310.0,1.2291887312010168,-0.0083006721010983,0.0015870015613313,-1.466987040464108e-07
2013-11-27,2421.0,2437.0,2317.0,2322.0,865300.0,2322.0,2438.6,2505.9,2656.6,2750.093333333333,2011.09,False,False,False,False,False,False,False,True,False,True,False,0.0628768303186907,0.2123169681309216,,,-0.1440999138673556,-0.1843640539764568,0.1795865633074935,-0.2566752799310939,0.0001793878510788,-0.2608244542878806,3090.0,2490.0,0.745562640013786,-0.0103591056237295,-0.0020584335226311,0.0005624738757126
2013-11-28,2332.0,2392.0,2285.0,2357.0,1061600.0,2357.0,2410.2,2481.9,2635.2,2752.0533333333333,2017.425,False,False,False,False,False,False,False,True,False,False,False,-0.0050912176495545,0.1540093338990242,,,-0.1180313958421721,-0.1676085419318342,0.1735256682223165,-0.28171404327535,0.0007121955000873,-0.2641524638381885,3295.0,2510.0,1.2268577372009708,-0.0081208257437766,0.0022382798799529,0.0005328076490085
2013-11-29,2350.0,2495.0,2342.0,2461.0,1029900.0,2461.0,2397.4,2468.9,2618.36,2755.4666666666667,2024.3125,False,False,False,False,False,False,False,True,False,False,False,-0.0316944331572531,0.1588785046728972,,,-0.0639414872003251,-0.1196532574834078,0.1743193823648923,-0.3222267370987403,0.001238749637085,-0.2724290169711207,3160.0,2465.0,0.970139412207988,-0.0064315067446797,0.0016893189990968,0.0005265541369977
2013-12-02,2558.0,2559.0,2463.0,2503.0,994300.0,2503.0,2414.8,2457.2,2601.52,2758.273333333333,2031.54,False,False,False,False,False,False,False,True,False,True,False,-0.0167798641630043,0.0771074710347582,,,-0.0393607670795045,-0.1019869489945397,0.1921693967239313,-0.3423891330403515,0.001017544792515,-0.2822318085625915,3145.0,2535.0,0.965433537236625,-0.0064731387804053,-4.163203572560021e-05,-0.00022120484457
2013-12-03,2475.0,2510.0,2436.0,2509.0,749800.0,2509.0,2430.4,2453.3,2580.68,2756.46,2038.895,False,False,False,False,False,False,False,False,False,True,False,0.0378636907134316,0.105619768832204,,,-0.0285691510561976,-0.0986289358310083,0.1709844559585492,-0.3176564368274213,-0.0006578485932438,-0.2901805731056128,2817.0,2675.0,0.7540983606557377,-0.0080753909822217,-0.0016022522018164,-0.0016753933857589
2013-12-04,2460.0,2494.0,2441.0,2468.0,633300.0,2468.0,2459.6,2449.1,2564.8,2754.1,2045.82,False,False,False,False,False,False,False,False,False,False,False,0.1405996758508914,0.1017017828200972,,,-0.0392220421393841,-0.1159238249594813,0.1653160453808752,-0.2876823338735818,-0.0008569042518427,-0.2910456902535625,2740.0,2725.0,0.8446252333955722,-0.0061915159076729,0.0018838750745488,-0.0001990556585988
2013-12-05,2468.0,2471.0,2315.0,2345.0,1182400.0,2345.0,2457.2,2433.7,2549.8,2751.7,2052.495,False,False,False,False,False,False,False,False,False,False,False,0.1599147121535181,0.133049040511727,,,-0.0873347547974414,-0.1734328358208954,0.2439232409381663,-0.2635394456289979,-0.0008721881019006,-0.2880798783744915,2830.0,2675.0,1.867045633980736,-0.0058828143383794,0.0003087015692934,-1.5283850057922865e-05
2013-12-06,2376.0,2418.0,2334.0,2383.0,922800.0,2383.0,2441.6,2419.5,2541.76,2747.273333333333,2059.165,False,False,False,False,False,False,False,False,False,False,False,0.1968107427612253,0.0843474611833823,,,-0.0666219051615611,-0.1528633375297243,0.2349979018044481,-0.2656315568610994,-0.0016112945926992,-0.2872907625542467,2774.0,2960.0,0.780446549391069,-0.0031631625330479,0.0027196518053315,-0.0007391064907985
2013-12-09,2404.0,2461.0,2355.0,2461.0,831800.0,2461.0,2433.2,2424.0,2534.92,2745.8866666666668,2065.9725,False,False,False,False,False,False,False,False,False,False,False,0.0954896383583909,0.0715156440471353,,,-0.0300365704997968,-0.1157605309494785,0.2064201544087769,-0.2763104429093864,-0.0005049977784952,-0.2907590759075907,2870.0,2890.0,0.901387082791504,-0.0026983100058385,0.0004648525272094,0.0011062968142039
2013-12-10,2495.0,2630.0,2458.0,2604.0,3176100.0,2604.0,2452.2,2441.3,2521.56,2748.1066666666666,2073.59,False,False,False,False,True,False,False,True,False,True,False,0.065284178187404,0.032642089093702,,,0.0316589861751152,-0.0553405017921146,0.1347926267281106,-0.3141321044546851,0.000807828905234,-0.2935321345184943,2914.0,2945.0,3.818345756191392,-0.0052983073970082,-0.0025999973911697,0.0013128266837292
2013-12-11,2690.0,2850.0,2670.0,2815.0,5666800.0,2815.0,2521.6,2490.6,2518.92,2753.44,2082.1875,False,False,False,False,False,False,False,True,False,False,False,-0.0341030195381882,-0.0451154529307282,,,0.1051793960923623,0.0218685612788632,0.0479573712255772,-0.3996447602131439,0.0019369709648052,-0.308961695976873,2878.0,2950.0,1.784200749346683,-0.0010480682197131,0.004250239177295,0.0011291420595712
2013-12-12,2810.0,2815.0,2675.0,2720.0,1667400.0,2720.0,2596.6,2526.9,2511.72,2756.9066666666668,2090.3625,False,False,False,False,False,False,False,True,False,True,False,-0.0231617647058823,0.038235294117647,,,0.0765735294117647,-0.0135686274509804,0.0573529411764705,-0.3926470588235294,0.0012574479609997,-0.320511298428905,2835.0,3450.0,0.2942401355262229,-0.0028665615594095,-0.0018184933396964,-0.0006795230038055
2013-12-13,2795.0,2879.0,2710.0,2852.0,2949200.0,2852.0,2690.4,2566.0,2517.8,2761.133333333333,2099.1475,False,False,False,False,False,False,True,True,True,False,False,-0.093969144460028,-0.0417251051893408,,,0.1171809256661991,0.0318606825619448,-0.0445301542776998,-0.4284712482468443,0.0015307723881497,-0.3323460639127046,2871.0,3270.0,1.7687417536284036,0.0024148065771706,0.0052813681365802,0.0002733244271499
2013-12-16,2883.0,2889.0,2671.0,2696.0,1463500.0,2696.0,2737.4,2585.3,2527.52,2764.28,2107.2775,False,False,False,False,False,False,True,True,False,False,False,-0.0218842729970326,0.0330118694362017,,,0.0624925816023738,-0.025326409495549,-0.0218842729970326,-0.4002225519287833,0.001138331379841,-0.3384520171740224,3085.0,3160.0,0.4962362674623626,0.0038456668987781,0.0014308603216074,-0.0003924410083086
2013-12-17,2725.0,2795.0,2712.0,2774.0,1299700.0,2774.0,2771.4,2611.8,2539.28,2770.4666666666667,2115.7,False,False,False,False,False,False,True,True,False,False,False,-0.0306416726748377,-0.0338860850757029,,,0.0846142754145637,0.0012737322758952,0.0310021629416005,-0.4596250901225667,0.0022330774598743,-0.3533195497358144,2988.0,3140.0,0.8880765288691493,0.0046312340505971,0.0007855671518189,0.0010947460800332
2013-12-18,2751.0,2774.0,2692.0,2719.0,932100.0,2719.0,2752.2,2636.9,2549.04,2773.52,2123.22,False,False,False,False,False,False,True,True,False,True,False,-0.0114012504597278,0.0073556454578889,,,0.0625082751011401,-0.0200514895182052,0.044501655020228,-0.449797719749908,0.0011008874402684,-0.3694110508551709,3010.0,2995.0,0.7171654997307071,0.0038288924457834,-0.0008023416048136,-0.0011321900196059
2013-12-19,2759.0,2789.0,2643.0,2657.0,1001600.0,2657.0,2739.6,2668.1,2551.44,2775.48,2130.3625,False,False,False,False,False,False,True,True,False,True,False,0.062852841550621,0.0410237109522017,,,0.039729017689123,-0.0445916447120813,0.0395182536695521,-0.4663153933007151,0.0007061841555334,-0.3883662531389377,2892.0,3040.0,1.074562815148589,0.0009406452826639,-0.0028882471631194,-0.0003947032847349
2013-12-20,2650.0,2669.0,2570.0,2584.0,1068900.0,2584.0,2686.0,2688.2,2551.16,2777.0666666666666,2136.5575,False,False,False,False,False,False,False,True,False,True,False,0.0576625386996904,0.1184210526315789,,,0.0127089783281734,-0.0747162022703818,0.0077399380804953,-0.3989938080495356,0.0005713462646437,-0.4002678372144929,2882.0,2985.0,1.0671924920127795,-0.0001097539942615,-0.0010503992769254,-0.0001348378908897
2013-12-24,2590.0,2700.0,2590.0,2637.0,1134800.0,2637.0,2674.2,2705.8,2551.84,2778.4266666666667,2142.7375,False,False,False,False,False,False,True,True,False,False,False,0.0561243837694349,0.1315889268107698,,,0.0322942737959802,-0.0536316521299456,-0.0527114144861585,-0.3996966249525976,0.0004894856561507,-0.4114864365437209,2924.0,3130.0,1.0616521657779026,0.000266474387109,0.0003762283813705,-8.186060849295134e-05
2013-12-25,2650.0,2735.0,2643.0,2689.0,1440200.0,2689.0,2657.2,2714.3,2557.48,2778.613333333333,2149.0325,False,False,False,False,False,False,True,True,True,False,False,-0.0033469691335068,0.092599479360357,,,0.0489103756043138,-0.0333258956241475,-0.0502045370026031,-0.4124209743399033,6.717979231824586e-05,-0.4209188372692776,3030.0,3130.0,1.2691223123017272,0.0022052958380905,0.0019388214509815,-0.0004223058638325
2013-12-26,2715.0,2734.0,2673.0,2688.0,935900.0,2688.0,2651.0,2701.6,2564.6,2778.12,2155.43,False,False,False,False,False,False,True,False,False,False,False,0.0189732142857142,0.0699404761904761,,,0.0459077380952381,-0.0335267857142856,-0.1235119047619047,-0.4125744047619047,-0.0001775781223751,-0.4223053005626295,2865.0,3090.0,0.6498402999583391,0.0027762614052873,0.0005709655671967,-0.0002447579146934
2013-12-27,2723.0,2844.0,2712.0,2824.0,1887000.0,2824.0,2684.4,2712.0,2577.6,2780.1066666666666,2162.7475,False,False,False,False,False,False,True,True,False,False,True,-0.0205382436260623,0.0329320113314447,,,0.0872521246458923,0.0155429650613786,-0.1873229461756373,-0.4419263456090651,0.0007146008786233,-0.4273230088495575,2720.0,3295.0,2.01624105139438,0.0050434512725015,0.0022671898672142,0.0008921790009985
2013-12-30,2787.0,2805.0,2716.0,2733.0,1387200.0,2733.0,2714.2,2700.1,2585.92,2777.08,2169.88,False,False,False,False,False,False,True,False,False,True,False,0.0574460300036589,0.0768386388583973,,,0.0538163190633003,-0.0161287961946578,-0.0951335528723015,-0.3988291255031101,-0.0010898737762925,-0.4243176178660049,2584.0,3160.0,0.7351351351351352,0.0032174235861898,-0.0018260276863116,-0.0018044746549159
2014-01-06,2720.0,2800.0,2689.0,2785.0,1196900.0,2785.0,2743.8,2709.0,2600.68,2775.68,2177.245,False,False,False,False,False,False,True,False,False,False,True,0.0714542190305206,0.0660682226211849,,,0.0661831238779174,0.0033464991023339,-0.096229802513465,-0.4326750448833034,-0.0005043809084621,-0.4275747508305648,2632.0,3145.0,0.8628171856978085,0.0056754387314086,0.0024580151452187,0.0005854928678304
2014-01-07,2740.0,2748.0,2650.0,2680.0,948100.0,2680.0,2742.0,2699.6,2610.64,2772.1466666666665,2184.02,False,False,False,False,False,False,True,False,False,True,False,0.0962686567164179,0.1026119402985074,,,0.0258805970149254,-0.0343830845771143,-0.0761194029850746,-0.4235074626865671,-0.001274583836353,-0.4238776114979997,2938.0,2817.0,0.7921296683098004,0.0038151564367358,-0.0018602822946727,-0.0007702029278909
2014-01-08,2692.0,2747.0,2664.0,2739.0,1101200.0,2739.0,2752.2,2701.6,2627.32,2769.333333333333,2190.765,False,False,False,False,False,False,True,False,False,False,False,0.0500182548375319,0.0770354143848119,,,0.0407740051113544,-0.0110746014360471,-0.2785688207374954,-0.4450529390288426,-0.0010158883004333,-0.4234157536274799,2881.0,2740.0,1.1614808564497416,0.0063486746951267,0.0025335182583908,0.0002586955359196
2014-01-09,2730.0,2784.0,2713.0,2766.0,769100.0,2766.0,2740.6,2712.5,2643.68,2760.213333333333,2197.6875,False,False,False,False,False,False,True,False,False,True,True,0.0545914678235719,0.0397686189443239,,,0.0442227042660882,0.0020920703784045,-0.3763557483731019,-0.4616775126536515,-0.0033040924372994,-0.4231152073732719,2900.0,2830.0,0.6984199055575736,0.0061883435211522,-0.0001603311739744,-0.0022882041368661
2014-01-10,2790.0,2890.0,2741.0,2890.0,1547900.0,2890.0,2772.0,2743.1,2660.84,2755.1466666666665,2205.45,False,False,False,False,False,False,True,False,False,False,False,0.0183391003460207,-0.0570934256055363,,,0.0792941176470587,0.0466620530565167,-0.3698961937716263,-0.4636678200692041,-0.0018389825587022,-0.4296598738653348,2700.0,2774.0,2.012612144064491,0.0064490912644128,0.0002607477432606,0.0014651098785972
2014-01-14,2845.0,2996.0,2837.0,2984.0,2227700.0,2984.0,2811.8,2777.8,2680.08,2752.8,2213.645,False,False,False,False,False,False,True,False,False,False,False,-0.0050268096514745,-0.1162868632707774,,,0.1018498659517426,0.077479892761394,-0.3981233243967828,-0.4879356568364611,-0.0008524653685942,-0.4387644898840809,2453.0,2870.0,1.4391756573422056,0.0071788901823825,0.0007297989179696,0.0009865171901079
2014-01-15,3005.0,3010.0,2890.0,2938.0,772100.0,2938.0,2863.4,2802.7,2697.24,2750.1066666666666,2221.2875,False,False,False,False,False,False,True,False,False,True,False,0.005786249149081,-0.0265486725663716,,,0.0819469026548673,0.063952802359882,-0.4053778080326753,-0.5132743362831859,-0.000979355952254,-0.4491026510150925,2480.0,2914.0,0.3465906540377968,0.0063620589936378,-0.0008168311887446,-0.0001268905836597
2014-01-16,2920.0,2947.0,2854.0,2876.0,672800.0,2876.0,2890.8,2821.5,2713.56,2748.52,2228.655,False,False,False,False,False,False,True,False,False,True,False,0.0257301808066759,-0.0125173852573018,,,0.056481223922114,0.0443254520166898,-0.370653685674548,-0.5166898470097357,-0.0005772803787735,-0.4594719121034911,2475.0,2878.0,0.8713897163579847,0.0060142395966922,-0.0003478193969456,0.0004020755734805
2014-01-17,2856.0,2940.0,2856.0,2917.0,363300.0,2917.0,2921.0,2830.8,2736.44,2746.88,2236.3475,False,False,False,False,False,False,True,False,False,False,False,-0.0140555365101131,-0.0531367843675008,,,0.0618992115186835,0.0583201919780596,-0.3613301336990058,-0.5481659238944121,-0.0005970410065237,-0.4703617351985305,2597.0,2835.0,0.5399821640903686,0.0083612284574118,0.0023469888607196,-1.976062775020139e-05
2014-01-20,2930.0,2964.0,2875.0,2943.0,403300.0,2943.0,2931.6,2851.8,2758.84,2746.32,2243.885,False,True,False,False,False,False,True,False,False,True,False,-0.074074074074074,-0.1151885830784913,,,0.0625756031260618,0.0668297655453618,-0.3428474345905538,-0.5691471287801563,-0.0002039092312621,-0.4874114594291325,2591.0,2871.0,1.1101018442058903,0.0081193545113163,-0.0002418739460954,0.0003931317752615
2014-01-21,3100.0,3165.0,2900.0,2969.0,2292100.0,2969.0,2928.6,2870.2,2779.16,2744.173333333333,2250.805,False,False,False,False,False,False,True,False,False,True,False,-0.1118221623442236,-0.1586392724823172,,,0.0639407207814079,0.0757247109015381,-0.3607275176827214,-0.5442910070730885,-0.0007822635110514,-0.4986063688941537,2620.0,3085.0,5.6833622613439125,0.0073115617668647,-0.0008077927444516,-0.0005783542797892
2014-01-22,2947.0,3030.0,2931.0,2955.0,703800.0,2955.0,2932.0,2897.7,2793.2,2741.84,2257.805,False,False,False,False,False,False,True,False,False,True,False,-0.0321489001692047,-0.1357021996615905,,,0.0547546531302877,0.072135363790186,-0.3752961082910321,-0.5177664974619289,-0.0008510100273294,-0.5075059529972047,2548.0,2988.0,0.3070546660267876,0.0050264929113561,-0.0022850688555085,-6.874651627805726e-05
2014-01-23,2955.0,2997.0,2917.0,2950.0,521400.0,2950.0,2946.8,2918.8,2798.6,2739.9733333333334,2264.9425,False,False,False,False,False,False,True,False,False,True,False,-0.0372881355932203,-0.2013559322033898,,,0.0513220338983051,0.0711954802259886,-0.387457627118644,-0.5067796610169492,-0.0006812718371955,-0.5132931341647253,2510.0,3010.0,0.7408354646206309,0.0019295361966697,-0.0030969567146863,0.0001697381901339
2014-01-24,2875.0,2924.0,2845.0,2876.0,598300.0,2876.0,2938.6,2929.8,2804.84,2734.3866666666668,2272.1975,False,False,False,False,False,False,True,False,False,False,False,-0.0396383866481223,-0.2020166898470097,,,0.0247426981919331,0.0492396847473342,-0.388038942976356,-0.5139082058414465,-0.0020431150922327,-0.5182265001023961,2499.0,2892.0,1.1474875335634829,0.0022247258310635,0.0002951896343937,-0.0013618432550371
2014-01-27,2800.0,2802.0,2695.0,2725.0,979300.0,2725.0,2895.0,2913.3,2799.76,2728.5866666666666,2278.6625,False,False,False,False,False,False,False,False,False,True,False,-0.0444036697247706,-0.0924770642201834,,,-0.0274348623853211,-0.0013162079510703,-0.3361467889908257,-0.5177981651376147,-0.0021256425793085,-0.5235986681769814,2525.0,2882.0,1.6368042787899046,-0.0018144412378203,-0.0040391670688838,-8.252748707580394e-05
2014-01-28,2725.0,2781.0,2635.0,2637.0,617200.0,2637.0,2828.6,2878.6,2797.4,2721.813333333333,2284.5225,False,False,False,False,False,False,False,False,False,False,False,-0.0527114144861585,-0.0455062571103526,,,-0.0608266970041714,-0.0321628112754391,-0.2946530147895335,-0.4766780432309442,-0.0024885370537289,-0.5229972903494755,2416.0,2924.0,0.6302460941488819,-0.0008436405233431,0.0009708007144772,-0.0003628944744204
2014-01-29,2740.0,2900.0,2732.0,2860.0,1359400.0,2860.0,2809.6,2870.8,2800.84,2722.3866666666668,2291.605,False,False,False,False,False,False,True,True,True,False,False,-0.106993006993007,-0.1342657342657342,,,0.0206853146853146,0.04811655011655,-0.3283216783216783,-0.5076923076923077,0.0002105995229677,-0.5224676048488226,2431.0,3030.0,2.202527543745949,0.0012282029676811,0.0020718434910242,0.0026991365766966
2014-01-30,2760.0,2852.0,2720.0,2840.0,1037900.0,2840.0,2787.6,2867.2,2805.68,2723.72,2298.58,False,False,False,False,False,False,True,True,False,False,False,-0.1704225352112676,-0.304225352112676,,,0.0120845070422535,0.040943661971831,-0.3207746478873239,-0.4640845070422535,0.0004895265788454,-0.5172642299107143,2322.0,2865.0,0.7634986023245549,0.0017250719968063,0.0004968690291252,0.0002789270558777
2014-01-31,2890.0,2906.0,2704.0,2762.0,611800.0,2762.0,2764.8,2851.7,2809.88,2722.813333333333,2304.915,False,False,False,False,False,False,True,False,False,True,False,-0.16908037653874,-0.3754525706010138,,,-0.017335264301231,0.0141877866280474,-0.2929036929761042,-0.4420709630702389,-0.0003329889183247,-0.5068204930392397,2357.0,2720.0,0.5894594854995664,0.001494725753413,-0.0002303462433933,-0.0008225154971701
2014-02-03,2702.0,2708.0,2570.0,2604.0,799500.0,2604.0,2740.6,2817.8,2810.68,2720.5466666666666,2310.135,False,False,False,False,False,False,True,False,False,True,False,-0.0503072196620583,-0.3006912442396313,,,-0.0793701996927802,-0.0447567844342037,-0.2442396313364055,-0.3863287250384024,-0.0008331658833272,-0.4891759528710341,2461.0,2584.0,1.3067996077149395,0.0002846286307938,-0.0012100971226191,-0.0005001769650025
2014-02-04,2354.0,2562.0,2350.0,2498.0,1368700.0,2498.0,2712.8,2770.7,2805.12,2715.5866666666666,2315.075,False,False,False,False,False,False,False,False,False,True,False,0.0076060848678943,-0.2810248198558847,,,-0.1229463570856684,-0.087104350146784,-0.210568454763811,-0.3706965572457966,-0.0018264929861687,-0.4725881546179665,2503.0,2632.0,1.7119449656035022,-0.0019820898927674,-0.0022667185235613,-0.0009933271028414
2014-02-05,2598.0,2689.0,2516.0,2554.0,1366000.0,2554.0,2651.6,2730.6,2799.72,2710.786666666667,2320.17,False,False,False,False,False,False,False,False,False,False,False,-0.0305403288958496,-0.3159749412685982,,,-0.0962098668754893,-0.0613886713651788,-0.2423649177760375,-0.3852779953014879,-0.0017707037071648,-0.4595327034351424,2509.0,2938.0,0.998027325199094,-0.0019287643050019,5.332558776552994e-05,5.5789279003893005e-05
2014-02-06,2499.0,2501.0,2350.0,2356.0,1926600.0,2356.0,2554.8,2671.2,2786.44,2703.826666666667,2324.45,False,False,False,False,False,False,False,False,False,True,False,-0.1612903225806451,-0.231748726655348,,,-0.1826994906621392,-0.1476344086021506,-0.2321731748726655,-0.3034804753820034,-0.002574129505343,-0.4405510631925725,2468.0,2881.0,1.4103953147877013,-0.0047659378992548,-0.0028371735942529,-0.0008034257981782
2014-02-07,2380.0,2419.0,2274.0,2295.0,1469200.0,2295.0,2461.4,2613.1,2765.28,2696.6266666666666,2328.57,False,False,False,False,False,False,False,False,False,True,False,-0.2483660130718954,-0.188235294117647,,,-0.2049150326797386,-0.1750007262164124,-0.2313725490196078,-0.2823529411764706,-0.0026700025216691,-0.4185832918755501,2345.0,2900.0,0.7625869407245925,-0.0076520280043973,-0.0028860901051424,-9.587301632609176e-05
2014-02-10,2387.0,2478.0,2371.0,2473.0,950600.0,2473.0,2435.2,2587.9,2754.88,2691.32,2333.56,False,False,False,False,False,False,False,False,False,False,False,-0.2636473918317832,-0.2179539021431459,,,-0.1139830165790538,-0.0882814395471088,-0.2591993530125354,-0.3089365143550344,-0.0019717709773146,-0.397658333011322,2383.0,2700.0,0.6470187857337326,-0.0037751190614473,0.0038769089429499,0.0006982315443545
2014-02-12,2509.0,2526.0,2455.0,2517.0,531500.0,2517.0,2439.0,2575.9,2744.16,2683.7466666666664,2338.57,False,False,False,False,False,False,False,False,False,True,False,-0.2864521255462852,-0.245927691696464,,,-0.0902502979737782,-0.0662481790491324,-0.2717520858164481,-0.3245927691696464,-0.0028219255667451,-0.3824294421367289,2461.0,2453.0,0.5591205554386703,-0.0039064777563991,-0.0001313586949517,-0.0008501545894305
2014-02-13,2460.0,2520.0,2421.0,2476.0,694400.0,2476.0,2423.4,2537.5,2736.0,2676.92,2342.8,False,False,False,False,False,False,False,False,False,False,False,-0.2944264943457189,-0.2544426494345719,,,-0.1050080775444265,-0.0811470113085622,-0.3008885298869144,-0.3275444264943457,-0.0025501945021391,-0.3629556650246305,2604.0,2480.0,1.3064910630291628,-0.0029824561403508,0.0009240216160483,0.0002717310646059
2014-02-14,2026.0,2028.0,1976.0,1976.0,2315100.0,1976.0,2347.4,2451.1,2705.48,2663.133333333333,2344.2675,False,False,False,False,False,False,False,False,False,True,False,-0.0840080971659919,-0.0855263157894736,,,-0.3691700404858299,-0.3477395411605937,-0.1265182186234817,-0.152327935222672,-0.0051768593386237,-0.3342580882052955,2815.0,2475.0,3.333957373271889,-0.0112808078418616,-0.0082983517015108,-0.0026266648364845
2014-02-17,1936.0,1956.0,1710.0,1725.0,10082800.0,1725.0,2233.4,2347.4,2663.84,2647.5733333333333,2344.6425,False,False,False,False,False,False,False,False,False,True,False,0.08,0.0202898550724637,,,-0.5442550724637683,-0.5348251207729469,-0.0185507246376811,0.0023188405797101,-0.0058770798920268,-0.2968390559768254,2720.0,2597.0,4.355233035290052,-0.0156315694636314,-0.0043507616217697,-0.0007002205534031
2014-02-18,1765.0,1829.0,1727.0,1821.0,5177000.0,1821.0,2103.0,2269.1,2621.08,2633.4266666666667,2345.385,False,False,True,False,False,False,False,False,False,True,False,0.0620538165842943,-0.0065897858319604,,,-0.4393629873695771,-0.4461431447922387,-0.0840197693574958,-0.0417353102690829,-0.0053719615000986,-0.2660966903177471,2852.0,2591.0,0.5134486452175983,-0.0163138858791033,-0.0006823164154719,0.0005051183919282
2014-02-19,1817.0,1841.0,1771.0,1796.0,2417900.0,1796.0,1958.8,2198.9,2573.56,2618.3866666666668,2345.815,False,False,False,False,False,False,False,False,False,True,False,0.0567928730512249,0.0356347438752783,,,-0.4329398663697104,-0.4578990348923534,-0.0835189309576837,-0.05456570155902,-0.0057439950300184,-0.2369366501432534,2696.0,2620.0,0.467046552057176,-0.0184646948196272,-0.0021508089405239,-0.0003720335299197
2014-02-20,1822.0,1890.0,1725.0,1747.0,2640700.0,1747.0,1813.0,2118.2,2525.92,2601.28,2346.1375,False,False,False,False,False,False,False,False,False,True,False,0.0566685746994848,0.0995993131081854,,,-0.4458614768174013,-0.4889982827704637,-0.0200343445907269,-0.0194619347452776,-0.0065762496412022,-0.201114153526579,2774.0,2548.0,1.0921460771744076,-0.018860454804586,-0.0003957599849587,-0.0008322546111837
2014-02-21,1774.0,1823.0,1773.0,1810.0,1730300.0,1810.0,1779.8,2063.6,2483.28,2587.213333333333,2347.0625,False,False,False,False,False,False,False,False,False,False,False,-0.0016574585635359,0.0657458563535911,,,-0.3719779005524863,-0.4293996316758746,-0.0287292817679558,-0.0524861878453038,-0.0054369952741947,-0.1763907734056987,2719.0,2510.0,0.6552429280115121,-0.017170838568345,0.0016896162362409,0.0011392543670074
2014-02-24,1839.0,1876.0,1785.0,1863.0,2063100.0,1863.0,1807.4,2020.4,2441.12,2575.786666666667,2347.4525,False,False,False,False,False,False,False,False,False,True,False,-0.0552871712292002,0.0483091787439613,,,-0.3103166935050992,-0.3826015387368045,-0.0730005367686527,-0.0687063875469672,-0.00443618519132,-0.1544248663630964,2657.0,2499.0,1.192336589030804,-0.0172707609621814,-9.992239383638246e-05,0.0010008100828747
2014-02-25,1880.0,1955.0,1845.0,1934.0,2787500.0,1934.0,1830.0,1966.5,2400.76,2567.12,2348.4475,False,False,False,False,False,False,False,False,False,False,False,-0.0646328852119958,0.0175801447776628,,,-0.2413443640124096,-0.3273629782833505,-0.0951396070320579,-0.1256463288521199,-0.003376027091319,-0.1321637426900585,2584.0,2525.0,1.3511220978139693,-0.0168113430746928,0.0004594178874885,0.0010601581000009
2014-02-26,1896.0,1937.0,1865.0,1898.0,1360000.0,1898.0,1850.4,1904.6,2357.92,2557.333333333333,2349.1625,False,False,False,False,False,False,False,False,False,True,False,-0.0200210748155953,0.0389884088514225,,,-0.24231822971549,-0.3473832103969089,-0.0616438356164383,-0.1122233930453108,-0.0038269030239833,-0.1047464034442927,2637.0,2416.0,0.4878923766816143,-0.0181685553369071,-0.0013572122622142,-0.0004508759326643
2014-02-27,1892.0,1917.0,1831.0,1846.0,946000.0,1846.0,1870.2,1841.6,2313.56,2542.773333333333,2348.7425,False,False,False,False,False,False,False,False,False,True,False,0.0406283856988082,0.0482123510292524,,,-0.2532827735644636,-0.3774503430841457,-0.0325027085590465,-0.0541711809317443,-0.0057260314197621,-0.0697219808861858,2689.0,2431.0,0.6955882352941176,-0.0191739137951901,-0.0010053584582829,-0.0018991283957787
2014-02-28,1841.0,1873.0,1786.0,1807.0,998100.0,1807.0,1869.6,1824.7,2267.84,2528.4533333333334,2348.2525,False,False,False,False,False,False,False,False,False,True,False,0.0675152185943552,0.0011068068622025,,,-0.2550304371887106,-0.399254750046117,-0.0647482014388489,-0.0260099612617598,-0.0056635413480703,-0.0564476352277086,2688.0,2322.0,1.0550739957716702,-0.020160152391703,-0.0009862385965128,6.249007169174987e-05
2014-03-03,1748.0,1762.0,1692.0,1760.0,1716000.0,1760.0,1849.0,1828.2,2223.2,2513.2533333333336,2347.4025,False,False,False,False,False,False,False,False,False,False,False,0.1096590909090909,0.0022727272727272,,,-0.2631818181818181,-0.4279848484848486,-0.0613636363636363,-0.0221590909090909,-0.0060479378653961,-0.0586916092331254,2824.0,2357.0,1.7192666065524496,-0.0200791651673265,8.09872243765046e-05,-0.0003843965173257
2014-03-04,1739.0,1815.0,1731.0,1809.0,845700.0,1809.0,1824.0,1827.0,2186.56,2501.373333333333,2346.8975,False,False,False,False,False,False,False,False,False,False,False,0.087893864013267,0.0127142067440574,,,-0.2087119955776672,-0.3827381610466185,-0.0989496959646213,-0.0657822001105583,-0.0047493910012102,-0.0610837438423644,2733.0,2461.0,0.4928321678321678,-0.0167569149714619,0.0033222501958645,0.0012985468641859
2014-03-05,1843.0,1886.0,1831.0,1860.0,874800.0,1860.0,1816.4,1833.4,2155.48,2493.4666666666667,2347.335,False,False,False,False,False,False,False,False,False,False,True,0.0602150537634408,-0.014516129032258,,,-0.1588602150537634,-0.340573476702509,-0.1306451612903225,-0.0994623655913978,-0.0031709534249503,-0.0656157957892441,2785.0,2503.0,1.034409365023058,-0.0144190621114554,0.0023378528600065,0.0015784375762598
2014-03-06,1851.0,1945.0,1843.0,1921.0,1349800.0,1921.0,1831.4,1850.8,2117.92,2486.0133333333333,2347.565,False,False,False,False,False,False,False,False,False,True,False,0.0072878709005726,-0.0989068193649141,,,-0.1025091098386257,-0.2941245878882526,-0.219677251431546,-0.1624154086413326,-0.0029981067411813,-0.0800194510481953,2680.0,2509.0,1.542981252857796,-0.017734380902017,-0.0033153187905616,0.000172846683769
2014-03-07,1950.0,1969.0,1904.0,1929.0,819200.0,1929.0,1855.8,1862.7,2081.48,2478.733333333333,2348.835,False,False,False,False,False,False,False,False,False,False,False,-0.062208398133748,-0.1052358735095904,,,-0.0790461378952825,-0.2849835838949368,-0.2244686365992742,-0.181959564541213,-0.002936983943412,-0.0932517313577065,2739.0,2468.0,0.6069047266261668,-0.0175067740261737,0.0002276068758433,6.112279776930747e-05
2014-03-10,1944.0,1994.0,1911.0,1953.0,1010900.0,1953.0,1894.4,1871.7,2049.12,2470.1466666666665,2350.525,False,False,False,False,False,False,False,False,False,False,False,-0.0967741935483871,-0.1331285202252944,,,-0.0492165898617511,-0.2647960402799111,-0.2739375320020481,-0.2104454685099846,-0.0034761768531962,-0.1079232783031468,2766.0,2345.0,1.2340087890625,-0.0157921449207465,0.0017146291054271,-0.0005391929097842
2014-03-11,1943.0,1989.0,1922.0,1968.0,763900.0,1968.0,1926.2,1875.1,2023.68,2461.84,2351.8525,False,False,False,False,False,False,False,False,False,False,False,-0.0691056910569105,-0.1524390243902439,,,-0.0282926829268293,-0.2509349593495936,-0.2108739837398374,-0.1554878048780487,-0.0033741699975085,-0.1110874086715375,2890.0,2383.0,0.7556632703531506,-0.012571157495256,0.0032209874254904,0.0001020068556877
2014-03-12,1939.0,2019.0,1935.0,1972.0,1169000.0,1972.0,1948.6,1882.5,2002.64,2453.2,2353.0625,False,False,False,False,False,False,False,False,False,False,False,-0.0704868154158215,-0.165314401622718,,,-0.0155375253549696,-0.2440162271805273,-0.197261663286004,-0.120182555780933,-0.0035219305397033,-0.1119256308100929,2984.0,2461.0,1.5303050137452543,-0.0105061319058842,0.0020650255893718,-0.0001477605421948
2014-03-13,1986.0,2014.0,1920.0,1935.0,665800.0,1935.0,1951.4,1891.4,1977.88,2445.026666666666,2354.7,False,False,False,False,False,False,False,False,False,True,False,-0.1054263565891472,-0.1152454780361757,,,-0.0221602067183463,-0.2635796726959515,-0.1834625322997416,-0.1271317829457364,-0.0033428401598893,-0.1191181135666702,2938.0,2604.0,0.5695466210436271,-0.0125184541023722,-0.002012322196488,0.000179090379814
2014-03-14,1855.0,1890.0,1795.0,1809.0,1037600.0,1809.0,1927.4,1891.6,1956.0,2435.68,2355.9825,False,False,False,False,False,False,False,False,False,False,False,-0.0458817025981205,-0.0281923714759535,,,-0.0812603648424544,-0.3464234383637368,-0.1271420674405749,-0.0757324488667772,-0.0038373951695897,-0.1238633960668217,2876.0,2815.0,1.558425953739862,-0.0111860940695297,0.0013323600328425,-0.0004945550097004
2014-03-17,1769.0,1867.0,1752.0,1764.0,848400.0,1764.0,1889.6,1892.0,1934.76,2425.88,2357.5525,False,False,False,False,False,False,False,False,False,False,False,-0.0402494331065759,-0.0209750566893424,,,-0.0968027210884353,-0.3752154195011338,-0.1065759637188208,-0.0651927437641723,-0.0040397711345984,-0.1278541226215645,2917.0,2720.0,0.8176561295296839,-0.0109781058115735,0.0002079882579561,-0.0002023759650087
2014-03-18,1824.0,1852.0,1794.0,1832.0,704400.0,1832.0,1862.4,1894.3,1909.12,2416.64,2359.4575,False,False,False,False,False,False,False,False,False,True,False,-0.0895196506550218,-0.0447598253275109,,,-0.0420960698689955,-0.3191266375545851,-0.1031659388646288,-0.1091703056768559,-0.0038234904661017,-0.1319748719843742,2943.0,2852.0,0.8302687411598303,-0.0134302715387194,-0.0024521657271459,0.0002162806684966
2014-03-19,1835.0,1858.0,1813.0,1833.0,540400.0,1833.0,1834.6,1891.6,1881.76,2408.866666666667,2361.765,False,False,False,False,False,False,False,False,False,True,False,-0.1020185488270594,-0.0283687943262411,,,-0.0266012002182214,-0.3141662120385525,-0.1380250954719039,-0.1129296235679214,-0.0032269670384412,-0.1333262846267709,2969.0,2696.0,0.7671777399204998,-0.0145395799676897,-0.0011093084289703,0.0005965234276605
2014-03-20,1803.0,1818.0,1703.0,1731.0,908400.0,1731.0,1793.8,1872.6,1851.96,2399.5333333333333,2363.0875,False,False,False,False,False,False,False,False,False,True,False,-0.0109763142692085,0.0317735413056037,,,-0.0698786828422877,-0.386212208742538,-0.1074523396880415,-0.0583477758521086,-0.0038896452087906,-0.1234112997970735,2955.0,2774.0,1.680977054034049,-0.0160910602820795,-0.0015514803143897,-0.0006626781703494
2014-03-24,1731.0,1785.0,1717.0,1726.0,850400.0,1726.0,1777.2,1852.3,1841.96,2391.5866666666666,2364.055,False,False,False,False,False,False,False,False,False,False,False,0.0185399768250289,-0.0208574739281575,,,-0.0671842410196987,-0.3856237929702587,-0.1193511008111239,-0.0741599073001158,-0.0033227592281832,-0.1127247206176105,2950.0,2719.0,0.936151475121092,-0.005428999543964,0.0106620607381154,0.0005668859806073
2014-03-25,1700.0,1740.0,1685.0,1693.0,753100.0,1693.0,1763.0,1826.3,1840.68,2382.733333333333,2364.9325,False,False,False,False,False,False,False,False,False,False,False,0.0200826934435912,-0.0242173656231541,,,-0.0872297696396929,-0.4074030320929315,-0.1204961606615475,-0.0502067336089781,-0.0037156207157047,-0.0964792202814433,2876.0,2657.0,0.8855832549388523,-0.0006953951800421,0.0047336043639218,-0.0003928614875214
2014-03-26,1698.0,1731.0,1657.0,1668.0,742200.0,1668.0,1730.2,1796.3,1834.56,2372.16,2365.56,False,False,False,False,False,False,False,False,False,True,False,0.0491606714628297,-0.0227817745803357,,,-0.0998561151079136,-0.4221582733812948,-0.0707434052757793,-0.0323741007194244,-0.0044572597688744,-0.0840616823470467,2725.0,2584.0,0.9855264905059088,-0.0033359497645212,-0.0026405545844791,-0.0007416390531697
2014-03-27,1600.0,1658.0,1563.0,1646.0,1249900.0,1646.0,1692.8,1763.7,1828.56,2360.733333333333,2366.315,False,False,False,False,False,False,False,False,False,False,False,0.0820170109356014,-0.0176184690157958,,,-0.1109113001215066,-0.4342243823410286,-0.071688942891859,-0.0182260024301336,-0.0048403038603823,-0.0738787775698814,2637.0,2637.0,1.6840474265696577,-0.0032812705079406,5.467925658058292e-05,-0.0003830440915079
2014-03-28,1680.0,1738.0,1673.0,1712.0,887700.0,1712.0,1689.0,1741.4,1827.16,2350.1066666666666,2367.585,False,False,False,False,False,False,False,False,False,False,False,0.0432242990654205,-0.1244158878504673,,,-0.0672663551401869,-0.3727258566978192,-0.1647196261682243,-0.0560747663551401,-0.0045217805716619,-0.0662110945216493,2860.0,2689.0,0.7102168173453877,-0.0007662164233016,0.002515054084639,0.0003185232887204
2014-03-31,1752.0,1769.0,1715.0,1758.0,697000.0,1758.0,1695.4,1736.3,1825.08,2340.64,2368.7875,False,False,False,False,False,False,False,False,False,True,False,-0.0386803185437997,-0.149032992036405,,,-0.0381569965870306,-0.3314220705346984,-0.2093287827076222,-0.0910125142207053,-0.0040444778636042,-0.0677302309508725,2840.0,2688.0,0.7851751717922721,-0.0011396760689943,-0.0003734596456926,0.0004773027080576
2014-04-01,1754.0,1767.0,1705.0,1727.0,849000.0,1727.0,1702.2,1732.6,1819.64,2332.4,2370.7975,False,False,False,False,False,False,False,False,False,True,False,-0.0434279096699478,-0.1789229878401853,,,-0.0536421540243196,-0.3505500868558194,-0.2368268674001158,-0.0862767805442964,-0.0035328417081117,-0.0698372388318134,2762.0,2824.0,1.218077474892396,-0.002989602338924,-0.0018499262699297,0.0005116361554925
2014-04-02,1741.0,1765.0,1730.0,1750.0,915300.0,1750.0,1718.6,1724.4,1812.28,2323.96,2372.68,False,False,False,False,False,False,False,False,False,True,False,-0.0685714285714285,-0.1125714285714285,,,-0.0355885714285714,-0.3279771428571428,-0.2754285714285714,-0.0805714285714285,-0.0036317320435808,-0.0667478543261425,2604.0,2733.0,1.0780918727915194,-0.0040611825987155,-0.0010715802597914,-9.88903354690856e-05
2014-04-03,1757.0,1825.0,1757.0,1781.0,666500.0,1781.0,1745.6,1719.2,1807.6,2314.893333333333,2373.86,False,False,False,False,False,False,False,False,False,False,False,-0.0920830993823694,-0.1111734980348119,,,-0.0149354295339696,-0.2997716638592549,-0.240314430095452,-0.0909601347557551,-0.0039166671466505,-0.0643322475570033,2498.0,2785.0,0.7281765541352562,-0.0025890683779597,0.0014721142207557,-0.0002849351030697
2014-04-04,1800.0,1837.0,1779.0,1786.0,907200.0,1786.0,1760.4,1724.7,1805.2,2303.9866666666667,2375.385,False,False,False,False,False,False,False,False,False,False,True,-0.1606942889137738,-0.1153415453527435,,,-0.0107502799552071,-0.2900261291526689,-0.202127659574468,-0.103023516237402,-0.0047338236911091,-0.068939525714617,2554.0,2680.0,1.3611402850712675,-0.0013294925769997,0.00125957580096,-0.0008171565444586
2014-04-07,1746.0,1762.0,1685.0,1690.0,874300.0,1690.0,1746.8,1721.1,1800.52,2288.9866666666667,2376.085,False,False,False,False,False,False,False,False,False,True,False,-0.114792899408284,-0.065680473372781,,,-0.065396449704142,-0.3544299802761341,-0.1390532544378698,-0.0473372781065088,-0.0065531181192259,-0.0662948114577885,2356.0,2739.0,0.9637345679012346,-0.0025992491058139,-0.0012697565288142,-0.0018192944281168
2014-04-08,1680.0,1695.0,1641.0,1652.0,669700.0,1652.0,1731.8,1717.0,1796.2,2274.7466666666664,2377.2425,False,False,False,False,False,False,False,False,False,False,False,-0.1416464891041162,-0.0460048426150121,,,-0.0872881355932203,-0.3769652945924131,-0.1537530266343825,-0.0217917675544794,-0.0062600377477932,-0.0635993011065812,2295.0,2766.0,0.7659842159441839,-0.0024050773855917,0.0001941717202221,0.0002930803714327
2014-04-09,1636.0,1652.0,1605.0,1630.0,423900.0,1630.0,1707.8,1713.2,1789.04,2258.4533333333334,2378.1725,False,False,False,False,False,False,False,False,False,True,False,-0.0472392638036809,0.0079754601226993,,,-0.0975705521472392,-0.3855541922290388,-0.1938650306748466,0.0177914110429447,-0.0072143768006422,-0.0588956339014709,2473.0,2890.0,0.6329699865611468,-0.0040021464025399,-0.0015970690169481,-0.0009543390528489
2014-04-10,1686.0,1687.0,1585.0,1617.0,486100.0,1617.0,1675.0,1710.3,1779.32,2244.0666666666666,2378.8325,False,False,False,False,False,False,False,False,False,True,False,-0.0210265924551638,-0.0228818800247371,,,-0.1003834260977117,-0.3877963306534734,-0.1465677179962894,0.0636982065553494,-0.0064109800659517,-0.0512190843711629,2517.0,2984.0,1.1467327199811277,-0.0054627610547849,-0.001460614652245,0.0008033967346904
2014-04-11,1547.0,1548.0,1476.0,1499.0,1877600.0,1499.0,1617.6,1689.0,1762.44,2227.0666666666666,2378.5025,False,False,False,False,False,False,False,False,False,True,False,0.0540360240160106,0.0306871247498332,,,-0.1757438292194797,-0.4857015788303312,-0.0607071380920613,0.1100733822548365,-0.0076333592767766,-0.0364120781527531,2476.0,2938.0,3.862579716107797,-0.0095776310115521,-0.0041148699567671,-0.0012223792108248
2014-04-14,1469.0,1519.0,1455.0,1496.0,887600.0,1496.0,1578.8,1662.8,1745.12,2210.76,2378.12,False,False,False,False,False,False,False,False,False,True,False,0.0554812834224598,0.0160427807486631,,,-0.1665240641711229,-0.4777807486631018,0.017379679144385,0.0735294117647058,-0.0073760456434286,-0.0207481356747654,1976.0,2876.0,0.4727311461440136,-0.0099248189236271,-0.000347187912075,0.0002573136333479
2014-04-15,1504.0,1511.0,1401.0,1418.0,1370200.0,1418.0,1532.0,1631.9,1723.72,2194.24,2377.5225,False,False,False,False,False,False,False,False,False,True,False,0.1114245416078984,0.0500705218617771,,,-0.2155994358251058,-0.5474188998589561,0.0867418899858956,0.1311706629055007,-0.0075288026833894,-0.0006127826459954,1725.0,2917.0,1.5437133844073907,-0.012415009398278,-0.0024901904746509,-0.0001527570399607
2014-04-16,1459.0,1559.0,1459.0,1553.0,1652500.0,1553.0,1516.6,1612.2,1707.12,2180.4933333333333,2377.5125,False,False,False,False,False,False,False,False,False,False,False,0.0579523502897617,-0.0019317450096587,,,-0.0992401802962008,-0.4040523717535952,0.0289761751448808,0.0309079201545396,-0.0063043837174461,0.0111028408386055,1821.0,2943.0,1.2060283170340096,-0.0097239795679273,0.0026910298303507,0.0012244189659433
2014-04-17,1540.0,1590.0,1535.0,1583.0,1054200.0,1583.0,1509.8,1592.4,1691.56,2166.44,2377.2275,False,False,False,False,False,False,False,False,False,False,False,-0.0018951358180669,-0.0347441566645609,,,-0.0685786481364497,-0.3685660138976627,-0.0069488313329121,0.0195830701200252,-0.0064868324686274,0.0233609645817632,1796.0,2969.0,0.6379425113464448,-0.0091986095674997,0.0005253700004275,-0.0001824487511813
2014-04-18,1580.0,1584.0,1544.0,1580.0,415500.0,1580.0,1526.0,1571.8,1677.36,2151.653333333333,2377.4775,False,False,False,False,False,False,False,False,False,False,False,-0.0221518987341772,-0.0949367088607595,,,-0.0616202531645568,-0.3618059071729957,-0.0063291139240506,0.0145569620253164,-0.0068722346846456,0.0368367476778216,1747.0,2955.0,0.394137734775185,-0.0084656841703629,0.0007329253971368,-0.0003854022160182
2014-04-21,1600.0,1630.0,1562.0,1579.0,573300.0,1579.0,1542.6,1560.7,1668.16,2136.866666666667,2377.92,False,False,False,False,False,False,False,False,False,False,False,-0.0373654211526282,-0.1196960101329955,,,-0.0564661177960735,-0.3533037787629302,0.0392653578214059,-0.0075997466751108,-0.0069197890993041,0.041455757032101,1810.0,2950.0,1.3797833935018051,-0.0055150585075771,0.0029506256627858,-4.755441465845861e-05
2014-04-22,1600.0,1625.0,1572.0,1576.0,686000.0,1576.0,1574.2,1553.1,1660.64,2120.2266666666665,2378.05,False,False,False,False,False,False,False,False,False,False,False,-0.0552030456852791,-0.1637055837563451,,,-0.0537055837563452,-0.3453214890016919,0.0450507614213198,0.0031725888324873,-0.0078482174861808,0.0442984997746443,1863.0,2876.0,1.1965811965811963,-0.0045283746025628,0.0009866839050142,-0.0009284283868767
2014-04-23,1580.0,1648.0,1574.0,1643.0,801800.0,1643.0,1592.2,1554.4,1653.08,2105.693333333333,2378.415,False,False,False,False,False,False,False,False,False,True,False,-0.0566037735849056,-0.2282410225197809,,,-0.0061351186853316,-0.2816149320348954,0.0401704199634814,-0.0334753499695678,-0.006901923040392,0.0388574369531651,1934.0,2725.0,1.168804664723032,-0.0045732813898904,-4.490678732763445e-05,0.0009462944457888
2014-04-24,1621.0,1638.0,1560.0,1580.0,734200.0,1580.0,1591.6,1550.7,1642.96,2089.6266666666666,2378.065,False,False,False,False,False,False,False,False,False,True,False,-0.0329113924050632,-0.1436708860759493,,,-0.0398481012658228,-0.322548523206751,0.0759493670886076,0.0379746835443038,-0.0076887737522491,0.036177210292126,1898.0,2637.0,0.9156896981790972,-0.0061596143545794,-0.0015863329646889,-0.0007868507118571
2014-04-25,1560.0,1576.0,1532.0,1545.0,711900.0,1545.0,1584.6,1555.3,1635.52,2074.4933333333333,2377.14,False,False,False,False,False,False,False,False,False,False,True,-0.0744336569579288,-0.0776699029126213,,,-0.058588996763754,-0.3427141316073355,0.0776699029126213,0.1715210355987055,-0.0072949539485946,0.0424998392593069,1846.0,2860.0,0.969626804685372,-0.0045490119350421,0.0016106024195373,0.0003938198036545
2014-04-28,1500.0,1525.0,1490.0,1520.0,682000.0,1520.0,1572.8,1557.7,1627.28,2058.24,2375.99,False,False,False,False,False,False,False,False,False,True,False,-0.0855263157894736,-0.0427631578947368,,,-0.070578947368421,-0.3541052631578946,0.1019736842105263,0.1578947368421052,-0.007896714344942,0.0507799961481671,1807.0,2840.0,0.957999719061666,-0.0050636645199351,-0.000514652584893,-0.0006017603963474
2014-04-30,1515.0,1555.0,1481.0,1489.0,710800.0,1489.0,1555.4,1564.8,1619.12,2041.213333333333,2374.885,False,False,False,False,False,False,False,False,False,False,False,-0.1148421759570181,-0.061114842175957,,,-0.0873875083948958,-0.3708618759794044,0.1611820013431833,0.1692411014103425,-0.0083414439777648,0.0547673824130879,1760.0,2762.0,1.0422287390029326,-0.0050397746924255,2.388982750954616e-05,-0.0004447296328227
2014-05-01,1481.0,1551.0,1471.0,1550.0,473100.0,1550.0,1536.8,1564.5,1614.4,2023.3466666666664,2373.8975,False,False,False,False,False,False,False,False,False,False,False,-0.1819354838709677,-0.152258064516129,,,-0.0415483870967742,-0.3053849462365589,0.1258064516129032,0.1812903225806451,-0.0088302548253389,0.0696708213486737,1809.0,2604.0,0.665588069780529,-0.0029236868186321,0.0021160878737933,-0.000488810847574
2014-05-02,1549.0,1555.0,1507.0,1528.0,512000.0,1528.0,1526.4,1559.0,1609.68,2003.9333333333327,2372.6625,False,False,False,False,False,False,False,False,False,True,False,-0.1145287958115183,-0.0968586387434555,,,-0.0534554973821989,-0.3114746945898777,0.1112565445026178,0.1884816753926701,-0.0096876143584283,0.0864015394483643,1860.0,2498.0,1.0822236313675755,-0.0029322598280403,-8.573009408187771e-06,-0.0008573595330894
2014-05-07,1490.0,1494.0,1417.0,1430.0,979800.0,1430.0,1503.4,1544.0,1598.4,1983.8266666666664,2371.0375,False,False,False,False,False,False,False,False,False,True,False,-0.0034965034965034,-0.0153846153846153,,,-0.1177622377622378,-0.3872913752913751,0.1979020979020979,0.2783216783216783,-0.0101352940781117,0.1115284974093264,1921.0,2554.0,1.913671875,-0.007057057057057,-0.0041247972290166,-0.0004476797196833
2014-05-08,1459.0,1465.0,1375.0,1390.0,967900.0,1390.0,1477.4,1525.1,1583.68,1964.013333333333,2369.5625,False,False,False,False,False,False,False,False,False,True,False,0.0467625899280575,0.0949640287769784,,,-0.1393381294964029,-0.4129592326139087,0.2338129496402877,0.320863309352518,-0.0100881867740205,0.142941446462527,1929.0,2356.0,0.9878546642171872,-0.0092948070317235,-0.0022377499746665,4.710730409121511e-05
2014-05-09,1376.0,1382.0,1305.0,1318.0,1552000.0,1318.0,1443.2,1499.3,1567.32,1942.6933333333327,2367.3525,False,False,False,False,False,False,False,False,False,True,False,0.0606980273141122,0.169195751138088,,,-0.1891654021244309,-0.4739706626201314,0.3163884673748103,0.4241274658573596,-0.0109744547089264,0.1823517641566064,1953.0,2295.0,1.6034714329992767,-0.0104382002399,-0.0011433932081764,-0.0008862679349058
2014-05-12,1344.0,1354.0,1256.0,1268.0,1196900.0,1268.0,1386.8,1461.8,1548.04,1920.36,2365.13,False,False,False,False,False,False,False,False,False,True,False,0.0362776025236593,0.2602523659305993,,,-0.2208517350157728,-0.5144794952681387,0.333596214511041,0.446372239747634,-0.0116297638637199,0.2295115610890682,1968.0,2473.0,0.7711984536082475,-0.0124544585411229,-0.0020162583012229,-0.0006553091547935
2014-05-13,1310.0,1407.0,1308.0,1353.0,1689100.0,1353.0,1351.8,1439.1,1530.92,1898.8133333333333,2363.0325,False,False,False,False,False,False,False,False,False,False,False,0.0199556541019955,0.1618625277161862,,,-0.1315003695491501,-0.4034097068243409,0.245380635624538,0.3710273466371027,-0.011347438049027,0.2638454589674102,1972.0,2517.0,1.4112290082713677,-0.0111828181746922,0.0012716403664306,0.0002823258146928
2014-05-14,1323.0,1430.0,1323.0,1425.0,1358800.0,1425.0,1350.8,1427.1,1516.48,1878.4133333333327,2361.3825,False,False,False,False,False,False,False,False,False,False,False,-0.0119298245614035,0.1017543859649122,,,-0.0641964912280701,-0.3181847953216373,0.2252631578947368,0.2680701754385965,-0.0108602295554404,0.2742624903650761,1935.0,2476.0,0.8044520750695636,-0.0095220510656256,0.0016607671090665,0.0004872084935866
2014-05-15,1388.0,1463.0,1366.0,1455.0,1034400.0,1455.0,1363.8,1420.6,1507.08,1858.48,2359.4325,False,False,False,False,False,False,False,False,False,False,False,0.0460481099656357,0.1278350515463917,,,-0.0357938144329896,-0.2773058419243986,0.2096219931271477,0.2556701030927835,-0.0107256108934899,0.2848092355342814,1809.0,1976.0,0.7612599352369738,-0.006237226955437,0.0032848241101886,0.0001346186619505
2014-05-16,1415.0,1438.0,1382.0,1398.0,478600.0,1398.0,1379.8,1411.5,1496.92,1838.7733333333333,2357.1225,False,False,False,False,False,False,False,False,False,True,False,0.1022889842632331,0.1781115879828326,,,-0.070758226037196,-0.3152885073915116,0.2310443490701001,0.3004291845493562,-0.0107172897873945,0.2985476443499824,1764.0,1725.0,0.4626836813611755,-0.0067872698607807,-0.0005500429053436,8.321106095414074e-06
2014-05-19,1394.0,1403.0,1302.0,1314.0,611300.0,1314.0,1389.0,1387.9,1484.28,1819.96,2354.33,False,False,False,False,False,False,False,False,False,True,False,0.2161339421613394,0.3006088280060883,,,-0.1295890410958904,-0.3850532724505328,0.2861491628614916,0.3645357686453577,-0.0103372235287222,0.3178903379205993,1832.0,1821.0,1.2772670288340997,-0.0085159134395128,-0.0017286435787321,0.0003800662586723
2014-05-20,1339.0,1391.0,1327.0,1380.0,596000.0,1380.0,1394.4,1373.1,1474.8,1803.2,2351.98,False,False,False,False,False,False,False,False,False,False,False,0.1391304347826087,0.2318840579710145,,,-0.068695652173913,-0.3066666666666667,0.213768115942029,0.3304347826086956,-0.0092945874001774,0.333551817056296,1833.0,1796.0,0.9749713724848684,-0.0064279902359642,0.0020879232035486,0.0010426361285447
2014-05-21,1352.0,1436.0,1350.0,1408.0,757300.0,1408.0,1391.0,1370.9,1471.16,1783.84,2349.47,False,False,False,False,False,False,False,False,False,False,False,0.1150568181818181,0.1825284090909091,,,-0.0448579545454546,-0.2669318181818181,0.1427556818181818,0.2642045454545454,-0.0108529912996682,0.3321905317674519,1731.0,1747.0,1.2706375838926174,-0.0024742380162591,0.003953752219705,-0.0015584038994907
2014-05-22,1438.0,1527.0,1405.0,1522.0,1276800.0,1522.0,1404.4,1384.1,1472.2,1766.2666666666669,2347.43,False,False,False,False,True,False,True,False,False,False,True,0.0781865965834428,0.1005256241787122,,,0.0327201051248357,-0.1604905825667982,0.0367936925098554,0.164257555847569,-0.0099494225107569,0.314861642944874,1726.0,1810.0,1.6859897002508912,0.0007064257573698,0.003180663773629,0.0009035687889112
2014-05-23,1520.0,1558.0,1500.0,1541.0,844900.0,1541.0,1433.0,1406.4,1477.12,1749.986666666667,2345.3225,False,False,False,False,False,False,True,False,True,False,False,0.0687865022712524,0.1219987021414665,,,0.0414536015574303,-0.1356175643521524,0.0006489292667099,0.1330304996755353,-0.0093029280223087,0.2846985210466438,1693.0,1863.0,0.6617324561403509,0.0033308058925475,0.0026243801351776,0.0006464944884482
2014-05-26,1575.0,1600.0,1563.0,1598.0,561700.0,1598.0,1489.8,1439.4,1478.92,1736.5733333333333,2343.8,False,False,False,False,False,False,True,False,False,True,False,0.0694618272841051,0.0919899874843554,,,0.0745181476846057,-0.0867167292448894,0.0400500625782227,0.1070087609511889,-0.0077240235559686,0.2507294706127552,1668.0,1934.0,0.6648124038347734,0.0012171043734618,-0.0021137015190857,0.00157890446634
2014-05-27,1581.0,1625.0,1564.0,1572.0,639800.0,1572.0,1528.2,1461.3,1478.48,1724.2266666666667,2342.2475,False,False,False,False,False,False,False,False,False,True,False,0.0814249363867684,0.0801526717557251,,,0.0594910941475826,-0.0968363019508057,0.1036895674300254,0.1068702290076335,-0.0071606981294028,0.2241155135837952,1646.0,1898.0,1.1390421933416417,-0.0002976029435636,-0.0015147073170255,0.0005633254265657
2014-05-28,1596.0,1597.0,1544.0,1570.0,901200.0,1570.0,1560.6,1475.8,1478.08,1711.1066666666666,2340.4475,False,False,False,False,False,False,False,False,False,False,False,0.0605095541401273,0.0910828025477707,,,0.0585477707006369,-0.0898768577494691,0.075796178343949,0.1121019108280254,-0.007667552383253,0.2079550074535845,1712.0,1846.0,1.408565176617693,-0.0002706213466118,2.6981596951814618e-05,-0.0005068542538501
2014-05-29,1575.0,1643.0,1552.0,1641.0,972700.0,1641.0,1584.4,1494.4,1480.56,1701.5733333333333,2337.6775,False,False,False,False,False,False,True,False,True,False,False,0.0207190737355271,0.0450944546008531,,,0.0977696526508227,-0.0369124517570586,0.0188909201706276,0.053016453382084,-0.0056026579322665,0.1862955032119913,1758.0,1807.0,1.0793386595650245,0.0016750418760469,0.0019456632226587,0.0020648944509864
2014-05-30,1660.0,1663.0,1607.0,1647.0,849000.0,1647.0,1605.6,1519.3,1483.4,1692.9333333333334,2334.3875,False,False,False,False,False,False,True,False,False,False,False,0.0497874924104432,0.0534304796599878,,,0.0993321190042501,-0.0278890912770694,0.0012143290831815,0.050394656952034,-0.0051035677719145,0.1610610149410913,1727.0,1760.0,0.8728282101367328,0.0019145206956991,0.0002394788196522,0.000499090160352
2014-06-02,1661.0,1714.0,1654.0,1709.0,600800.0,1709.0,1627.8,1558.8,1486.04,1682.746666666667,2330.52,False,False,False,False,False,False,True,False,False,True,False,0.0210649502633118,-0.0105324751316559,,,0.1304622586307782,0.0153618100253558,-0.0450555880631948,0.0198946752486834,-0.0060535949162479,0.1284321272773929,1750.0,1809.0,0.7076560659599529,0.0017765336060939,-0.0001379870896052,-0.0009500271443333
2014-06-03,1720.0,1733.0,1663.0,1700.0,664100.0,1700.0,1653.4,1590.8,1490.84,1671.8533333333332,2326.545,False,False,False,False,False,False,True,False,False,False,False,-0.0011764705882352,-0.0088235294117647,,,0.1230352941176471,0.016556862745098,-0.0435294117647058,0.0505882352941176,-0.0065157230698069,0.1025898918783002,1781.0,1860.0,1.1053595206391478,0.0032196613989428,0.0014431277928488,-0.000462128153559
2014-06-04,1710.0,1716.0,1658.0,1665.0,589200.0,1665.0,1672.4,1616.5,1495.64,1661.04,2322.32,False,False,False,False,False,False,True,False,False,True,False,0.0288288288288288,0.0486486486486486,,,0.1017177177177176,0.0023783783783784,-0.021021021021021,0.063063063063063,-0.0065099776846633,0.0844416950201051,1786.0,1921.0,0.8872157807559102,0.0032093284480223,-1.033295092047479e-05,5.7453851435660536e-06
2014-06-05,1665.0,1687.0,1610.0,1675.0,578500.0,1675.0,1679.2,1631.8,1501.84,1657.0266666666666,2319.27,False,False,False,False,False,False,True,False,False,False,False,0.0238805970149253,0.0507462686567164,,,0.1033791044776119,0.0107303482587064,-0.0459701492537313,0.0507462686567164,-0.0024220088994745,0.0735384238264493,1690.0,1929.0,0.9818397827562796,0.0041282693229637,0.0009189408749413,0.0040879687851888
2014-06-06,1687.0,1731.0,1655.0,1729.0,574500.0,1729.0,1695.6,1650.6,1511.44,1657.08,2316.865,False,False,False,False,False,False,True,True,False,False,False,0.0034702139965297,-0.004626951995373,,,0.12582995951417,0.0415962984384037,-0.0699826489300173,-0.0144592249855407,3.2185128861180404e-05,0.0587665091481885,1652.0,1953.0,0.993085566119274,0.0063515587783836,0.0022232894554199,0.0024541940283357
2014-06-09,1739.0,1756.0,1732.0,1745.0,533300.0,1745.0,1702.8,1665.3,1519.24,1656.0666666666666,2314.565,False,False,False,False,False,False,True,False,False,True,False,-0.030945558739255,-0.0315186246418338,,,0.1293753581661891,0.0509646609360076,-0.0750716332378223,-0.0091690544412607,-0.0006118916307717,0.0470185552152765,1630.0,1968.0,0.9282854656222802,0.0051341460203785,-0.001217412758005,-0.0006440767596328
2014-06-10,1745.0,1755.0,1683.0,1698.0,740100.0,1698.0,1702.4,1677.9,1526.04,1654.76,2311.5925,False,False,False,False,False,False,True,False,False,True,False,-0.0076560659599528,-0.0135453474676089,,,0.1012720848056537,0.0254652532391048,-0.0482921083627797,0.0088339222614841,-0.0007896411967092,0.0375469336670838,1617.0,1972.0,1.3877742358897431,0.0044559775628423,-0.0006781684575362,-0.0001777495659375
2014-06-11,1664.0,1718.0,1661.0,1713.0,379000.0,1713.0,1712.0,1692.2,1537.36,1654.3066666666666,2306.9325,False,False,False,False,False,False,True,False,False,False,False,0.0192644483362521,-0.0607122008172796,,,0.102533566841798,0.034263475384316,-0.0566258026853473,-0.0122591943957968,-0.0002740322229655,0.0255879919631249,1499.0,1935.0,0.5120929604107552,0.0073632721028255,0.0029072945399832,0.0005156089737437
2014-06-12,1681.0,1728.0,1680.0,1715.0,282900.0,1715.0,1720.0,1699.6,1550.36,1653.04,2302.2825,False,False,False,False,False,False,True,False,False,False,False,0.0262390670553935,-0.0798833819241982,,,0.096,0.0361282798833819,-0.0682215743440233,-0.0239067055393586,-0.0007662649824968,0.0179453989173923,1496.0,1809.0,0.7464379947229551,0.0083851492556567,0.0010218771528311,-0.0004922327595313
2014-06-13,1690.0,1742.0,1687.0,1735.0,240900.0,1735.0,1721.2,1708.4,1567.04,1651.3333333333333,2298.3325,False,False,False,False,False,False,True,False,False,False,False,-0.0080691642651296,-0.1112391930835734,,,0.0968069164265129,0.0482228626320845,-0.0904899135446686,-0.0605187319884726,-0.0010335082761405,0.0068485132287519,1418.0,1764.0,0.8515376458112407,0.0106442720032673,0.0022591227476105,-0.0002672432936436
2014-06-16,1753.0,1824.0,1681.0,1691.0,1542200.0,1691.0,1710.4,1706.6,1583.96,1648.0933333333332,2293.2125,False,False,False,False,False,False,True,False,False,False,False,-0.0005913660555884,-0.0171496156120638,,,0.0632998225901833,0.0253735462251133,-0.0484920165582495,-0.0638675340035482,-0.0019659080796395,-0.0014649009726942,1553.0,1832.0,6.401826484018265,0.0106820879315134,3.781592824611893e-05,-0.0009323998034989
2014-06-17,1694.0,1711.0,1659.0,1685.0,602200.0,1685.0,1707.8,1705.1,1597.24,1645.253333333333,2288.8125,False,False,False,False,False,False,True,False,False,True,False,-0.0059347181008902,0.029673590504451,,,0.0520830860534124,0.0235885262116717,-0.0391691394658753,-0.0522255192878338,-0.0017261779340973,-0.0116708697437099,1583.0,1833.0,0.3904811308520295,0.0083143422403646,-0.0023677456911488,0.0002397301455421
2014-06-18,1711.0,1747.0,1702.0,1746.0,499700.0,1746.0,1714.4,1713.2,1610.08,1643.92,2285.355,False,False,False,False,False,False,True,False,False,True,True,-0.0784650630011454,-0.0326460481099656,,,0.0778465063001146,0.0584650630011454,-0.0824742268041237,-0.0807560137457044,-0.0008110694762111,-0.0259747840298855,1580.0,1731.0,0.8297907671869811,0.0079747590181853,-0.0003395832221792,0.0009151084578862
2014-06-19,1759.0,1787.0,1723.0,1760.0,488500.0,1760.0,1723.4,1721.7,1622.28,1643.2933333333333,2282.08,False,False,False,False,False,False,True,False,False,True,False,-0.1034090909090909,-0.05,,,0.07825,0.066310606060606,-0.0852272727272727,-0.1147727272727272,-0.0003813480246984,-0.0425161177905558,1579.0,1726.0,0.9775865519311588,0.0075202800996129,-0.0004544789185724,0.0004297214515127
2014-06-20,1768.0,1771.0,1706.0,1721.0,405500.0,1721.0,1720.6,1720.9,1635.2,1642.7733333333333,2278.385,False,False,False,False,False,False,True,False,False,False,False,-0.1040092969203951,-0.041836141778036,,,0.0498547356188262,0.0454541932984698,-0.0610110400929692,-0.0999418942475305,-0.0003165378871501,-0.0510779243419141,1576.0,1693.0,0.8300921187308086,0.0079011741682975,0.0003808940686845,6.481013754826423e-05
2014-06-23,1725.0,1733.0,1680.0,1690.0,507900.0,1690.0,1720.4,1715.4,1650.24,1641.1866666666667,2274.16,False,True,False,False,False,False,True,False,False,False,False,-0.0165680473372781,-0.0343195266272189,,,0.0235266272189349,0.0288836291913214,-0.0183431952662721,-0.1136094674556213,-0.0009667801346992,-0.0615016905677976,1643.0,1668.0,1.2525277435265103,0.0091138258677525,0.001212651699455,-0.000650242247549
2014-06-24,1685.0,1708.0,1667.0,1675.0,674500.0,1675.0,1718.4,1713.1,1662.04,1638.72,2270.235,False,False,False,False,False,False,True,False,False,True,False,0.035820895522388,-0.0292537313432835,,,0.0077373134328358,0.0216597014925372,0.026865671641791,-0.1229850746268656,-0.0015052398620061,-0.0744848520226489,1580.0,1646.0,1.328017326245324,0.0070997087916054,-0.002014117076147,-0.0005384597273069
2014-06-25,1659.0,1673.0,1605.0,1609.0,930200.0,1609.0,1691.0,1702.7,1670.08,1634.56,2266.73,False,False,False,False,False,False,True,False,False,True,False,0.0497203231821006,0.0130515848353014,,,-0.0379614667495338,-0.0158856432566811,0.0341827221876942,-0.1037911746426351,-0.0025450274079875,-0.0835144182768544,1545.0,1712.0,1.3790956263899186,0.0048141406399693,-0.0022855681516361,-0.0010397875459813
2014-06-26,1638.0,1640.0,1567.0,1578.0,821500.0,1578.0,1654.6,1689.0,1672.32,1629.88,2262.17,False,False,False,False,False,False,True,False,False,True,False,0.0595690747782002,0.0126742712294043,,,-0.0597718631178706,-0.0328770595690748,0.017743979721166,-0.0703422053231939,-0.0028713770338919,-0.0883362936648905,1520.0,1758.0,0.8831434100193507,0.0013394565633371,-0.0034746840766321,-0.0003263496259044
2014-06-27,1591.0,1592.0,1515.0,1542.0,652400.0,1542.0,1618.8,1669.7,1672.36,1624.4,2257.33,False,False,False,False,False,False,True,False,False,True,False,0.0693904020752269,0.0428015564202334,,,-0.0845395590142671,-0.0534370946822309,0.040207522697795,-0.0856031128404669,-0.0033735533119921,-0.0909744265436905,1489.0,1727.0,0.7941570298234936,2.391829510390324e-05,-0.0013155382682332,-0.0005021762781001
2014-06-30,1700.0,1746.0,1647.0,1662.0,1722200.0,1662.0,1613.2,1666.8,1674.92,1620.32,2253.315,False,False,False,False,False,False,True,False,True,False,False,-0.0180505415162454,-0.0288808664259927,,,-0.0077737665463297,0.0250782190132371,-0.0367027677496991,-0.1570397111913357,-0.0025180211316284,-0.1003119750419966,1550.0,1750.0,2.63979153893317,0.0015284312086548,0.0015045129135509,0.0008555321803637
2014-07-01,1702.0,1740.0,1669.0,1735.0,1195400.0,1735.0,1625.2,1671.8,1681.44,1617.16,2249.315,False,False,False,True,True,False,True,False,False,False,True,-0.0628242074927954,-0.0685878962536023,,,0.0308703170028818,0.0679193083573486,-0.0697406340057636,-0.1435158501440922,-0.0019540428900046,-0.1096423017107309,1528.0,1781.0,0.6941121820926721,0.0038776286992101,0.0023491974905553,0.0005639782416238
2014-07-02,1750.0,1759.0,1681.0,1689.0,972600.0,1689.0,1641.2,1666.1,1686.2,1613.88,2244.385,False,False,False,False,False,False,True,False,False,True,False,-0.0349319123741859,-0.0432208407341622,,,0.0016577856719952,0.0444760213143871,-0.0509177027827116,-0.137951450562463,-0.0020323691972141,-0.1155392833563411,1430.0,1786.0,0.8136188723439852,0.0028229154311469,-0.0010547132680632,-7.832630720954045e-05
2014-07-03,1688.0,1703.0,1646.0,1672.0,407700.0,1672.0,1660.0,1657.3,1687.44,1612.0533333333333,2239.12,False,False,False,False,False,False,True,False,False,True,False,-0.0442583732057416,-0.0442583732057416,,,-0.0092344497607655,0.03585326953748,-0.0627990430622009,-0.0933014354066985,-0.0011331304175214,-0.113377179750196,1390.0,1690.0,0.419185687847008,0.0007348409424927,-0.0020880744886541,0.0008992387796927
2014-07-04,1698.0,1699.0,1641.0,1649.0,284000.0,1649.0,1681.4,1650.1,1687.52,1610.52,2233.99,False,False,False,False,False,False,True,False,False,True,False,-0.0248635536688902,-0.0430563978168587,,,-0.0233596118859914,0.0233353547604608,-0.0412371134020618,-0.0897513644633111,-0.0009520734503969,-0.1124174292467123,1318.0,1652.0,0.6965906303654648,4.740684554845409e-05,-0.0006874340969443,0.0001810569671244
2014-07-07,1640.0,1669.0,1629.0,1632.0,276800.0,1632.0,1675.4,1644.3,1684.44,1607.8533333333332,2227.35,False,False,False,False,False,False,False,False,False,True,False,-0.0110294117647058,-0.0140931372549019,,,-0.0321323529411765,0.0147957516339869,-0.0269607843137254,-0.0649509803921568,-0.0016585260678835,-0.1075837742504408,1268.0,1630.0,0.9746478873239436,-0.0018285008667568,-0.0018759077123053,-0.0007064526174865
2014-07-08,1610.0,1649.0,1608.0,1626.0,277400.0,1626.0,1653.6,1639.4,1681.48,1605.0933333333332,2221.03,False,False,False,False,False,False,False,False,False,False,False,-0.006150061500615,-0.0043050430504305,,,-0.034120541205412,0.0128577285772858,0.008610086100861,-0.1217712177121771,-0.0017195261750095,-0.1074173478101745,1353.0,1617.0,1.0021676300578035,-0.0017603539738801,6.814689287668648e-05,-6.1000107126028174e-05
2014-07-09,1600.0,1632.0,1599.0,1630.0,346400.0,1630.0,1641.8,1641.5,1680.08,1603.746666666667,2214.455,False,False,False,False,False,False,False,False,False,False,False,-0.0085889570552147,-0.0171779141104294,,,-0.030723926380368,0.0161063394683025,0.1104294478527607,-0.1196319018404908,-0.000839700368304,-0.1089856838257691,1425.0,1499.0,1.24873828406633,-0.0008332936526832,0.0009270603211969,0.0008798258067055
2014-07-10,1633.0,1635.0,1594.0,1598.0,297500.0,1598.0,1627.0,1643.5,1677.0,1602.04,2207.695,False,False,False,False,False,False,False,False,False,True,False,0.0,0.0075093867334167,,,-0.0494367959949937,-0.0025281602002502,0.1013767209011264,-0.1076345431789737,-0.0010653083984587,-0.112564648615759,1455.0,1496.0,0.8588337182448037,-0.0018366129994036,-0.0010033193467203,-0.0002256080301547
2014-07-11,1575.0,1626.0,1572.0,1608.0,262500.0,1608.0,1618.8,1650.1,1672.16,1600.9066666666668,2198.485,False,False,False,False,False,False,False,False,False,True,False,-0.0186567164179104,0.0049751243781094,,,-0.0399004975124378,0.0044112769485903,0.0827114427860696,-0.1305970149253731,-0.0007079321717692,-0.1168414035512999,1398.0,1418.0,0.8823529411764706,-0.0028944598603004,-0.0010578468608967,0.0003573762266895
2014-07-14,1602.0,1620.0,1595.0,1614.0,188600.0,1614.0,1615.2,1645.3,1666.92,1600.1866666666667,2190.205,False,False,False,False,False,False,False,False,False,True,False,-0.0030978934324659,0.0278810408921933,,,-0.0327881040892193,0.0085584469227591,0.134448574969021,-0.104089219330855,-0.0004499475061243,-0.1115298121923053,1314.0,1553.0,0.7184761904761905,-0.0031435221846279,-0.0002490623243275,0.0002579846656449
2014-07-15,1625.0,1639.0,1604.0,1616.0,269200.0,1616.0,1613.2,1633.4,1663.64,1599.7866666666666,2182.485,False,False,False,False,False,False,False,False,False,False,False,0.0018564356435643,0.0643564356435643,,,-0.029480198019802,0.01003300330033,0.1237623762376237,-0.0482673267326732,-0.0002500333377784,-0.1018733929227379,1380.0,1583.0,1.4273594909862142,-0.0019715803899882,0.0011719417946397,0.0001999141683458
2014-07-16,1608.0,1626.0,1590.0,1616.0,373200.0,1616.0,1610.4,1626.1,1659.76,1598.506666666667,2174.865,False,False,False,False,False,False,False,False,False,True,False,-0.0086633663366336,0.0297029702970297,,,-0.027079207920792,0.0108250825082506,0.1311881188118812,-0.0185643564356435,-0.0008007473642064,-0.0898468728860463,1408.0,1580.0,1.3863298662704309,-0.0023376873764882,-0.0003661069865,-0.000550714026428
2014-07-17,1634.0,1634.0,1594.0,1598.0,254600.0,1598.0,1610.4,1618.7,1655.08,1596.3733333333332,2167.88,False,False,False,False,False,False,False,False,False,True,False,0.0075093867334167,0.0050062578222778,,,-0.0357196495619523,0.0010179390905298,0.1489361702127659,0.0156445556946182,-0.0013363624214889,-0.0790758015691604,1522.0,1579.0,0.6822079314040729,-0.0028276578775648,-0.0004899705010766,-0.0005356150572824
2014-07-18,1560.0,1610.0,1548.0,1578.0,275200.0,1578.0,1604.4,1611.6,1648.8,1594.3866666666668,2160.57,False,False,False,False,False,False,False,False,False,True,False,0.0240811153358681,0.0164765525982256,,,-0.0448669201520912,-0.0103844528939586,0.1894803548795944,0.0278833967046894,-0.0012460381839619,-0.0675105485232067,1541.0,1576.0,1.0809112333071484,-0.0038088306647258,-0.0009811727871609,9.032423752698476e-05
2014-07-22,1574.0,1624.0,1568.0,1609.0,315700.0,1609.0,1603.4,1609.3,1645.52,1592.506666666667,2153.69,False,False,False,False,False,False,False,False,False,False,False,0.0310752019888129,-0.00497203231821,,,-0.0226973275326289,0.0102506732960429,0.1398384089496581,0.0335612181479179,-0.0011805288099264,-0.0576648232150624,1598.0,1643.0,1.147165697674419,-0.0019932908746171,0.0018155397901087,6.550937403551724e-05
2014-07-23,1612.0,1628.0,1609.0,1619.0,150300.0,1619.0,1604.0,1608.6,1642.88,1590.3466666666666,2146.135,False,False,False,False,False,False,False,False,False,False,False,0.0623841877702285,-0.003088326127239,,,-0.0147498455836937,0.0176981675931645,0.1457689932056825,0.0166769610870907,-0.0013581944397869,-0.0437025985328857,1572.0,1580.0,0.476084890719037,-0.0016069341643941,0.0003863567102229,-0.0001776656298604
2014-07-24,1619.0,1624.0,1597.0,1602.0,210500.0,1602.0,1601.2,1605.8,1637.12,1587.8933333333334,2138.495,False,False,False,False,False,False,False,False,False,True,False,0.0387016229712858,0.0006242197253433,,,-0.0219225967540573,0.0088056595921763,0.1279650436953807,0.099250936329588,-0.001545024015047,-0.0217337152821022,1570.0,1545.0,1.4005322687957418,-0.0035183737294762,-0.0019114395650821,-0.0001868295752601
2014-07-25,1604.0,1610.0,1584.0,1610.0,194800.0,1610.0,1603.6,1607.0,1631.12,1586.8266666666666,2131.095,False,False,False,False,False,False,False,False,False,True,False,-0.0024844720496894,-0.0267080745341614,,,-0.0131180124223601,0.0143933747412008,0.1347826086956521,0.1236024844720496,-0.0006722011225759,0.0013690105787181,1641.0,1520.0,0.92541567695962,-0.0036784540683702,-0.0001600803388939,0.000872822892471
2014-07-28,1597.0,1623.0,1596.0,1616.0,148500.0,1616.0,1611.2,1607.8,1626.92,1586.3466666666666,2122.7,False,False,False,False,False,False,False,False,False,False,False,-0.0074257425742574,-0.0216584158415841,,,-0.0067574257425743,0.0183498349834984,0.125,0.1163366336633663,-0.0003025820333512,0.0261226520711531,1647.0,1489.0,0.7623203285420944,-0.0025815651660805,0.0010968889022896,0.0003696190892247
2014-07-29,1630.0,1674.0,1630.0,1659.0,471500.0,1659.0,1621.2,1612.3,1625.68,1586.7333333333331,2115.195,False,False,False,False,True,False,False,True,False,False,True,-0.0349608197709463,-0.0427968655816757,,,0.0200843881856539,0.043560377737593,0.0807715491259795,0.0373719107896323,0.0002436872400318,0.0403150778391118,1709.0,1550.0,3.175084175084175,-0.0007627577383002,0.0018188074277802,0.0005462692733831
2014-07-30,1750.0,1785.0,1705.0,1720.0,1571500.0,1720.0,1641.4,1622.7,1627.48,1588.1066666666666,2108.07,False,False,False,False,False,False,True,True,True,False,False,-0.0616279069767441,-0.0465116279069767,,,0.0537906976744185,0.0766821705426357,0.0674418604651162,0.0587209302325581,0.0008647613930215,0.0510876933505884,1700.0,1528.0,3.3329798515376456,0.0011060043748617,0.001868762113162,0.0006210741529896
2014-07-31,1710.0,1715.0,1641.0,1664.0,575700.0,1664.0,1653.8,1627.5,1629.68,1590.3066666666666,2102.305,False,False,False,False,False,False,True,True,False,False,False,-0.0366586538461538,0.0877403846153846,,,0.0206249999999999,0.044286858974359,0.0697115384615384,0.1532451923076923,0.0013833809831227,0.0684485407066052,1665.0,1430.0,0.366337893732103,0.001349958274017,0.0002439538991552,0.0005186195901012
2014-08-01,1616.0,1639.0,1595.0,1606.0,455000.0,1606.0,1653.0,1628.3,1630.8,1591.7733333333333,2096.635,False,False,False,False,False,False,True,True,False,True,False,-0.0242839352428393,0.0958904109589041,,,-0.0154420921544208,0.0088584474885844,0.1033623910336239,0.1643835616438356,0.0009214042200313,0.0830927961677823,1675.0,1390.0,0.7903421921139482,0.0006867794947264,-0.0006631787792905,-0.0004619767630914
2014-08-04,1602.0,1621.0,1596.0,1604.0,197200.0,1604.0,1650.6,1630.9,1633.28,1594.253333333333,2090.505,False,False,False,False,False,False,True,True,True,False,False,-0.0143391521197007,0.0854114713216957,,,-0.0182543640897755,0.0060764754779718,0.0885286783042394,0.1571072319201995,0.0015555871505154,0.0957140229321233,1729.0,1318.0,0.4334065934065934,0.0015184169278996,0.0008316374331732,0.0006341829304841
2014-08-05,1605.0,1645.0,1595.0,1601.0,592900.0,1601.0,1639.0,1630.1,1630.84,1594.8933333333334,2084.64,False,False,False,False,False,False,False,True,False,True,False,-0.0081199250468457,0.1436602123672704,,,-0.0186383510306058,0.0038142827399541,0.1049344159900062,0.1942535915053092,0.000401280754408,0.1115269001901725,1745.0,1268.0,3.0065922920892496,-0.0014961614873317,-0.0030145784152314,-0.0011543063961074
2014-08-06,1582.0,1634.0,1575.0,1614.0,494000.0,1614.0,1617.8,1629.6,1626.0,1595.3066666666666,2078.36,False,False,False,False,False,False,False,True,False,True,False,0.0161090458488228,0.1251548946716233,,,-0.0074349442379182,0.0115819909128459,0.0780669144981412,0.1765799256505576,0.0002590933404652,0.1273932253313697,1698.0,1353.0,0.8331927812447293,-0.0029766297662976,-0.0014804682789658,-0.0001421874139427
2014-08-07,1601.0,1611.0,1570.0,1603.0,384600.0,1603.0,1605.6,1629.7,1622.56,1595.6133333333332,2071.805,False,False,False,False,False,False,False,True,False,False,False,0.1291328758577667,0.140361821584529,,,-0.0122021210230816,0.0046080266167603,0.0892077354959451,0.1802869619463506,0.0001921935974462,0.1353623366263729,1713.0,1425.0,0.7785425101214575,-0.0021201064983729,0.0008565232679246,-6.689974301897223e-05
2014-08-08,1573.0,1589.0,1536.0,1567.0,429500.0,1567.0,1597.8,1625.4,1618.36,1595.4533333333334,2065.25,False,False,False,False,False,False,False,False,False,True,False,0.1231652839821314,0.171665603063178,,,-0.0327760051052966,-0.0181578387577111,0.1027440970006381,0.2144224633056796,-0.0001002849764747,0.1441491325212255,1715.0,1455.0,1.1167446697867915,-0.002595219852196,-0.0004751133538231,-0.000292478573921
2014-08-11,1595.0,1597.0,1551.0,1581.0,367700.0,1581.0,1593.2,1621.9,1615.64,1595.52,2058.98,False,False,False,False,False,False,False,True,False,False,False,0.101201771030993,0.1872232764073371,,,-0.02191018342821,-0.0091840607210626,0.0942441492726122,0.2523719165085389,4.178366091719692e-05,0.1574696343794314,1735.0,1398.0,0.8561117578579744,-0.0016835433636204,0.0009116764885755,0.0001420686373919
2014-08-12,1597.0,1645.0,1562.0,1588.0,743200.0,1588.0,1590.6,1614.8,1613.88,1594.7866666666666,2052.565,False,False,False,False,False,False,False,False,False,False,False,0.1530226700251889,0.1549118387909319,,,-0.0162972292191436,-0.004273719563392,0.0976070528967254,0.2449622166246851,-0.000459831618022,0.1784121872677732,1691.0,1314.0,2.021212945335872,-0.0010905395692368,0.0005930037943836,-0.0005016152789392
2014-08-13,1620.0,1661.0,1593.0,1640.0,973100.0,1640.0,1595.8,1606.8,1614.44,1595.5866666666666,2045.34,False,False,False,False,True,False,True,True,False,False,False,0.1073170731707317,0.1310975609756097,,,0.0155853658536585,0.0270813008130081,0.0890243902439024,0.2048780487804878,0.0005013829813903,0.1939258152850387,1685.0,1380.0,1.3093379978471475,0.0003468695027377,0.0014374090719746,0.0009612145994123
2014-08-14,1804.0,1865.0,1771.0,1810.0,4372600.0,1810.0,1637.2,1621.4,1621.64,1599.12,2039.45,False,False,False,False,False,False,True,True,True,False,True,0.0099447513812154,-0.0016574585635359,,,0.1040662983425413,0.1165082872928177,-0.0220994475138121,0.0828729281767955,0.002209548585055,0.1857037128407548,1746.0,1408.0,4.493474463056212,0.0044399496805703,0.0040930801778325,0.0017081656036647
2014-08-15,1804.0,1807.0,1752.0,1760.0,1148900.0,1760.0,1675.8,1636.8,1628.12,1602.32,2033.2,False,False,False,False,False,False,True,True,False,True,False,0.0431818181818181,0.0380681818181818,,,0.0749318181818182,0.0895909090909091,0.0,0.1039772727272727,0.0019971041989116,0.1790078201368524,1760.0,1522.0,0.2627498513470246,0.0039800506105199,-0.0004598990700503,-0.0002124443861434
2014-08-18,1751.0,1781.0,1732.0,1741.0,472900.0,1741.0,1707.8,1650.5,1633.44,1605.68,2027.445,False,False,False,False,False,False,True,True,False,True,False,0.0781160252728317,0.0442274554853532,,,0.0617805858701895,0.0777254451464675,-0.0212521539345203,0.134979896611143,0.0020925713716307,0.1764919721296576,1721.0,1541.0,0.4116111062755679,0.0032569301596631,-0.0007231204508568,9.546717271918326e-05
2014-08-19,1761.0,1834.0,1755.0,1831.0,1353900.0,1831.0,1756.4,1673.5,1642.12,1609.4266666666667,2022.19,False,False,False,False,False,False,True,True,False,False,False,0.0016384489350081,-0.0207536865101037,,,0.1031567449481158,0.1210121973420716,-0.0557072637902785,0.0245767340251228,0.0023279511544483,0.1581714968628623,1690.0,1598.0,2.8629731444279973,0.0052858499987819,0.0020289198391188,0.0002353797828175
2014-08-20,1841.0,1887.0,1795.0,1816.0,1262000.0,1816.0,1791.6,1693.7,1650.12,1613.2666666666669,2016.65,False,False,False,False,False,False,True,True,False,True,False,0.0214757709251101,0.0110132158590308,,,0.0913436123348018,0.1116372980910424,-0.0567180616740088,0.0280837004405286,0.0023802636472582,0.142469150380823,1675.0,1572.0,0.932122017874289,0.0048481322570479,-0.0004377177417339,5.23124928098642e-05
2014-08-21,1830.0,1844.0,1801.0,1828.0,492800.0,1828.0,1795.2,1716.2,1658.6,1618.5733333333333,2010.64,False,False,False,False,False,False,True,True,False,False,False,-0.011487964989059,-0.0262582056892779,,,0.0926695842450766,0.1145660102115244,-0.074398249452954,-0.0153172866520787,0.0032786074979609,0.1221302878452394,1609.0,1570.0,0.3904912836767036,0.0051127456891354,0.0002646134320874,0.0008983438507027
2014-08-22,1835.0,1875.0,1810.0,1836.0,802900.0,1836.0,1810.4,1743.1,1668.12,1624.52,2005.495,False,False,False,False,False,False,True,True,False,False,False,-0.0049019607843137,-0.0348583877995642,,,0.091437908496732,0.1151851851851852,-0.088235294117647,-0.0588235294117647,0.0036605684550924,0.0947736790775056,1578.0,1641.0,1.6292613636363635,0.0057070234755293,0.0005942777863939,0.0003819609571314
2014-08-25,1825.0,1895.0,1825.0,1877.0,942600.0,1877.0,1837.6,1772.7,1680.08,1631.9733333333334,2001.28,False,False,False,False,False,False,True,True,False,False,False,-0.0314331379861481,-0.069792221630261,,,0.1049120937666489,0.1305416444681228,-0.1315929675013319,-0.0804475226425146,0.0045670680893478,0.0621650589496248,1542.0,1647.0,1.1739942707684643,0.0071187086329222,0.0014116851573929,0.0009064996342554
2014-08-26,1887.0,1888.0,1830.0,1834.0,653200.0,1834.0,1838.2,1797.3,1689.08,1639.52,1997.53,False,False,False,False,False,False,True,True,False,True,False,-0.0223555070883315,-0.0354416575790621,,,0.0790185387131952,0.1060414394765539,-0.1368593238822246,-0.0828789531079607,0.0046029732279366,0.0312134868970122,1662.0,1709.0,0.6929768724803734,0.0053283444241835,-0.0017903642087386,3.5905138588715295e-05
2014-08-27,1839.0,1875.0,1828.0,1855.0,560900.0,1855.0,1846.0,1818.8,1698.52,1646.2133333333334,1993.645,False,False,False,False,False,False,True,True,False,False,False,-0.0102425876010781,-0.0619946091644204,,,0.084355795148248,0.1125534591194968,-0.1390835579514824,-0.0738544474393531,0.0040658966841073,0.0048383549593138,1735.0,1700.0,0.8586956521739131,0.005557779714104,0.0002294352899204,-0.0005370765438292
2014-08-28,1835.0,1846.0,1795.0,1807.0,557400.0,1807.0,1841.8,1818.5,1706.72,1651.3066666666666,1987.99,False,False,False,False,False,False,True,True,False,True,False,-0.0149418926397343,-0.0337576092971776,,,0.0554952960708356,0.0861612248662608,-0.1117874930824571,-0.0282235749861649,0.0030844260706672,-0.006213912565301,1689.0,1665.0,0.993760028525584,0.0048045373582075,-0.0007532423558964,-0.0009814706134401
2014-08-29,1782.0,1833.0,1780.0,1827.0,364900.0,1827.0,1840.0,1825.2,1715.4,1656.2666666666669,1982.72,False,False,False,False,False,False,True,True,False,False,True,-0.030103995621237,-0.0541871921182266,,,0.0610837438423644,0.0934501003466519,-0.1472359058565955,-0.0147783251231527,0.0029946868459186,-0.0176966907736138,1672.0,1675.0,0.6546465733763904,0.0050600443045354,0.0002555069463278,-8.973922474852765e-05
2014-09-01,1837.0,1839.0,1805.0,1818.0,281900.0,1818.0,1828.2,1832.9,1723.48,1661.8666666666666,1977.31,False,False,False,False,False,False,True,True,False,True,False,-0.0396039603960396,-0.0484048404840484,,,0.0519911991199119,0.0858819215254859,-0.1479647964796479,-0.0066006600660066,0.0033697047496788,-0.03109825958863,1649.0,1729.0,0.7725404220334339,0.0046881890129272,-0.0003718552916081,0.0003750179037601
2014-09-02,1800.0,1817.0,1771.0,1793.0,427300.0,1793.0,1820.0,1829.1,1728.84,1668.253333333333,1972.775,False,False,False,False,False,False,True,True,False,True,False,-0.0133853876185164,-0.0278862242052426,,,0.0357836029001673,0.0695742703104667,-0.1645287228109314,0.0039040713887339,0.0038283554056537,-0.0332403914493466,1632.0,1745.0,1.5157857396239802,0.0031003447398254,-0.0015878442731018,0.0004586506559748
2014-09-03,1783.0,1853.0,1774.0,1836.0,610600.0,1836.0,1816.2,1831.1,1733.48,1674.3333333333333,1969.69,False,False,False,False,False,False,True,True,False,True,False,-0.0522875816993464,-0.0272331154684095,,,0.055838779956427,0.0880537400145243,-0.1998910675381263,-0.0032679738562091,0.0036312960382242,-0.0363169679427666,1626.0,1698.0,1.4289726187690148,0.0026766965872119,-0.0004236481526135,-0.0001970593674294
2014-09-04,1830.0,1830.0,1767.0,1780.0,365700.0,1780.0,1810.8,1826.3,1738.12,1679.2933333333333,1966.19,False,False,False,False,False,False,True,True,False,True,False,-0.0191011235955056,-0.0056179775280898,,,0.0235280898876405,0.0565767790262172,-0.1898876404494382,0.0556179775280898,0.0029536233495041,-0.0294584679406449,1630.0,1713.0,0.5989190959711759,0.0026695510091362,-7.145578075673769e-06,-0.00067767268872
2014-09-05,1777.0,1802.0,1755.0,1772.0,313400.0,1772.0,1799.8,1819.9,1744.76,1682.6266666666668,1962.675,False,False,False,False,False,False,True,True,False,False,False,-0.0248306997742663,-0.0067720090293453,,,0.015372460496614,0.0504364183596688,-0.1721218961625282,0.051354401805869,0.0019810296599761,-0.0186273971097313,1598.0,1715.0,0.8569866010391031,0.0038056810105688,0.0011361300014326,-0.000972593689528
2014-09-08,1772.0,1772.0,1737.0,1746.0,158600.0,1746.0,1785.4,1806.8,1750.44,1685.36,1958.42,False,False,False,False,False,False,True,True,False,True,False,-0.0091638029782359,-0.0240549828178694,,,-0.0025429553264605,0.0347308132875143,-0.1924398625429553,0.054410080183276,0.0016218097814906,-0.0051472216072614,1608.0,1735.0,0.5060625398851308,0.0032448984255387,-0.00056078258503,-0.0003592198784854
2014-09-09,1749.0,1791.0,1740.0,1769.0,406300.0,1769.0,1780.6,1800.3,1757.16,1687.64,1954.31,False,False,False,False,False,False,True,True,False,False,False,-0.0146975692481628,-0.0226116449971735,,,0.0066930469191633,0.0459920859242509,-0.2080271339739966,0.0627473148671565,0.0013509990282288,0.0094428706326723,1614.0,1691.0,2.5617906683480456,0.0038243529331421,0.0005794545076033,-0.0002708107532617
2014-09-10,1754.0,1760.0,1710.0,1740.0,489500.0,1740.0,1761.4,1788.8,1762.2,1689.88,1949.91,False,False,False,False,False,False,True,True,False,True,False,0.0264367816091954,-0.0155172413793103,,,-0.0127586206896552,0.0288045977011493,-0.1459770114942528,0.0350574712643678,0.0013255379080171,0.0205724508050089,1616.0,1685.0,1.204774796948068,0.0028600612870275,-0.0009642916461145,-2.5461120211744915e-05
2014-09-11,1745.0,1762.0,1731.0,1746.0,321400.0,1746.0,1754.6,1782.7,1767.92,1692.2266666666667,1945.9,False,False,False,False,False,False,True,True,False,False,False,0.0137457044673539,-0.0309278350515463,,,-0.0125544100801833,0.0307980145093547,-0.1660939289805269,-0.0103092783505154,0.0013867330617647,0.0224939698210578,1616.0,1746.0,0.6565883554647599,0.0032354405176704,0.0003753792306429,6.119515374758064e-05
2014-09-12,1735.0,1753.0,1721.0,1728.0,273500.0,1728.0,1745.8,1772.8,1774.36,1693.3866666666668,1941.99,False,False,False,False,False,False,True,True,False,False,False,0.0185185185185185,-0.03125,,,-0.0268287037037036,0.0200308641975308,-0.1226851851851851,-0.0028935185185185,0.0006850177947151,0.0238605595667869,1598.0,1760.0,0.8509645301804605,0.003629477670822,0.0003940371531515,-0.0007017152670495
2014-09-16,1726.0,1742.0,1715.0,1730.0,226700.0,1730.0,1742.6,1764.0,1780.32,1694.493333333333,1938.145,False,False,False,False,False,False,True,True,False,True,False,-0.015028901734104,-0.0578034682080924,,,-0.0290867052023121,0.0205240847784201,-0.1323699421965317,-0.0028901734104046,0.0006530959106751,0.02437641723356,1578.0,1721.0,0.8288848263254114,0.0033477127707378,-0.0002817649000841,-3.192188404000263e-05
2014-09-17,1738.0,1772.0,1731.0,1743.0,288200.0,1743.0,1737.4,1759.0,1786.52,1694.9466666666667,1934.235,False,False,False,False,False,False,True,True,False,False,False,-0.0080321285140562,-0.0917957544463568,,,-0.024968445209409,0.0275693249187224,-0.1244979919678714,-0.0120481927710843,0.0002674617097098,0.0228538942581012,1609.0,1690.0,1.2712836347595942,0.003470434140116,0.0001227213693781,-0.0003856342009653
2014-09-18,1748.0,1828.0,1748.0,1786.0,816100.0,1786.0,1746.6,1754.0,1792.36,1696.0933333333332,1931.085,False,False,False,False,False,False,True,True,False,True,False,-0.0408734602463605,-0.1058230683090705,,,-0.0035610302351623,0.0503396789846958,-0.2004479283314669,-0.0683090705487122,0.0006760634241825,0.0163055872291903,1619.0,1675.0,2.8317140874392783,0.0032582740074538,-0.0002121601326621,0.0004086017144727
2014-09-19,1810.0,1810.0,1767.0,1770.0,358900.0,1770.0,1751.4,1753.0,1790.76,1697.493333333333,1927.78,False,False,False,False,False,False,False,True,False,True,False,-0.0440677966101694,-0.0932203389830508,,,-0.011728813559322,0.040964218455744,-0.1892655367231638,-0.0790960451977401,0.0008247455071005,0.0026811180832858,1602.0,1609.0,0.4397745374341379,-0.0008934753959212,-0.004151749403375,0.000148682082918
2014-09-22,1780.0,1784.0,1752.0,1760.0,234700.0,1760.0,1757.8,1751.8,1790.76,1698.6266666666668,1924.97,False,False,False,False,False,False,False,True,False,False,False,-0.0488636363636363,-0.1147727272727272,,,-0.0174772727272727,0.034871212121212,-0.1897727272727272,-0.0988636363636363,0.0006672056641838,-0.0124443429615252,1610.0,1578.0,0.6539426023962106,0.0,0.0008934753959212,-0.0001575398429167
2014-09-24,1740.0,1746.0,1702.0,1704.0,299200.0,1704.0,1752.6,1747.6,1789.28,1698.2933333333333,1921.705,False,False,False,False,False,False,False,False,False,True,False,-0.0434272300469483,-0.0909624413145539,,,-0.0500469483568074,0.0033489827856025,-0.1795774647887324,-0.0534037558685446,-0.0001962754765569,-0.023117418173495,1616.0,1542.0,1.2748189177673626,-0.0008271483501743,-0.0008271483501743,-0.0008634811407407
2014-09-25,1716.0,1733.0,1695.0,1729.0,225000.0,1729.0,1749.8,1743.6,1785.2,1698.08,1918.045,False,False,False,False,False,False,False,False,False,True,False,-0.0844418739155581,-0.1336032388663967,,,-0.0325043377674956,0.0178831694621168,-0.1636784268363215,-0.0746096009253904,-0.0001256320864348,-0.036935076852489,1659.0,1662.0,0.7520053475935828,-0.002285458211965,-0.0014583098617906,7.064339012205124e-05
2014-09-26,1700.0,1719.0,1698.0,1713.0,156000.0,1713.0,1735.2,1740.9,1781.08,1698.28,1914.095,False,False,False,False,False,False,False,True,False,True,False,-0.0677174547577349,-0.1424401634559252,,,-0.0397431406888499,0.0085931115002919,-0.102159953298307,-0.0624635143023934,0.0001177662105189,-0.0466425412143144,1720.0,1735.0,0.6933333333333334,-0.0023132032250096,-2.774501304460622e-05,0.0002433982969537
2014-09-29,1720.0,1725.0,1690.0,1692.0,217400.0,1692.0,1719.6,1735.5,1775.64,1698.0,1910.01,False,False,False,False,False,False,False,False,False,True,False,-0.051418439716312,-0.1477541371158392,,,-0.0494326241134752,-0.0035460992907801,-0.0626477541371158,-0.0390070921985815,-0.0001648998822143,-0.0495534428118697,1664.0,1689.0,1.3935897435897435,-0.0030636840801062,-0.0007504808550966,-0.0002826660927332
2014-09-30,1691.0,1700.0,1667.0,1674.0,291100.0,1674.0,1702.4,1730.1,1769.16,1697.4533333333334,1906.04,False,False,False,False,False,False,False,False,False,True,False,-0.069295101553166,-0.1236559139784946,,,-0.0568458781362007,-0.0140103544404619,-0.0304659498207885,-0.0077658303464755,-0.0003220510725871,-0.0501705103751228,1606.0,1672.0,1.3390064397424104,-0.0036627552058604,-0.0005990711257541,-0.0001571511903727
2014-10-01,1685.0,1693.0,1617.0,1630.0,492100.0,1630.0,1687.6,1720.1,1759.28,1696.0533333333333,1902.465,False,False,False,False,False,False,False,False,False,True,False,-0.0496932515337423,-0.1349693251533742,,,-0.0793128834355828,-0.040523517382413,-0.0049079754601227,0.012883435582822,-0.0008254457407,-0.0489506424045112,1604.0,1649.0,1.6904843696324288,-0.0056159337910964,-0.001953178585236,-0.0005033946681128
2014-10-02,1576.0,1600.0,1570.0,1583.0,438800.0,1583.0,1658.4,1704.1,1749.24,1694.6133333333332,1898.465,False,False,False,False,False,False,False,False,False,True,False,-0.0536955148452305,-0.114971572962729,,,-0.1050157927984839,-0.0705074752579489,0.0505369551484523,0.0732785849652558,-0.0008497513690439,-0.0413708115720908,1601.0,1632.0,0.8916886811623653,-0.0057396354988451,-0.0001237017077487,-2.430562834387299e-05
2014-10-03,1585.0,1600.0,1571.0,1597.0,289600.0,1597.0,1635.2,1685.2,1738.92,1693.44,1894.145,False,False,False,False,False,False,False,False,False,True,False,-0.0801502817783343,-0.0695053224796493,,,-0.0888666249217282,-0.0603882279273638,0.0306825297432686,0.0676268002504696,-0.0006928697404886,-0.0281865653928317,1614.0,1626.0,0.6599817684594348,-0.0059347181008901,-0.0001950826020449,0.0001568816285552
2014-10-06,1643.0,1643.0,1596.0,1605.0,394000.0,1605.0,1617.8,1668.7,1730.84,1691.56,1889.15,False,False,False,False,False,False,False,False,False,False,False,-0.1015576323987539,-0.092834890965732,,,-0.0784049844236759,-0.0539314641744547,0.0971962616822429,0.0230529595015576,-0.0011114001276928,-0.0178582129801641,1603.0,1630.0,1.3604972375690607,-0.0046682535647432,0.0012664645361469,-0.0004185303872041
2014-10-07,1600.0,1607.0,1548.0,1558.0,313600.0,1558.0,1594.6,1648.5,1720.08,1688.8666666666666,1882.865,False,False,False,False,False,False,False,False,False,True,False,-0.0584082156611039,-0.0269576379974326,,,-0.1040308087291398,-0.0839965768078732,0.1611039794608472,0.0892169448010269,-0.0015947578257608,0.0009099181073703,1567.0,1598.0,0.7959390862944162,-0.0062555229989302,-0.001587269434187,-0.000483357698068
2014-10-08,1518.0,1558.0,1514.0,1549.0,553600.0,1549.0,1578.4,1633.0,1709.32,1686.5733333333333,1877.01,False,False,False,False,False,False,False,False,False,True,False,-0.0897353131052291,-0.0309877340219496,,,-0.1034990316333117,-0.0888142887884656,0.1646223369916075,0.0774693350548741,-0.0013597590380495,0.0138395590936925,1581.0,1608.0,1.7653061224489797,-0.0062949008962628,-3.937789733255912e-05,0.0002349987877113
2014-10-09,1567.0,1570.0,1495.0,1498.0,336100.0,1498.0,1561.4,1609.9,1697.52,1684.013333333333,1870.24,False,False,False,False,False,False,False,False,False,True,False,-0.0647530040053404,0.0186915887850467,,,-0.1331909212283044,-0.1241744548286602,0.1488651535380507,0.1435246995994659,-0.0015201779875061,0.0354059258339027,1588.0,1614.0,0.6071170520231214,-0.0069513172157028,-0.00065641631944,-0.0001604189494566
2014-10-10,1455.0,1483.0,1425.0,1469.0,462100.0,1469.0,1535.8,1585.5,1682.84,1681.2666666666669,1864.105,False,False,False,False,False,False,False,False,False,True,False,0.011572498298162,-0.0279101429543907,,,-0.1455684138869979,-0.1444973905150897,0.2396187882913546,0.147719537100068,-0.0016336888853639,0.0563859981078524,1640.0,1616.0,1.3748884260636716,-0.0087233486249435,-0.0017720314092407,-0.0001135108978578
2014-10-14,1415.0,1469.0,1415.0,1442.0,348100.0,1442.0,1503.2,1560.5,1669.32,1679.04,1857.445,False,False,True,False,False,False,False,False,False,False,False,0.0097087378640776,-0.0048543689320388,,,-0.1576421636615811,-0.164382801664355,0.3307905686546463,0.210124826629681,-0.0013261546280415,0.080935597564883,1810.0,1616.0,0.7533001514823632,-0.0080991062228931,0.0006242424020504,0.0003075342573223
2014-10-15,1438.0,1480.0,1436.0,1467.0,255100.0,1467.0,1485.0,1539.8,1657.12,1677.56,1851.185,False,False,False,False,False,False,False,False,False,False,False,0.0334014996591683,-0.0279481935923653,,,-0.1295978186775732,-0.1435310156782549,0.274710293115201,0.2174505794137696,-0.0008822337204034,0.1035848811533965,1760.0,1598.0,0.7328353921286986,-0.0073621705126967,0.0007369357101963,0.0004439209076381
2014-10-16,1421.0,1448.0,1409.0,1410.0,416000.0,1410.0,1457.2,1517.8,1643.68,1675.8,1844.95,False,False,False,False,False,False,False,False,False,True,False,0.0645390070921985,-0.0085106382978723,,,-0.1657304964539007,-0.1885106382978723,0.3163120567375886,0.2659574468085106,-0.0010502446592672,0.1284095401238635,1741.0,1578.0,1.630733045864367,-0.0081767740679449,-0.0008146035552482,-0.0001680109388637
2014-10-17,1402.0,1428.0,1385.0,1401.0,426500.0,1401.0,1437.8,1499.6,1628.96,1672.32,1839.035,False,False,False,False,False,False,False,False,False,True,False,0.0892219842969307,0.032119914346895,,,-0.1627123483226267,-0.1936616702355459,0.364739471805853,0.2662384011420414,-0.002080941446613,0.1471058949053081,1831.0,1609.0,1.0252403846153846,-0.0090364404282487,-0.0008596663603037,-0.0010306967873458
2014-10-20,1460.0,1487.0,1438.0,1486.0,392800.0,1486.0,1441.2,1488.5,1618.8,1669.0,1833.28,False,False,False,False,False,False,False,False,False,False,False,-0.0390309555854643,0.034993270524899,,,-0.0893674293405114,-0.1231493943472409,0.2779273216689098,0.2018842530282638,-0.0019892150988615,0.1611017803157541,1816.0,1619.0,0.9209847596717468,-0.00627625401532,0.0027601864129286,9.172634775154358e-05
2014-10-21,1479.0,1506.0,1445.0,1456.0,349000.0,1456.0,1444.0,1473.6,1607.2,1665.8933333333334,1827.115,False,False,False,False,False,False,False,False,False,True,False,-0.0144230769230769,0.0892857142857142,,,-0.1038461538461538,-0.1441575091575092,0.2994505494505494,0.2321428571428571,-0.0018648652974979,0.183156894679696,1828.0,1602.0,0.8884928716904277,-0.0072175211548033,-0.0009412671394832,0.0001243498013635
2014-10-22,1481.0,1526.0,1470.0,1516.0,447600.0,1516.0,1453.8,1469.4,1598.72,1663.8133333333333,1821.255,False,False,False,False,False,False,False,False,False,False,False,-0.0593667546174142,0.0705804749340369,,,-0.0545646437994723,-0.0975021987686895,0.2552770448548813,0.224934036939314,-0.0012501402400911,0.1974275214373212,1836.0,1610.0,1.2825214899713466,-0.0053042433947157,0.0019132777600875,0.0006147250574068
2014-10-23,1501.0,1535.0,1496.0,1501.0,219600.0,1501.0,1472.0,1464.6,1589.56,1661.84,1814.64,False,False,False,False,False,False,False,False,False,True,False,-0.0686209193870752,0.0806129247168554,,,-0.0590006662225182,-0.1071552298467687,0.3191205862758161,0.2211858760826116,-0.0011874388228309,0.2125495015703948,1877.0,1616.0,0.4906166219839142,-0.005762600971338,-0.0004583575766222,6.270141726019587e-05
2014-10-24,1526.0,1533.0,1497.0,1526.0,262400.0,1526.0,1497.0,1467.4,1580.88,1660.4266666666667,1808.605,False,False,False,False,False,False,False,False,False,False,False,-0.0524246395806028,0.0897771952817824,,,-0.0359633027522936,-0.088090869375273,0.2955439056356487,0.1841415465268676,-0.0008511868435421,0.2166416791604196,1834.0,1659.0,1.1948998178506376,-0.0054906128232375,0.0002719881481004,0.0003362519792888
2014-10-27,1525.0,1533.0,1417.0,1428.0,594200.0,1428.0,1485.4,1463.3,1566.56,1657.7866666666666,1801.82,False,False,False,False,False,False,False,False,False,True,False,0.0770308123249299,0.1526610644257703,,,-0.0970308123249299,-0.1609150326797385,0.3837535014005602,0.2794117647058823,-0.0015924847587949,0.2296863254288253,1855.0,1720.0,2.2644817073170733,-0.0091410479011337,-0.0036504350778962,-0.0007412979152527
2014-10-28,1400.0,1441.0,1396.0,1435.0,416800.0,1435.0,1481.2,1462.6,1553.16,1655.1866666666667,1795.595,False,False,False,False,False,False,False,False,False,False,False,0.1052264808362369,0.227177700348432,,,-0.0823414634146342,-0.1534401858304297,0.3658536585365853,0.2912891986062718,-0.0015708198068293,0.237658963489676,1807.0,1664.0,0.7014473241332885,-0.0086275721754357,0.000513475725698,2.166495196553311e-05
2014-10-29,1435.0,1443.0,1407.0,1426.0,486500.0,1426.0,1463.2,1458.5,1539.8,1652.8933333333334,1789.03,False,False,False,False,False,False,False,False,False,True,False,0.138148667601683,0.2685834502103786,,,-0.0798036465638148,-0.159111734455353,0.3625525946704067,0.3064516129032258,-0.0013874660191825,0.2464175522797395,1827.0,1606.0,1.1672264875239924,-0.0086764514872062,-4.8879311770414977e-05,0.0001833537876468
2014-10-30,1426.0,1439.0,1388.0,1398.0,459200.0,1398.0,1442.6,1457.3,1527.56,1650.0933333333332,1782.19,False,False,False,False,False,False,False,False,False,False,False,0.1602288984263233,0.290414878397711,,,-0.0926752503576537,-0.1803242727706246,0.413447782546495,0.3476394849785407,-0.0016968737121941,0.2542372881355932,1818.0,1604.0,0.943884892086331,-0.0080127785487967,0.0006636729384094,-0.0003094076930116
2014-10-31,1407.0,1452.0,1405.0,1446.0,622000.0,1446.0,1426.6,1461.8,1516.24,1647.8533333333332,1774.97,False,False,False,False,False,False,False,False,False,False,True,0.1500691562932226,0.1901798063623789,,,-0.0485753803596127,-0.1395942830797601,0.297372060857538,0.3360995850622407,-0.0013593442782124,0.2611848406074702,1793.0,1601.0,1.3545296167247387,-0.0074658365430274,0.0005469420057693,0.0003375294339817
2014-11-04,1506.0,1560.0,1491.0,1538.0,901200.0,1538.0,1448.6,1467.0,1509.24,1646.8133333333333,1767.74,False,False,False,False,True,False,False,False,False,False,False,0.0702210663198959,0.1840052015604681,,,0.0186996098829648,-0.0707498916341568,0.2139141742522756,0.2490247074122236,-0.0006315226983831,0.2659168370824812,1836.0,1614.0,1.4488745980707396,-0.0046380959953354,0.002827740547692,0.0007278215798293
2014-11-05,1536.0,1590.0,1500.0,1586.0,686400.0,1586.0,1478.8,1480.0,1505.0,1646.4133333333334,1760.98,False,False,False,False,False,False,False,False,False,False,False,0.1103404791929382,0.2099621689785624,,,0.0510718789407314,-0.0380916351408155,0.1349306431273644,0.2515762925598991,-0.0002429523570427,0.2677027027027027,1780.0,1603.0,0.7616511318242344,-0.0028172757475083,0.001820820247827,0.0003885703413404
2014-11-06,1609.0,1680.0,1590.0,1623.0,749900.0,1623.0,1518.2,1490.7,1502.96,1646.746666666667,1754.715,False,False,False,False,False,False,False,True,False,False,False,0.1146025878003696,0.1521873074553296,,,0.0739617991373998,-0.0146313411378107,0.0646950092421441,0.250770178681454,0.0002024193156608,0.2702086268196149,1772.0,1567.0,1.092511655011655,-0.001357321552137,0.0014599541953712,0.0004453716727035
2014-11-07,1605.0,1630.0,1581.0,1622.0,257400.0,1622.0,1563.0,1502.8,1502.64,1647.3333333333333,1748.24,False,False,False,False,False,False,False,True,False,False,False,0.1122071516646115,0.1442663378545006,,,0.0735881627620221,-0.0156185778873817,0.064118372379778,0.2453760789149198,0.0003561311210034,0.2724248070268832,1746.0,1581.0,0.3432457661021469,-0.0002129585263269,0.0011443630258101,0.0001537118053425
2014-11-10,1660.0,1676.0,1631.0,1663.0,411300.0,1663.0,1606.4,1516.5,1505.84,1648.0533333333333,1741.84,False,False,False,False,False,False,True,True,True,False,False,0.0348767288033674,0.1497294046903187,,,0.0945039085989176,0.0089877731008218,0.0114251352976548,0.1846061334936861,0.0004368790654024,0.2716782063963073,1769.0,1588.0,1.597902097902098,0.0021250597673058,0.0023380182936327,8.074794439897438e-05
2014-11-11,1683.0,1683.0,1635.0,1646.0,510300.0,1646.0,1628.0,1538.3,1507.8,1648.4133333333334,1735.225,False,False,False,False,False,False,True,True,False,True,False,0.106318347509113,0.1537059538274605,,,0.0839611178614824,-0.0014661806399352,0.0437424058323207,0.1859052247873633,0.0002183918272925,0.2617824871611519,1740.0,1640.0,1.2407002188183809,0.0012999071494893,-0.0008251526178164,-0.0002184872381098
2014-11-12,1740.0,1785.0,1687.0,1761.0,2053100.0,1761.0,1663.0,1570.9,1514.04,1650.5333333333333,1729.255,False,False,False,False,False,False,True,True,False,False,False,0.0897217490062464,0.0743895513912549,,,0.1402385008517887,0.0627295097482491,-0.002839295854628,0.1095968199886428,0.0012844333144841,0.2420268635813863,1746.0,1810.0,4.023319615912208,0.0041214234762621,0.0028215163267728,0.0010660414871915
2014-11-13,1785.0,1809.0,1739.0,1809.0,933300.0,1809.0,1700.2,1609.2,1524.08,1653.1866666666667,1723.55,False,False,False,False,False,False,True,True,False,False,False,0.0337202874516307,0.0519624101713653,,,0.1575013819789939,0.0861323014556845,-0.0049751243781094,0.0685461580983969,0.0016049810870319,0.2168158090976882,1728.0,1760.0,0.4545808776971409,0.0065875807044249,0.0024661572281627,0.0003205477725478
2014-11-14,1799.0,1838.0,1780.0,1804.0,692700.0,1804.0,1736.6,1649.8,1534.28,1655.6933333333334,1718.19,False,False,False,False,False,False,True,True,False,False,False,0.0288248337028824,0.0975609756097561,,,0.1495121951219512,0.0822099039172209,0.0011086474501108,0.0532150776053215,0.001513967965082,0.1878409504182325,1730.0,1741.0,0.7422050787528126,0.0066480694527726,6.048874834772497e-05,-9.101312194987036e-05
2014-11-17,1815.0,1819.0,1720.0,1721.0,607900.0,1721.0,1748.2,1677.3,1543.2,1656.52,1713.17,False,False,False,False,False,False,True,True,False,True,False,0.1109819872167344,0.1487507263219058,,,0.1033120278907611,0.03746658919233,0.0459035444509006,0.0958744915746658,0.0004990381442219,0.1656233231979967,1743.0,1831.0,0.8775804821712141,0.0057801969932608,-0.0008678724595118,-0.0010149298208601
2014-11-18,1750.0,1829.0,1738.0,1821.0,929700.0,1821.0,1783.2,1705.6,1557.28,1657.8666666666666,1709.09,False,False,False,False,False,False,True,True,False,False,False,0.042833607907743,0.0851180669961559,,,0.1448215266337177,0.0895844773933736,0.0049423393739703,0.0170236133992311,0.0008122888853144,0.1422373358348969,1786.0,1816.0,1.5293633821352195,0.0090414055275865,0.0032612085343257,0.0003132507410924
2014-11-19,1845.0,1920.0,1832.0,1919.0,1265000.0,1919.0,1814.8,1738.9,1576.36,1661.2666666666669,1704.385,False,False,False,False,False,False,True,True,False,False,False,-0.0140698280354351,0.0213652944241792,,,0.1785513288170923,0.1343060621851657,-0.0208441896821261,-0.0359562272016675,0.0020466310847146,0.1125999194893323,1770.0,1828.0,1.3606539744003443,0.0121038341495597,0.0030624286219731,0.0012343421994002
2014-11-20,1943.0,1958.0,1859.0,1870.0,1020800.0,1870.0,1827.0,1763.6,1592.48,1664.7866666666666,1699.535,False,False,False,False,False,False,True,True,False,True,False,0.0176470588235294,0.0390374331550802,,,0.1484064171122994,0.1097397504456328,-0.0037433155080213,-0.0379679144385026,0.0021143850263095,0.0839192560671354,1760.0,1836.0,0.8069565217391305,0.0101225761077062,-0.0019812580418534,6.775394159486353e-05
2014-11-21,1850.0,1859.0,1810.0,1856.0,612800.0,1856.0,1837.4,1787.0,1610.32,1668.1466666666668,1695.005,False,False,False,False,False,False,True,True,False,False,False,0.0668103448275862,0.0646551724137931,,,0.1323706896551724,0.10121408045977,-0.0080818965517241,-0.0247844827586206,0.0020142113802943,0.0579742585338555,1704.0,1877.0,0.6003134796238244,0.0110785433951015,0.0009559672873952,-0.0001001736460151
2014-11-25,1885.0,1930.0,1871.0,1912.0,568200.0,1912.0,1875.6,1811.9,1630.76,1672.2933333333333,1691.545,False,False,False,False,False,False,True,True,False,False,False,0.0339958158995815,-0.0188284518828451,,,0.147092050209205,0.1253695955369595,-0.0167364016736401,-0.0402719665271966,0.0024796287732613,0.0359843258457971,1729.0,1834.0,0.9272193211488252,0.0125340332115087,0.0014554898164072,0.000465417392967
2014-11-26,1914.0,1918.0,1871.0,1899.0,436200.0,1899.0,1891.2,1837.2,1647.28,1676.0933333333332,1688.55,False,False,False,False,False,False,True,True,False,True,False,0.0405476566614007,-0.0168509741969457,,,0.1325539757767246,0.1173810777602247,-0.0516061084781463,-0.0173775671406003,0.0022671768477491,0.0170367951230132,1713.0,1855.0,0.7676874340021119,0.0100286532951289,-0.0025053799163798,-0.0002124519255122
2014-11-27,1910.0,1929.0,1881.0,1892.0,480000.0,1892.0,1885.8,1850.3,1664.72,1679.9466666666667,1685.24,False,False,False,False,False,False,True,True,False,False,False,0.0359408033826638,-0.0486257928118393,,,0.1201268498942917,0.1120789288231148,-0.0866807610993657,-0.0137420718816067,0.0022937236102734,0.0050802572555802,1692.0,1807.0,1.1004126547455295,0.0104762362439329,0.000447582948804,2.6546762524317247e-05
2014-11-28,1900.0,1914.0,1881.0,1903.0,297000.0,1903.0,1892.4,1859.7,1680.2,1684.4266666666667,1682.975,False,False,False,False,False,False,True,True,False,True,False,0.0210194429847609,-0.0919600630583289,,,0.1170782974251182,0.1148572429497284,-0.094587493431424,-0.001576458223857,0.0026596586771364,-0.0017744797547991,1674.0,1827.0,0.61875,0.0092131889060826,-0.0012630473378503,0.000365935066863
2014-12-01,1915.0,1984.0,1910.0,1980.0,891700.0,1980.0,1917.2,1877.3,1699.36,1689.746666666667,1681.4,True,True,False,False,False,False,True,True,False,False,False,-0.002020202020202,-0.1282828282828282,,,0.1417373737373738,0.1465925925925924,-0.1287878787878787,-0.0505050505050505,0.0031484009437313,-0.0121983699994672,1630.0,1818.0,3.0023569023569023,0.0112748328782599,0.0020616439721773,0.0004887422665948
2014-12-02,1960.0,1989.0,1952.0,1977.0,582200.0,1977.0,1930.2,1902.9,1717.4,1694.9333333333334,1678.92,False,False,False,False,False,False,True,True,False,True,False,-0.0510875063227111,-0.1492159838138594,,,0.1313100657561962,0.1426740853144494,-0.1289833080424886,-0.067779463834092,0.0030601006922591,-0.0277471228125493,1583.0,1793.0,0.6529101715823707,0.0105042506113894,-0.0007705822668705,-8.83002514721243e-05
2014-12-03,1982.0,2018.0,1953.0,1976.0,602200.0,1976.0,1945.6,1918.4,1739.32,1699.4133333333334,1676.215,False,False,False,False,False,False,True,True,False,False,False,-0.055161943319838,-0.1305668016194332,,,0.1197773279352227,0.1399730094466936,-0.1578947368421052,-0.1017206477732793,0.0026362038664323,-0.0396163469557964,1597.0,1836.0,1.0343524562006183,0.0126026263137317,0.0020983757023422,-0.0004238968258268
2014-12-04,1961.0,1987.0,1928.0,1960.0,421600.0,1960.0,1959.2,1922.5,1760.32,1701.4133333333334,1673.635,False,False,False,False,False,False,True,True,False,True,False,-0.0816326530612244,-0.1040816326530612,,,0.1018775510204082,0.1319319727891156,-0.1683673469387755,-0.1005102040816326,0.0011754933153613,-0.0461898569570871,1605.0,1780.0,0.7000996346728662,0.0119296491546991,-0.0006729771590325,-0.001460710551071
2014-12-05,1935.0,1955.0,1905.0,1943.0,362600.0,1943.0,1967.2,1929.8,1781.0,1703.8533333333332,1673.47,False,False,False,False,False,False,True,True,False,True,False,-0.1106536284096757,-0.0735975295934122,,,0.0833762223365928,0.1230811459941671,-0.1837364899639732,-0.0669068450849202,0.0014320481418587,-0.0490724427401803,1558.0,1772.0,0.860056925996205,0.0116114542391915,-0.0003181949155076,0.0002565548264973
2014-12-08,1950.0,1980.0,1944.0,1976.0,440300.0,1976.0,1966.4,1941.8,1804.12,1706.986666666667,1674.725,False,False,False,False,False,False,True,True,False,False,False,-0.1265182186234817,-0.0860323886639676,,,0.0869838056680162,0.1361403508771928,-0.1837044534412955,-0.0678137651821862,0.0018355933262515,-0.0533010608713564,1549.0,1746.0,1.2142857142857142,0.0128151120768019,0.0012036578376104,0.0004035451843927
2014-12-09,1950.0,1953.0,1865.0,1876.0,519100.0,1876.0,1946.2,1938.2,1821.32,1707.5866666666666,1675.0,False,False,False,False,False,False,True,True,False,True,False,-0.103411513859275,-0.0405117270788912,,,0.0291471215351812,0.089772565742715,-0.1471215351812366,-0.0474413646055437,0.0003513730879445,-0.0540191930657311,1498.0,1769.0,1.178968884851238,0.0094437001735005,-0.0033714119033013,-0.0014842202383069
2014-12-10,1831.0,1890.0,1819.0,1867.0,438100.0,1867.0,1924.4,1935.0,1834.48,1708.2666666666669,1675.355,False,False,False,False,False,False,True,True,False,True,False,-0.0798071772897696,-0.0198178896625602,,,0.0174183181574718,0.0850205320478484,-0.1397964649169791,-0.0374933047670058,0.0003980643147051,-0.0560206718346253,1469.0,1740.0,0.843960701213639,0.0071736949980376,-0.0022700051754629,4.669122676054103e-05
2014-12-11,1820.0,1839.0,1776.0,1800.0,479300.0,1800.0,1892.4,1925.8,1843.04,1707.8933333333334,1675.62,False,False,False,False,False,False,True,False,False,True,False,-0.0244444444444444,0.0438888888888888,,,-0.023911111111111,0.0511703703703703,-0.0966666666666666,-0.0177777777777777,-0.0002185928863629,-0.056599854605878,1442.0,1746.0,1.0940424560602602,0.0046445003906588,-0.0025291946073787,-0.0006166572010681
2014-12-12,1812.0,1839.0,1721.0,1728.0,945600.0,1728.0,1849.4,1908.3,1847.24,1706.4533333333334,1675.21,False,False,False,False,False,False,True,False,False,True,False,0.0416666666666666,0.078125,,,-0.0690046296296296,0.0124691358024691,-0.0387731481481481,0.03125,-0.0008438554819352,-0.054131949903055,1467.0,1728.0,1.9728771124556643,0.0022736623286633,-0.0023708380619955,-0.0006252625955722
2014-12-15,1688.0,1745.0,1675.0,1726.0,749000.0,1726.0,1799.4,1882.9,1851.4,1704.44,1674.525,False,False,False,False,False,False,True,False,False,True,False,0.0463499420625724,0.0666280417149478,,,-0.0726535341830823,0.0124913093858632,-0.0434530706836616,0.0399768250289687,-0.0011812286342337,-0.0458866641882203,1410.0,1730.0,0.7920896785109983,0.0022469482553743,-2.671407328897228e-05,-0.0003373731522984
2014-12-16,1700.0,1718.0,1672.0,1682.0,580500.0,1682.0,1760.6,1853.4,1852.16,1702.4133333333334,1673.265,False,False,False,False,False,False,True,False,False,True,False,0.070154577883472,0.1177170035671819,,,-0.1011652794292509,-0.0121363456202933,0.0101070154577883,0.0992865636147443,-0.0011904668666442,-0.0303766051580879,1401.0,1743.0,0.7750333778371161,0.0004103317208016,-0.0018366165345727,-9.238232410481006e-06
2014-12-17,1653.0,1750.0,1653.0,1718.0,371800.0,1718.0,1730.8,1827.6,1855.04,1700.5866666666666,1672.365,False,False,False,False,False,False,True,False,True,False,False,0.0651920838183934,0.0483119906868451,,,-0.07976717112922,0.0101358168412883,-0.0075669383003492,0.1001164144353899,-0.0010741391206172,-0.0103961479536003,1486.0,1786.0,0.6404823428079242,0.0015525271692253,0.0011421954484237,0.0001163277460269
2014-12-18,1769.0,1775.0,1733.0,1756.0,332600.0,1756.0,1722.0,1807.2,1854.84,1699.9066666666668,1671.915,False,False,False,False,False,False,False,False,False,True,False,0.0700455580865603,-0.0159453302961275,,,-0.0562870159453302,0.0319438116932421,-0.0649202733485193,0.0780182232346241,-0.0004000219619899,0.0079681274900397,1456.0,1770.0,0.8945669714900484,-0.0001078260119471,-0.0016603531811725,0.0006741171586273
2014-12-19,1788.0,1808.0,1774.0,1800.0,333400.0,1800.0,1736.4,1792.9,1854.48,1699.5466666666666,1671.88,False,False,False,False,False,False,False,False,False,True,False,0.035,-0.0427777777777777,,,-0.0302666666666666,0.0558074074074074,-0.0572222222222222,0.0555555555555555,-0.0002118211915335,0.0208600591220926,1516.0,1760.0,1.0024052916416115,-0.0001941244985116,-8.629848656451157e-05,0.0001882007704564
2014-12-22,1810.0,1817.0,1781.0,1806.0,351500.0,1806.0,1752.4,1775.9,1854.56,1699.3866666666668,1672.11,False,False,False,False,False,False,True,False,False,False,False,0.0193798449612403,-0.0448504983388704,,,-0.0268881506090808,0.059032853451458,-0.0758582502768549,0.0348837209302325,-9.415161548471671e-05,0.0321527113013119,1501.0,1704.0,1.0542891421715657,4.313691657316412e-05,0.0002372614150848,0.0001176695760487
2014-12-24,1819.0,1824.0,1785.0,1800.0,223500.0,1800.0,1776.0,1768.3,1857.72,1699.48,1672.065,False,False,False,False,False,False,True,True,True,False,False,0.0444444444444444,-0.0433333333333333,,,-0.0320666666666666,0.0558444444444444,-0.0483333333333333,0.0483333333333333,5.4918759463629136e-05,0.0422439631284284,1526.0,1729.0,0.635846372688478,0.0017010098400189,0.0016578729234458,0.0001490703749483
2014-12-25,1783.0,1878.0,1780.0,1830.0,533900.0,1830.0,1798.4,1764.6,1858.08,1699.4,1671.915,False,False,False,False,False,False,True,False,False,True,False,-0.0158469945355191,-0.0907103825136612,,,-0.0153442622950819,0.0713661202185791,-0.0786885245901639,0.0202185792349726,-4.707543838997719e-05,0.0483962371075598,1428.0,1713.0,2.3888143176733783,0.00019374838543,-0.0015072614545889,-0.0001019941978536
2014-12-26,1870.0,1898.0,1855.0,1879.0,351200.0,1879.0,1823.0,1772.5,1856.48,1700.72,1671.705,False,False,False,False,True,False,False,True,False,True,True,-0.0803618946248004,-0.1325172964342735,,,0.0119850984566258,0.0948802554550292,-0.0713145290047897,-0.0329962746141564,0.0007761418693258,0.0464880112834979,1435.0,1692.0,0.6578010863457576,-0.000861846074291,-0.0010555944597211,0.0008232173077158
2014-12-29,1895.0,1905.0,1820.0,1863.0,352300.0,1863.0,1835.6,1786.0,1856.2,1701.9333333333334,1671.375,False,False,False,False,False,False,False,True,False,False,False,-0.0751476113794954,-0.1486849168008588,,,0.0036500268384326,0.086455537663267,-0.0413311862587224,-0.0381105743424584,0.000712914724431,0.0391377379619261,1426.0,1674.0,1.0031321184510251,-0.0001508458140286,0.0007110002602624,-6.322714489483626e-05
2014-12-30,1847.0,1879.0,1832.0,1841.0,199000.0,1841.0,1842.6,1797.5,1855.6,1703.2,1670.815,False,False,False,False,False,False,False,True,False,True,False,-0.0630092341118957,-0.1238457360130363,,,-0.0079304725692557,0.0748506246605105,-0.0304182509505703,-0.0217273221075502,0.0007436981368404,0.0328233657858136,1398.0,1630.0,0.5648594947487936,-0.0003233455486096,-0.000172499734581,3.0783412409389455e-05
2015-01-05,1870.0,1919.0,1869.0,1880.0,885400.0,1880.0,1858.6,1817.3,1854.32,1704.68,1670.375,False,False,False,False,False,False,False,True,False,True,False,-0.0840425531914893,-0.1489361702127659,,,0.0136595744680851,0.0932553191489361,-0.0563829787234042,-0.0329787234042553,0.0008681981368937,0.0198646343476586,1446.0,1583.0,4.4492462311557786,-0.0006902799948228,-0.0003669344462131,0.0001245000000532
2015-01-06,1836.0,1862.0,1800.0,1801.0,455200.0,1801.0,1852.8,1825.6,1850.4,1705.493333333333,1669.52,False,False,False,False,False,False,False,True,False,True,False,-0.0760688506385341,-0.1082731815657967,,,-0.0274292059966685,0.0530297982602259,-0.008328706274292,0.0094392004441976,0.0004768903621237,0.0112839614373357,1538.0,1597.0,0.5141179128077705,-0.0021184608733246,-0.0014281808785017,-0.0003913077747699
2015-01-07,1785.0,1820.0,1717.0,1728.0,665900.0,1728.0,1822.6,1822.8,1843.84,1705.253333333333,1668.485,False,False,False,False,False,False,False,False,False,True,False,-0.0567129629629629,-0.0590277777777777,,,-0.0670370370370369,0.0131635802469137,0.0381944444444444,0.0422453703703703,-0.0001407415515974,0.0077902128593373,1586.0,1605.0,1.4628734622144113,-0.003557792433183,-0.0014393315598584,-0.0006176319137212
2015-01-08,1765.0,1770.0,1714.0,1723.0,348900.0,1723.0,1794.6,1815.1,1836.64,1705.1866666666667,1668.055,False,False,False,False,False,False,False,False,False,True,False,-0.0795124782356355,-0.0359837492745211,,,-0.0659547301218805,0.0103385567808086,0.0777713290771909,0.0470110272780034,-3.90964039125992e-05,0.0067764861440142,1623.0,1558.0,0.5239525454272413,-0.0039202021081974,-0.0003624096750144,0.0001016451476848
2015-01-09,1727.0,1732.0,1690.0,1725.0,382300.0,1725.0,1771.4,1807.0,1826.44,1705.12,1667.86,False,False,False,False,False,False,False,False,False,True,False,-0.064927536231884,-0.0428985507246376,,,-0.0588057971014493,0.0115246376811594,0.0626086956521739,0.0376811594202898,-3.909793250142712e-05,0.0069175428887659,1622.0,1549.0,1.0957294353683005,-0.0055846345896936,-0.0016644324814961,-1.5285888279161027e-09
2015-01-13,1749.0,1766.0,1701.0,1722.0,281800.0,1722.0,1739.8,1799.2,1816.24,1704.84,1667.31,False,False,False,False,False,False,False,False,False,True,False,-0.0708478513356562,-0.0133565621370499,,,-0.0547270615563298,0.0099651567944251,0.0493612078977932,0.0005807200929152,-0.0001642382862907,0.0021676300578033,1663.0,1498.0,0.7371174470311274,-0.0056159978857419,-3.13632960483607e-05,-0.0001251403537893
2015-01-14,1701.0,1705.0,1652.0,1664.0,438200.0,1664.0,1712.4,1782.6,1803.76,1703.2133333333334,1666.465,False,False,False,False,False,False,False,False,False,True,False,-0.0348557692307692,0.024639423076923,,,-0.0839903846153846,-0.0235657051282051,0.0979567307692307,0.0306490384615384,-0.0009550574991583,0.00297318523505,1646.0,1469.0,1.5550035486160398,-0.0069188805606067,-0.0013028826748647,-0.0007908192128676
2015-01-15,1647.0,1657.0,1610.0,1630.0,563400.0,1630.0,1692.8,1757.7,1790.56,1701.3466666666666,1665.96,False,False,False,False,False,False,False,False,False,True,False,-0.0024539877300613,0.007361963190184,,,-0.0985030674846625,-0.0437709611451942,0.1368098159509202,0.0711656441717791,-0.001097170084874,0.0131421744324969,1761.0,1442.0,1.2857142857142858,-0.007371995353409,-0.0004531147928022,-0.0001421125857156
2015-01-16,1594.0,1599.0,1551.0,1586.0,504300.0,1586.0,1665.4,1730.0,1776.28,1699.0266666666666,1665.26,False,False,False,False,False,False,False,False,False,True,False,0.0472887767969735,0.0699873896595208,,,-0.1199747793190416,-0.0712652374947456,0.1746532156368222,0.1166456494325346,-0.0013654876909916,0.028150289017341,1809.0,1467.0,0.8951011714589989,-0.0080392730875762,-0.0006672777341672,-0.0002683176061176
2015-01-19,1626.0,1628.0,1594.0,1613.0,306500.0,1613.0,1643.0,1707.2,1761.76,1697.8133333333333,1664.86,False,False,False,False,False,False,False,False,False,True,False,0.0235585864848109,0.0347179169249845,,,-0.0922256664600123,-0.0525811117999586,0.1680099194048357,0.0942343459392436,-0.0007146447194823,0.0397727272727271,1804.0,1410.0,0.6077731509022407,-0.0082417582417582,-0.0002024851541819,0.0006508429715093
2015-01-20,1598.0,1617.0,1593.0,1600.0,350600.0,1600.0,1618.6,1679.2,1750.72,1696.0933333333332,1664.52,False,False,False,False,False,False,False,False,False,False,False,0.061875,0.070625,,,-0.0942,-0.0600583333333332,0.2075,0.078125,-0.0010140951362739,0.051572177227251,1721.0,1401.0,1.1438825448613377,-0.0063059769694753,0.0019357812722828,-0.0002994504167916
2015-01-21,1590.0,1621.0,1587.0,1606.0,554400.0,1606.0,1607.0,1659.7,1740.28,1694.6666666666667,1664.32,False,False,False,False,False,False,False,False,False,False,False,0.0616438356164383,0.049813200498132,,,-0.0836114570361145,-0.0552096305520963,0.1961394769613947,0.1014943960149439,-0.0008418568056647,0.0609748749774055,1821.0,1486.0,1.5812892184826013,-0.0059990346381042,0.0003069423313711,0.0001722383306092
2015-01-22,1646.0,1675.0,1569.0,1626.0,783200.0,1626.0,1606.2,1649.5,1733.32,1693.7866666666666,1663.89,False,False,False,False,False,False,False,False,False,False,False,0.009840098400984,0.0731857318573185,,,-0.0660024600246002,-0.0416892168921689,0.2207872078720787,0.0338253382533825,-0.0005195459483288,0.0602606850560776,1919.0,1456.0,1.4126984126984128,-0.0040154155031962,0.001983619134908,0.0003223108573358
2015-01-23,1649.0,1688.0,1632.0,1661.0,444900.0,1661.0,1621.2,1643.3,1730.64,1693.6133333333332,1663.405,False,False,False,False,False,False,False,False,False,False,False,0.0216736905478627,0.0752558699578567,,,-0.0419265502709211,-0.0196347581778044,0.222155328115593,0.0264900662251655,-0.0001023452814889,0.0582364753848962,1870.0,1516.0,0.5680541368743616,-0.0015485600702629,0.0024668554329332,0.0004172006668399
2015-01-26,1639.0,1665.0,1628.0,1651.0,280500.0,1651.0,1628.8,1635.9,1727.64,1693.8933333333334,1663.025,False,False,False,False,False,False,False,True,False,True,False,0.0109024833434282,0.0811629315566323,,,-0.0464203513022411,-0.0259802140117101,0.2235009085402786,0.019382192610539,0.0001652996646779,0.0564826700898587,1856.0,1501.0,0.6304787592717465,-0.0017364728762936,-0.0001879128060307,0.0002676449461668
2015-01-27,1674.0,1699.0,1656.0,1699.0,397000.0,1699.0,1648.6,1633.6,1728.32,1695.44,1662.77,False,False,False,False,False,False,True,True,False,False,False,0.0082401412595644,0.0441436138905238,,,-0.017257210123602,0.0020953502060034,0.1595055915244261,-0.0041200706297822,0.0009122509004545,0.0560724779627816,1912.0,1526.0,1.4153297682709447,0.0003934456582113,0.002129918534505,0.0007469512357765
2015-01-28,1679.0,1717.0,1666.0,1705.0,256400.0,1705.0,1668.4,1637.7,1727.8,1696.88,1662.39,False,False,False,False,False,False,False,True,False,True,True,-0.0111436950146627,0.0475073313782991,,,-0.0133724340175952,0.0047624633431084,0.1448680351906158,-0.0023460410557184,0.0008486162840036,0.0525737314526469,1899.0,1428.0,0.6458438287153653,-0.0003009607593471,-0.0006944064175584,-6.363461645091236e-05
2015-01-29,1680.0,1697.0,1636.0,1642.0,289900.0,1642.0,1671.6,1638.9,1723.24,1697.3733333333332,1661.67,False,False,False,False,False,False,False,True,False,True,False,0.0627283800243605,0.0925700365408039,,,-0.0494762484774665,-0.0337231019082419,0.1900121802679659,0.0334957369062119,0.0002906451536883,0.0488132283848923,1892.0,1435.0,1.1306552262090483,-0.0026461781295698,-0.0023452173702227,-0.0005579711303153
2015-01-30,1654.0,1743.0,1651.0,1697.0,732100.0,1697.0,1678.8,1650.0,1719.12,1699.2266666666667,1661.705,False,False,False,False,False,False,False,True,False,False,True,0.0524454920447849,0.0942840306423099,,,-0.0130347672362992,-0.0013121194264388,0.1390689451974072,-0.0023571007660577,0.0010906922364684,0.0370303030303029,1903.0,1426.0,2.52535357019662,-0.0023965749918563,0.0002496031377134,0.0008000470827801
2015-02-02,1685.0,1695.0,1658.0,1669.0,320400.0,1669.0,1682.4,1655.6,1713.64,1700.8266666666666,1661.79,False,False,False,False,False,False,False,True,False,True,False,0.0695026962252846,0.0982624325943678,,,-0.0267465548232475,-0.0190693029758337,0.1384062312762133,0.0209706411024565,0.0009407190229064,0.0298381251510027,1980.0,1398.0,0.4376451304466603,-0.0031978711981511,-0.0008012962062948,-0.0001499732135619
2015-02-03,1697.0,1758.0,1681.0,1713.0,564100.0,1713.0,1685.2,1666.9,1710.16,1703.6933333333334,1662.205,False,False,False,False,True,False,False,True,False,False,False,0.0356100408639813,0.0548744892002335,,,0.001657910099241,0.0054329636115975,0.1009924109748978,0.0005837711617046,0.0016826189376805,0.022196892435059,1977.0,1446.0,1.7606117353308364,-0.002034897319549,0.0011629738786021,0.0007418999147741
2015-02-04,1740.0,1742.0,1683.0,1686.0,363100.0,1686.0,1681.4,1674.9,1704.4,1706.5866666666666,1662.55,False,False,True,False,False,False,False,True,False,True,False,0.059311981020166,0.0836298932384341,,,-0.0109134045077106,-0.0122103598260181,0.0984578884934756,0.0148279952550415,0.0016953919714985,0.0138515732282523,1976.0,1538.0,0.643680198546357,-0.0033794883830086,-0.0013445910634596,1.2773033818026282e-05
2015-02-05,1671.0,1746.0,1650.0,1745.0,456500.0,1745.0,1702.0,1686.8,1699.04,1710.6266666666668,1663.78,False,False,False,False,False,False,False,True,False,False,False,0.028080229226361,0.06189111747851,,,0.0263381088825215,0.0196981852913084,0.0601719197707736,-0.0200573065902578,0.0023617076003337,0.0084183068532132,1960.0,1586.0,1.2572294133847426,-0.0031547226669178,0.0002247657160908,0.0006663156288351
2015-02-06,1770.0,1815.0,1761.0,1786.0,548100.0,1786.0,1719.8,1699.3,1695.96,1714.88,1665.23,False,False,False,False,False,False,False,True,False,False,False,0.0397536394176931,0.0431131019036954,,,0.0504143337066069,0.0398208286674131,0.0072788353863381,-0.0235162374020156,0.0024802512906636,0.0032954746071912,1943.0,1623.0,1.20065717415115,-0.0018160805679378,0.0013386420989799,0.0001185436903299
2015-02-09,1785.0,1809.0,1770.0,1785.0,233200.0,1785.0,1743.0,1712.7,1693.72,1719.88,1667.065,False,False,False,False,False,False,False,True,False,False,False,0.026890756302521,0.0554621848739495,,,0.0511372549019607,0.0364817927170867,0.0140056022408963,-0.0028011204481792,0.0029071795706677,0.0011093594908623,1976.0,1622.0,0.4254698047801496,-0.0013225326500248,0.000493547917913,0.000426928280004
2015-02-10,1771.0,1814.0,1766.0,1774.0,362400.0,1774.0,1755.2,1720.2,1689.48,1724.8533333333332,1668.17,False,False,False,False,False,False,False,True,False,True,False,0.0186020293122886,0.089064261555806,,,0.0476437429537767,0.0277038707252912,0.0343855693348365,-0.0045095828635851,0.0028833369407252,0.0010463899546564,1876.0,1663.0,1.5540308747855918,-0.0025096479390108,-0.001187115288986,-2.3842629942443308e-05
2015-02-12,1790.0,1810.0,1779.0,1786.0,308900.0,1786.0,1775.2,1728.3,1688.88,1728.8533333333332,1669.185,False,False,False,False,False,False,False,True,False,False,False,0.0229563269876819,0.0755879059350504,,,0.0543784994400895,0.0319970138111236,0.0447928331466965,-0.0134378499440089,0.002313672260612,-0.00011572065035,1867.0,1646.0,0.8523730684326711,-0.0003552650277106,0.0021543829113002,-0.0005696646801132
2015-02-13,1786.0,1813.0,1780.0,1794.0,210900.0,1794.0,1785.0,1743.5,1691.52,1733.36,1670.255,False,False,False,False,False,False,True,True,True,False,False,0.0328874024526198,0.1064659977703456,,,0.057123745819398,0.0338015607580825,0.040133779264214,-0.0005574136008918,0.0025999600006153,-0.0033266418124462,1800.0,1761.0,0.6827452249919068,0.0015607264472189,0.0019159914749296,0.0002862877400033
2015-02-16,1874.0,1874.0,1840.0,1857.0,489600.0,1857.0,1799.2,1759.5,1696.88,1737.9066666666668,1671.645,False,False,False,False,False,False,True,True,False,False,False,0.0032310177705977,0.0931610123855681,,,0.0862250942380182,0.0641321127266199,0.0231556273559504,-0.040926225094238,0.0026161742479459,-0.0073884626314293,1728.0,1809.0,2.321479374110953,0.0031587383904578,0.0015980119432388,1.6214247330539368e-05
2015-02-17,1865.0,1870.0,1827.0,1833.0,324000.0,1833.0,1808.8,1775.9,1701.2,1742.3333333333333,1672.93,False,False,False,False,False,False,True,True,False,True,False,0.027823240589198,0.1020185488270594,,,0.0719039825422803,0.0494635388252409,0.0256410256410256,-0.050190943807965,0.0025406542950066,-0.0144715355594346,1726.0,1804.0,0.6617647058823529,0.0025393839642604,-0.0006193544261973,-7.551995293930691e-05
2015-02-18,1848.0,1848.0,1791.0,1807.0,334200.0,1807.0,1815.4,1785.3,1704.6,1746.08,1673.75,False,False,False,False,False,False,True,True,False,True,False,0.0691754288876591,0.0902047592695074,,,0.0566685113447703,0.0337133370226895,0.0199225235196458,-0.0625345877144438,0.0021457588808454,-0.0207808211505068,1682.0,1721.0,1.0314814814814814,0.0019946028393757,-0.0005447811248847,-0.0003948954141611
2015-02-19,1791.0,1841.0,1791.0,1827.0,284300.0,1827.0,1823.6,1799.4,1711.12,1751.4,1674.985,False,False,False,False,False,False,True,True,False,False,False,0.0514504652435686,0.0684181718664477,,,0.0634263820470717,0.0413793103448275,-0.0284619594964422,-0.0744389709906951,0.0030375699440448,-0.029565410692453,1718.0,1821.0,0.850688210652304,0.0038103698162606,0.0018157669768849,0.0008918110631993
2015-02-20,1893.0,1930.0,1852.0,1853.0,988200.0,1853.0,1835.4,1810.2,1720.04,1756.9733333333334,1676.525,False,False,False,False,False,False,True,True,False,False,False,0.0712358337830545,0.0545062061521856,,,0.071753912574204,0.0518222701924806,-0.0485698866702644,-0.0825688073394495,0.0031721217548359,-0.0359076345155231,1756.0,1919.0,3.475905733380232,0.0051859259086998,0.0013755560924391,0.000134551810791
2015-02-23,1865.0,1920.0,1830.0,1863.0,498100.0,1863.0,1836.6,1817.9,1731.12,1762.8,1678.24,False,False,False,False,False,False,True,True,False,False,False,0.0896403650026838,0.0375738056897477,,,0.0707890499194847,0.0537842190016103,-0.026838432635534,-0.0697799248523886,0.0033053475531351,-0.040596292425326,1800.0,1870.0,0.5040477636106051,0.0064004806137066,0.0012145547050068,0.0001332257982991
2015-02-24,1845.0,1895.0,1845.0,1884.0,275800.0,1884.0,1846.8,1827.8,1741.96,1769.28,1680.215,False,False,False,False,False,False,True,True,False,True,False,0.0721868365180467,0.0084925690021231,,,0.0753927813163481,0.0608917197452229,-0.0222929936305732,-0.0955414012738853,0.0036625067824199,-0.0499507604770762,1806.0,1856.0,0.5537040754868501,0.0062228753817539,-0.0001776052319527,0.0003571592292848
2015-02-25,1905.0,1948.0,1888.0,1932.0,773700.0,1932.0,1871.8,1843.6,1755.24,1775.76,1682.125,False,False,False,False,False,False,True,True,False,False,False,0.0196687370600414,-0.0238095238095238,,,0.0914906832298136,0.0808695652173913,-0.0750517598343685,-0.1304347826086956,0.0036491417759156,-0.0627576480798436,1800.0,1912.0,2.805293691080493,0.0075659169116473,0.0013430415298934,-1.3365006504303164e-05
2015-02-26,1935.0,1935.0,1900.0,1921.0,301400.0,1921.0,1890.6,1857.1,1767.84,1780.8666666666666,1684.09,False,False,False,False,False,False,True,True,False,True,False,0.0161374284226965,-0.0359187922956793,,,0.0797293076522644,0.0729481173000174,-0.064549713690786,-0.1114003123373243,0.002867517688017,-0.0725324430563781,1830.0,1899.0,0.3895566757141011,0.0071273418408905,-0.0004385750707568,-0.0007816240878986
2015-02-27,1925.0,1985.0,1925.0,1985.0,643700.0,1985.0,1917.0,1876.2,1782.2,1786.1866666666667,1686.865,False,False,False,False,False,False,True,True,False,False,False,-0.015617128463476,-0.0680100755667506,,,0.1021662468513853,0.1001578505457598,-0.1093198992443325,-0.1516372795969773,0.0029784121107164,-0.087783818356252,1879.0,1892.0,2.1357000663570007,0.0080574570755247,0.0009301152346341,0.0001108944226993
2015-03-02,1990.0,2054.0,1990.0,2030.0,732500.0,2030.0,1950.4,1893.5,1796.96,1791.6133333333332,1690.065,True,True,False,False,False,False,True,True,False,False,False,-0.047783251231527,-0.1137931034482758,,,0.1147980295566502,0.117431855500821,-0.122167487684729,-0.167487684729064,0.0030289273727217,-0.1009242144177448,1863.0,1903.0,1.137952462327171,0.008213872317692,0.0001564152421673,5.051526200529994e-05
2015-03-03,2050.0,2059.0,1981.0,2020.0,677400.0,2020.0,1977.6,1912.2,1811.72,1796.92,1693.575,False,False,False,False,False,False,True,True,False,True,False,-0.0594059405940594,-0.1039603960396039,,,0.103108910891089,0.1104356435643564,-0.1113861386138613,-0.1569306930693069,0.0029532014038837,-0.1117037966739881,1841.0,1980.0,0.924778156996587,0.0081469542754951,-6.691804219699331e-05,-7.572596883792309e-05
2015-03-04,1982.0,2003.0,1939.0,1970.0,503600.0,1970.0,1985.2,1928.5,1822.56,1801.013333333333,1697.085,False,False,False,False,False,False,True,True,False,True,False,-0.0426395939086294,-0.0685279187817258,,,0.0748426395939086,0.0857800338409476,-0.0614213197969543,-0.1314720812182741,0.0022727945749058,-0.1183303085299455,1880.0,1977.0,0.7434307646885149,0.0059476779913966,-0.0021992762840984,-0.0006804068289779
2015-03-05,1952.0,1985.0,1943.0,1952.0,230000.0,1952.0,1991.4,1941.0,1832.44,1805.0933333333328,1700.08,False,False,False,False,False,False,True,True,False,True,False,-0.0512295081967213,-0.0440573770491803,,,0.0612499999999999,0.0752595628415303,-0.0317622950819672,-0.1219262295081967,0.002260270937052,-0.1228232869654817,1801.0,1976.0,0.4567116759332804,0.0053917181462968,-0.0005559598450998,-1.2523637853778436e-05
2015-03-06,1957.0,1990.0,1941.0,1954.0,387600.0,1954.0,1985.2,1951.1,1844.92,1807.6666666666667,1702.725,False,False,False,False,False,False,True,True,False,False,False,-0.0532241555783009,-0.04503582395087,,,0.0558239508700102,0.0748891163425451,-0.0312180143295803,-0.1289662231320368,0.0014235662917207,-0.1272615447696171,1728.0,1960.0,1.6852173913043478,0.0067645209548381,0.0013728028085413,-0.0008367046453312
2015-03-09,1928.0,1954.0,1913.0,1933.0,301900.0,1933.0,1965.8,1958.1,1854.36,1809.32,1705.115,False,False,False,False,False,False,True,True,False,True,False,-0.0693222969477496,-0.0170719089498189,,,0.0406828763579928,0.0639834454216244,-0.0170719089498189,-0.1215726849456802,0.0009137871318137,-0.1321689392778713,1723.0,1943.0,0.7788957688338494,0.0050907051489461,-0.0016738158058919,-0.000509779159907
2015-03-10,1945.0,1948.0,1878.0,1900.0,437000.0,1900.0,1941.8,1959.7,1863.6,1810.6,1707.625,False,False,False,False,False,False,True,True,False,True,False,-0.0473684210526315,-0.0105263157894736,,,0.0191578947368421,0.0470526315789474,-0.0163157894736842,-0.1431578947368421,0.0007069479730475,-0.1367556258611011,1725.0,1976.0,1.447499171911229,0.0049581455247907,-0.0001325596241554,-0.0002068391587661
2015-03-11,1881.0,1914.0,1866.0,1886.0,283400.0,1886.0,1925.0,1955.1,1870.52,1812.8,1710.485,False,False,False,False,False,False,True,True,False,True,False,-0.0270413573700954,-0.0227995758218451,,,0.0082078472958642,0.0388123011664899,0.0005302226935312,-0.1352067868504772,0.0012135922330097,-0.137230832182497,1722.0,1876.0,0.6485125858123569,0.0036995060197164,-0.0012586395050742,0.0005066442599621
2015-03-12,1895.0,1900.0,1851.0,1852.0,509400.0,1852.0,1905.0,1948.2,1877.16,1813.213333333333,1712.845,False,False,False,False,False,False,True,True,False,True,False,0.0075593952483801,-0.0415766738660907,,,-0.013585313174946,0.0209431245500361,0.0080993520518358,-0.1074514038876889,0.0002279562618113,-0.1369469253670054,1664.0,1867.0,1.7974594213126325,0.0035372584116431,-0.0001622476080733,-0.0009856359711983
2015-03-13,1862.0,1885.0,1840.0,1850.0,489200.0,1850.0,1884.2,1934.7,1881.36,1812.2933333333333,1715.055,False,False,False,False,False,False,True,False,False,True,False,0.0086486486486486,-0.047027027027027,,,-0.0169513513513513,0.020381981981982,-0.0178378378378378,-0.1048648648648648,-0.0005076440899927,-0.1323719439706415,1630.0,1800.0,0.9603455045151158,0.0022324276055618,-0.0013048308060813,-0.000735600351804
2015-03-16,1845.0,1870.0,1776.0,1799.0,764700.0,1799.0,1857.4,1911.6,1881.88,1811.3466666666664,1716.44,False,False,False,False,False,False,True,False,False,True,False,0.056142301278488,0.0077821011673151,,,-0.0460700389105059,-0.0068630720770796,-0.0038910505836575,-0.0811561978877154,-0.0005226314123563,-0.1238229755178906,1586.0,1728.0,1.563164349959117,0.0002763194252557,-0.0019561081803061,-1.4987322363632042e-05
2015-03-17,1839.0,1843.0,1805.0,1810.0,349700.0,1810.0,1839.4,1890.6,1882.88,1810.733333333333,1717.785,False,False,False,False,False,False,True,False,False,False,False,0.0386740331491712,0.0176795580110497,,,-0.0402651933701658,-0.0004051565377531,-0.0049723756906077,-0.0950276243093922,-0.0003387209602002,-0.117528826827462,1613.0,1726.0,0.457303517719367,0.0005311012916383,0.0002547818663826,0.0001839104521561
2015-03-18,1810.0,1838.0,1810.0,1835.0,191700.0,1835.0,1829.2,1877.1,1885.32,1809.7066666666667,1718.97,False,False,False,False,False,False,True,False,True,False,False,0.0043596730245231,-0.0261580381471389,,,-0.0274223433242506,0.0137838328792007,-0.0092643051771117,-0.0926430517711171,-0.0005673110927736,-0.1136327313408981,1600.0,1682.0,0.5481841578495854,0.001294210001485,0.0007631087098467,-0.0002285901325734
2015-03-19,1846.0,1873.0,1826.0,1866.0,477800.0,1866.0,1832.0,1868.5,1888.52,1809.2666666666669,1720.44,False,False,False,False,False,False,True,False,False,False,False,-0.0487674169346195,-0.0369774919614147,,,-0.0120685959271168,0.0304037156127187,-0.0257234726688102,-0.1302250803858521,-0.0002431924536643,-0.1144233342253144,1606.0,1718.0,2.4924360980699007,0.0016944485628958,0.0004002385614107,0.0003241186391092
2015-03-20,1878.0,1878.0,1850.0,1866.0,253000.0,1866.0,1835.2,1859.7,1891.4,1808.92,1721.92,False,False,False,False,False,False,True,False,False,True,False,-0.055198285101822,-0.052518756698821,,,-0.0136120042872454,0.0305894962486601,-0.0348338692390139,-0.1393354769560557,-0.0001916428955768,-0.1153949561757273,1626.0,1756.0,0.529510255336961,0.0015226816115047,-0.000171766951391,5.154955808756094e-05
2015-03-23,1880.0,1911.0,1870.0,1900.0,291000.0,1900.0,1855.4,1856.4,1893.12,1808.88,1723.215,False,False,False,True,True,False,True,False,False,True,False,-0.0457894736842105,-0.0621052631578947,,,0.003621052631579,0.047957894736842,-0.0505263157894736,-0.1578947368421052,-2.2113130777035305e-05,-0.1191014867485456,1661.0,1800.0,1.150197628458498,0.0009085530764028,-0.0006141285351018,0.0001695297647997
2015-03-24,1903.0,1917.0,1857.0,1880.0,425100.0,1880.0,1869.4,1854.4,1895.0,1807.5466666666664,1724.38,False,False,False,False,False,False,True,False,False,False,False,-0.0202127659574468,-0.0452127659574468,,,-0.0079787234042553,0.0385390070921987,-0.0478723404255319,-0.1138297872340425,-0.0007376480828528,-0.1161022433132011,1651.0,1806.0,1.4608247422680412,0.0009920844327177,8.353135631486625e-05,-0.0007155349520758
2015-03-25,1872.0,1879.0,1831.0,1843.0,275700.0,1843.0,1871.0,1850.1,1896.44,1805.76,1725.05,False,False,False,False,False,False,True,False,False,True,False,-0.0303852414541508,0.0032555615843733,,,-0.0289962018448182,0.0202061855670103,-0.065111231687466,-0.0716223548562127,-0.0009894264280227,-0.109723798713583,1699.0,1800.0,0.6485532815808045,0.0007593174579739,-0.0002327669747438,-0.0002517783451699
2015-03-26,1814.0,1828.0,1752.0,1775.0,591900.0,1775.0,1852.8,1842.4,1894.36,1803.08,1725.425,False,False,False,False,False,False,False,False,False,True,False,0.012394366197183,0.0647887323943662,,,-0.0672450704225351,-0.0158197183098591,-0.0338028169014084,-0.020281690140845,-0.001486345586441,-0.1013352149370386,1705.0,1830.0,2.14689880304679,-0.0010979961570135,-0.0018573136149874,-0.0004969191584182
2015-03-27,1767.0,1800.0,1745.0,1763.0,327000.0,1763.0,1832.2,1833.7,1890.76,1800.4533333333334,1725.915,False,False,False,False,False,False,False,False,False,True,False,0.0028360748723766,0.0737379466817924,,,-0.0724673851389676,-0.0212440915106825,-0.0096426545660805,-0.0011344299489506,-0.0014588918346489,-0.0913453672901783,1642.0,1879.0,0.5524581855043081,-0.0019039962766294,-0.0008060001196159,2.745375179202661e-05
2015-03-30,1781.0,1813.0,1771.0,1813.0,324200.0,1813.0,1814.8,1835.1,1888.76,1798.72,1726.605,False,False,False,False,False,False,False,False,False,False,False,-0.0170987313844456,0.0479867622724765,,,-0.0417870932156646,0.0078764478764478,-0.0231660231660231,-0.0347490347490347,-0.0009636482239222,-0.0867527655168654,1697.0,1863.0,0.9914373088685016,-0.0010588957834769,0.0008451004931524,0.0004952436107267
2015-03-31,1828.0,1848.0,1816.0,1842.0,353000.0,1842.0,1807.2,1838.3,1887.08,1796.9333333333334,1727.17,False,False,False,False,False,False,False,False,False,False,False,-0.0255157437567861,0.014657980456026,,,-0.0244733984799131,0.0244661599710459,-0.0418023887079261,-0.0390879478827361,-0.0009942865622912,-0.0811619430996029,1669.0,1841.0,1.0888340530536706,-0.000890264323717,0.0001686314597598,-3.063833836908767e-05
2015-04-01,1849.0,1858.0,1786.0,1787.0,441500.0,1787.0,1796.0,1833.5,1881.28,1795.746666666667,1727.38,False,False,False,False,False,False,False,False,False,True,False,0.0346950195858981,0.0559597090095131,,,-0.0527588136541689,-0.0048946092146988,-0.0346950195858981,-0.0218242865137101,-0.0006608207542265,-0.0742296154895009,1713.0,1880.0,1.2507082152974505,-0.003083007314169,-0.0021927429904519,0.0003334658080647
2015-04-02,1800.0,1808.0,1781.0,1797.0,268700.0,1797.0,1800.4,1826.6,1876.32,1794.8133333333333,1727.875,False,False,False,False,False,False,False,False,False,False,False,0.0517529215358931,0.0389538119087367,,,-0.0441402337228714,0.001216842886292,-0.0155815247634947,0.008347245409015,-0.0005200169376947,-0.060385415526114,1686.0,1801.0,0.6086070215175537,-0.0026434723288138,0.0004395349853551,0.0001408038165318
2015-04-03,1795.0,1803.0,1757.0,1768.0,294400.0,1768.0,1801.4,1816.8,1867.64,1794.3866666666668,1728.15,False,False,False,False,False,False,False,False,False,True,False,0.0707013574660633,0.0277149321266968,,,-0.0563574660633484,-0.0149245852187029,-0.04920814479638,0.0339366515837104,-0.0002377785538604,-0.0430977542932628,1745.0,1728.0,1.0956457015258654,-0.0046475766207619,-0.002004104291948,0.0002822383838342
2015-04-06,1760.0,1795.0,1760.0,1782.0,343000.0,1782.0,1795.2,1805.0,1857.72,1795.1066666666666,1728.485,False,False,False,False,False,False,False,True,False,True,False,0.0662177328843995,0.0056116722783389,,,-0.0424915824915825,-0.0073550317994761,-0.0432098765432098,-0.0022446689113355,0.0004010903716026,-0.0269806094182825,1786.0,1723.0,1.1650815217391304,-0.0053398789914519,-0.0006923023706899,0.0006388689254631
2015-04-07,1783.0,1797.0,1781.0,1795.0,242900.0,1795.0,1785.8,1796.5,1848.72,1796.0266666666666,1728.785,False,False,False,False,False,False,False,True,False,False,False,0.041225626740947,0.0033426183844011,,,-0.0299275766016713,-0.0005719591457752,-0.0623955431754874,-0.007242339832869,0.0005122418375377,-0.0159198441413859,1785.0,1725.0,0.7081632653061225,-0.0048682331559132,0.0004716458355386,0.000111151465935
2015-04-08,1798.0,1859.0,1791.0,1849.0,437700.0,1849.0,1798.2,1797.1,1843.88,1798.253333333333,1729.575,False,False,False,False,True,False,False,True,False,False,False,0.020551649540292,-0.0167658193618172,,,0.0027690643591129,0.0274454660176673,-0.0849107625743645,-0.0567874526771227,0.0012382385870732,-0.0144121083968615,1774.0,1722.0,1.801976121860848,-0.0026248996680911,0.0022433334878221,0.0007259967495355
2015-04-09,1870.0,1896.0,1860.0,1890.0,311100.0,1890.0,1816.8,1808.6,1841.4,1800.5466666666666,1730.6,False,False,False,False,False,False,False,True,False,False,True,-0.0121693121693121,-0.0380952380952381,,,0.0257142857142856,0.0473298059964726,-0.1,-0.0804232804232804,0.0012736872505388,-0.0207342696007961,1786.0,1664.0,0.7107607950651131,-0.0013468013468013,0.0012780983212897,3.544866346556178e-05
2015-04-10,1895.0,1906.0,1853.0,1893.0,408200.0,1893.0,1841.8,1821.6,1838.96,1802.3733333333328,1731.335,False,False,False,False,False,False,False,True,False,False,False,-0.040147913365029,-0.0486001056524035,,,0.0285472794506074,0.0478746258144042,-0.103539355520338,-0.0612783940834654,0.0010134785246117,-0.0268445322793148,1794.0,1630.0,1.3121182899389263,-0.0013268369078174,1.996443898386502e-05,-0.0002602087259271
2015-04-13,1905.0,1915.0,1866.0,1900.0,449100.0,1900.0,1865.4,1830.3,1837.64,1803.7066666666667,1732.035,False,False,False,False,False,False,False,True,False,False,False,-0.0568421052631578,-0.0505263157894736,,,0.0328210526315789,0.0506807017543859,-0.1089473684210526,-0.0663157894736842,0.000739218498204,-0.0301589903294542,1857.0,1586.0,1.1001959823615874,-0.0007183126183582,0.0006085242894591,-0.0002742600264076
2015-04-14,1889.0,1905.0,1860.0,1869.0,295700.0,1869.0,1880.2,1833.0,1836.4,1804.5466666666664,1732.775,False,False,False,False,False,False,False,True,False,False,False,-0.0363830925628678,-0.0422685928303905,,,0.0174424826110218,0.0344854645978242,-0.088282504012841,-0.0518994114499732,0.0004654908712066,-0.0314784506273868,1833.0,1613.0,0.6584279670452016,-0.0006752341537791,4.30784645791565e-05,-0.0002737276269974
2015-04-15,1866.0,1893.0,1855.0,1887.0,228100.0,1887.0,1887.8,1843.0,1836.44,1805.7066666666667,1733.76,False,False,False,False,False,False,True,True,False,False,False,-0.0365659777424483,-0.0869104398516163,,,0.0267938526762055,0.0430807277866101,-0.0916799152093269,-0.0556438791732909,0.0006424077738726,-0.0348887683125338,1807.0,1600.0,0.7713899222184647,2.178127246191741e-05,0.000697015426241,0.000176916902666
2015-04-16,1890.0,1890.0,1851.0,1867.0,176500.0,1867.0,1883.2,1850.0,1837.04,1806.2,1734.72,False,False,False,False,False,False,True,True,False,False,False,-0.0262453133369041,-0.0814140332083556,,,0.0160471344402785,0.0325656132833422,-0.0835565077664702,-0.0273165506159614,0.0002731332816594,-0.0383243243243243,1827.0,1606.0,0.7737834283209118,0.0003266123764316,0.0003048311039696,-0.0003692744922131
2015-04-17,1860.0,1868.0,1811.0,1817.0,255100.0,1817.0,1868.0,1854.9,1835.72,1805.3733333333328,1735.76,False,False,False,False,False,True,False,False,False,True,False,-0.0088057237204182,-0.039075399009356,,,-0.0103026967528893,0.0063988259035042,-0.0588882773802971,-0.0044028618602091,-0.0004578923657529,-0.041889050622675,1853.0,1626.0,1.4453257790368272,-0.0007190639095286,-0.0010456762859602,-0.0007310256474124
2015-04-20,1798.0,1827.0,1790.0,1792.0,178800.0,1792.0,1846.4,1855.9,1835.44,1804.4266666666667,1736.83,False,False,False,False,False,False,False,False,False,False,False,0.0066964285714285,-0.01171875,,,-0.0242410714285714,-0.0069345238095238,-0.0267857142857142,0.0145089285714285,-0.0005246357106963,-0.0402500134705533,1863.0,1661.0,0.7009016072128577,-0.0001525519766377,0.0005665119328909,-6.674334494336139e-05
2015-04-21,1820.0,1821.0,1796.0,1801.0,102200.0,1801.0,1832.8,1856.5,1835.08,1803.8933333333327,1738.125,False,False,False,False,False,False,False,False,False,True,False,-0.0061077179344808,-0.0199888950583009,,,-0.0189228206551915,-0.00160651489913,-0.0116601887840088,0.0194336479733481,-0.0002956568015848,-0.0376514947481821,1884.0,1651.0,0.5715883668903803,-0.0001961767334394,-4.362475680174392e-05,0.0002289789091114
2015-04-22,1815.0,1828.0,1803.0,1818.0,95600.0,1818.0,1819.0,1853.4,1834.4,1803.0666666666664,1738.905,False,False,False,False,False,False,False,False,False,True,False,-0.0522552255225522,-0.0511551155115511,,,-0.009020902090209,0.0082141547488083,-0.0286028602860286,-0.0126512651265126,-0.0004584781483399,-0.0332901694183662,1932.0,1699.0,0.9354207436399216,-0.0003706934147404,-0.0001745166813009,-0.0001628213467551
2015-04-23,1830.0,1835.0,1806.0,1818.0,195800.0,1818.0,1809.2,1846.2,1832.48,1803.2933333333333,1739.32,False,False,False,False,False,False,False,True,False,True,False,-0.0566556655665566,-0.0269526952695269,,,-0.0079647964796479,0.0080894756142281,-0.0308030803080308,0.0099009900990099,0.0001256959488936,-0.0242118947026324,1921.0,1705.0,2.0481171548117154,-0.0010477604121191,-0.0006770669973787,0.0005841740972335
2015-04-24,1816.0,1823.0,1786.0,1801.0,281200.0,1801.0,1806.0,1837.0,1829.88,1804.2666666666669,1739.88,False,False,False,False,False,False,False,True,False,True,False,-0.0305385896724042,-0.0666296501943364,,,-0.016035535813437,-0.0018138071441792,-0.0044419766796224,0.011104941699056,0.0005394620159623,-0.0169297768100162,1985.0,1642.0,1.4361593462717055,-0.0014208581983517,-0.0003730977862326,0.0004137660670686
2015-04-27,1825.0,1830.0,1792.0,1804.0,354900.0,1804.0,1808.4,1827.4,1826.04,1805.3466666666664,1740.54,False,False,False,False,False,False,False,True,False,True,False,-0.0182926829268292,-0.0548780487804878,,,-0.0122172949002217,-0.0007464892830744,-0.0127494456762749,0.0709534368070953,0.0005982230559594,-0.0031191857283572,2030.0,1697.0,1.2620910384068278,-0.0021029112177171,-0.0006820530193653,5.876103999710963e-05
2015-04-28,1800.0,1810.0,1781.0,1790.0,266500.0,1790.0,1806.2,1819.5,1822.44,1806.213333333333,1741.245,False,False,False,False,False,False,False,True,False,False,False,-0.0139664804469273,-0.0597765363128491,,,-0.0181229050279329,-0.0090577281191805,-0.0273743016759776,0.0865921787709497,0.0004798251959902,0.010717230008244,2020.0,1669.0,0.7509157509157509,-0.0019753736748534,0.0001275375428636,-0.0001183978599692
2015-04-30,1775.0,1780.0,1665.0,1723.0,566900.0,1723.0,1787.2,1803.1,1817.64,1806.2266666666667,1741.7,False,False,False,False,False,False,False,True,False,True,False,0.0011607661056297,-0.0179918746372605,,,-0.0549274521183982,-0.0483033468756045,-0.0168311085316308,0.1282646546720836,7.381871599844563e-06,0.0288946813820643,1970.0,1713.0,2.127204502814259,-0.0026407869545124,-0.0006654132796589,-0.0004724433243903
2015-05-01,1720.0,1725.0,1694.0,1715.0,251900.0,1715.0,1766.6,1787.9,1815.24,1806.9066666666668,1742.145,False,False,False,False,False,False,False,True,False,False,False,0.0314868804664723,-0.0081632653061224,,,-0.0584489795918367,-0.0535898931000972,-0.0139941690962099,0.1276967930029154,0.0003763337711595,0.0442418479780747,1952.0,1686.0,0.4443464455812312,-0.00132213922126,0.0013186477332523,0.0003689518995597
2015-05-07,1698.0,1752.0,1698.0,1746.0,176500.0,1746.0,1755.6,1780.8,1814.56,1808.4533333333327,1742.725,False,False,False,False,False,False,False,True,False,False,False,-0.0372279495990836,-0.0280641466208476,,,-0.039266895761741,-0.0357693776250476,-0.0263459335624284,0.0349369988545246,0.000855242785732,0.0482929020664869,1954.0,1745.0,0.7006748709805478,-0.0003747464950181,0.0009473927262419,0.0004789090145724
2015-05-08,1746.0,1777.0,1736.0,1771.0,236900.0,1771.0,1749.0,1778.7,1812.88,1810.92,1743.59,False,False,False,False,False,False,False,True,False,True,False,-0.0372670807453416,-0.044042913608131,,,-0.023647656691135,-0.022540937323546,-0.0214568040654997,-0.0722755505364201,0.0013621069217121,0.0396919098217799,1933.0,1786.0,1.3422096317280454,-0.0009267022638011,-0.000551955768783,0.00050686413598
2015-05-11,1777.0,1795.0,1757.0,1765.0,295200.0,1765.0,1744.0,1775.1,1809.8,1812.9466666666667,1744.375,False,False,True,False,False,False,False,True,False,True,False,-0.0464589235127478,-0.0345609065155807,,,-0.0253824362606232,-0.0271652502360717,-0.0345609065155807,-0.0997167138810198,0.0011178854314522,0.0278857529153287,1900.0,1785.0,1.2460953989024903,-0.001701845507791,-0.0007751432439898,-0.0002442214902598
2015-05-12,1762.0,1770.0,1713.0,1725.0,478900.0,1725.0,1744.4,1765.8,1807.32,1814.6133333333328,1744.93,False,False,False,False,False,False,False,True,False,False,False,-0.0191304347826086,-0.0063768115942028,,,-0.0477217391304347,-0.0519497584541059,-0.0260869565217391,-0.0226086956521739,0.0009184693157767,0.027126514894099,1886.0,1774.0,1.622289972899729,-0.0013721975079122,0.0003296479998787,-0.0001994161156755
2015-05-13,1715.0,1769.0,1715.0,1769.0,477600.0,1769.0,1755.2,1760.9,1806.2,1816.7866666666664,1745.695,False,False,False,False,False,False,False,True,False,False,False,-0.038439796495195,-0.0327868852459016,,,-0.0210288298473714,-0.0270133785566231,-0.0350480497456189,-0.0327868852459016,0.0011962512567978,0.0228860241921744,1852.0,1786.0,0.9972854458133222,-0.0006200863691727,0.0007521111387394,0.0002777819410211
2015-05-14,1720.0,1724.0,1671.0,1681.0,942700.0,1681.0,1742.2,1748.9,1802.72,1817.52,1746.02,False,False,False,False,False,False,False,True,False,True,False,0.0095181439619274,0.0172516359309934,,,-0.0724092801903629,-0.0812135633551457,0.0017846519928613,0.0267697798929208,0.0004034802001263,0.0244725255875121,1850.0,1794.0,1.9738274706867671,-0.0019304162598739,-0.0013103298907011,-0.0007927710566715
2015-05-15,1679.0,1705.0,1672.0,1705.0,467300.0,1705.0,1729.0,1739.0,1799.64,1818.1066666666663,1746.555,False,False,False,False,False,False,False,True,False,False,False,-0.0070381231671554,0.0228739002932551,,,-0.0555073313782991,-0.0663382209188658,-0.0087976539589442,0.0093841642228739,0.0003226800041066,0.0181713628522138,1799.0,1857.0,0.4957038294261164,-0.0017114534017914,0.0002189628580825,-8.080019601964465e-05
2015-05-18,1699.0,1699.0,1676.0,1683.0,388400.0,1683.0,1712.6,1728.3,1795.16,1818.5333333333333,1747.08,False,False,False,False,False,False,False,True,False,True,False,0.0124777183600713,0.0576351752822341,,,-0.0666428995840761,-0.0805307981778569,0.011883541295306,-0.017825311942959,0.0002346213065475,0.0075797025979286,1810.0,1833.0,0.8311577145302803,-0.0024955992780587,-0.0007841458762673,-8.805869755910552e-05
2015-05-19,1686.0,1692.0,1667.0,1692.0,327900.0,1692.0,1706.0,1725.2,1788.88,1818.44,1747.495,False,False,False,False,False,False,False,False,False,True,False,0.0130023640661938,0.0437352245862884,,,-0.05725768321513,-0.0747281323877068,0.0112293144208037,-0.0189125295508274,-5.132604503489169e-05,-0.0070716438673777,1835.0,1807.0,0.8442327497425335,-0.0035105764500693,-0.0010149771720105,-0.0002859473515824
2015-05-20,1699.0,1723.0,1696.0,1701.0,333700.0,1701.0,1692.4,1723.8,1781.32,1818.3866666666668,1747.905,False,False,False,False,False,False,False,False,False,True,False,0.0058788947677836,0.0358612580834803,,,-0.0472192827748382,-0.0690103860474231,0.0076425631981187,-0.0141093474426807,-2.933002881672664e-05,-0.0211741501334261,1866.0,1827.0,1.0176883196096371,-0.0042440437428424,-0.0007334672927731,2.1996016218165056e-05
2015-05-21,1709.0,1715.0,1692.0,1697.0,243700.0,1697.0,1695.6,1718.9,1773.48,1819.12,1748.38,False,False,False,False,False,False,False,True,False,True,False,0.0076605774896876,0.0565704183853859,,,-0.0450677666470241,-0.071962286387743,0.0029463759575721,-0.060695344725987,0.0004031253206677,-0.0307754959567165,1866.0,1853.0,0.7302966736589751,-0.0044206870108486,-0.0001766432680061,0.0004324553494844
2015-05-22,1705.0,1707.0,1687.0,1693.0,144300.0,1693.0,1693.2,1711.1,1765.2,1819.0666666666664,1748.795,False,False,False,False,False,False,False,False,False,True,False,0.0301240401653868,0.0519787359716479,,,-0.0426461901949202,-0.0744634770624136,0.0029533372711163,-0.0643827525103366,-2.9319064721933703e-05,-0.0298053883466775,1900.0,1863.0,0.5921214608124743,-0.0046906866077498,-0.0002699995969011,-0.0004324443853896
2015-05-25,1695.0,1716.0,1689.0,1704.0,211600.0,1704.0,1697.4,1705.0,1758.6,1819.5333333333333,1749.235,False,False,False,False,False,False,False,True,False,False,False,0.0446009389671361,0.0217136150234741,,,-0.0320422535211267,-0.0678012519561815,-0.0446009389671361,-0.0856807511737089,0.0002564760194923,-0.0281524926686217,1880.0,1884.0,1.4663894663894663,-0.0037529853292392,0.0009377012785105,0.0002857950842142
2015-05-26,1711.0,1714.0,1690.0,1714.0,229200.0,1714.0,1701.8,1703.9,1751.68,1819.5466666666664,1749.51,False,False,False,False,False,False,False,True,False,True,False,0.0303383897316219,-0.0116686114352392,,,-0.0219836639439907,-0.0615791520809022,-0.0484247374562427,-0.0554259043173862,7.327832573549731e-06,-0.0314572451434944,1843.0,1932.0,1.0831758034026464,-0.0039504932407744,-0.0001975079115352,-0.0002491481869187
2015-05-27,1721.0,1753.0,1710.0,1711.0,473100.0,1711.0,1703.8,1698.1,1745.44,1819.88,1749.465,False,False,False,False,False,False,False,True,False,False,False,0.0298071303331385,-0.0116890707188778,,,-0.0201285797779076,-0.063635300993571,-0.0338983050847457,-0.0572764465225014,0.0001831622597829,-0.0339202638242741,1775.0,1921.0,2.0641361256544504,-0.0035750297919149,0.0003754634488595,0.0001758344272093
2015-05-28,1716.0,1729.0,1701.0,1710.0,273100.0,1710.0,1706.4,1701.0,1741.16,1819.4133333333327,1749.695,False,False,False,False,False,False,False,False,False,False,False,0.0485380116959064,-0.0058479532163742,,,-0.0182222222222222,-0.0639844054580895,-0.031578947368421,-0.039766081871345,-0.0002564929354518,-0.0405055849500294,1763.0,1985.0,0.5772563939970408,-0.002458131360702,0.0011168984312128,-0.0004396551952347
2015-05-29,1718.0,1748.0,1703.0,1744.0,488700.0,1744.0,1716.6,1704.9,1739.24,1818.8533333333328,1750.385,False,False,False,False,True,False,False,False,False,False,False,0.0212155963302752,-0.0063073394495412,,,0.0027293577981651,-0.0429204892966357,-0.0521788990825688,-0.0590596330275229,-0.0003078862873314,-0.0473928089624025,1813.0,2030.0,1.7894544123031857,-0.0011039304523815,0.0013542009083205,-5.139335187957013e-05
2015-06-01,1750.0,1780.0,1750.0,1780.0,455900.0,1780.0,1731.8,1714.6,1738.4,1818.7866666666664,1751.265,False,False,False,False,False,False,False,False,False,False,False,-0.0219101123595505,-0.0426966292134831,,,0.0233707865168538,-0.0217902621722844,-0.0797752808988764,-0.0915730337078651,-3.6654472945175175e-05,-0.0548816050390761,1842.0,2020.0,0.9328831594024964,-0.0004832029452369,0.0006207275071445,0.0002712318143862
2015-06-02,1780.0,1780.0,1735.0,1766.0,367600.0,1766.0,1742.2,1722.0,1736.32,1818.68,1752.09,False,False,False,False,False,False,False,False,False,True,False,-0.0407701019252548,-0.0486976217440543,,,0.016806342015855,-0.0298301245753114,-0.0571913929784824,-0.0906002265005662,-5.865059640307381e-05,-0.0620789779326365,1787.0,1970.0,0.8063171748190393,-0.0011979358643568,-0.0007147329191199,-2.199612345789864e-05
2015-06-03,1749.0,1775.0,1749.0,1762.0,160200.0,1762.0,1752.4,1728.1,1734.08,1818.36,1752.83,False,False,False,False,False,False,False,False,False,True,False,-0.0402951191827468,-0.0312145289443813,,,0.0158456299659478,-0.0319863791146423,-0.0788876276958002,-0.0743473325766174,-0.0001759827536902,-0.0680516173832532,1797.0,1952.0,0.4357997823721436,-0.0012917512456172,-9.38153812603882e-05,-0.0001173321572871
2015-06-04,1770.0,1810.0,1765.0,1793.0,386100.0,1793.0,1769.0,1737.7,1733.76,1818.3466666666664,1753.78,False,False,False,False,False,False,False,False,False,False,False,-0.0518683770217512,-0.0607919687674288,,,0.0330395984383714,-0.0141364565904441,-0.1042944785276073,-0.0831009481316229,-7.332668504840615e-06,-0.0703228405363411,1768.0,1954.0,2.4101123595505616,-0.0001845699520117,0.0011071812936055,0.0001686500851853
2015-06-05,1785.0,1807.0,1776.0,1781.0,295700.0,1781.0,1776.4,1746.5,1732.84,1817.3333333333333,1754.85,False,False,False,False,False,False,False,False,False,True,False,-0.0269511510387422,-0.0510948905109489,,,0.0270409882088714,-0.020400524050159,-0.1016282987085906,-0.0898371701291409,-0.0005575935436535,-0.0728886344116804,1782.0,1933.0,0.7658637658637658,-0.0005309203388657,-0.0003463503868539,-0.0005502608751487
2015-06-08,1786.0,1790.0,1734.0,1741.0,365400.0,1741.0,1768.6,1750.2,1730.88,1816.1066666666663,1755.65,False,False,False,False,False,False,False,False,False,True,False,-0.0212521539345203,-0.0218265364732912,,,0.0058127512923606,-0.0431399578786136,-0.0430786904078116,-0.0585870189546237,-0.0006754375660755,-0.0702205462232888,1795.0,1900.0,1.235711870138654,-0.001132371972638,-0.0006014516337723,-0.0001178440224219
2015-06-09,1725.0,1734.0,1690.0,1694.0,532000.0,1694.0,1754.2,1748.2,1729.72,1814.6,1756.18,False,False,False,False,False,True,False,False,False,False,False,-0.0082644628099173,0.0100354191263282,,,-0.021086186540732,-0.0711924439197165,0.0100354191263282,-0.0230224321133412,-0.0008303023623203,-0.0670975860885482,1849.0,1886.0,1.4559386973180075,-0.0006706287722868,0.0004617432003511,-0.0001548647962447
2015-06-10,1705.0,1713.0,1680.0,1691.0,399000.0,1691.0,1740.0,1746.2,1728.76,1812.7866666666664,1756.435,False,False,False,False,False,False,False,False,False,False,False,0.0094618568894145,0.0136014192785334,,,-0.0223299822590183,-0.0720205006899269,0.0283855706682436,-0.0715552927261975,-0.0010003015615002,-0.068491581720307,1890.0,1852.0,0.75,-0.0005553113214095,0.0001153174508773,-0.0001699991991799
2015-06-11,1710.0,1712.0,1676.0,1700.0,353900.0,1700.0,1721.4,1745.2,1726.92,1810.746666666667,1755.885,False,False,False,False,False,False,False,False,False,True,False,-0.0094117647058823,0.0011764705882352,,,-0.0158352941176471,-0.0651450980392158,0.0358823529411764,-0.0311764705882352,-0.0011266070718522,-0.0676713270685309,1893.0,1850.0,0.886967418546366,-0.0010654807402774,-0.0005101694188678,-0.0001263055103519
2015-06-12,1720.0,1733.0,1705.0,1733.0,307100.0,1733.0,1711.8,1744.1,1725.4,1809.013333333333,1755.75,False,False,False,False,True,False,False,False,False,False,False,-0.0248124639353721,-0.0201961915753029,,,0.0043854587420657,-0.0438622812079244,0.0098095787651471,-0.0513560300057703,-0.0009581650402431,-0.0669113009575138,1900.0,1799.0,0.8677592540265612,-0.0008809551408368,0.0001845255994405,0.000168442031609
2015-06-15,1733.0,1735.0,1701.0,1704.0,271900.0,1704.0,1704.4,1736.5,1722.96,1806.6133333333328,1755.565,False,False,False,False,False,False,False,False,False,True,False,-0.0005868544600938,-0.0446009389671361,,,-0.0111267605633803,-0.060219092331768,0.0387323943661971,-0.0404929577464788,-0.0013284525004429,-0.0617909588252231,1869.0,1810.0,0.8853793552588733,-0.0014161675256535,-0.0005352123848166,-0.0003702874601998
2015-06-16,1704.0,1709.0,1676.0,1680.0,363000.0,1680.0,1701.6,1727.9,1721.16,1803.253333333333,1754.81,False,False,False,False,False,False,False,False,False,False,False,0.0184523809523809,-0.0291666666666666,,,-0.0245,-0.0733650793650792,0.0404761904761904,0.0095238095238095,-0.0018632989263847,-0.0519127264309277,1887.0,1835.0,1.3350496506068408,-0.0010458063166701,0.0003703612089834,-0.0005348464259417
2015-06-17,1685.0,1708.0,1685.0,1707.0,244500.0,1707.0,1704.8,1722.4,1718.68,1800.4,1754.265,False,False,False,False,False,False,False,False,False,True,False,0.0041007615700058,-0.031634446397188,,,-0.0068424135910955,-0.0547158758055067,0.0615114235500878,0.0123022847100175,-0.0015848330000738,-0.0432535996284254,1867.0,1866.0,0.6735537190082644,-0.0014429678590546,-0.0003971615423845,0.0002784659263108
2015-06-18,1703.0,1706.0,1683.0,1684.0,172300.0,1684.0,1701.6,1711.5,1718.8,1796.3866666666668,1753.545,False,False,False,False,False,False,True,False,False,False,False,0.010688836104513,-0.0166270783847981,,,-0.0206650831353918,-0.0667379255740301,0.0855106888361045,0.0457244655581947,-0.0022341144074401,-0.0303242769500438,1817.0,1866.0,0.7047034764826176,6.981615080282224e-05,0.0015127840098574,-0.0006492814073662
2015-06-19,1687.0,1698.0,1673.0,1690.0,266000.0,1690.0,1693.0,1702.4,1718.2,1791.8533333333332,1752.815,False,False,False,False,False,False,False,False,False,True,False,0.0047337278106508,-0.0218934911242603,,,-0.0166863905325444,-0.0602682445759368,0.0520710059171597,0.0349112426035502,-0.0025299689706747,-0.0176221804511278,1792.0,1900.0,1.5438189204875217,-0.0003492026539401,-0.0004190188047429,-0.0002958545632346
2015-06-22,1699.0,1706.0,1694.0,1703.0,160100.0,1703.0,1692.8,1698.6,1719.0,1787.6266666666668,1751.945,False,False,False,False,False,False,True,False,False,False,False,-0.0440399295361127,-0.0381679389312977,,,-0.009395184967704,-0.049692699158348,0.0463887257780387,0.017615971814445,-0.0023644012172562,-0.0098904980572235,1801.0,1880.0,0.6018796992481203,0.0004653868528213,0.0008145895067614,0.0001655677534185
2015-06-23,1706.0,1729.0,1703.0,1711.0,391300.0,1711.0,1699.0,1700.3,1719.76,1784.1733333333334,1751.33,False,False,False,False,False,False,True,False,False,True,False,-0.0467562828755113,-0.026884862653419,,,-0.0051198129748684,-0.0427664134034678,0.0192869666861484,0.0245470485096434,-0.0019355369059807,-0.0051167441039816,1818.0,1843.0,2.4440974391005623,0.0004419221286691,-2.346472415227005e-05,0.0004288643112755
2015-06-24,1712.0,1742.0,1701.0,1714.0,368600.0,1714.0,1700.4,1702.6,1720.28,1781.0,1750.625,False,False,False,False,False,False,True,False,False,True,False,-0.0355892648774795,-0.0530921820303383,,,-0.003663943990665,-0.0390898483080513,0.014002333722287,-0.0093348891481913,-0.0017817705408946,0.0010572066251616,1818.0,1775.0,0.9419882443138256,0.0003022763736135,-0.0001396457550555,0.000153766365086
2015-06-25,1715.0,1722.0,1700.0,1702.0,256800.0,1702.0,1704.0,1702.8,1720.48,1777.64,1750.1,False,False,False,False,False,False,True,False,False,True,False,-0.027027027027027,-0.0564042303172738,,,-0.0108578143360752,-0.0444418331374853,0.0440658049353701,0.0464159811985898,-0.0018901464863526,0.0088090204369274,1801.0,1763.0,0.6966901790558871,0.0001162466288477,-0.0001860297447657,-0.0001083759454579
2015-06-26,1691.0,1700.0,1682.0,1698.0,219700.0,1698.0,1705.6,1699.3,1720.68,1774.506666666667,1749.455,False,False,False,False,False,False,True,False,False,True,False,-0.0265017667844522,-0.0577149587750294,,,-0.0133568904593639,-0.0450569297212408,0.0447585394581861,0.0759717314487632,-0.0017657489781196,0.0216559759901135,1804.0,1813.0,0.8555295950155763,0.0001162331171397,-1.3511708027975457e-08,0.0001243975082329
2015-06-29,1650.0,1660.0,1625.0,1628.0,551000.0,1628.0,1690.6,1691.7,1717.64,1770.88,1748.505,False,False,False,False,False,False,False,False,False,True,False,0.0061425061425061,0.0233415233415233,,,-0.0550614250614251,-0.0877641277641278,0.0884520884520884,0.0853808353808353,-0.0020479460305987,0.0340485901755629,1790.0,1842.0,2.5079654073736912,-0.0017698702871381,-0.0018861034042779,-0.0002821970524791
2015-06-30,1613.0,1652.0,1611.0,1631.0,373700.0,1631.0,1674.6,1686.8,1714.32,1767.48,1747.695,False,False,False,False,False,False,False,False,False,True,False,0.0208461066830165,0.0490496627835683,,,-0.0510852237890864,-0.0836787247087676,0.0925812385039852,0.0833844267320662,-0.0019236427003417,0.0412615603509604,1723.0,1787.0,0.6782214156079854,-0.001936627934108,-0.0001667576469699,0.000124303330257
2015-07-01,1640.0,1655.0,1619.0,1653.0,253400.0,1653.0,1662.4,1681.4,1712.0,1764.8266666666666,1746.78,False,False,False,False,False,False,False,False,False,False,False,-0.0181488203266787,0.0520266182698124,,,-0.0356926799758015,-0.0676507360354909,0.0986085904416212,0.0738052026618269,-0.001503452652574,0.0474009753776613,1715.0,1797.0,0.6780840246186781,-0.0013551401869158,0.0005814877471922,0.0004201900477677
2015-07-02,1671.0,1687.0,1642.0,1656.0,296600.0,1656.0,1653.2,1678.6,1709.84,1762.24,1746.16,False,False,False,False,False,False,False,False,False,False,False,-0.0301932367149758,0.0634057971014492,,,-0.0325120772946859,-0.0641545893719806,0.092391304347826,0.0839371980676328,-0.001467828823921,0.0511735970451567,1746.0,1768.0,1.170481452249408,-0.001263276096009,9.18640909068195e-05,3.5623828653026006e-05
2015-07-03,1647.0,1655.0,1628.0,1653.0,340200.0,1653.0,1644.2,1674.9,1706.2,1760.2933333333333,1745.565,False,False,False,False,False,False,False,False,False,True,False,-0.0320629159104658,0.058681185722928,,,-0.032183908045977,-0.0649082476305706,0.0998185117967332,0.0913490623109497,-0.001105876293345,0.0567795092244312,1771.0,1782.0,1.1469993256911666,-0.0021333958504277,-0.0008701197544187,0.0003619525305759
2015-07-06,1635.0,1679.0,1633.0,1638.0,546100.0,1638.0,1646.2,1668.4,1700.52,1758.0,1745.025,False,False,False,False,False,False,False,False,False,True,False,0.017094017094017,0.0805860805860805,,,-0.0381684981684981,-0.0732600732600732,0.1208791208791208,0.1330891330891331,-0.00130451270383,0.0682690002397505,1765.0,1795.0,1.6052322163433277,-0.0033401547761861,-0.0012067589257583,-0.000198636410485
2015-07-07,1660.0,1671.0,1646.0,1665.0,233400.0,1665.0,1653.0,1663.8,1696.48,1755.7333333333331,1744.505,False,False,False,False,False,False,False,False,False,False,False,0.0276276276276276,0.0498498498498498,,,-0.0189069069069069,-0.0544944944944943,0.078078078078078,0.1111111111111111,-0.0012910085054679,0.0770525303522058,1725.0,1849.0,0.4273942501373375,-0.0023814014901442,0.0009587532860418,1.3504198362165787e-05
2015-07-08,1677.0,1677.0,1618.0,1623.0,349800.0,1623.0,1647.0,1654.7,1690.92,1752.493333333333,1743.92,False,False,False,False,False,False,False,False,False,True,False,0.0714725816389402,0.1164510166358595,,,-0.0418484288354898,-0.0797864037790099,0.1312384473197781,0.1484904497843499,-0.0018487944794844,0.0930077959751011,1769.0,1890.0,1.4987146529562982,-0.0032881508291344,-0.0009067493389901,-0.0005577859740165
2015-07-09,1583.0,1616.0,1509.0,1606.0,692200.0,1606.0,1637.0,1645.1,1683.44,1749.0266666666666,1743.22,False,False,False,False,False,False,False,False,False,True,False,0.0965130759651307,0.1382316313823163,,,-0.0482191780821918,-0.0890577002905769,0.1338729763387297,0.1998754669987546,-0.0019820547809447,0.1082608959941645,1681.0,1893.0,1.9788450543167524,-0.0044432828018818,-0.0011551319727474,-0.0001332603014602
2015-07-10,1619.0,1619.0,1591.0,1600.0,179100.0,1600.0,1626.4,1635.3,1676.2,1745.0266666666666,1742.58,False,False,False,False,False,False,False,False,False,False,False,0.09375,0.11125,,,-0.047625,-0.0906416666666666,0.2075,0.18625,-0.0022922285810341,0.1192441753806641,1705.0,1900.0,0.2587402484830973,-0.004319293640377,0.0001239891615048,-0.0003101738000893
2015-07-13,1624.0,1678.0,1622.0,1666.0,299400.0,1666.0,1632.0,1639.1,1673.2,1742.1733333333334,1742.26,False,False,False,False,False,False,False,False,False,False,True,0.0624249699879951,0.0696278511404561,,,-0.0043217286914766,-0.0457222889155662,0.1674669867947179,0.1224489795918367,-0.0016378010607439,0.1229333170642425,1683.0,1869.0,1.6716917922948074,-0.001792971551518,0.0025263220888589,0.0006544275202901
2015-07-14,1689.0,1713.0,1689.0,1711.0,324700.0,1711.0,1641.2,1647.1,1673.88,1740.4133333333334,1742.1,False,False,False,False,True,False,True,False,False,False,False,0.021624780829924,0.0192869666861484,,,0.0216949152542372,-0.017190726670563,0.1361776738749269,0.102863822326125,-0.0010112540316093,0.1247647380244065,1692.0,1887.0,1.084502338009352,0.0004062417855521,0.0021992133370702,0.0006265470291346
2015-07-15,1717.0,1742.0,1701.0,1739.0,443000.0,1739.0,1664.4,1655.7,1675.8,1739.9333333333334,1741.865,False,False,False,False,False,False,True,False,True,False,False,0.041978148361127,-0.0005750431282346,,,0.0363427257044278,-0.0005367069196856,0.1121334100057504,0.066129959746981,-0.0002758726387984,0.1236939059008274,1701.0,1867.0,1.3643363104404065,0.0011457214464732,0.000739479660921,0.0007353813928109
2015-07-16,1750.0,1765.0,1744.0,1761.0,361400.0,1761.0,1695.4,1666.2,1678.24,1739.9066666666668,1741.82,False,False,False,False,False,False,True,False,False,False,False,0.0380465644520159,0.0090857467348097,,,0.0469960249858035,0.0119780427787241,0.026121521862578,0.0488358886996025,-1.5326492608785e-05,0.1197335253871083,1697.0,1817.0,0.8158013544018059,0.001453904089999,0.0003081826435258,0.0002605461461896
2015-07-17,1765.0,1769.0,1737.0,1750.0,250200.0,1750.0,1725.4,1675.9,1678.92,1739.0666666666666,1741.77,False,False,False,False,False,False,True,False,False,True,False,0.016,0.0137142857142857,,,0.0406171428571428,0.006247619047619,-0.0611428571428571,0.0702857142857142,-0.0004830177106494,0.1173697714660778,1693.0,1792.0,0.6923076923076923,0.0004050222762252,-0.0010488818137738,-0.0004676912180406
2015-07-21,1770.0,1788.0,1770.0,1770.0,274200.0,1770.0,1746.2,1689.1,1681.56,1738.1066666666666,1742.1,False,False,False,False,False,False,True,False,True,False,False,0.0067796610169491,0.0011299435028248,,,0.0499661016949152,0.0180188323917138,-0.1022598870056497,0.0423728813559322,-0.0005523251353963,0.1079865016872891,1704.0,1801.0,1.0959232613908874,0.0015699707414542,0.001164948465229,-6.930742474691673e-05
2015-07-22,1750.0,1764.0,1738.0,1748.0,190600.0,1748.0,1753.6,1697.4,1684.28,1737.5866666666666,1742.195,False,False,False,False,False,False,True,False,False,False,False,-0.0022883295194508,0.0194508009153318,,,0.0364530892448512,0.0059572845156369,-0.0354691075514874,0.0589244851258581,-0.0002992656481403,0.1026275480146104,1714.0,1818.0,0.6951130561633844,0.0016149333839979,4.496264254363826e-05,0.000253059487256
2015-07-23,1750.0,1828.0,1750.0,1812.0,821200.0,1812.0,1768.2,1716.3,1688.48,1737.7866666666666,1742.69,False,False,False,False,False,False,True,True,False,False,False,-0.0408388520971302,0.0022075055187637,,,0.068167770419426,0.0409565857247976,-0.0557395143487858,0.0,0.0001150889253763,0.0874555730350172,1711.0,1818.0,4.308499475341028,0.0024874443286269,0.000872510944629,0.0004143545735166
2015-07-24,1819.0,1844.0,1793.0,1828.0,549500.0,1828.0,1781.6,1738.5,1694.24,1738.5866666666666,1743.37,False,False,False,False,False,False,True,True,False,False,False,-0.0278993435448577,-0.0103938730853391,,,0.0731728665207877,0.0489132020423049,-0.0557986870897155,0.0076586433260393,0.0004601438716505,0.0686798964624677,1710.0,1801.0,0.6691427179736971,0.0033997544621777,0.0009123101335507,0.0003450549462741
2015-07-27,1855.0,1855.0,1763.0,1778.0,465200.0,1778.0,1787.2,1756.3,1697.76,1738.5333333333333,1743.89,False,False,False,False,False,False,True,False,False,True,False,-0.0022497187851518,0.0224971878515185,,,0.0451293588301462,0.0221972253468316,-0.0320584926884139,0.046681664791901,-3.067719917168772e-05,0.055742185275864,1744.0,1804.0,0.8465878070973613,0.0020733201394778,-0.0013264343226998,-0.0004908210708221
2015-07-28,1738.0,1785.0,1712.0,1782.0,414600.0,1782.0,1789.6,1767.9,1700.92,1738.36,1744.65,False,False,False,False,False,False,True,False,False,True,False,-0.0056116722783389,0.0303030303030303,,,0.0454994388327721,0.0244893378226712,-0.0723905723905724,0.0347923681257014,-9.971083856819248e-05,0.0473443068046834,1780.0,1790.0,0.8912295786758383,0.0018578181219575,-0.0002155020175203,-6.903363939650475e-05
2015-07-29,1780.0,1783.0,1732.0,1744.0,274800.0,1744.0,1788.8,1771.2,1702.24,1736.96,1745.455,False,False,False,False,False,False,True,False,False,True,False,0.021788990825688,0.029243119266055,,,0.0239449541284403,0.0040366972477064,-0.0481651376146789,0.0579128440366972,-0.0008060058953573,0.0430216802168021,1766.0,1723.0,0.662807525325615,0.0007754488203778,-0.0010823693015797,-0.0007062950567891
2015-07-30,1760.0,1768.0,1728.0,1738.0,204600.0,1738.0,1774.0,1771.1,1703.2,1734.9333333333334,1746.16,False,False,False,False,False,False,True,False,False,True,False,0.0448791714614499,0.0563866513233601,,,0.0200230149597237,0.0017644802454928,-0.0350978135788262,0.074223245109321,-0.0011681524746387,0.0438145785105302,1762.0,1715.0,0.7445414847161572,0.0005636449037106,-0.0002118039166671,-0.0003621465792814
2015-07-31,1738.0,1780.0,1730.0,1777.0,227400.0,1777.0,1763.8,1772.7,1706.2,1733.3866666666668,1747.02,False,False,False,False,False,False,True,False,True,False,False,0.0180078784468204,0.0247608328643781,,,0.0398424310635903,0.024543237666479,-0.1029825548677546,0.0624648283624085,-0.0008922802375311,0.045185310543239,1793.0,1746.0,1.1114369501466277,0.0017582932833196,0.0011946483796089,0.0002758722371076
2015-08-03,1770.0,1790.0,1755.0,1774.0,237900.0,1774.0,1763.0,1775.1,1709.24,1731.7066666666667,1748.1,False,False,False,False,False,False,True,False,False,False,False,0.0248027057497181,0.089064261555806,,,0.0365050732807215,0.0238406614054866,-0.1071025930101465,0.1071025930101465,-0.0009701412094427,0.0488986535969805,1781.0,1771.0,1.0461741424802111,0.0017785682525566,2.0274969237012944e-05,-7.78609719116162e-05
2015-08-04,1760.0,1783.0,1750.0,1772.0,180400.0,1772.0,1761.0,1775.3,1715.0,1730.4133333333334,1749.215,False,False,False,False,False,False,True,False,False,False,False,0.0361173814898419,0.0976297968397291,,,0.0321670428893905,0.0234687735139201,-0.1207674943566591,0.1021444695259593,-0.0007474129495072,0.0548639666535234,1741.0,1765.0,0.7583018074821354,0.0033586005830903,0.0015800323305337,0.0002227282599355
2015-08-05,1770.0,1795.0,1753.0,1782.0,211400.0,1782.0,1768.6,1778.7,1721.04,1729.013333333333,1750.635,False,False,False,False,False,False,True,False,False,False,False,0.0072951739618406,0.0909090909090909,,,0.0342087542087542,0.029734380845492,-0.0914702581369248,0.1245791245791245,-0.0008097103550388,0.0614493731376847,1694.0,1725.0,1.171840354767184,0.0035095058801654,0.000150905297075,-6.229740553167216e-05
2015-08-06,1785.0,1832.0,1768.0,1816.0,346100.0,1816.0,1784.2,1779.1,1727.56,1728.3333333333333,1752.37,False,False,False,False,False,False,True,False,False,False,False,0.0110132158590308,0.0649779735682819,,,0.0487004405286343,0.0482745961820852,-0.1117841409691629,0.1035242290748898,-0.0003934426229507,0.0720026979933675,1691.0,1769.0,1.6371807000946077,0.0037741091481627,0.0002646032679972,0.0004162677320881
2015-08-07,1816.0,1820.0,1789.0,1809.0,267100.0,1809.0,1790.6,1777.2,1733.68,1728.2266666666667,1754.205,False,True,False,False,False,False,True,False,False,True,False,0.0066334991708126,-0.0011055831951354,,,0.0416362631288004,0.044650819974203,-0.0923161967938087,0.0989496959646213,-6.17202990347927e-05,0.0813639432815664,1700.0,1681.0,0.7717422710199364,0.0035300632181256,-0.000244045930037,0.0003317223239159
2015-08-10,1810.0,1819.0,1790.0,1818.0,161600.0,1818.0,1799.4,1781.2,1740.28,1728.5733333333333,1755.96,False,False,False,False,False,False,True,True,False,False,True,0.0627062706270627,-0.0962596259625962,,,0.0427502750275027,0.0491895856252292,-0.0973597359735973,0.0946094609460946,0.0002005507431947,0.0861778576240736,1733.0,1705.0,0.6050168476226132,0.0037924931620198,0.0002624299438941,0.0002622710422295
2015-08-11,1830.0,1864.0,1817.0,1836.0,343800.0,1836.0,1812.2,1786.6,1748.2,1729.04,1758.09,False,False,False,False,False,False,True,True,False,False,False,0.0593681917211329,-0.1345315904139433,,,0.0478213507625272,0.0582570806100218,-0.119281045751634,0.1089324618736383,0.0002698992890081,0.0936415537893206,1704.0,1683.0,2.1274752475247523,0.0045303740990733,0.0007378809370535,6.934854581345373e-05
2015-08-12,1821.0,1833.0,1785.0,1795.0,252900.0,1795.0,1814.8,1791.7,1753.4,1728.7333333333331,1760.06,False,False,False,False,False,False,True,False,False,True,False,0.083008356545961,-0.0607242339832869,,,0.023175487465181,0.0369173630454968,-0.1052924791086351,0.1086350974930362,-0.0001773938529174,0.0986214209968186,1680.0,1692.0,0.7356020942408377,0.002965666704688,-0.0015647073943853,-0.0004472931419256
2015-08-13,1805.0,1836.0,1792.0,1836.0,300900.0,1836.0,1818.8,1801.5,1761.92,1728.9733333333334,1761.81,False,False,False,False,False,False,True,True,False,False,False,0.0533769063180827,-0.0680827886710239,,,0.0403485838779956,0.0582933914306463,-0.1116557734204793,0.0648148148148148,0.0001388107007628,0.0975298362475715,1707.0,1701.0,1.1897983392645315,0.0048356338539774,0.0018699671492894,0.0003162045536802
2015-08-14,1837.0,1840.0,1799.0,1821.0,360800.0,1821.0,1821.2,1805.9,1770.52,1729.24,1763.635,False,False,False,False,False,False,True,True,False,False,False,-0.0076880834706205,-0.0521691378363536,,,0.0277210323997803,0.0503898956617243,-0.0971993410214168,0.0982976386600768,0.0001542103274656,0.1010576443878398,1684.0,1697.0,1.1990694582917911,0.0048573300499287,2.169619595131493e-05,1.539962670279714e-05
2015-08-17,1850.0,1932.0,1835.0,1932.0,1323000.0,1932.0,1844.0,1821.7,1783.8,1730.9466666666667,1765.715,False,False,False,False,False,False,True,True,False,False,False,-0.1495859213250517,-0.1092132505175983,,,0.0767080745341615,0.1040648723257418,-0.1609730848861283,0.0346790890269151,0.0009859729935834,0.0934292144700005,1690.0,1693.0,3.666851441241685,0.0074447808050229,0.0025874507550941,0.0008317626661178
2015-08-18,1947.0,1993.0,1930.0,1945.0,951300.0,1945.0,1865.8,1839.0,1794.96,1733.013333333333,1767.935,False,False,False,False,False,False,True,True,False,True,False,-0.1830334190231362,-0.1501285347043701,,,0.0771413881748071,0.1089905741216796,-0.1573264781491002,0.0323907455012853,0.0011925278512954,0.0861337683523654,1703.0,1704.0,0.719047619047619,0.0062174087444846,-0.0012273720605383,0.0002065548577119
2015-08-19,1945.0,1982.0,1902.0,1944.0,642400.0,1944.0,1895.6,1855.2,1804.28,1735.96,1770.025,False,False,False,False,False,False,True,True,False,True,False,-0.132716049382716,-0.1460905349794238,,,0.0718724279835391,0.1070164609053497,-0.1486625514403292,0.0144032921810699,0.001697427744111,0.0749245364381198,1711.0,1714.0,0.6752864501208872,0.0051654953776575,-0.001051913366827,0.0005048998928155
2015-08-20,1910.0,1957.0,1910.0,1934.0,336100.0,1934.0,1915.2,1867.0,1812.08,1738.88,1772.555,False,False,False,False,False,False,True,True,False,True,False,-0.1153050672182006,-0.1328852119958635,,,0.0630403309203723,0.100889348500517,-0.1882109617373319,0.0475698035160289,0.0016792418108208,0.069309051955008,1714.0,1711.0,0.5231942714819428,0.0043044457198357,-0.0008610496578217,-1.818593329020639e-05
2015-08-21,1855.0,1884.0,1792.0,1807.0,736500.0,1807.0,1912.4,1866.8,1813.92,1739.6933333333334,1774.415,False,False,False,False,False,False,True,True,False,True,False,-0.0448256779192031,-0.1178749308245711,,,-0.0038295517432208,0.0372477402693229,-0.0885445489762036,0.1145545102379634,0.0004675153475324,0.0708163702592672,1702.0,1710.0,2.1913121094912227,0.001014377701332,-0.0032900680185037,-0.0012117264632883
2015-08-24,1717.0,1761.0,1640.0,1643.0,684200.0,1643.0,1854.6,1849.3,1809.64,1737.986666666667,1775.5,False,False,False,False,False,False,False,False,False,True,False,0.0474741326841144,-0.0359099208764455,,,-0.1014242239805234,-0.0578129438019883,0.0006086427267194,0.234327449786975,-0.0009819791482864,0.0830043800356891,1698.0,1744.0,0.9289884589273592,-0.0023651112928538,-0.0033794889941858,-0.0014494944958188
2015-08-25,1523.0,1723.0,1506.0,1589.0,862100.0,1589.0,1783.4,1824.6,1802.4,1735.64,1776.455,False,False,False,False,False,False,False,False,False,True,False,0.040276903713027,-0.0195091252359974,,,-0.1342983008181246,-0.0922844556324733,0.0289490245437382,0.3360604153555695,-0.0013520468914445,0.1024334100624795,1628.0,1780.0,1.2600116924875768,-0.004016866400355,-0.0016517551075012,-0.0003700677431581
2015-08-26,1620.0,1697.0,1590.0,1686.0,596800.0,1686.0,1731.8,1813.7,1799.92,1735.12,1777.655,False,False,False,False,False,False,False,False,False,False,False,-0.0154211150652431,-0.0397390272835112,,,-0.0675682087781732,-0.0291340450771055,0.0059311981020166,0.262158956109134,-0.0002996910876482,0.1166675855985002,1631.0,1766.0,0.6922630785291729,-0.0013778390150673,0.0026390273852877,0.0010523558037963
2015-08-27,1750.0,1770.0,1694.0,1711.0,497000.0,1711.0,1687.2,1801.2,1795.88,1734.3466666666666,1778.52,False,False,False,False,False,False,False,False,False,True,False,-0.0198714202220923,-0.0572764465225014,,,-0.0496084161309176,-0.0136450418858366,0.0099357101110461,0.277030976037405,-0.0004458931701466,0.1371863202309572,1653.0,1762.0,0.832774798927614,-0.0022495935140432,-0.0008717544989758,-0.0001462020824984
2015-08-28,1767.0,1767.0,1712.0,1726.0,250200.0,1726.0,1671.0,1791.7,1791.8,1734.9466666666667,1779.22,False,False,False,False,False,False,False,True,False,True,False,-0.0764774044032444,-0.048667439165701,,,-0.0381228273464657,-0.0051834685206643,0.0202780996523754,0.2520278099652375,0.0003458319564098,0.1522018195010325,1656.0,1793.0,0.503420523138833,-0.0022770398481974,-2.744633415419561e-05,0.0007917251265565
2015-08-31,1724.0,1745.0,1702.0,1721.0,224100.0,1721.0,1686.6,1770.6,1789.52,1735.16,1779.71,False,False,False,False,False,False,False,True,False,False,False,-0.0796048808832074,-0.0464846019755955,,,-0.0398140615920976,-0.0082277745496804,0.0162696106914584,0.2300987797791981,0.0001229473554792,0.1725968598215294,1653.0,1781.0,0.89568345323741,-0.0012740846707496,0.0010029551774477,-0.0002228846009306
2015-09-01,1722.0,1725.0,1643.0,1653.0,419900.0,1653.0,1699.4,1741.4,1784.36,1734.76,1779.865,False,False,False,False,False,False,False,False,False,True,False,-0.057471264367816,-0.0217785843920145,,,-0.0794676346037507,-0.0494615849969751,0.0483968542044767,0.26497277676951,-0.0002305794461482,0.1970253818766509,1638.0,1741.0,1.8737170905845604,-0.0028917931359143,-0.0016177084651646,-0.0003535268016274
2015-09-02,1601.0,1700.0,1601.0,1660.0,388400.0,1660.0,1694.2,1713.0,1781.0,1734.3333333333333,1779.85,False,False,False,False,False,False,False,False,False,False,False,-0.0246987951807228,-0.0325301204819277,,,-0.0728915662650602,-0.0447791164658634,0.0560240963855421,0.2668674698795181,-0.0002460119162022,0.2245183887915936,1665.0,1694.0,0.9249821386044296,-0.0018865805727119,0.0010052125632024,-1.5432470054006715e-05
2015-09-03,1690.0,1705.0,1664.0,1677.0,243700.0,1677.0,1687.4,1687.3,1778.56,1734.013333333333,1780.005,False,False,False,False,False,False,False,False,False,False,False,-0.0381633870005963,-0.0274299344066785,,,-0.0605605247465712,-0.033997217253031,0.0125223613595706,0.2623732856290995,-0.0001845429869821,0.2485627926272742,1623.0,1691.0,0.6274459320288363,-0.0013718963655991,0.0005146842071127,6.146892922010496e-05
2015-09-04,1664.0,1666.0,1579.0,1594.0,379400.0,1594.0,1661.0,1666.0,1771.24,1732.64,1779.17,False,False,False,False,False,False,False,False,False,True,False,0.0301129234629861,0.0313676286072772,,,-0.1111919698870765,-0.0869761606022585,0.117314930991217,0.3713927227101631,-0.0007926247422043,0.2748499399759904,1606.0,1700.0,1.5568321707016823,-0.0041326979968835,-0.0027608016312843,-0.0006080817552222
2015-09-07,1564.0,1606.0,1534.0,1584.0,213000.0,1584.0,1633.6,1660.1,1763.64,1731.1866666666667,1778.045,False,False,False,False,False,False,False,False,False,True,False,0.0359848484848484,0.0233585858585858,,,-0.1134090909090909,-0.0929208754208754,0.1534090909090909,0.3712121212121212,-0.0008395012284444,0.2880549364496116,1600.0,1733.0,0.5614127569847127,-0.0043092694654237,-0.0001765714685402,-4.687648624010445e-05
2015-09-08,1590.0,1599.0,1544.0,1558.0,224000.0,1558.0,1614.6,1657.0,1755.08,1729.24,1776.815,False,False,False,False,False,False,False,False,False,True,False,0.0378690629011553,0.05198973042362,,,-0.1264955070603337,-0.1099101412066752,0.1341463414634146,0.3793324775353017,-0.0011257353904991,0.292033796016898,1666.0,1704.0,1.051643192488263,-0.0048772705517698,-0.000568001086346,-0.0002862341620546
2015-09-09,1609.0,1625.0,1589.0,1619.0,236100.0,1619.0,1606.4,1650.3,1748.56,1727.9733333333334,1776.305,False,False,False,False,False,False,False,False,False,False,False,-0.0080296479308214,0.022235948116121,,,-0.0800247066090178,-0.0673090385011324,0.0914144533662754,0.3755404570722668,-0.000733036003642,0.3032781918439073,1711.0,1680.0,1.0540178571428571,-0.0037287825410623,0.0011484880107074,0.0003926993868571
2015-09-10,1572.0,1627.0,1572.0,1613.0,158900.0,1613.0,1593.6,1640.5,1740.44,1726.6666666666667,1775.265,False,False,False,False,False,False,False,False,False,True,False,0.0111593304401735,-0.0266584004959702,,,-0.079008059516429,-0.0704691051870221,0.1004339739615623,0.3558586484810911,-0.0007567567567567,0.3111856141420299,1739.0,1707.0,0.6730199068191445,-0.0046654868883729,-0.0009367043473106,-2.372075311470414e-05
2015-09-11,1629.0,1665.0,1601.0,1642.0,228900.0,1642.0,1603.2,1632.1,1733.76,1725.76,1773.88,False,False,False,False,False,False,False,False,False,False,False,0.0012180267965895,0.0030450669914738,,,-0.0558830694275274,-0.0510109622411693,0.0931790499390986,0.3252131546894031,-0.0005253723963162,0.3188530114576313,1761.0,1684.0,1.4405286343612336,-0.0038528977482466,0.0008125891401263,0.0002313843604404
2015-09-14,1640.0,1670.0,1627.0,1641.0,111500.0,1641.0,1614.6,1624.1,1726.68,1724.3866666666668,1772.735,False,False,False,False,False,False,False,False,False,True,False,-0.012187690432663,0.0018281535648994,,,-0.0522120658135283,-0.0508145439772497,0.0993296770262035,0.3138330286410725,-0.0007964184367001,0.3277507542639001,1750.0,1690.0,0.4871122761031018,-0.0041003544374174,-0.0002474566891708,-0.0002710460403838
2015-09-15,1641.0,1660.0,1600.0,1617.0,226600.0,1617.0,1626.4,1620.5,1717.92,1722.2133333333334,1771.54,False,False,True,False,False,False,False,False,False,True,False,0.0136054421768707,0.0111317254174397,,,-0.0624118738404453,-0.0650669964955679,0.1478045763760049,0.2523191094619666,-0.00126194199712,0.326627584078988,1770.0,1703.0,2.0322869955156952,-0.0050991897177982,-0.0009988352803808,-0.0004655235604198
2015-09-16,1630.0,1641.0,1595.0,1606.0,171600.0,1606.0,1623.8,1615.1,1710.36,1720.08,1770.01,False,False,False,False,False,False,False,False,False,False,False,0.0305105853051058,0.0560398505603985,,,-0.0649813200498131,-0.0710336239103362,0.1519302615193026,0.272104607721046,-0.0012402523913617,0.3273481518172251,1748.0,1711.0,0.7572815533980582,-0.0044201220795622,0.0006790676382359,2.168960575832184e-05
2015-09-17,1610.0,1638.0,1596.0,1631.0,210100.0,1631.0,1627.4,1610.5,1702.16,1718.3333333333333,1768.67,False,False,False,False,False,False,False,False,False,True,False,-0.0374003678724708,0.0594727161250766,,,-0.0436296750459841,-0.053545881872062,0.1428571428571428,0.2109135499693439,-0.0010164888457807,0.3223222601676497,1812.0,1714.0,1.2243589743589745,-0.0048174084692389,-0.0003972863896766,0.0002237635455809
2015-09-18,1631.0,1645.0,1598.0,1644.0,245800.0,1644.0,1627.8,1615.5,1695.08,1716.3466666666666,1767.43,False,False,False,False,False,False,False,False,False,False,True,0.0018248175182481,0.0711678832116788,,,-0.0310705596107055,-0.0440064882400648,0.1721411192214112,0.1909975669099756,-0.0011574973198887,0.3041163726400496,1828.0,1702.0,1.1699190861494526,-0.0041767940156217,0.0006406144536172,-0.0001410084741079
2015-09-24,1610.0,1641.0,1610.0,1621.0,269200.0,1621.0,1623.8,1619.2,1682.64,1714.2133333333334,1766.02,False,False,False,False,False,False,False,False,False,True,False,0.014188772362739,0.0789636027143738,,,-0.0380259099321407,-0.0575035986016862,0.1708821714990746,0.1696483652066625,-0.0012444969898728,0.2840909090909089,1778.0,1698.0,1.09519934906428,-0.0073931441068795,-0.0032163500912577,-8.699966998407206e-05
2015-09-25,1602.0,1649.0,1590.0,1639.0,492500.0,1639.0,1628.2,1627.3,1670.4,1712.8533333333332,1764.315,False,False,False,False,False,False,False,False,False,False,False,-0.0024405125076266,0.0573520439292251,,,-0.0191580231848688,-0.0450599959324791,0.1409395973154362,0.1561928004881025,-0.0007939967617387,0.2620905794874947,1782.0,1628.0,1.8294947994056463,-0.0073275862068965,6.55578999830056e-05,0.000450500228134
2015-09-28,1651.0,1666.0,1636.0,1655.0,137400.0,1655.0,1638.0,1630.9,1658.84,1712.3333333333333,1762.705,False,False,False,False,False,False,False,False,False,False,False,0.0247734138972809,0.059214501510574,,,-0.0023202416918428,-0.0346424974823765,0.1401812688821752,0.0948640483383685,-0.0003036791901888,0.2338586056778465,1744.0,1631.0,0.2789847715736041,-0.0069687251332257,0.0003588610736708,0.0004903175715499
2015-09-29,1616.0,1620.0,1562.0,1570.0,378000.0,1570.0,1625.8,1626.6,1644.28,1710.72,1760.675,False,False,False,False,False,False,False,False,False,True,False,0.1006369426751592,0.0815286624203821,,,-0.047312101910828,-0.0896305732484076,0.1808917197452229,0.1178343949044586,-0.0009430727023319,0.2105619082749293,1738.0,1653.0,2.7510917030567685,-0.0088549395480088,-0.001886214414783,-0.000639393512143
2015-09-30,1600.0,1657.0,1590.0,1647.0,375000.0,1647.0,1626.4,1627.1,1637.88,1710.013333333333,1759.11,False,False,False,False,True,False,False,False,False,False,False,0.0692167577413479,0.0813600485731633,,,0.0055373406193077,-0.0382594616474396,0.1214329083181542,0.1414693381906496,-0.000413252138385,0.1919980333107984,1777.0,1656.0,0.992063492063492,-0.0039074901702199,0.0049474493777888,0.0005298205639468
2015-10-01,1647.0,1660.0,1610.0,1644.0,259400.0,1644.0,1631.0,1627.4,1637.92,1708.8266666666666,1757.615,False,False,False,False,False,False,True,False,False,False,False,0.0638686131386861,0.1113138686131386,,,0.0036982968369829,-0.0394322789943227,0.139294403892944,0.1763990267639902,-0.0006944336074654,0.178136905493425,1774.0,1653.0,0.6917333333333333,2.4421217153440715e-05,0.0039319113873733,-0.0002811814690804
2015-10-02,1610.0,1650.0,1610.0,1635.0,213500.0,1635.0,1630.2,1629.2,1639.76,1707.9066666666668,1755.91,False,False,False,False,False,False,True,False,True,False,False,0.0599388379204893,0.0807339449541284,,,-0.0029113149847094,-0.0445912334352701,0.128440366972477,0.1706422018348624,-0.000538671121763,0.1700220967345936,1772.0,1638.0,0.823053199691596,0.0011221154315265,0.001097694214373,0.0001557624857024
2015-10-05,1639.0,1705.0,1639.0,1696.0,352900.0,1696.0,1638.4,1638.2,1640.16,1708.12,1755.01,False,False,False,False,False,False,True,True,False,True,False,0.0336084905660377,0.0418632075471698,,,0.0329245283018867,-0.0071462264150942,0.0913915094339622,0.1544811320754717,0.000124893645255,0.1584055670858259,1782.0,1665.0,1.652927400468384,0.0002438786459858,-0.0008782367855407,0.0006635647670181
2015-10-06,1735.0,1757.0,1724.0,1728.0,383700.0,1728.0,1670.0,1647.9,1640.84,1708.4,1754.315,False,False,False,False,False,False,True,True,False,False,False,-0.0173611111111111,0.027199074074074,,,0.0504398148148148,0.0113425925925925,0.0486111111111111,0.1516203703703703,0.0001638960430813,0.1524971175435402,1816.0,1623.0,1.0872768489657127,0.0004144218814752,0.0001705432354894,3.900239782626393e-05
2015-10-07,1728.0,1770.0,1717.0,1761.0,181000.0,1761.0,1692.8,1659.6,1642.24,1709.4266666666667,1754.12,False,False,False,False,False,False,True,True,False,False,False,0.0113571834185122,0.0193072118114707,,,0.0674389551391255,0.0292863903085367,0.0459965928449744,0.134014764338444,0.000600591231368,0.1467221017112557,1809.0,1606.0,0.471722700026062,0.0008524941543258,0.0004380722728506,0.0004366951882866
2015-10-08,1761.0,1761.0,1731.0,1749.0,157400.0,1749.0,1713.8,1672.4,1643.36,1710.2133333333334,1754.225,False,False,False,False,False,False,True,True,False,True,False,0.0445969125214408,0.0314465408805031,,,0.0604002287021155,0.0221764817991232,0.0640365923384791,0.1915380217267009,0.0004599816007359,0.1491867974168859,1818.0,1600.0,0.8696132596685083,0.0006815305228312,-0.0001709636314946,-0.000140609630632
2015-10-09,1736.0,1747.0,1712.0,1733.0,216500.0,1733.0,1733.4,1681.8,1646.56,1710.6133333333332,1754.26,False,False,False,False,False,False,True,True,True,False,False,0.0196191575302942,0.0709751875360646,,,0.0498788228505482,0.0129178688209271,0.0640507789959607,0.1996537795729948,0.0002338342582776,0.1537043643715067,1836.0,1666.0,1.3754764930114358,0.001943445729278,0.0012619152064468,-0.0002261473424582
2015-10-13,1719.0,1756.0,1719.0,1753.0,199600.0,1753.0,1744.8,1691.6,1650.28,1711.1733333333334,1754.615,False,False,False,False,False,False,True,True,False,False,False,0.0079863091842555,0.0553337136337706,,,0.0585966913861951,0.0238600494390568,0.0524814603536794,0.1751283513976041,0.0003272608268791,0.1616812485221092,1795.0,1711.0,0.9219399538106235,0.002254162929927,0.000310717200649,9.342656860147056e-05
2015-10-14,1741.0,1751.0,1693.0,1698.0,166200.0,1698.0,1738.8,1704.4,1651.12,1710.96,1754.515,False,False,False,False,False,False,True,False,False,True,False,0.0453474676089517,0.0977620730270907,,,0.0276089517078917,-0.0076325088339222,0.0995288574793875,0.1419316843345112,-0.0001246863359361,0.1637526402252991,1836.0,1739.0,0.8326653306613226,0.0005087455787586,-0.0017454173511684,-0.0004519471628153
2015-10-15,1687.0,1788.0,1681.0,1781.0,354600.0,1781.0,1742.8,1717.8,1658.6,1712.013333333333,1754.64,False,False,False,False,False,False,True,True,True,False,False,0.0078607523862998,0.0819764177428411,,,0.0687254351487928,0.038734793187348,0.060078607523863,0.0578326782706344,0.000615260005763,0.1549074397485156,1821.0,1761.0,2.1335740072202167,0.0045098275654166,0.004001081986658,0.0007399463416992
2015-10-16,1785.0,1850.0,1785.0,1827.0,414200.0,1827.0,1758.4,1736.1,1668.32,1713.7333333333331,1754.775,False,False,False,False,False,False,True,True,False,False,False,-0.0125889436234263,0.0388615216201423,,,0.0868527640941434,0.0619959861339172,0.0749863163656267,0.0399562123700054,0.0010036567338364,0.1407753009619262,1932.0,1750.0,1.168076706147772,0.0058262203893737,0.0013163928239571,0.0003883967280734
2015-10-19,1787.0,1806.0,1761.0,1767.0,164300.0,1767.0,1765.2,1749.3,1676.68,1715.5866666666666,1754.58,False,False,False,False,False,False,True,True,False,True,False,0.0503678551216751,0.0582908885116015,,,0.0511148839841539,0.0290963969062441,0.1052631578947368,0.0073571024335031,0.0010802912900544,0.1245069456353969,1945.0,1770.0,0.3966682761950748,0.0049860438485579,-0.0008401765408158,7.663455621792861e-05
2015-10-20,1780.0,1780.0,1746.0,1767.0,179000.0,1767.0,1768.0,1756.4,1682.6,1717.4,1754.415,False,False,False,False,False,False,True,True,False,True,False,0.0469722693831352,0.0679117147707979,,,0.0477645727221279,0.0280701754385964,0.1341256366723259,-0.0232031692133559,0.0010558596327783,0.1067524481894784,1944.0,1748.0,1.0894704808277542,0.0035183644359918,-0.0014676794125661,-2.443165727607373e-05
2015-10-21,1767.0,1784.0,1756.0,1775.0,192600.0,1775.0,1783.4,1761.1,1689.08,1719.0266666666666,1754.14,False,False,False,False,False,False,True,True,False,False,False,0.0501408450704225,0.0445070422535211,,,0.0484056338028169,0.0315342723004695,0.1290140845070422,-0.0805633802816901,0.0009462719213197,0.0834705581738686,1934.0,1812.0,1.0759776536312848,0.0038364079854121,0.0003180435494203,-0.0001095877114585
2015-10-22,1776.0,1816.0,1775.0,1795.0,168600.0,1795.0,1786.2,1764.5,1695.2,1720.88,1753.72,False,False,False,False,False,False,True,True,False,True,False,0.0735376044568245,0.0289693593314763,,,0.0555988857938718,0.041292479108635,0.1075208913649025,-0.0590529247910863,0.0010769683727705,0.063927458203457,1807.0,1828.0,0.8753894080996885,0.0036101934874941,-0.000226214497918,0.0001306964514508
2015-10-23,1820.0,1827.0,1798.0,1804.0,238100.0,1804.0,1781.6,1770.0,1701.72,1722.8933333333334,1753.425,False,False,False,False,False,False,True,True,False,False,False,0.0521064301552106,0.0382483370288248,,,0.0566962305986696,0.0449593495934958,0.1031042128603104,-0.0582039911308204,0.0011685768900376,0.0388700564971751,1643.0,1778.0,1.4122182680901545,0.003831417624521,0.0002212241370268,9.160851726708352e-05
2015-10-26,1820.0,1868.0,1819.0,1856.0,285000.0,1856.0,1799.4,1782.3,1711.28,1725.8,1753.5,False,False,False,False,False,False,True,True,False,False,False,0.0075431034482758,-0.005926724137931,,,0.0779741379310345,0.0701508620689655,0.0969827586206896,-0.0894396551724138,0.0016842430563602,0.0098748807720362,1589.0,1782.0,1.1969760604787905,0.0055864615959982,0.0017550439714772,0.0005156661663225
2015-10-27,1845.0,1870.0,1833.0,1850.0,253700.0,1850.0,1816.0,1792.0,1721.04,1728.2666666666669,1753.35,False,False,False,False,False,False,True,True,False,False,False,0.02,0.0005405405405405,,,0.0697081081081081,0.0658018018018016,0.0756756756756756,-0.067027027027027,0.0014272488813456,-0.0142299107142857,1686.0,1744.0,0.8901754385964912,0.0056709896341746,8.452803817639472e-05,-0.0002569941750146
2015-10-28,1849.0,1904.0,1845.0,1864.0,550200.0,1864.0,1833.8,1808.6,1730.36,1731.48,1753.665,False,False,False,False,False,False,True,True,False,True,False,-0.0053648068669527,-0.0278969957081545,,,0.0716952789699571,0.0710944206008583,0.0488197424892703,-0.1013948497854077,0.0018558304648815,-0.0378745991374543,1711.0,1738.0,2.1687031927473392,0.0053861624170692,-0.0002848272171054,0.0004285815835359
2015-10-29,1904.0,1940.0,1890.0,1927.0,679300.0,1927.0,1860.2,1823.2,1741.68,1735.76,1754.66,True,True,False,False,False,False,True,True,False,False,False,-0.0415153087701089,-0.0441100155682407,,,0.0961702127659574,0.0992423456149455,0.0378827192527244,-0.1250648676699532,0.00246577867908,-0.0564392277314612,1726.0,1777.0,1.2346419483824065,0.0064994717743788,0.0011133093573096,0.0006099482141984
2015-10-30,1910.0,1923.0,1865.0,1898.0,484700.0,1898.0,1879.0,1830.3,1752.76,1739.7333333333331,1755.535,False,False,False,False,False,False,True,True,False,True,False,-0.0131717597471022,-0.0194942044257112,,,0.076522655426765,0.0833860203723218,0.0532139093782929,-0.1006322444678609,0.0022838749233597,-0.0706441566956236,1721.0,1774.0,0.7135286324157221,0.006321458727949,-0.0001780130464298,-0.0001819037557202
2015-11-02,1899.0,1909.0,1854.0,1870.0,321100.0,1870.0,1881.8,1840.6,1762.0,1742.4533333333334,1756.26,False,False,False,False,False,False,True,True,False,True,False,-0.0133689839572192,-0.013903743315508,,,0.0577540106951871,0.0682067736185383,0.0737967914438502,-0.0957219251336898,0.0015610174160571,-0.0806802129740302,1653.0,1772.0,0.6624716319372808,0.005244040862656,-0.0010774178652929,-0.0007228575073025
2015-11-04,1899.0,1915.0,1861.0,1887.0,219800.0,1887.0,1889.2,1852.6,1771.28,1744.8,1757.085,False,False,False,False,False,False,True,True,False,True,False,-0.0190779014308426,-0.0222575516693163,,,0.0613248542660307,0.0753577106518283,0.045045045045045,-0.0726020137784843,0.0013449488002444,-0.0853395228327755,1660.0,1782.0,0.6845219557770165,0.0052391490899236,-4.891772732422244e-06,-0.0002160686158127
2015-11-05,1872.0,1885.0,1825.0,1854.0,364700.0,1854.0,1887.2,1860.5,1782.64,1746.3333333333333,1758.035,False,False,False,False,False,False,True,True,False,False,False,-0.0226537216828478,0.0070118662351672,,,0.03848975188781,0.0580726357425386,0.0927723840345199,-0.0507011866235167,0.0008780301584271,-0.0823434560601989,1677.0,1816.0,1.6592356687898089,0.0063725710182651,0.0011334219283414,-0.0004669186418173
2015-11-06,1841.0,1859.0,1791.0,1847.0,306400.0,1847.0,1871.2,1865.7,1790.64,1747.48,1759.12,False,False,False,False,False,False,True,True,False,True,False,-0.0027070925825663,0.0221981591770438,,,0.0305143475906875,0.0538819707634001,0.0904168922577152,-0.0525175961017866,0.0006561829987563,-0.0816315592003001,1594.0,1809.0,0.8401425829448862,0.0044676763615243,-0.0019048946567407,-0.0002218471596708
2015-11-09,1850.0,1895.0,1850.0,1873.0,159500.0,1873.0,1866.2,1872.6,1799.8,1749.12,1760.555,False,False,False,False,False,False,True,True,False,False,False,-0.0064068339562199,0.0485851575013347,,,0.0390816871329418,0.0661398825413775,0.0827549386011745,-0.0517885744794447,0.0009376143432125,-0.080903556552387,1584.0,1818.0,0.5205613577023499,0.0050894543838203,0.0006217780222959,0.0002814313444561
2015-11-10,1836.0,1861.0,1836.0,1845.0,165500.0,1845.0,1861.2,1871.5,1808.2,1750.12,1761.715,False,False,False,False,False,False,True,True,False,True,False,-0.0005420054200542,0.0585365853658536,,,0.0199457994579945,0.0514254742547426,0.1506775067750677,0.0124661246612466,0.0005713893904417,-0.0708522575474218,1558.0,1836.0,1.037617554858934,0.0046455038159496,-0.0004439505678707,-0.0003662249527707
2015-11-11,1839.0,1860.0,1836.0,1851.0,111900.0,1851.0,1854.0,1871.6,1814.4,1751.493333333333,1762.97,False,False,False,False,False,False,True,True,False,True,False,-0.0032414910858995,0.0826580226904376,,,0.0197730956239869,0.0537583288312625,0.1496488384656942,0.0113452188006482,0.0007840928122287,-0.0631010899764906,1619.0,1795.0,0.6761329305135951,0.0034171075837742,-0.0012283962321753,0.0002127034217869
2015-11-12,1840.0,1860.0,1806.0,1812.0,293600.0,1812.0,1845.6,1866.4,1817.76,1751.493333333333,1764.0,False,False,False,False,False,False,True,False,False,True,False,0.0303532008830022,0.1059602649006622,,,-0.0031788079470198,0.0333922001471671,0.205849889624724,0.0447019867549668,0.0,-0.0488105443634805,1613.0,1836.0,2.623771224307417,0.0018484288354897,-0.0015686787482844,-0.0007840928122287
2015-11-13,1810.0,1842.0,1809.0,1842.0,313000.0,1842.0,1844.6,1857.9,1821.0,1751.68,1765.08,False,False,False,False,False,False,True,True,False,True,False,0.0249728555917481,0.0792616720955483,,,0.011400651465798,0.0490336590662323,0.1731813246471227,0.022801302931596,0.0001065643648765,-0.0338016039614619,1642.0,1821.0,1.0660762942779292,0.0017792421746293,-6.918666086044899e-05,0.0001065643648765
2015-11-16,1850.0,1877.0,1820.0,1861.0,437500.0,1861.0,1842.2,1854.2,1825.48,1752.7866666666666,1766.08,False,False,False,False,False,False,True,True,False,False,False,0.0553465878559914,0.0693175711982805,,,0.0190865126276195,0.0581479491312914,0.137560451370231,0.0102095647501343,0.0006313755619622,-0.0225434149498435,1641.0,1932.0,1.3977635782747604,0.0024541490457304,0.0006749068711011,0.0005248111970856
2015-11-17,1870.0,1870.0,1827.0,1844.0,262100.0,1844.0,1842.0,1851.6,1829.92,1753.6133333333332,1767.045,False,False,False,False,False,False,True,True,False,True,False,0.0591106290672451,0.1041214750542299,,,0.0076355748373101,0.0490166305133767,0.1339479392624729,-0.009761388286334,0.0004714076079104,-0.0138798876647223,1617.0,1945.0,0.5990857142857143,0.0024263355775116,-2.7813468218833293e-05,-0.0001599679540517
2015-11-18,1840.0,1853.0,1820.0,1845.0,229100.0,1845.0,1840.8,1847.4,1833.6,1754.96,1767.775,False,False,False,False,False,False,True,True,False,True,False,0.0861788617886178,0.078590785907859,,,0.0061788617886179,0.0488021680216802,0.1398373983739837,0.0065040650406504,0.0007673489234323,-0.0058460539136084,1606.0,1944.0,0.8740938573063716,0.0020069808027922,-0.0004193547747193,0.0002959413155218
2015-11-19,1839.0,1877.0,1839.0,1867.0,481200.0,1867.0,1851.8,1848.7,1840.36,1756.68,1768.585,False,False,False,False,False,False,True,True,False,False,False,0.0733797536154258,0.0471344402785216,,,0.0142688805570434,0.0590894483128012,0.1339046598821639,-0.0091055168719871,0.0009791197030762,-0.0016768540055174,1631.0,1934.0,2.1003928415539064,0.0036731943750135,0.0016662135722213,0.0002117707796439
2015-11-20,1861.0,1892.0,1861.0,1888.0,364600.0,1888.0,1861.0,1852.8,1844.64,1758.16,1769.815,False,False,False,False,False,False,True,True,False,True,True,0.0529661016949152,0.059322033898305,,,0.0229661016949152,0.0687711864406779,0.1578389830508474,0.0021186440677966,0.0008417891431951,0.0037780656303972,1644.0,1807.0,0.757689110556941,0.0023202359267934,-0.0013529584482201,-0.0001373305598811
2015-11-24,1890.0,1971.0,1890.0,1964.0,667700.0,1964.0,1881.6,1861.9,1850.12,1760.6933333333334,1771.15,False,False,False,False,False,False,True,True,False,False,False,0.0132382892057026,0.0178207739307535,,,0.0579837067209776,0.1035166327223353,0.1059063136456211,-0.0005091649694501,0.0014388271287068,0.0089156238251248,1621.0,1643.0,1.831321996708722,0.002961970034376,0.0006417341075826,0.0005970379855116
2015-11-25,1965.0,1970.0,1933.0,1953.0,300400.0,1953.0,1903.4,1872.7,1857.56,1763.1066666666666,1772.57,False,False,False,False,False,False,True,True,False,False,False,0.0424987199180747,0.0281618023553507,,,0.048868407578085,0.097231609489674,0.1003584229390681,0.0307219662058371,0.0013687959888982,0.0108399636887915,1639.0,1589.0,0.4499026508911187,0.0040052542044402,0.0010432841700642,-7.003113980855614e-05
2015-11-26,2000.0,2040.0,1972.0,2004.0,774000.0,2004.0,1935.2,1888.0,1867.04,1766.0666666666666,1774.025,False,False,False,False,False,False,True,True,False,False,False,-0.0069860279441117,-0.0159680638722554,,,0.0683433133732535,0.1187292082501663,0.1112774451097804,0.0334331337325349,0.0016760409195576,0.0131885593220339,1655.0,1686.0,2.5765645805592543,0.0050775559173879,0.0010723017129476,0.0003072449306593
2015-11-27,2010.0,2024.0,1989.0,2004.0,323900.0,2004.0,1962.6,1907.2,1876.2,1768.5733333333333,1775.615,False,False,False,False,False,False,True,True,False,True,False,-0.0244510978043912,0.0109780439121756,,,0.0637724550898203,0.117478376580173,0.091317365269461,0.0499001996007984,0.0014173382688871,0.0140520134228187,1570.0,1711.0,0.4184754521963824,0.0048822087197527,-0.0001953471976352,-0.0002587026506704
2015-11-30,2005.0,2020.0,1967.0,1988.0,286400.0,1988.0,1982.6,1921.8,1883.92,1770.96,1776.83,False,False,False,False,False,False,True,True,False,True,False,0.0060362173038229,0.0130784708249496,,,0.0523541247484909,0.1091750503018108,0.0945674044265593,0.0487927565392354,0.001347668307961,0.0168071599542095,1647.0,1726.0,0.8842235257795616,0.0040978385494076,-0.0007843701703451,-6.96699609260712e-05
2015-12-01,1990.0,2003.0,1980.0,1990.0,165000.0,1990.0,1987.8,1934.7,1891.36,1773.253333333333,1777.85,False,False,False,False,False,False,True,True,False,True,False,0.0045226130653266,0.0190954773869346,,,0.0495678391959799,0.1089179229480738,0.0834170854271356,0.0341708542713567,0.0012932914266807,0.0192277872538378,1644.0,1721.0,0.5761173184357542,0.0039336773538616,-0.0001641611955459,-5.437688128033611e-05
2015-12-02,1984.0,2045.0,1984.0,2036.0,454400.0,2036.0,2004.4,1953.9,1898.56,1775.92,1779.105,False,False,False,False,False,False,True,True,False,True,False,-0.0137524557956778,0.0427308447937131,,,0.0675049115913556,0.1277406679764243,-0.0054027504911591,0.0078585461689587,0.0015015691397512,0.0207789549106913,1635.0,1653.0,2.753939393939394,0.0037923478847126,-0.000141329469149,0.0002082777130704
2015-12-03,2041.0,2043.0,1980.0,1990.0,332600.0,1990.0,2001.6,1968.4,1904.16,1778.52,1780.185,False,False,False,False,False,False,True,True,False,True,False,-0.0090452261306532,0.0693467336683417,,,0.0431356783919597,0.1062713567839196,0.0266331658291457,-0.0065326633165829,0.0014618896610664,0.0193558219874008,1696.0,1660.0,0.7319542253521126,0.0029409293336695,-0.0008514185510431,-3.967947868475691e-05
2015-12-04,1950.0,1975.0,1942.0,1955.0,327500.0,1955.0,1991.8,1977.2,1907.8,1780.1066666666666,1781.03,False,False,False,False,False,False,True,True,False,True,False,0.0363171355498721,0.1176470588235294,,,0.0241432225063938,0.089459505541347,0.0102301790281329,0.0235294117647058,0.0008913323546154,0.0224559983815495,1728.0,1677.0,0.9846662657847264,0.0019079568088897,-0.0010329725247797,-0.000570557306451
2015-12-07,1990.0,2019.0,1983.0,2000.0,306200.0,2000.0,1994.2,1988.4,1910.72,1782.493333333333,1782.06,False,False,False,False,False,False,True,True,False,True,False,0.007,0.0805,,,0.0446399999999999,0.1087533333333334,-0.021,0.0295,0.0013389484392647,0.0250955542144437,1761.0,1594.0,0.9349618320610688,0.0015282197286887,-0.000379737080201,0.0004476160846493
2015-12-08,2001.0,2015.0,1977.0,1999.0,270300.0,1999.0,1996.0,1991.9,1914.76,1783.3866666666668,1782.77,False,False,False,False,False,False,True,True,False,False,False,0.0145072536268134,0.0590295147573786,,,0.0421410705352676,0.1078605969651491,-0.0515257628814407,0.048024012006003,0.0005009195986663,0.0299211807821677,1749.0,1584.0,0.8827563683866754,0.0021099250036557,0.000581705274967,-0.0008380288405983
2015-12-09,2009.0,2068.0,2002.0,2008.0,539700.0,2008.0,1990.4,1997.4,1920.28,1784.2266666666667,1783.645,False,False,False,False,False,False,True,True,False,False,False,0.0572709163346613,0.0413346613545816,,,0.0436852589641434,0.1114409030544488,-0.0562749003984063,0.021414342629482,0.0004707922012897,0.0289876839891859,1733.0,1558.0,1.996670366259712,0.0028745807903014,0.0007646557866456,-3.012739737661465e-05
2015-12-10,1997.0,2006.0,1966.0,1972.0,411300.0,1972.0,1986.8,1994.2,1923.68,1784.6,1784.47,False,False,False,False,False,False,True,True,False,True,False,0.0791075050709939,0.0664300202839756,,,0.0245030425963488,0.0950304259634888,-0.0811359026369168,0.0,0.0002091972057229,0.0256744559221743,1753.0,1619.0,0.7620900500277932,0.0017674457290194,-0.0011071350612819,-0.0002615949955668
2015-12-11,1979.0,2065.0,1979.0,2026.0,581800.0,2026.0,2001.0,1996.4,1930.56,1785.8266666666666,1785.465,False,False,False,False,False,False,True,True,False,False,False,0.0784797630799605,0.0449160908193484,,,0.0471076011846002,0.1185455742020401,-0.1337611056268509,-0.041954590325765,0.0006868901050494,0.016379483069525,1698.0,1613.0,1.414539265742767,0.0035637328029172,0.0017962870738978,0.0004776928993264
2015-12-14,2000.0,2038.0,1997.0,2014.0,324900.0,2014.0,2003.8,1999.0,1937.24,1788.5866666666666,1786.27,False,False,False,False,False,False,True,True,False,True,False,0.0729890764647467,0.0854021847070506,,,0.0381132075471698,0.1119232042370076,-0.0665342601787487,-0.0913604766633565,0.0015431178435114,0.0023011505752875,1781.0,1642.0,0.5584393262289447,0.0034482046623031,-0.0001155281406141,0.000856227738462
2015-12-15,2050.0,2092.0,2009.0,2028.0,483100.0,2028.0,2009.6,2002.8,1943.44,1793.72,1787.095,False,False,False,False,False,False,True,True,False,True,False,0.0438856015779092,0.0710059171597633,,,0.0416962524654832,0.1155226824457593,-0.0463510848126232,-0.051775147928994,0.0028618364813535,-0.0063411224285999,1827.0,1641.0,1.486919052016005,0.0031902194047668,-0.0002579852575362,0.001318718637842
2015-12-16,2095.0,2139.0,2071.0,2123.0,1112800.0,2123.0,2032.6,2011.5,1954.56,1800.84,1788.29,False,False,False,False,False,False,True,True,False,False,False,-0.0150730098916627,0.0122468205369759,,,0.0793405558172397,0.1517475270843147,-0.0984455958549222,-0.0979745642958078,0.0039537104906598,-0.0174496644295301,1767.0,1617.0,2.303456841233699,0.0056892599869023,0.0024990405821355,0.0010918740093063
2015-12-17,2190.0,2210.0,2115.0,2128.0,1094400.0,2128.0,2063.8,2025.3,1965.64,1806.733333333333,1789.27,False,False,False,False,False,False,True,True,False,True,False,-0.0117481203007518,0.0465225563909774,,,0.0762969924812029,0.1509711779448622,-0.0798872180451127,-0.0681390977443609,0.0032618722556362,-0.0238483187675899,1767.0,1606.0,0.9834651329978432,0.0056368409271281,-5.24190597742287e-05,-0.0006918382350236
2015-12-18,2130.0,2232.0,2128.0,2185.0,1513100.0,2185.0,2095.6,2048.3,1980.56,1813.0533333333333,1790.59,False,False,False,False,False,False,True,True,False,False,False,-0.0311212814645308,0.0009153318077803,,,0.0935652173913043,0.1702273073989321,-0.0892448512585812,-0.0681922196796338,0.003485832371175,-0.0331006200263634,1775.0,1631.0,1.3825840643274854,0.0075332229268488,0.0018963819997207,0.0002239601155387
2015-12-21,2225.0,2225.0,2080.0,2161.0,907500.0,2161.0,2125.0,2064.4,1993.32,1818.8533333333328,1791.47,False,False,False,False,False,False,True,True,False,True,False,0.0115687181860249,0.0069412309116149,,,0.0775937066173068,0.1583279345981801,-0.0758907913003239,-0.0485886163813049,0.0031888222616444,-0.0407866692501453,1795.0,1644.0,0.5997620778534135,0.0064013806112415,-0.0011318423156073,-0.0002970101095306
2015-12-22,2181.0,2183.0,2112.0,2117.0,453100.0,2117.0,2142.8,2076.2,2003.56,1824.1333333333328,1791.905,False,False,False,False,False,False,True,True,False,True,False,0.0259801606046291,0.0184222957014643,,,0.0535852621634388,0.1383404188316801,-0.0155880963627775,0.0146433632498819,0.0028945252540021,-0.0436855794239475,1804.0,1621.0,0.4992837465564738,0.0051109025933837,-0.0012904780178577,-0.0002942970076422
2015-12-24,2131.0,2141.0,2070.0,2091.0,444900.0,2091.0,2136.4,2084.5,2013.44,1829.973333333333,1792.26,False,False,False,False,False,False,True,True,False,True,False,0.0277379244380679,-0.0315638450502152,,,0.037092300334768,0.1248334130400128,-0.0057388809182209,0.0430416068866571,0.0031913033341104,-0.0412568961381626,1856.0,1639.0,0.9819024497903333,0.0049070247933884,-0.0002038777999952,0.0002967780801083
2015-12-25,2100.0,2124.0,2090.0,2103.0,273200.0,2103.0,2131.4,2097.6,2023.76,1835.88,1792.925,False,False,False,False,False,False,True,True,False,False,False,0.0589633856395625,-0.028530670470756,,,0.0376795054683785,0.1270185449358059,-0.0204469805040418,0.0080836899667142,0.0032173489915827,-0.0401887871853546,1850.0,1655.0,0.6140705776579006,0.0050994189034272,0.0001923941100387,2.604565747230071e-05
2015-12-28,2111.0,2133.0,2072.0,2117.0,303500.0,2117.0,2117.8,2106.7,2033.76,1841.746666666667,1793.75,False,False,False,False,False,False,True,True,False,True,False,0.0330656589513462,-0.0670760510155881,,,0.0393197921587151,0.1300204692174459,-0.084081247047709,-0.0203117619272555,0.0031853819924565,-0.0380215502919257,1864.0,1570.0,1.1109077598828696,0.0049170010227362,-0.000182417880691,-3.1966999126270025e-05
2015-12-29,2135.0,2197.0,2122.0,2186.0,445500.0,2186.0,2122.8,2123.9,2045.68,1849.64,1794.91,False,False,False,False,False,False,True,True,False,False,False,-0.0045745654162854,-0.1043000914913083,,,0.0641903019213174,0.1538700823421774,-0.1381518755718206,-0.0324794144556267,0.0042674970985344,-0.0323932388530534,1927.0,1647.0,1.4678747940691927,0.0058269133002229,0.0009099122774867,0.0010821151060779
2015-12-30,2210.0,2213.0,2144.0,2172.0,383900.0,2172.0,2133.8,2138.3,2054.0,1857.48,1796.105,False,False,False,False,False,False,True,True,False,True,False,-0.007366482504604,-0.1270718232044199,,,0.0543278084714548,0.1448066298342541,-0.1252302025782689,-0.0285451197053407,0.0042207722290414,-0.0301641490903989,1898.0,1644.0,0.8617283950617284,0.0040506329113923,-0.0017762803888305,-4.672486949296607e-05
2016-01-04,2160.0,2210.0,2123.0,2149.0,470300.0,2149.0,2145.4,2140.9,2061.84,1865.36,1797.35,False,False,False,False,False,False,True,True,False,True,False,-0.0577012563983248,-0.1181945090739879,,,0.0405583992554675,0.1319869706840391,-0.1717077710563052,0.0353652861796184,0.0042243856413774,-0.0168620673548507,1870.0,1635.0,1.2250586090127638,0.0038024288984596,-0.0002482040129326,3.613412336019896e-06
2016-01-05,2117.0,2252.0,2116.0,2227.0,806300.0,2227.0,2170.2,2150.8,2070.76,1873.4666666666667,1799.055,False,False,False,False,False,False,True,True,False,False,False,-0.0826223619218679,-0.1863493488998653,,,0.0701571621014817,0.1587486903158209,-0.2249663224068253,0.0035922766052986,0.0043270941569995,-0.0096708201599405,1887.0,1696.0,1.7144375930257283,0.0043075972106859,0.0005051683122262,0.000102708515622
2016-01-06,2277.0,2278.0,2152.0,2187.0,854900.0,2187.0,2184.2,2151.0,2078.08,1881.12,1800.73,False,False,False,False,False,False,True,True,False,True,False,-0.0969364426154549,-0.1975308641975308,,,0.0498033836305441,0.1398628257887517,-0.2537722908093278,-0.0146319158664837,0.004068498199654,-0.004230590423059,1854.0,1728.0,1.0602753317623714,0.0035224822913457,-0.0007851149193402,-0.0002585959573455
2016-01-07,2168.0,2217.0,2130.0,2176.0,590000.0,2176.0,2182.2,2152.5,2085.6,1888.24,1802.36,False,False,False,False,False,False,True,True,False,False,False,-0.1001838235294117,-0.1360294117647058,,,0.0415441176470588,0.1322426470588235,-0.2238051470588235,-0.0261948529411764,0.0037707071135025,-0.0019976771196284,1847.0,1761.0,0.6901391975669668,0.0036056770233985,8.319473205281591e-05,-0.0002977910861514
2016-01-08,2139.0,2184.0,2123.0,2156.0,635400.0,2156.0,2179.0,2156.4,2092.24,1895.1066666666663,1804.145,False,False,False,False,False,False,True,True,False,True,False,-0.1205936920222634,-0.1029684601113172,,,0.0295732838589982,0.1210080395794683,-0.2119666048237476,-0.0051020408163265,0.0036233668465449,-0.0039417547764793,1873.0,1749.0,1.076949152542373,0.0031736320880969,-0.0004320449353016,-0.0001473402669576
2016-01-12,2123.0,2148.0,1976.0,2025.0,883300.0,2025.0,2154.2,2149.8,2091.8,1900.5466666666664,1805.22,False,False,False,False,False,False,False,True,False,True,False,-0.0641975308641975,-0.0548148148148148,,,-0.0329876543209877,0.0614584362139919,-0.1654320987654321,0.0814814814814814,0.0028623343459075,-0.0004651595497255,1845.0,1733.0,1.3901479383065785,-0.0002103451572806,-0.0033839772453775,-0.0007610325006374
2016-01-13,2048.0,2069.0,2001.0,2043.0,653500.0,2043.0,2117.4,2143.8,2093.92,1906.3733333333328,1806.26,False,False,False,False,False,False,True,True,True,False,False,-0.1130690161527166,-0.0416054821341164,,,-0.0249241311796378,0.0668755098711048,-0.1551639745472344,0.0352422907488986,0.0030564142735244,0.0020990764063811,1851.0,1753.0,0.7398392392165742,0.0010124551081225,0.0012228002654031,0.0001940799276169
2016-01-14,1971.0,1978.0,1922.0,1975.0,481300.0,1975.0,2075.0,2129.6,2094.72,1910.96,1806.805,False,False,False,False,False,False,True,True,False,True,False,-0.1113924050632911,0.0075949367088607,,,-0.0606177215189872,0.0324253164556961,-0.1518987341772152,0.0648101265822784,0.0024001897824482,0.0101427498121712,1812.0,1698.0,0.7364957918898241,0.0003819126183927,-0.0006305424897297,-0.0006562244910762
2016-01-15,2000.0,2031.0,1934.0,1958.0,343900.0,1958.0,2031.4,2106.8,2093.04,1915.1466666666668,1807.265,False,False,False,False,False,False,False,True,False,True,False,-0.0398365679264555,0.0199182839632277,,,-0.0689683350357507,0.0218862785154919,-0.1389172625127681,0.1225740551583248,0.0021860814837506,0.0250142396050881,1842.0,1781.0,0.7145231664242676,-0.0008026602453846,-0.0011845728637774,-0.0002141082986976
2016-01-18,1878.0,1906.0,1868.0,1896.0,433300.0,1896.0,1979.4,2079.2,2088.92,1918.8133333333333,1807.245,False,False,False,False,False,False,False,True,False,True,False,0.020042194092827,0.0991561181434599,,,-0.1017510548523207,-0.0120323488045006,-0.0996835443037974,0.1619198312236286,0.0019109032666021,0.0430934974990382,1861.0,1827.0,1.259959290491422,-0.0019723110506864,-0.0011696508053018,-0.0002751782171484
2016-01-19,1901.0,1917.0,1858.0,1895.0,197400.0,1895.0,1953.4,2053.8,2084.4,1922.2266666666667,1807.32,False,False,False,False,False,False,False,True,False,True,False,0.0100263852242744,0.0970976253298153,,,-0.0999472295514512,-0.01436763412489,-0.1076517150395778,0.1551451187335092,0.0017757184376452,0.0542409192715939,1844.0,1767.0,0.4555735056542811,-0.0021684897332565,-0.0001961786825701,-0.0001351848289569
2016-01-20,1920.0,1920.0,1802.0,1812.0,511300.0,1812.0,1907.2,2012.3,2078.0,1924.32,1807.165,False,False,False,False,False,False,False,True,False,True,False,0.0805739514348785,0.1368653421633554,,,-0.1467991169977925,-0.0619867549668873,-0.0342163355408388,0.2080573951434878,0.0010878301599179,0.0736967648958902,1845.0,1767.0,2.590172239108409,-0.0030798845043311,-0.0009113947710745,-0.0006878882777273
2016-01-21,1821.0,1862.0,1751.0,1755.0,463900.0,1755.0,1863.2,1969.1,2067.16,1926.7866666666664,1807.065,False,False,False,False,False,False,False,True,False,True,False,0.1339031339031339,0.1048433048433048,,,-0.1778689458689457,-0.097884140550807,0.0028490028490028,0.2387464387464387,0.0012801970811505,0.0982174597531867,1867.0,1775.0,0.9072951300606298,-0.0052439095183731,-0.0021640250140419,0.0001923669212326
2016-01-22,1849.0,1880.0,1813.0,1880.0,335900.0,1880.0,1847.6,1939.5,2061.8,1929.8933333333327,1807.65,False,False,False,False,False,False,False,True,False,False,False,0.0622340425531914,0.002127659574468,,,-0.0967021276595745,-0.0265390070921985,-0.0691489361702127,0.151063829787234,0.0016097608157964,0.1172982727507089,1888.0,1795.0,0.7240784651864626,-0.002599670191095,0.0026442393272781,0.0003295637346458
2016-01-25,1920.0,1948.0,1890.0,1934.0,321500.0,1934.0,1855.2,1917.3,2058.04,1933.76,1808.255,False,False,False,False,False,False,False,True,False,False,False,0.077559462254395,-0.0175801447776628,,,-0.0641365046535677,0.000124095139607,-0.0816959669079627,0.1504653567735263,0.001999558718076,0.134407760913785,1964.0,1804.0,0.9571300982435248,-0.0018269810110591,0.0007726891800358,0.0003897979022796
2016-01-26,1894.0,1944.0,1888.0,1914.0,265300.0,1914.0,1859.0,1906.2,2049.68,1937.48,1808.615,False,False,False,False,False,False,False,True,False,True,False,0.0862068965517241,-0.0700104493207941,,,-0.0708881922675025,-0.0122675026123302,-0.0240334378265412,0.1886102403343782,0.0019200198195594,0.1454726681355576,1953.0,1856.0,0.825194401244168,-0.0040786854533391,-0.0022517044422799,-7.953889851663185e-05
2016-01-27,1925.0,1968.0,1924.0,1958.0,270900.0,1958.0,1888.2,1897.7,2042.88,1940.973333333333,1809.47,False,False,False,False,False,False,False,True,False,False,False,0.052093973442288,-0.118488253319714,,,-0.0433503575076609,0.0086959482465101,-0.0439223697650663,0.1910112359550561,0.00179978430066,0.1620382568372239,2004.0,1850.0,1.0211081794195251,-0.0033286340852128,0.0007500513681262,-0.0001202355188994
2016-01-28,1939.0,1992.0,1935.0,1990.0,199600.0,1990.0,1935.2,1899.2,2035.08,1944.4666666666667,1810.435,False,False,False,False,False,False,False,True,False,True,False,-0.0256281407035175,-0.1798994974874372,,,-0.0226532663316582,0.0228810720268006,-0.0487437185929648,0.1934673366834171,0.0017965508965613,0.1754422914911542,2004.0,1864.0,0.7368032484311554,-0.0038327731587948,-0.0005041390735819,-3.233404098733914e-06
2016-01-29,1996.0,2019.0,1940.0,1997.0,343200.0,1997.0,1958.6,1903.1,2028.52,1947.6133333333328,1811.58,False,False,False,False,False,False,False,True,False,False,True,-0.0565848773159739,-0.1542313470205308,,,-0.0157836755132698,0.0247304289767988,-0.0565848773159739,0.2038057085628442,0.0016156526620612,0.1838579160317377,1988.0,1927.0,1.719438877755511,-0.0032338848027132,0.0005988883560815,-0.0001808982345
2016-02-01,2050.0,2096.0,2030.0,2084.0,356500.0,2084.0,1988.6,1921.9,2027.2,1952.08,1813.09,False,False,False,False,True,False,False,True,False,False,False,-0.0882917466410748,-0.1847408829174664,,,0.0272552783109404,0.0633013435700576,-0.0978886756238003,0.2092130518234165,0.00228815758917,0.1887715281752431,1990.0,1898.0,1.0387529137529137,-0.0006511444356747,0.0025827403670384,0.0006725049271087
2016-02-02,2075.0,2139.0,2067.0,2079.0,335400.0,2079.0,2021.6,1940.3,2026.72,1956.6933333333327,1814.51,False,False,False,False,False,False,False,True,False,False,False,-0.1438191438191438,-0.1871091871091871,,,0.0251467051467051,0.0588295654962322,-0.1216931216931216,0.2039442039442039,0.0023577191452245,0.1936813894758542,2036.0,1870.0,0.9408134642356242,-0.0002368358727402,0.0004143085629345,6.956155605445258e-05
2016-02-03,2029.0,2074.0,2005.0,2060.0,308900.0,2060.0,2042.0,1965.1,2025.0,1960.7866666666664,1815.565,False,False,False,False,False,False,False,True,False,True,False,-0.162135922330097,-0.162135922330097,,,0.0169902912621359,0.0481618122977347,-0.0985436893203883,0.1737864077669902,0.0020875974948829,0.1902702152562211,1990.0,1887.0,0.920989862850328,-0.0008493827160493,-0.0006125468433091,-0.0002701216503415
2016-02-04,2100.0,2130.0,1918.0,1939.0,951600.0,1939.0,2031.8,1983.5,2017.88,1964.0,1815.81,False,False,False,False,False,True,False,True,False,True,False,-0.1583290355853532,-0.1361526560082517,,,-0.0406807632800413,-0.0128932439401753,-0.0458999484270242,0.2656008251676122,0.0016361167684997,0.193345097050668,1955.0,1854.0,3.080608611201036,-0.0035284556068744,-0.002679072890825,-0.0004514807263831
2016-02-05,1900.0,1940.0,1845.0,1884.0,400200.0,1884.0,2009.2,1983.9,2005.8,1965.3733333333328,1815.765,False,False,False,False,False,False,False,True,False,True,False,-0.1035031847133758,-0.1050955414012738,,,-0.0646496815286623,-0.0431917905166309,0.0042462845010615,0.3200636942675159,0.0006987646113034,0.2093855537073441,2000.0,1847.0,0.4205548549810844,-0.0060225346495164,-0.0024940790426419,-0.0009373521571963
2016-02-08,1837.0,1907.0,1808.0,1900.0,455300.0,1900.0,1972.4,1980.5,1994.92,1966.3466666666664,1815.765,False,False,False,False,False,False,False,True,False,False,False,-0.1057894736842105,-0.101578947368421,,,-0.0499578947368421,-0.0349192982456138,0.0331578947368421,0.311578947368421,0.0004949957959262,0.2249431961625852,1999.0,1873.0,1.1376811594202898,-0.0054538527860765,0.0005686818634399,-0.0002037688153771
2016-02-09,1800.0,1808.0,1747.0,1780.0,591200.0,1780.0,1912.6,1967.1,1980.16,1966.52,1815.32,False,False,False,False,False,False,False,True,False,True,False,-0.0505617977528089,-0.05,,,-0.1124494382022472,-0.1047865168539325,0.1308988764044943,0.398314606741573,8.81421665346045e-05,0.2441665395760257,2008.0,1845.0,1.2984845157039315,-0.0074539431157078,-0.0020000903296312,-0.0004068536293916
2016-02-10,1802.0,1802.0,1672.0,1726.0,462300.0,1726.0,1845.8,1943.9,1960.12,1965.973333333333,1814.515,False,False,True,False,False,False,False,False,False,True,False,0.0,0.0139049826187717,,,-0.1356431054461181,-0.1390343762070296,0.1998841251448435,0.421784472769409,-0.0002780641310835,0.2652914244559904,1972.0,1851.0,0.7819688768606224,-0.0102238638450708,-0.0027699207293629,-0.0003662062976181
2016-02-12,1606.0,1680.0,1596.0,1632.0,923800.0,1632.0,1784.4,1908.1,1937.92,1964.0666666666664,1813.34,False,False,False,False,False,False,False,False,False,True,False,0.0263480392156862,0.0784313725490196,,,-0.1874509803921569,-0.203472222222222,0.2892156862745098,0.4993872549019608,-0.0009707749227793,0.2928043603584719,2026.0,1812.0,1.9982695219554405,-0.0114555812417436,-0.0012317173966728,-0.0006927107916957
2016-02-15,1592.0,1706.0,1590.0,1689.0,827400.0,1689.0,1745.4,1877.3,1918.44,1962.6533333333327,1812.7,False,False,False,False,False,False,False,False,False,False,False,-0.0017761989342806,0.0361160449970396,,,-0.1358436944937833,-0.162020919676337,0.2344582593250444,0.4505624629958555,-0.0007201135877281,0.3164651360997177,2014.0,1842.0,0.8956484087464819,-0.0101540835261983,0.0013014977155452,0.0002506613350512
2016-02-16,1638.0,1756.0,1638.0,1699.0,732500.0,1699.0,1705.2,1838.8,1900.16,1961.253333333333,1812.235,False,False,False,False,False,False,False,False,False,False,False,0.0047086521483225,0.0453207769276044,,,-0.1183990582695703,-0.1543574651755933,0.2113007651559741,0.4396703943496174,-0.0007138292520429,0.3400043506634762,2028.0,1861.0,0.8853033599226493,-0.0096202425058942,0.0005338410203041,6.284335685144025e-06
2016-02-17,1676.0,1735.0,1653.0,1690.0,627800.0,1690.0,1687.2,1799.9,1886.76,1959.04,1811.68,False,False,False,False,False,False,False,False,False,False,False,0.0005917159763313,0.1053254437869822,,,-0.1164260355029585,-0.1591952662721893,0.2142011834319526,0.4852071005917159,-0.0011298050745942,0.3693538529918327,2123.0,1844.0,0.8570648464163823,-0.0071021221565011,0.002518120349393,-0.0004159758225513
2016-02-18,1734.0,1760.0,1717.0,1726.0,461200.0,1726.0,1687.2,1766.5,1874.08,1957.3866666666668,1811.22,False,False,False,False,False,False,False,False,False,False,False,0.0139049826187717,0.0845886442641946,,,-0.0857937427578215,-0.134059482425647,0.1454229432213209,0.4826187717265353,-0.0008446636331434,0.4032267195018399,2128.0,1845.0,0.7346288626951258,-0.0067659865107146,0.0003361356457865,0.0002851414414508
2016-02-19,1717.0,1717.0,1639.0,1675.0,409700.0,1675.0,1695.8,1740.1,1862.08,1954.8666666666663,1810.505,False,False,False,False,False,False,False,False,False,False,False,0.0507462686567164,0.1301492537313432,,,-0.1116895522388059,-0.1670845771144276,0.1946268656716417,0.5122388059701493,-0.0012890904750539,0.4290558013907246,2185.0,1867.0,0.8883347788378144,-0.0064444062553703,0.0003215802553442,-0.0004444268419104
2016-02-22,1677.0,1710.0,1642.0,1686.0,636700.0,1686.0,1695.2,1720.3,1851.2,1951.6533333333327,1809.93,False,False,False,False,False,False,False,False,False,False,False,0.0379596678529062,0.1174377224199288,,,-0.0979833926453143,-0.1575642546461051,0.2212336892052194,0.4448398576512455,-0.0016464672687771,0.4425390920188339,2161.0,1888.0,1.5540639492311448,-0.005877268798617,0.0005671374567532,-0.0003573767937232
2016-02-23,1694.0,1723.0,1675.0,1707.0,390200.0,1707.0,1696.8,1701.0,1843.64,1949.1066666666663,1809.445,False,False,False,False,False,False,False,False,False,False,False,0.0404217926186291,0.1013473930872876,,,-0.0800468658465144,-0.1418316735012691,0.2272993555946104,0.3925014645577035,-0.0013065814766423,0.4521457965902409,2117.0,1964.0,0.6128474948955552,-0.0041005836280401,0.0017766851705768,0.0003398857921347
2016-02-24,1707.0,1734.0,1667.0,1691.0,579200.0,1691.0,1697.0,1692.1,1835.48,1946.72,1808.95,False,False,False,False,False,False,False,False,False,True,False,0.1046717918391484,0.0798344175044352,,,-0.0854405677114133,-0.151224127735068,0.2128917800118273,0.4098166765227676,-0.0012259938083886,0.4535783937119556,2091.0,1953.0,1.4843669912865198,-0.0044457035761763,-0.0003451199481361,8.05876682537553e-05
2016-02-25,1700.0,1758.0,1688.0,1750.0,520000.0,1750.0,1701.8,1694.5,1833.0,1944.8933333333327,1809.085,False,False,False,False,False,False,False,False,False,False,False,0.0697142857142857,0.0611428571428571,,,-0.0474285714285714,-0.1113676190476189,0.1268571428571428,0.2828571428571428,-0.000939211747688,0.4391856004721156,2103.0,2004.0,0.8977900552486188,-0.0013529732678668,0.0030927303083094,0.0002867820607005
2016-02-26,1757.0,1763.0,1721.0,1760.0,411100.0,1760.0,1718.8,1707.3,1833.2,1943.64,1809.31,False,False,False,False,False,False,True,False,False,False,False,0.0755681818181818,0.0511363636363636,,,-0.0415909090909091,-0.1043409090909091,0.1028409090909091,0.2556818181818182,-0.0006448382073496,0.4145141451414514,2117.0,2004.0,0.7905769230769231,0.0001090988435522,0.0014620721114191,0.0002943735403383
2016-02-29,1750.0,1792.0,1735.0,1750.0,424000.0,1750.0,1731.6,1713.4,1828.0,1942.3466666666664,1809.33,False,False,False,False,False,False,False,False,False,True,False,0.0765714285714285,0.0811428571428571,,,-0.0445714285714285,-0.1099123809523807,0.0457142857142857,0.3017142857142857,-0.0006658612262831,0.3994397105171005,2186.0,1988.0,1.03137922646558,-0.0028446389496717,-0.002953737793224,-2.102301893353313e-05
2016-03-01,1738.0,1778.0,1727.0,1776.0,364800.0,1776.0,1745.4,1721.1,1821.68,1941.0533333333333,1809.355,False,False,False,False,False,False,False,False,False,True,False,0.0585585585585585,0.1052927927927927,,,-0.0257207207207207,-0.0929354354354354,0.0827702702702702,0.3147522522522522,-0.0006663048928758,0.3867294172331648,2172.0,1990.0,0.8603773584905661,-0.003469325018664,-0.0006246860689922,-4.4366659269741773e-07
2016-03-02,1809.0,1872.0,1793.0,1868.0,513800.0,1868.0,1780.8,1738.9,1819.84,1941.36,1809.87,False,False,False,False,True,False,False,True,False,False,False,-0.0224839400428265,0.0776231263383297,,,0.0257815845824411,-0.0392719486081369,0.0251605995717344,0.2264453961456102,0.0001579648631199,0.35994019207545,2149.0,2036.0,1.4084429824561404,-0.001011077896958,0.002458247121706,0.0008242697559958
2016-03-03,1851.0,1873.0,1842.0,1872.0,308900.0,1872.0,1805.2,1753.5,1816.4,1941.64,1810.605,False,False,False,False,False,False,False,True,False,True,False,-0.0080128205128205,0.1063034188034188,,,0.0297008547008546,-0.0372008547008547,0.0592948717948717,0.25,0.0001442079891227,0.3361277445109781,2227.0,1990.0,0.6012066952121448,-0.0018938559788591,-0.0008827780819011,-1.375687399728513e-05
2016-03-04,1872.0,1898.0,1839.0,1893.0,426800.0,1893.0,1831.8,1775.3,1812.52,1942.72,1811.225,False,False,False,False,False,False,False,True,False,True,False,-0.022715266772319,0.1114632857897517,,,0.0425145272054939,-0.0262651875330163,0.0755414685684099,0.1463285789751716,0.0005559215944654,0.299273362248634,2187.0,1955.0,1.3816769180964714,-0.00214066603403,-0.0002468100551708,0.0004117136053427
2016-03-07,1910.0,1912.0,1871.0,1884.0,325700.0,1884.0,1858.6,1795.1,1808.0,1943.28,1812.24,False,False,False,False,False,False,False,True,False,True,False,0.0042462845010615,0.1066878980891719,,,0.0403397027600849,-0.0314649681528662,0.0912951167728237,0.2091295116772824,0.0002881725742044,0.2761406049802241,2176.0,2000.0,0.7631208997188379,-0.0024999999999999,-0.0003593339659699,-0.000267749020261
2016-03-08,1875.0,1885.0,1824.0,1880.0,236200.0,1880.0,1879.4,1812.4,1799.84,1943.5333333333333,1813.115,False,False,False,False,False,False,False,True,False,True,False,0.0441489361702127,0.0946808510638297,,,0.0426382978723404,-0.0337943262411347,0.1425531914893617,0.2329787234042553,0.0001303467910678,0.2607040388435224,2156.0,1999.0,0.7252072459318392,-0.0045337363321184,-0.0020337363321184,-0.0001578257831365
2016-03-09,1850.0,1856.0,1814.0,1826.0,259300.0,1826.0,1871.0,1825.9,1789.72,1943.2933333333333,1813.83,False,False,False,False,False,False,False,False,False,True,False,0.1024096385542168,0.1237677984665936,,,0.0198685651697699,-0.0642351223074114,0.1944140197152245,0.2836801752464403,-0.0001235016844257,0.2491921791992989,2025.0,2008.0,1.0977984758679085,-0.0056545157901794,-0.0011207794580609,-0.0002538484754935
2016-03-10,1837.0,1862.0,1816.0,1857.0,286600.0,1857.0,1868.0,1836.6,1781.6,1943.4533333333327,1814.655,False,False,False,False,False,False,False,True,False,False,False,0.1152396338179859,0.0646203554119547,,,0.0406031233171782,-0.0465553760545682,0.1416262789445342,0.2794830371567043,8.232767787916415e-05,0.2490471523467277,2043.0,1972.0,1.1052834554569997,-0.0045577009429726,0.0010968148472067,0.0002058293623049
2016-03-11,1825.0,1850.0,1795.0,1850.0,562700.0,1850.0,1859.4,1845.6,1778.04,1943.2266666666667,1815.4,False,False,False,False,False,False,False,False,False,False,False,0.1372972972972973,0.0816216216216216,,,0.0388972972972973,-0.0503927927927928,0.121081081081081,0.2864864864864865,-0.0001166444813436,0.2521673168617252,1975.0,2026.0,1.963363572923936,-0.0020022046748104,0.0025554962681622,-0.0001989721592228
2016-03-14,1850.0,1900.0,1847.0,1892.0,344400.0,1892.0,1861.0,1859.8,1778.36,1943.28,1816.375,False,False,False,False,False,False,True,True,False,False,False,0.1020084566596194,0.0882663847780126,,,0.0600634249471459,-0.0271035940803382,0.1178646934460888,0.290169133192389,2.744500706706436e-05,0.2513711151736747,1958.0,2014.0,0.6120490492269415,0.0001799410692997,0.0021821457441102,0.0001440894884107
2016-03-15,1909.0,1983.0,1908.0,1963.0,740400.0,1963.0,1877.6,1878.5,1780.88,1943.2666666666669,1817.725,False,False,False,False,False,False,True,False,True,False,False,0.0483953132959755,0.0672440142638818,,,0.0927763627101374,0.0100526405162165,0.0748853795211411,0.2419765664798777,-6.861298843747898e-06,0.2443971253659834,1896.0,2028.0,2.1498257839721253,0.0014150307713041,0.0012350897020044,-3.430630591081226e-05
2016-03-16,1961.0,2036.0,1959.0,2013.0,655300.0,2013.0,1915.0,1893.0,1790.2,1944.0666666666664,1819.27,False,False,False,False,False,False,True,True,False,False,False,0.0193740685543964,0.0188772975658221,,,0.1106805762543467,0.0342440801457196,0.1053154495777446,0.1738698460009935,0.0004115085216553,0.2386687797147386,1895.0,2123.0,0.8850621285791465,0.0052061222209808,0.0037910914496766,0.0004183698204991
2016-03-17,2050.0,2098.0,2044.0,2071.0,927600.0,2071.0,1957.8,1912.9,1804.0,1944.96,1821.055,False,False,False,False,False,False,True,True,False,False,False,-0.0453887011105746,-0.0478029937228392,,,0.12892322549493,0.0608594881699661,0.079188797682279,0.1207146306132303,0.0004593067895142,0.2247895864917141,1812.0,2128.0,1.4155348695254082,0.0076496674057649,0.002443545184784,4.779826785888258e-05
2016-03-18,2132.0,2235.0,2070.0,2104.0,1582800.0,2104.0,2008.6,1934.0,1822.88,1946.2933333333333,1823.02,False,False,False,False,False,False,True,True,False,False,False,-0.0489543726235741,-0.0774714828897338,,,0.1336121673003801,0.0749556400506971,0.0242395437262357,0.0204372623574144,0.0006850628887731,0.2102378490175801,1755.0,2185.0,1.7063389391979302,0.0103572368998508,0.0027075694940859,0.0002257560992588
2016-03-22,2109.0,2147.0,2064.0,2085.0,887400.0,2085.0,2047.2,1954.1,1838.72,1947.5866666666664,1824.895,False,False,False,False,False,False,True,True,False,True,False,-0.0124700239808153,-0.1223021582733813,,,0.1181199040767386,0.0659056754596324,0.0163069544364508,0.0043165467625899,0.0006640697204744,0.188373164116473,1880.0,2161.0,0.5606520090978013,0.0086146884789418,-0.001742548420909,-2.099316829871705e-05
2016-03-23,2090.0,2093.0,2033.0,2058.0,422100.0,2058.0,2066.2,1971.9,1853.08,1948.493333333333,1826.465,False,False,False,False,False,False,True,True,False,True,False,0.0179786200194363,-0.0655976676384839,,,0.0995724003887269,0.0532102364755427,0.0422740524781341,0.0116618075801749,0.0004653167917776,0.1656777727065266,1934.0,2117.0,0.4756592292089249,0.0077492606903101,-0.0008654277886316,-0.0001987529286968
2016-03-24,2038.0,2086.0,2029.0,2052.0,582000.0,2052.0,2074.0,1994.5,1867.56,1948.7066666666667,1827.825,False,False,False,False,False,False,True,True,False,False,False,-0.0004873294346978,-0.0667641325536062,,,0.0898830409356725,0.0503378817413904,0.067251461988304,-0.0092592592592592,0.0001094743180093,0.1368764101278516,1914.0,2091.0,1.378820184790334,0.0077534322859774,4.171595667301804e-06,-0.0003558424737682
2016-03-25,2095.0,2100.0,1956.0,1977.0,670800.0,1977.0,2055.2,2006.5,1877.6,1948.5333333333333,1828.88,False,False,False,False,False,False,True,False,False,True,False,-0.0025290844714213,0.0030349013657056,,,0.0502781992918563,0.0143989209239588,0.0698027314112291,0.0268082953970662,-8.895579581227063e-05,0.1128332918016447,1958.0,2103.0,1.1525773195876288,0.0053472518108223,-0.0024061804751551,-0.0001984301138216
2016-03-28,1971.0,2010.0,1939.0,2001.0,420400.0,2001.0,2034.6,2021.6,1890.64,1949.1466666666668,1830.075,False,False,False,False,False,False,True,True,False,False,False,-0.0299850074962518,0.0174912543728135,,,0.0551524237881059,0.0259137098117607,0.0509745127436281,-0.0054972513743128,0.0003146676152299,0.0852295211713495,1990.0,2117.0,0.6267143709004174,0.0068971353615707,0.0015498835507484,0.0004036234110422
2016-03-29,2051.0,2080.0,2019.0,2059.0,470800.0,2059.0,2029.4,2038.3,1905.56,1949.9333333333327,1831.405,False,False,False,False,False,False,True,True,False,False,False,-0.1112190383681398,-0.0014570179698882,,,0.07452161243322,0.0529706977497167,0.067508499271491,-0.0301117047110247,0.000403432595986,0.0545552666437717,1997.0,2186.0,1.1198858230256898,0.0078297193475932,0.0009325839860224,8.876498075607755e-05
2016-03-30,2057.0,2103.0,2041.0,2095.0,547500.0,2095.0,2036.8,2051.5,1921.08,1951.213333333333,1832.975,False,False,False,False,False,False,True,True,False,False,False,-0.0821002386634844,0.0252983293556085,,,0.0830167064439141,0.0686332537788386,0.0515513126491646,-0.0391408114558472,0.0006560020773398,0.0270533755788447,2084.0,2172.0,1.1629141886151233,0.0080787890145126,0.0002490696669193,0.0002525694813538
2016-03-31,2081.0,2083.0,2037.0,2051.0,367200.0,2051.0,2036.6,2055.3,1935.48,1951.7866666666664,1834.525,False,False,False,False,False,False,True,True,False,True,False,-0.0663091175036567,0.0633837152608483,,,0.0563237445148707,0.048373151308305,0.0672842515845928,-0.030716723549488,0.0002937479505956,0.0069089670607696,2079.0,2149.0,0.6706849315068493,0.0074400148800298,-0.0006387741344828,-0.0003622541267442
2016-04-01,2050.0,2069.0,1970.0,1972.0,463900.0,1972.0,2035.6,2045.4,1944.36,1951.7866666666664,1835.915,False,False,False,False,False,False,True,False,False,True,False,0.005578093306288,0.075050709939148,,,0.0140162271805274,0.0102501690331306,0.1100405679513184,-0.0370182555780933,0.0,-0.008849124865552,2060.0,2227.0,1.2633442265795207,0.0045670554835523,-0.0028729593964774,-0.0002937479505956
2016-04-04,1965.0,1978.0,1920.0,1941.0,282600.0,1941.0,2023.6,2029.1,1951.6,1950.6533333333327,1837.165,False,True,False,False,False,False,True,False,False,True,False,0.0489438433797011,0.0685213807315816,,,-0.0054611025244718,-0.0049733814185127,0.1200412158681092,0.005667181865018,-0.0005810019207239,-0.0104972647972007,1939.0,2187.0,0.6091830135805131,0.0037097765935642,-0.0008572788899881,-0.0005810019207239
2016-04-05,1918.0,1924.0,1825.0,1830.0,367600.0,1830.0,1977.8,2003.6,1954.8,1948.2,1837.815,False,False,False,False,False,False,True,False,False,True,False,0.1234972677595628,0.1557377049180328,,,-0.0681967213114753,-0.0645901639344262,0.1825136612021858,0.0584699453551912,-0.0012592820723401,-0.0057396685965262,1884.0,2176.0,1.3007784854918614,0.0016369961121342,-0.00207278048143,-0.0006782801516162
2016-04-06,1823.0,1935.0,1812.0,1923.0,556900.0,1923.0,1943.4,1990.1,1960.68,1946.8,1838.765,False,False,False,False,False,False,True,False,False,False,False,0.1170046801872074,0.0972438897555902,,,-0.019594383775351,-0.0123764950598023,0.157046281851274,-0.000520020800832,-0.0007191288267927,-0.0070348223707351,1900.0,2156.0,1.514961915125136,0.0029989595446478,0.0013619634325135,0.0005401532455474
2016-04-07,1906.0,1950.0,1881.0,1915.0,310000.0,1915.0,1916.2,1976.4,1962.56,1944.0266666666664,1839.82,False,False,False,False,False,False,True,False,False,True,False,0.1389033942558746,0.1618798955613577,,,-0.0248355091383811,-0.0151575282854654,0.1879895561357702,0.006266318537859,-0.0014265922278159,-0.0055150779194495,1780.0,2025.0,0.5566528999820435,0.0009579324963312,-0.0020410270483165,-0.0007074634010231
2016-04-08,1877.0,1992.0,1863.0,1983.0,341000.0,1983.0,1918.4,1977.0,1967.0,1942.0933333333328,1841.335,False,False,False,True,True,False,True,False,True,False,False,0.0690872415532022,0.1270801815431164,,,0.0080685829551185,0.0206286770885865,0.1759959657085224,-0.0136157337367624,-0.000995489403187,-0.0095599393019727,1726.0,2043.0,1.1,0.0022572445348246,0.0012993120384933,0.0004311028246288
2016-04-11,1999.0,2043.0,1963.0,2036.0,395000.0,2036.0,1937.4,1980.5,1972.72,1940.1066666666663,1842.98,False,False,False,False,False,False,True,False,False,False,False,0.018664047151277,0.0584479371316306,,,0.0310805500982318,0.0470988867059595,0.1665029469548133,-0.0383104125736738,-0.0010239986804848,-0.0129260287806109,1632.0,1975.0,1.1583577712609971,0.0028995498600916,0.000642305325267,-2.8509277297723325e-05
2016-04-12,2020.0,2056.0,2005.0,2056.0,387700.0,2056.0,1982.6,1980.2,1979.6,1938.7066666666667,1844.84,False,False,False,False,False,False,True,False,False,False,False,0.0286964980544747,0.0306420233463035,,,0.03715953307393,0.0570492866407263,0.169260700389105,-0.0530155642023346,-0.0007221309051393,-0.0153014846985152,1689.0,1958.0,0.981518987341772,0.0034754495857748,0.0005758997256831,0.0003018677753454
2016-04-13,2076.0,2150.0,2063.0,2148.0,778200.0,2148.0,2027.6,1985.5,1990.32,1939.12,1847.13,False,False,False,False,False,False,True,True,False,False,True,-0.0176908752327746,-0.0013966480446927,,,0.0734078212290503,0.097243947858473,0.1731843575418994,-0.121973929236499,0.0002131551081589,-0.0243263661546209,1699.0,1896.0,2.007222078927005,0.0053860685718879,0.0019106189861131,0.0009352860132982
2016-04-14,2160.0,2206.0,2148.0,2181.0,635600.0,2181.0,2080.8,1998.5,2004.52,1940.32,1849.52,False,False,False,False,False,False,True,True,False,False,False,0.020174232003668,0.0041265474552957,,,0.0809170105456212,0.1103530490600642,0.1476386978450252,-0.1774415405777166,0.0006184546878865,-0.0403802852139104,1690.0,1895.0,0.8167566178360318,0.0070839901821882,0.0016979216103003,0.0004052995797276
2016-04-15,2149.0,2180.0,2118.0,2120.0,311500.0,2120.0,2108.2,2013.3,2015.04,1940.5466666666664,1851.565,False,False,False,False,False,False,True,True,False,True,False,0.0542452830188679,-0.0023584905660377,,,0.0495094339622641,0.0846477987421384,0.140566037735849,-0.1089622641509434,0.000116805573687,-0.0479312571400188,1726.0,1812.0,0.4900881057268722,0.0052207400349372,-0.001863250147251,-0.0005016491141995
2016-04-18,2052.0,2097.0,2045.0,2074.0,213000.0,2074.0,2115.8,2026.6,2024.0,1939.973333333333,1853.365,False,False,False,False,False,False,True,False,False,True,False,0.0390549662487946,0.0139826422372227,,,0.0241080038572806,0.0646223079395693,0.1832208293153326,-0.1108968177434908,-0.0002955367084083,-0.0595085364650152,1675.0,1755.0,0.6837881219903692,0.0044268774703557,-0.0007938625645815,-0.0004123422820953
2016-04-19,2118.0,2131.0,2091.0,2115.0,264100.0,2115.0,2127.6,2055.1,2032.92,1939.0266666666664,1855.43,False,False,False,False,False,False,True,False,False,True,False,0.0018912529550827,0.0392434988179669,,,0.0388085106382978,0.0832025216706068,0.175886524822695,-0.1158392434988179,-0.0004882174561807,-0.0758113960391221,1686.0,1880.0,1.239906103286385,0.0043877771874938,-3.910028286186265e-05,-0.0001926807477724
2016-04-20,2151.0,2158.0,2103.0,2110.0,307400.0,2110.0,2120.0,2073.8,2038.8,1938.2,1857.49,False,False,False,False,False,False,True,False,False,True,False,0.0165876777251184,0.0440758293838862,,,0.0337440758293839,0.0814218009478672,0.181042654028436,-0.0710900473933649,-0.0004265125718018,-0.0823126627447199,1707.0,1934.0,1.1639530480878455,0.0028840494408474,-0.0015037277466463,6.170488437892701e-05
2016-04-21,2145.0,2239.0,2132.0,2225.0,699800.0,2225.0,2128.8,2104.8,2047.28,1939.213333333333,1860.475,False,False,False,False,False,False,True,True,False,False,False,-0.0157303370786516,-0.0161797752808988,,,0.0798741573033708,0.128443445692884,0.1186516853932584,-0.1370786516853932,0.000522548662344,-0.0961611554541999,1691.0,1914.0,2.2765126870527,0.004142081200422,0.0012580317595745,0.0009490612341459
2016-04-22,2205.0,2266.0,2201.0,2235.0,568600.0,2235.0,2151.8,2130.0,2053.84,1939.32,1863.495,False,False,False,False,False,False,True,True,False,True,False,-0.0536912751677852,-0.0205816554809843,,,0.081055928411633,0.1322953020134228,0.097986577181208,-0.1664429530201342,5.500209695501363e-05,-0.1112206572769953,1750.0,1958.0,0.8125178622463561,0.0031940170607253,-0.0009480641396966,-0.000467546565389
2016-04-25,2251.0,2253.0,2140.0,2155.0,613200.0,2155.0,2168.0,2141.9,2055.88,1938.8933333333327,1866.005,False,False,False,False,False,False,True,False,False,True,False,-0.0241299303944315,0.0088167053364269,,,0.0459953596287702,0.1002815158546017,0.1354988399071925,-0.1438515081206496,-0.000220056802162,-0.1214342406274803,1760.0,1990.0,1.0784382694336967,0.0009922758137634,-0.0022017412469619,-0.0002750588991171
2016-04-26,2140.0,2187.0,2066.0,2119.0,486100.0,2119.0,2168.8,2148.2,2057.24,1938.1333333333328,1868.32,False,False,False,False,False,False,True,False,False,True,False,0.0372817366682397,0.021236432279377,,,0.0291458235016518,0.0853547270725185,0.1562057574327513,-0.16658801321378,-0.0003921298844248,-0.1324364584303136,1750.0,1997.0,0.792726679712981,0.0006610798934493,-0.0003311959203141,-0.0001720730822627
2016-04-27,2100.0,2148.0,2088.0,2145.0,247700.0,2145.0,2175.8,2147.9,2060.72,1937.986666666667,1870.78,False,False,False,False,False,False,True,False,True,False,False,0.027039627039627,0.0372960372960372,,,0.0392913752913753,0.0965097125097124,0.1403263403263403,-0.2107226107226107,-7.567991523830877e-05,-0.1413008054378695,1776.0,2084.0,0.5095659329356099,0.001688730152568,0.0010276502591187,0.0003164499691865
2016-04-28,2220.0,2264.0,2102.0,2190.0,1204200.0,2190.0,2168.8,2148.8,2066.24,1940.1866666666667,1873.54,False,False,False,False,False,False,True,True,False,False,False,-0.0004566210045662,0.0388127853881278,,,0.0565114155251142,0.1140700152207001,0.1461187214611872,-0.2219178082191781,0.0011339115136686,-0.1458488458674609,1868.0,2079.0,4.861526039563989,0.0026715192814,0.0009827891288319,0.001209591428907
2016-05-02,2074.0,2145.0,2070.0,2115.0,408000.0,2115.0,2144.8,2148.3,2071.76,1941.1466666666668,1875.79,False,False,False,False,False,False,True,True,False,True,False,0.0349881796690307,0.1026004728132387,,,0.0204444444444443,0.0822001576044128,0.2099290780141844,-0.1900709219858156,0.0004945530476831,-0.153842573197412,1872.0,2060.0,0.3388141504733433,0.0026644012820019,-7.117999398035743e-06,-0.0006393584659855
2016-05-06,2123.0,2127.0,2079.0,2103.0,408000.0,2103.0,2134.4,2151.2,2075.84,1942.8533333333328,1878.19,False,False,False,False,False,False,True,True,False,True,False,0.0337612933903946,0.1293390394674274,,,0.0129148834997621,0.0761515295609449,0.2044698050404184,-0.1873514027579648,0.0008784330949665,-0.1612588322796578,1893.0,1939.0,1.0,0.0019654694003391,-0.0006989318816628,0.0003838800472833
2016-05-09,2115.0,2215.0,2103.0,2198.0,502800.0,2198.0,2150.2,2159.5,2081.4,1946.0533333333333,1881.15,False,False,False,False,False,False,True,True,False,False,False,-0.0154686078252957,0.0937215650591446,,,0.0530482256596905,0.1146254170457992,0.10828025477707,-0.2006369426751592,0.0016443537004812,-0.1697152118545959,1884.0,1884.0,1.2323529411764709,0.0026712789468626,0.0007058095465235,0.0007659206055147
2016-05-10,2200.0,2208.0,2164.0,2203.0,369300.0,2203.0,2161.8,2168.8,2085.72,1950.1466666666668,1884.165,False,False,False,False,False,False,True,True,False,True,False,0.0099863822060826,0.1438946890603722,,,0.0532364956876986,0.1147768194885761,0.0789832047208352,-0.2137993645029505,0.0020989874265867,-0.183788270011066,1880.0,1900.0,0.7344868735083532,0.0020712272021171,-0.0006000517447455,0.0004546337261055
2016-05-11,2203.0,2239.0,2175.0,2189.0,354000.0,2189.0,2161.6,2165.2,2091.24,1954.0666666666664,1886.78,False,False,False,False,False,False,True,True,False,False,False,0.0392873458200091,0.1434444952032891,,,0.0446596619460942,0.1073245012943506,0.0890817724988579,-0.2151667428049337,0.0020060728054312,-0.1917605763901717,1826.0,1780.0,0.958570268074736,0.0026395822574166,0.0005683550552995,-9.291462115557828e-05
2016-05-12,2176.0,2191.0,2162.0,2189.0,218300.0,2189.0,2176.4,2160.6,2099.92,1959.0933333333328,1889.17,False,False,False,False,False,False,True,True,False,False,False,0.0653266331658291,0.1046139789858382,,,0.0406943809958885,0.1050281711588246,0.0255824577432617,-0.2201918684330744,0.0025658127569214,-0.1972600203647134,1857.0,1726.0,0.6166666666666667,0.0041334907996496,0.001493908542233,0.0005597399514902
2016-05-13,2185.0,2199.0,2119.0,2174.0,566500.0,2174.0,2190.6,2162.5,2109.24,1964.68,1891.345,False,False,False,False,False,False,True,True,False,False,False,0.09245630174793,0.1287948482060717,,,0.0297884084636615,0.0962833486660533,0.0165593376264949,-0.2097516099356025,0.002843550433998,-0.2038381502890173,1850.0,1632.0,2.5950526797984423,0.0044186531641727,0.000285162364523,0.0002777376770765
2016-05-16,2224.0,2228.0,2162.0,2164.0,530900.0,2164.0,2183.8,2167.0,2122.6,1968.4666666666667,1893.36,False,False,False,False,False,False,True,True,False,False,True,0.11090573012939,0.149260628465804,,,0.0191312384473198,0.0903573629081946,0.0526802218114602,-0.1950092421441774,0.0019236630880211,-0.2065989847715736,1892.0,1689.0,0.9371579876434244,0.0062941675303873,0.0018755143662145,-0.0009198873459769
2016-05-17,2184.0,2227.0,2151.0,2225.0,418300.0,2225.0,2188.2,2175.0,2134.68,1972.3466666666664,1895.735,False,False,False,False,False,False,True,True,False,True,False,0.1325842696629213,0.12,,,0.0405932584269663,0.1135520599250937,0.049438202247191,-0.1689887640449438,0.0019671998161241,-0.2023448275862068,1963.0,1699.0,0.7879073271802599,0.005658927801825,-0.0006352397285622,4.353672810298724e-05
2016-05-18,2236.0,2309.0,2218.0,2275.0,1006300.0,2275.0,2205.4,2183.5,2149.08,1977.16,1898.26,False,False,False,False,False,False,True,True,False,False,False,0.1002197802197802,0.094065934065934,,,0.0553494505494505,0.1309186813186812,0.007032967032967,-0.1876923076923076,0.002434468294591,-0.198855049232883,2013.0,1690.0,2.40568969639015,0.0067005416271149,0.0010416138252898,0.0004672684784669
2016-05-19,2305.0,2366.0,2294.0,2332.0,822600.0,2332.0,2234.0,2205.2,2163.04,1982.1466666666668,1901.18,False,False,False,False,False,False,True,True,False,True,False,0.0368782161234991,0.0523156089193825,,,0.0724528301886792,0.1500228702115494,0.0034305317324185,-0.2126929674099485,0.002515790960642,-0.2011608924360602,2071.0,1726.0,0.8174500645930637,0.0064538797248317,-0.0002466619022831,8.1322666050908e-05
2016-05-20,2312.0,2381.0,2301.0,2375.0,601200.0,2375.0,2274.2,2232.4,2176.6,1987.28,1903.995,False,False,False,False,False,False,True,True,False,True,False,0.0332631578947368,0.0303157894736842,,,0.0835368421052632,0.1632505263157894,-0.0863157894736842,-0.2172631578947368,0.0025830951518322,-0.204174879053933,2104.0,1675.0,0.7308533916849015,0.006229899843793,-0.0002239798810386,6.73041911902557e-05
2016-05-23,2390.0,2419.0,2351.0,2404.0,567400.0,2404.0,2322.2,2253.0,2190.52,1992.7066666666667,1906.875,False,False,False,False,False,False,True,True,False,False,False,0.0345257903494176,0.019134775374376,,,0.0888019966722129,0.1710870770937326,-0.0524126455906822,-0.2520798668885191,0.0027232641700066,-0.2096316023080337,2085.0,1686.0,0.9437791084497672,0.0063546555155853,0.0001247556717923,0.0001401690181743
2016-05-24,2420.0,2525.0,2415.0,2520.0,1248400.0,2520.0,2381.2,2284.7,2205.4,1998.52,1910.585,False,False,False,False,False,False,True,True,False,False,False,-0.0111111111111111,-0.0293650793650793,,,0.1248412698412698,0.2069365079365079,-0.0801587301587301,-0.2666666666666666,0.0029088191928693,-0.2155206372827942,2058.0,1707.0,2.200211491011632,0.0067470753604788,0.0003924198448935,0.0001855550228627
2016-05-25,2539.0,2549.0,2452.0,2503.0,872700.0,2503.0,2426.8,2316.1,2218.28,2004.1733333333327,1914.19,False,False,False,False,False,False,True,True,False,True,False,-0.0055932880543347,0.0027966440271673,,,0.1137514982021573,0.199291516846451,-0.0635237714742309,-0.2564922093487815,0.0028207806377358,-0.219981866067959,2052.0,1691.0,0.6990547901313682,0.0058063003768686,-0.0009407749836102,-8.803855513350592e-05
2016-05-26,2481.0,2483.0,2328.0,2418.0,857100.0,2418.0,2444.0,2339.0,2230.2,2008.9466666666667,1917.56,False,False,False,False,False,False,True,True,False,True,False,0.0148883374689826,0.0583126550868486,,,0.0776674937965261,0.1691701130410807,-0.0173697270471464,-0.2502067824648469,0.0023760378573183,-0.223086789226165,1977.0,1750.0,0.9821244413887934,0.0053448121244729,-0.0004614882523956,-0.0004447427804174
2016-05-27,2420.0,2474.0,2400.0,2454.0,484700.0,2454.0,2459.8,2367.0,2245.4,2015.8133333333333,1921.14,False,False,False,False,False,False,True,True,False,False,False,-0.0028524857375713,0.0321923390383048,,,0.085004074979625,0.1785601738657973,-0.0301548492257538,-0.2567237163814181,0.0034064000634978,-0.2277989015631601,2001.0,1760.0,0.565511608913779,0.0067693952079808,0.0014245830835079,0.0010303622061795
2016-05-30,2475.0,2510.0,2461.0,2487.0,399700.0,2487.0,2476.4,2399.3,2260.28,2023.8533333333328,1924.69,False,False,False,False,False,False,True,True,False,True,False,-0.0148773622838761,-0.0205066344993968,,,0.0911620426216324,0.1862270473126928,-0.0184961801367108,-0.2694008845999195,0.0039726198868163,-0.2350685616638187,2059.0,1750.0,0.8246337940994429,0.0065832551719256,-0.0001861400360552,0.0005662198233184
2016-05-31,2496.0,2496.0,2448.0,2492.0,311800.0,2492.0,2470.8,2426.0,2275.56,2031.746666666667,1928.28,False,False,False,False,False,False,True,True,False,False,False,-0.0184590690208667,-0.0461476725521669,,,0.0868539325842696,0.1846923488496521,-0.0216693418940609,-0.2728731942215088,0.0038849987859382,-0.2450123660346249,2095.0,1776.0,0.7800850637978484,0.0067148306350963,0.0001315754631706,-8.762110087806368e-05
2016-06-01,2510.0,2554.0,2475.0,2489.0,797300.0,2489.0,2468.0,2447.4,2286.12,2041.2,1931.865,False,False,False,False,False,False,True,True,False,True,False,0.0084371233427079,-0.0421856167135395,,,0.0815106468461229,0.1799116110887906,-0.0506227400562474,-0.2547207713941342,0.0046312626559539,-0.2513279398545395,2051.0,1868.0,2.5570878768441307,0.004619180095533,-0.0020956505395632,0.0007462638700156
2016-06-02,2479.0,2507.0,2429.0,2454.0,514000.0,2454.0,2475.2,2459.6,2294.88,2050.9066666666668,1935.225,False,False,False,False,False,False,True,True,False,True,False,0.0427872860635696,-0.0851670741646291,,,0.0648410757946209,0.1642597120347731,-0.0541972290138549,-0.2502037489812551,0.0047328661144989,-0.2548788420881444,1972.0,1872.0,0.6446757807600653,0.0038171930558461,-0.0008019870396868,0.000101603458545
2016-06-03,2443.0,2476.0,2420.0,2447.0,444500.0,2447.0,2473.8,2466.8,2306.56,2061.773333333333,1938.38,False,False,False,False,False,False,True,True,False,False,False,0.0351450756027789,-0.0968532897425418,,,0.0573927257866775,0.157428143304727,-0.1225991009399264,-0.2374335921536575,0.0052705438037157,-0.2567699043294957,1941.0,1893.0,0.8647859922178989,0.0050638179800221,0.0012466249241759,0.0005376776892167
2016-06-06,2400.0,2469.0,2388.0,2450.0,377300.0,2450.0,2466.4,2471.4,2319.8,2071.92,1941.585,False,False,False,False,False,False,True,True,False,False,False,-0.0057142857142857,-0.070204081632653,,,0.053142857142857,0.1543183673469387,-0.1453061224489795,-0.2183673469387755,0.00489722897924,-0.2534191146718459,1830.0,1884.0,0.8488188976377953,0.00570738856798,0.0006435705879579,-0.0003733148244757
2016-06-07,2470.0,2488.0,2427.0,2446.0,494700.0,2446.0,2457.2,2464.0,2331.84,2081.88,1944.725,False,False,False,False,False,False,True,True,False,True,False,-0.0282093213409648,-0.0453802125919869,,,0.0466721177432542,0.1488634505314799,-0.1488143908421913,-0.2191332788225674,0.0047841374142602,-0.2486607142857143,1923.0,1880.0,1.3111582295255764,0.0051633045148895,-0.0005440840530905,-0.0001130915649798
2016-06-08,2458.0,2532.0,2457.0,2510.0,559000.0,2510.0,2461.4,2464.7,2344.64,2092.813333333333,1948.095,False,False,False,False,False,False,True,True,False,False,False,-0.050199203187251,-0.0872509960159362,,,0.0658804780876494,0.1662098273572378,-0.1900398406374502,-0.2306772908366534,0.0052242276743902,-0.2460340000811457,1915.0,1826.0,1.129977764301597,0.0054592602702332,0.0002959557553437,0.00044009026013
2016-06-09,2510.0,2586.0,2492.0,2559.0,733900.0,2559.0,2482.4,2478.8,2362.4,2103.92,1951.915,False,False,False,False,False,False,True,True,False,False,True,-0.1227041813208284,-0.085580304806565,,,0.0768268855021492,0.1778350918327471,-0.2067213755373192,-0.2411098085189527,0.0052790346907995,-0.2451186057769889,1983.0,1857.0,1.3128801431127013,0.0075177785303082,0.0020585182600749,5.480701640929973e-05
2016-06-10,2559.0,2577.0,2512.0,2533.0,313200.0,2533.0,2499.6,2486.7,2379.6,2115.36,1955.4,False,False,False,False,False,False,True,True,False,True,False,-0.1275167785234899,-0.1433083300434267,,,0.0605606000789577,0.1648795894196604,-0.2143703118831425,-0.2345045400710619,0.0054080629301868,-0.2428921864318172,2036.0,1850.0,0.4267611391197711,0.0072281055639602,-0.000289672966348,0.0001290282393872
2016-06-13,2496.0,2505.0,2435.0,2436.0,368800.0,2436.0,2496.8,2481.6,2389.12,2125.36,1958.475,False,False,False,False,False,False,True,True,False,True,False,-0.0648604269293924,-0.0648604269293924,,,0.0192446633825944,0.1275205254515598,-0.1802134646962233,-0.2040229885057471,0.0047050852561448,-0.2364200515796259,2056.0,1892.0,1.1775223499361431,0.0039847307795338,-0.0032433747844263,-0.000702977674042
2016-06-14,2405.0,2431.0,2275.0,2377.0,681200.0,2377.0,2483.0,2470.1,2396.08,2134.293333333333,1960.7,False,False,False,False,False,False,True,True,False,True,False,-0.0176693310896087,-0.0248212031973075,,,-0.0080269246949936,0.1021062964521106,-0.1531342027766091,-0.1830037862852334,0.0041856164725871,-0.2276021213716043,2148.0,1963.0,1.8470715835141,0.0029047444158792,-0.0010799863636545,-0.0005194687835576
2016-06-15,2330.0,2408.0,2299.0,2384.0,578000.0,2384.0,2457.8,2459.6,2403.88,2143.5333333333333,1962.895,False,False,False,False,False,False,True,True,False,False,False,-0.0390100671140939,-0.0167785234899328,,,-0.0083389261744966,0.1008668903803132,-0.1661073825503355,-0.1866610738255033,0.0043106397536778,-0.2208895755407383,2181.0,2013.0,0.8485026423957722,0.0032447543138593,0.00034000989798,0.0001250232810906
2016-06-16,2315.0,2351.0,2222.0,2245.0,555300.0,2245.0,2395.0,2438.7,2406.12,2150.133333333333,1964.4,False,False,False,False,False,False,True,True,False,True,False,0.042316258351893,0.0583518930957683,,,-0.0717683741648106,0.042256867112101,-0.154120267260579,-0.1207126948775055,0.003069577080491,-0.2087177594620083,2120.0,2071.0,0.960726643598616,0.0009309593868966,-0.0023137949269626,-0.0012410626731867
2016-06-17,2291.0,2297.0,2195.0,2210.0,411400.0,2210.0,2330.4,2415.0,2407.56,2156.133333333333,1965.78,False,False,False,False,False,False,True,True,False,True,False,-0.0180995475113122,0.0769230769230769,,,-0.089393665158371,0.0243740573152338,-0.1167420814479638,-0.1171945701357466,0.0027827592604044,-0.1974327122153208,2074.0,2104.0,0.7408607959661444,0.0005981159348053,-0.0003328434520912,-0.0002868178200866
2016-06-20,2244.0,2286.0,2210.0,2278.0,337300.0,2278.0,2298.8,2397.8,2412.12,2163.173333333333,1968.135,False,False,False,False,False,False,True,True,True,False,False,0.0,0.0715539947322212,,,-0.0588762071992975,0.0504067895815043,-0.1496927129060579,-0.1448639157155399,0.003254477989127,-0.1902994411543916,2115.0,2085.0,0.8198833252309188,0.0018904532112829,0.0012923372764776,0.0004717187287226
2016-06-21,2277.0,2338.0,2253.0,2335.0,316000.0,2335.0,2290.4,2386.7,2416.52,2170.6266666666666,1971.595,False,False,False,False,False,False,True,True,False,True,False,-0.0072805139186295,0.0441113490364025,,,-0.0349122055674518,0.070395431834404,-0.1768736616702355,-0.1618843683083511,0.003433724208677,-0.1845644613902039,2110.0,2058.0,0.936851467536318,0.0018208001589062,-6.965305237676507e-05,0.00017924621955
2016-06-22,2330.0,2337.0,2270.0,2291.0,345500.0,2291.0,2271.8,2364.8,2417.16,2176.266666666667,1975.105,False,False,False,False,False,False,True,True,False,True,False,0.0231340026189436,0.0314273243125272,,,-0.0550676560453949,0.0500800232794994,-0.1588825840244434,-0.1518987341772152,0.0025915941673815,-0.1765054127198917,2225.0,2052.0,1.0933544303797469,0.000264773535885,-0.0015560266230211,-0.0008421300412954
2016-06-23,2290.0,2343.0,2280.0,2340.0,341200.0,2340.0,2290.8,2342.9,2417.48,2182.5066666666667,1978.375,False,False,False,False,False,False,True,True,False,True,False,0.0153846153846153,-0.0081196581196581,,,-0.0331111111111111,0.0673048433048433,-0.1641025641025641,-0.1747863247863247,0.0028590977958065,-0.1692773912672329,2235.0,1977.0,0.9875542691751086,0.0001323692440062,-0.0001324042918788,0.0002675036284249
2016-06-24,2348.0,2360.0,2105.0,2170.0,677300.0,2170.0,2282.8,2306.6,2409.28,2186.2,1980.67,False,False,False,False,False,False,False,True,False,True,False,0.0967741935483871,-0.0105990783410138,,,-0.1102672811059908,-0.0074654377880183,-0.0976958525345622,-0.104147465437788,0.0016893849297105,-0.1559871672591693,2155.0,2001.0,1.985052754982415,-0.0034035064417584,-0.0035358756857646,-0.001169712866096
2016-06-27,2200.0,2319.0,2175.0,2278.0,786500.0,2278.0,2282.8,2290.8,2404.24,2191.4533333333334,1983.43,False,False,False,False,False,False,False,True,False,False,False,0.0715539947322212,-0.0807726075504828,,,-0.0554170324846355,0.0379923909862452,-0.1453028972783143,-0.1536435469710272,0.0023971915136987,-0.1506460625109132,2119.0,2059.0,1.161228406909789,-0.0020962965427746,0.0013072098989838,0.0007078065839882
2016-06-28,2224.0,2337.0,2212.0,2318.0,1084400.0,2318.0,2279.4,2284.9,2396.16,2197.293333333333,1986.415,False,False,False,False,False,False,False,True,False,True,False,0.0517687661777394,-0.1018119068162208,,,-0.0337187230371008,0.0520736266896751,-0.1863675582398619,-0.1660914581535806,0.0026578153728525,-0.1488467766641866,2145.0,2095.0,1.378766687857597,-0.0033720619658119,-0.0012757654230373,0.0002606238591537
2016-06-29,2468.0,2468.0,2241.0,2344.0,3408200.0,2344.0,2290.0,2280.9,2389.8,2204.2,1989.87,False,False,False,False,False,False,False,True,False,False,False,0.0081058020477815,-0.132679180887372,,,-0.0195392491467577,0.059641638225256,-0.2346416382252559,-0.1804607508532423,0.0031334119710855,-0.148143276776711,2190.0,2051.0,3.1429361859092584,-0.002661310569922,0.0007107513958899,0.000475596598233
2016-06-30,2360.0,2465.0,2353.0,2376.0,777500.0,2376.0,2297.2,2294.0,2388.12,2211.12,1993.45,False,False,False,False,False,False,False,True,False,False,True,-0.0231481481481481,-0.1456228956228956,,,-0.00510101010101,0.0693939393939394,-0.2049663299663299,-0.1923400673400673,0.0031296356597561,-0.1554054054054054,2115.0,1972.0,0.2281262836687987,-0.0007034822370736,0.0019578283328483,-3.776311329367708e-06
2016-07-01,2360.0,2396.0,2341.0,2380.0,518000.0,2380.0,2339.2,2311.0,2385.16,2218.1866666666665,1996.965,False,False,False,False,False,False,False,True,False,True,False,-0.0978991596638655,-0.1638655462184874,,,-0.0021680672268906,0.0679887955182073,-0.2252100840336134,-0.1945378151260504,0.0031857853862614,-0.1630895716140199,2103.0,1941.0,0.6662379421221865,-0.0012410068926193,-0.0005375246555457,5.614972650524932e-05
2016-07-04,2366.0,2448.0,2366.0,2441.0,409400.0,2441.0,2371.8,2327.3,2383.32,2225.5066666666667,2001.2,False,False,False,False,True,False,False,True,False,False,False,-0.1421548545678,-0.1818926669397788,,,0.0236296599754198,0.0882807592516728,-0.233920524375256,-0.210979106923392,0.0032891386530708,-0.1698964465260173,2198.0,1830.0,0.7903474903474903,-0.0007720322910896,0.0004689746015297,0.0001033532668094
2016-07-05,2427.0,2441.0,2394.0,2438.0,240000.0,2438.0,2395.8,2337.6,2381.16,2231.84,2005.47,False,False,False,False,False,False,False,True,False,True,False,-0.1460213289581624,-0.1743232157506152,,,0.0233141919606235,0.0845611156685807,-0.1960623461853978,-0.1997538966365873,0.0028377183549598,-0.1738107460643395,2203.0,1923.0,0.5862237420615535,-0.0009071208990577,-0.0001350886079681,-0.000451420298111
2016-07-06,2400.0,2414.0,2332.0,2363.0,384100.0,2363.0,2399.6,2344.8,2376.12,2236.5066666666667,2009.495,False,False,False,False,False,False,False,True,False,True,False,-0.1396529834955565,-0.1586965721540414,,,-0.005552264071096,0.0535308224009028,-0.1874735505713076,-0.1675835801946678,0.0020865874160893,-0.1753241214602525,2189.0,1915.0,1.6004166666666666,-0.0021211049946972,-0.0012139840956394,-0.0007511309388704
2016-07-07,2368.0,2379.0,2311.0,2321.0,320100.0,2321.0,2388.6,2342.9,2370.8,2239.84,2013.005,False,False,False,False,False,False,False,True,False,True,False,-0.1253769926755708,-0.1818181818181818,,,-0.0214562688496338,0.0349676863420938,-0.1973287376130978,-0.1439034898750538,0.0014882015382051,-0.1722651414913142,2189.0,1983.0,0.833376724811247,-0.0022439682807489,-0.0001228632860517,-0.0005983858778841
2016-07-08,2280.0,2290.0,2143.0,2147.0,780200.0,2147.0,2342.0,2340.6,2358.8,2240.4133333333334,2015.675,False,False,False,False,False,False,False,True,False,True,False,-0.0731252911038658,-0.0908244061481136,,,-0.0986492780624127,-0.0435087719298246,-0.1406613879832324,-0.0912901723334885,0.0002559051603572,-0.1711526958899427,2174.0,2036.0,2.437363323961262,-0.0050873325419704,-0.0028433642612215,-0.0012322963778478
2016-07-11,2176.0,2187.0,2022.0,2094.0,958100.0,2094.0,2272.6,2322.2,2344.56,2240.5333333333333,2017.935,False,False,False,False,False,False,False,True,False,True,False,-0.0463228271251193,-0.0749761222540592,,,-0.1196561604584526,-0.0699777141037885,-0.1566380133715377,-0.0883476599808978,5.35586765055452e-05,-0.1654034966841787,2164.0,2056.0,1.2280184568059471,-0.0060736342853244,-0.0009863017433539,-0.0002023464838517
2016-07-12,2136.0,2166.0,2079.0,2082.0,783500.0,2082.0,2201.4,2298.6,2330.0,2240.853333333333,2020.14,False,False,False,False,False,False,False,True,False,True,False,-0.0331412103746397,-0.0768491834774255,,,-0.1191162343900096,-0.0762984309958371,-0.1868395773294908,-0.1027857829010566,0.0001428027418125,-0.159662403201949,2225.0,2148.0,0.8177643252270118,-0.0062489270386265,-0.0001752927533021,8.924406530696775e-05
2016-07-13,2124.0,2126.0,2011.0,2033.0,831700.0,2033.0,2135.4,2267.5,2310.92,2240.6,2022.22,False,False,False,False,False,False,False,False,False,True,False,-0.0221347761928184,-0.0521396950319724,,,-0.136704377766847,-0.1021151008362026,-0.161829808165273,-0.0801770782095425,-0.0001130649528399,-0.1503858875413451,2275.0,2181.0,1.0615188257817485,-0.0082564519758364,-0.0020075249372098,-0.0002558676946524
2016-07-14,2044.0,2051.0,2005.0,2030.0,429800.0,2030.0,2077.2,2232.9,2289.76,2241.306666666667,2024.34,False,False,False,False,False,False,False,True,False,True,False,-0.0645320197044335,-0.0364532019704433,,,-0.127960591133005,-0.1040919540229886,-0.1561576354679802,-0.076847290640394,0.0003152922699854,-0.139235971158583,2332.0,2120.0,0.5167728748346759,-0.0092411431765773,-0.0009846912007409,0.0004283572228253
2016-07-15,2045.0,2067.0,1976.0,1990.0,755600.0,1990.0,2045.8,2193.9,2268.04,2241.16,2026.135,False,False,False,False,False,False,False,False,False,True,False,-0.0190954773869346,-0.0160804020100502,,,-0.1397185929648241,-0.1262110552763818,-0.1412060301507537,-0.0909547738693467,-6.544230071346447e-05,-0.1288572861114909,2375.0,2074.0,1.7580269892973477,-0.0095765506781186,-0.0003354075015412,-0.0003807345706989
2016-07-19,1973.0,1997.0,1942.0,1997.0,710400.0,1997.0,2026.4,2149.5,2250.48,2240.333333333333,2027.9,False,False,False,False,False,False,False,False,False,False,False,-0.0300450676014021,-0.0250375563345017,,,-0.1269303955933901,-0.1218494408279083,-0.1201802704056084,-0.0355533299949924,-0.0003689927094183,-0.1108629913933472,2404.0,2115.0,0.9401799894123876,-0.0078027798514094,0.0017737708267092,-0.0003035504087048
2016-07-20,1996.0,2017.0,1975.0,2013.0,412000.0,2013.0,2012.6,2107.0,2235.92,2239.24,2029.86,False,False,True,False,False,False,False,False,False,False,False,-0.0452061599602583,-0.0630899155489319,,,-0.1107401887729757,-0.1123894684550421,-0.1395926477893691,-0.067064083457526,-0.0004882608980427,-0.0963929757949691,2520.0,2110.0,0.579954954954955,-0.0065118608894772,0.0012909189619322,-0.0001192681886244
2016-07-21,2015.0,2022.0,1972.0,1988.0,469900.0,1988.0,2003.6,2069.5,2220.08,2238.4,2031.605,False,False,False,False,False,False,False,False,False,True,False,-0.0306841046277666,-0.0975855130784708,,,-0.1167404426559355,-0.1259557344064386,-0.1358148893360161,-0.0201207243460764,-0.000375268048606,-0.0809374244986711,2503.0,2225.0,1.1405339805825243,-0.0071348780224136,-0.0006230171329364,0.0001129928494367
2016-07-22,1950.0,1984.0,1861.0,1899.0,1161600.0,1899.0,1977.4,2027.3,2206.24,2237.4266666666667,2032.825,False,False,False,False,False,False,False,False,False,False,False,0.0300157977883096,-0.0052659294365455,,,-0.1617904160084253,-0.1782130946111989,-0.1011058451816745,0.0210637177461822,-0.0004350235687426,-0.0641740245646919,2418.0,2235.0,2.472015322409024,-0.006273116252085,0.0008617617703286,-5.975552013666447e-05
2016-07-25,1916.0,1997.0,1896.0,1952.0,855200.0,1952.0,1969.8,2007.8,2195.92,2237.5733333333333,2034.735,False,False,False,False,False,False,False,True,False,False,False,0.0030737704918032,-0.055327868852459,,,-0.1249590163934426,-0.1462978142076502,-0.1198770491803278,0.0307377049180327,6.554719994273556e-05,-0.052047016635123,2454.0,2155.0,0.7362258953168044,-0.0046996247586431,0.0015734914934418,0.0005005707686854
2016-07-26,1935.0,1943.0,1890.0,1937.0,473300.0,1937.0,1957.8,1992.1,2182.28,2239.0,2036.185,False,False,False,False,False,False,False,True,False,True,False,0.005162622612287,-0.0345895715023231,,,-0.1266288074341766,-0.1559112028910686,-0.1006711409395973,0.0433660299432111,0.0006371892213786,-0.0389538677777219,2487.0,2119.0,0.5534377923292797,-0.0062503436772549,-0.0015507189186117,0.0005716420214358
2016-07-27,1948.0,1960.0,1915.0,1922.0,380500.0,1922.0,1939.6,1976.1,2165.76,2238.9866666666667,2037.575,False,False,False,False,False,False,False,False,False,True,False,-0.0187304890738813,0.0197710718002081,,,-0.1268262226847035,-0.1649254249046132,-0.0379812695109261,0.0385015608740894,-5.955074914837013e-06,-0.0246951065229492,2492.0,2145.0,0.8039298542150856,-0.0076278073286051,-0.0013774636513502,-0.0006431442962934
2016-07-28,1926.0,1943.0,1902.0,1927.0,506300.0,1927.0,1927.4,1965.5,2151.2,2239.1466666666665,2039.035,False,False,False,False,False,False,False,True,False,False,False,-0.0690192008303061,-0.0036325895173845,,,-0.1163466528282303,-0.1619858156028368,-0.0409963674104826,0.0441100155682407,7.145579268286184e-05,-0.012210633426609,2489.0,2190.0,1.3306176084099868,-0.0067683153588696,0.0008594919697355,7.741086759769885e-05
2016-07-29,1922.0,1961.0,1843.0,1956.0,513100.0,1956.0,1938.8,1958.1,2135.84,2238.786666666667,2040.335,False,False,False,False,False,False,False,False,False,True,False,-0.0342535787321063,-0.0475460122699386,,,-0.0919427402862986,-0.1445739604635311,-0.0613496932515337,0.0194274028629856,-0.0001608013864651,-0.0023492160768091,2454.0,2115.0,1.0134307722694056,-0.0071915499288334,-0.0004232345699638,-0.000232257179148
2016-08-01,1950.0,1982.0,1930.0,1958.0,407200.0,1958.0,1940.0,1954.9,2127.36,2237.7466666666664,2041.485,False,False,False,False,False,False,False,False,False,False,False,-0.0582226762002042,-0.0577119509703779,,,-0.0864964249233912,-0.1428736806264895,-0.0505617977528089,0.0209397344228804,-0.0004647532339081,0.0090030180571895,2447.0,2103.0,0.7936074839212629,-0.0039861612515042,0.0032053886773292,-0.0003039518474429
2016-08-02,1960.0,1967.0,1940.0,1947.0,261300.0,1947.0,1942.0,1949.9,2114.12,2236.293333333333,2042.415,False,False,False,False,False,False,False,False,False,True,False,-0.03954802259887,-0.0929635336414997,,,-0.085834617360041,-0.1485841465502481,-0.076527991782229,0.0318438623523369,-0.0006498849286319,0.015846966511103,2450.0,2198.0,0.6416994106090373,-0.0062626530187502,-0.002276491767246,-0.0001851316947238
2016-08-03,1911.0,1927.0,1872.0,1886.0,284300.0,1886.0,1934.8,1937.2,2096.84,2232.8,2043.1,False,False,False,False,False,False,False,False,False,True,False,0.0392364793213149,-0.1023329798515376,,,-0.1117921527041358,-0.183881230116649,-0.0201484623541887,0.0683987274655355,-0.0015645527290097,0.0295787734875077,2446.0,2203.0,1.0880214313050134,-0.0082409721294899,-0.0019783191107397,-0.0009146678003777
2016-08-04,1910.0,1924.0,1773.0,1794.0,924000.0,1794.0,1908.2,1917.8,2074.84,2227.64,2043.405,False,False,False,False,False,False,False,False,False,True,False,0.0702341137123745,-0.0501672240802675,,,-0.1565440356744705,-0.2417168338907468,0.0373467112597547,0.120958751393534,-0.0023163527320394,0.0432787569089581,2510.0,2189.0,3.2500879352796344,-0.0106032272367989,-0.002362255107309,-0.0007518000030297
2016-08-05,1810.0,1893.0,1798.0,1889.0,613400.0,1889.0,1894.8,1916.8,2055.36,2224.56,2044.085,False,False,False,False,False,False,False,False,False,False,False,-0.0137638962413975,-0.0931709899417681,,,-0.0880677607199577,-0.1776389624139756,-0.0402329274748544,0.061937533086289,-0.0013845434602797,0.0473184474123539,2559.0,2189.0,0.6638528138528138,-0.0094776584150708,0.0011255688217281,0.0009318092717596
2016-08-08,1897.0,1907.0,1834.0,1844.0,488300.0,1844.0,1872.0,1906.0,2033.92,2221.4933333333333,2044.815,False,False,False,False,False,False,False,False,False,True,False,0.0005422993492407,-0.0732104121475054,,,-0.1029934924078091,-0.2047143890093998,-0.0108459869848156,0.0992407809110629,-0.0013804527885146,0.0540398740818468,2533.0,2174.0,0.7960547766547115,-0.0105412208936438,-0.0010635624785729,4.090671765147411e-06
2016-08-09,1837.0,1884.0,1828.0,1870.0,436200.0,1870.0,1856.6,1899.3,2011.08,2218.2266666666665,2045.26,False,False,False,False,False,False,False,False,False,True,False,-0.055614973262032,-0.060427807486631,,,-0.0754438502673796,-0.186217468805704,-0.0283422459893048,0.0593582887700534,-0.0014726478207818,0.0556520823461275,2436.0,2164.0,0.8933032971533893,-0.0113570817670108,-0.000815860873367,-9.219503226725592e-05
2016-08-10,1898.0,2027.0,1884.0,1960.0,720100.0,1960.0,1871.4,1903.1,1991.96,2216.2266666666665,2045.925,False,False,False,False,False,False,False,False,False,False,False,-0.1362244897959183,-0.1163265306122448,,,-0.0163061224489796,-0.1307278911564624,-0.0755102040816326,-0.025,-0.0009024347690067,0.0490778203982975,2377.0,2225.0,1.6508482347546998,-0.0095985863169942,0.0017584954500165,0.000570213051775
2016-08-12,1936.0,1954.0,1870.0,1920.0,501200.0,1920.0,1896.6,1902.4,1974.24,2212.16,2046.69,False,False,False,False,False,False,False,False,False,False,False,-0.1125,-0.1052083333333333,,,-0.02825,-0.1521666666666666,-0.0338541666666666,-0.0119791666666666,-0.0018383239307584,0.0434188393608073,2384.0,2275.0,0.6960144424385502,-0.0089756058027392,0.0006229805142549,-0.0009358891617516
2016-08-15,1902.0,1909.0,1855.0,1863.0,413800.0,1863.0,1891.4,1893.1,1955.92,2207.2,2047.17,False,False,False,False,False,False,False,False,False,True,False,-0.0805152979066022,-0.0837359098228663,,,-0.0498765432098765,-0.1847557702630165,-0.0123456790123456,0.0493827160493827,-0.0022471910112359,0.0464846019755955,2245.0,2332.0,0.8256185155626496,-0.0093664362550615,-0.0003908304523222,-0.0004088670804775
2016-08-16,1885.0,1920.0,1845.0,1845.0,337400.0,1845.0,1891.6,1881.8,1943.84,2203.0666666666666,2047.52,False,False,False,False,False,False,False,False,False,False,False,-0.0737127371273712,-0.0688346883468834,,,-0.0535718157181571,-0.194074074074074,0.0113821138211382,0.0471544715447154,-0.0018761726078798,0.0492082049101924,2210.0,2375.0,0.8153697438376027,-0.0062145032512964,0.003151933003765,0.0003710184033561
2016-08-17,1837.0,1848.0,1763.0,1766.0,454800.0,1766.0,1870.8,1863.7,1930.72,2198.36,2047.375,False,False,False,False,False,False,False,False,False,True,False,-0.0050962627406568,-0.0135900339750849,,,-0.0932729331823329,-0.2448244620611552,0.0843714609286523,0.0917327293318233,-0.0021409899500839,0.0550517787197509,2278.0,2404.0,1.3479549496147007,-0.0067953923924752,-0.0005808891411788,-0.000264817342204
2016-08-18,1758.0,1770.0,1680.0,1693.0,857800.0,1693.0,1817.4,1844.4,1915.16,2192.333333333333,2046.82,False,False,False,False,False,False,False,False,False,True,False,0.0230360307147076,0.0921441228588304,,,-0.1312226816302422,-0.2949399488088204,0.1281748375664501,0.1488481984642646,-0.0027489736962142,0.0622966818477552,2335.0,2520.0,1.886103781882146,-0.0081246475490298,-0.0013292551565545,-0.0006079837461303
2016-08-19,1710.0,1770.0,1692.0,1704.0,486100.0,1704.0,1774.2,1835.4,1902.0,2185.853333333333,2046.06,False,False,False,False,False,False,False,False,False,False,False,0.0082159624413145,0.0845070422535211,,,-0.1161971830985915,-0.2827777777777776,0.1332159624413145,0.1772300469483568,-0.0029645172899676,0.0672333006429115,2291.0,2503.0,0.5666822103054325,-0.006919032597266,0.0012056149517637,-0.0002155435937533
2016-08-22,1721.0,1727.0,1700.0,1713.0,228300.0,1713.0,1744.2,1817.8,1889.32,2180.4933333333333,2045.375,False,False,False,False,False,False,False,False,False,False,False,-0.0035026269702276,0.0718038528896672,,,-0.1029305312317571,-0.2729091262891613,0.1336835960303561,0.1692936368943374,-0.0024581593156287,0.0774012542633953,2340.0,2418.0,0.4696564492902695,-0.0067114093959731,0.0002076232012928,0.0005063579743388
2016-08-23,1702.0,1730.0,1697.0,1709.0,216400.0,1709.0,1717.0,1804.3,1878.08,2175.24,2044.6,False,False,False,False,False,False,False,False,False,False,False,0.0052662375658279,0.0877706260971328,,,-0.098935049736688,-0.2728145114101812,0.1345816266822703,0.1708601521357519,-0.0024150591812092,0.0840215041844483,2170.0,2454.0,0.9478756022777048,-0.0059848355767592,0.0007265738192139,4.310013441950235e-05
2016-08-24,1723.0,1790.0,1723.0,1757.0,434000.0,1757.0,1715.2,1793.0,1868.48,2169.36,2043.75,False,False,False,False,False,False,False,False,False,False,False,-0.0085372794536141,0.0233352305065452,,,-0.0634490608992601,-0.2346955036994878,0.1035856573705179,0.1178144564598747,-0.0027104768226572,0.0899051868377022,2278.0,2487.0,2.0055452865064693,-0.0051378660729576,0.0008469695038015,-0.0002954176414479
2016-08-25,1792.0,1837.0,1727.0,1732.0,474600.0,1732.0,1723.0,1770.2,1857.24,2163.08,2042.92,False,False,False,False,False,False,False,False,False,True,False,0.0675519630484988,0.0669745958429561,,,-0.0723094688221709,-0.2488914549653579,0.1212471131639722,0.1408775981524249,-0.0029032675629196,0.1076149587617218,2318.0,2492.0,1.0935483870967742,-0.0060519911266179,-0.0009141250536603,-0.0001927907402624
2016-08-26,1724.0,1733.0,1709.0,1718.0,198400.0,1718.0,1725.8,1750.0,1846.44,2156.8,2042.16,False,False,False,False,False,False,False,False,False,False,False,0.0756693830034924,0.0832363213038416,,,-0.0747613504074505,-0.2554132712456345,0.1286379511059371,0.1606519208381839,-0.0029117210682491,0.1259428571428572,2344.0,2489.0,0.4180362410450906,-0.0058490933905244,0.0002028977360935,-8.453505329506384e-06
2016-08-29,1731.0,1740.0,1696.0,1707.0,246400.0,1707.0,1724.6,1734.4,1838.76,2150.373333333333,2041.26,False,False,False,False,False,False,False,False,False,False,False,0.0755711775043936,0.0620972466315172,,,-0.0771880492091388,-0.2597383323569613,0.156414762741652,0.1499707088459285,-0.0029886283312047,0.1365313653136531,2376.0,2454.0,1.2419354838709675,-0.0041767277948182,0.0016723655957061,-7.690726295560713e-05
2016-08-30,1700.0,1723.0,1689.0,1718.0,216100.0,1718.0,1726.4,1721.7,1829.4,2144.293333333333,2040.58,False,False,False,False,False,False,False,False,False,True,False,0.0820721769499417,0.0616996507566938,,,-0.0648428405122235,-0.2481334885525803,0.1356228172293364,0.1530849825378347,-0.0028354329631517,0.1477609339606202,2380.0,2447.0,0.8770292207792207,-0.0051164316169235,-0.0009397038221052,0.0001531953680529
2016-08-31,1720.0,1747.0,1690.0,1742.0,300700.0,1742.0,1723.4,1719.3,1821.6,2138.6666666666665,2040.055,False,False,False,False,False,False,False,False,False,False,False,0.0321469575200918,0.0430539609644087,,,-0.045694603903559,-0.2277076157673171,0.1182548794489093,0.1377726750861079,-0.0026309226932667,0.152503926016402,2441.0,2450.0,1.3914854234150855,-0.0042819499341239,0.0008344816827995,0.0002045102698849
2016-09-01,1792.0,1888.0,1779.0,1849.0,826000.0,1849.0,1746.8,1734.9,1818.68,2133.653333333333,2039.935,False,False,False,False,True,False,False,False,False,False,True,-0.0005408328826392,-0.0200108166576527,,,0.0163980530016224,-0.153949882819542,0.0584099513250405,0.0762574364521362,-0.002349647552867,0.1447345668338232,2438.0,2446.0,2.7469238443631525,-0.0016055600765389,0.002676389857585,0.0002812751403997
2016-09-02,1849.0,1852.0,1818.0,1848.0,376200.0,1848.0,1772.8,1749.3,1815.52,2127.96,2039.95,False,False,False,False,False,False,False,False,False,True,False,0.007034632034632,0.0037878787878787,,,0.0175757575757575,-0.1514935064935065,0.0514069264069264,0.1033549783549783,-0.0026754888876356,0.1371977362373521,2363.0,2510.0,0.4554479418886198,-0.0017405481625099,-0.000134988085971,-0.0003258413347685
2016-09-05,1852.0,1874.0,1832.0,1836.0,336500.0,1836.0,1798.6,1761.6,1810.72,2121.346666666667,2039.875,False,False,False,False,False,False,False,False,False,True,False,-0.0125272331154684,0.0021786492374727,,,0.0137690631808278,-0.1554175744371823,0.0517429193899782,0.0849673202614379,-0.0031175165460933,0.1286330608537693,2321.0,2559.0,0.8944710260499734,-0.0026508792082707,-0.0009103310457607,-0.0004420276584576
2016-09-06,1823.0,1864.0,1813.0,1859.0,248500.0,1859.0,1826.8,1776.6,1806.76,2114.4666666666667,2040.11,False,False,False,False,False,False,False,False,False,False,False,-0.0188273265196342,0.0037654653039268,,,0.0281011296395911,-0.1374215528061682,0.0457235072619688,0.087143625605164,-0.0032537755777659,0.1202296521445458,2147.0,2533.0,0.7384843982169391,-0.0021917686909163,0.0004591105173543,-0.0001362590316726
2016-09-07,1877.0,1956.0,1741.0,1798.0,1697300.0,1798.0,1838.0,1780.7,1800.8,2106.3866666666668,2039.89,False,False,False,False,False,True,False,False,False,True,False,0.0105672969966629,0.0650723025583982,,,-0.0015572858731924,-0.1715164998146088,0.0723025583982202,0.1340378197997775,-0.0038359528798131,0.1218621890267872,2094.0,2436.0,6.830181086519115,-0.0033096401599289,-0.0011178714690125,-0.0005821773020471
2016-09-08,1810.0,1876.0,1810.0,1848.0,746900.0,1848.0,1837.8,1792.3,1799.28,2097.4266666666667,2039.825,False,False,False,False,False,False,False,False,False,False,False,-0.0194805194805194,0.0335497835497835,,,0.0263636363636363,-0.13497113997114,0.0459956709956709,0.1174242424242424,-0.004271901441131,0.1195670367683981,2082.0,2377.0,0.440051847051199,-0.0008447823573873,0.0024648578025415,-0.0004359485613179
2016-09-09,1850.0,1865.0,1835.0,1861.0,463400.0,1861.0,1840.4,1806.6,1801.96,2088.866666666667,2039.91,False,False,False,False,False,False,True,False,True,False,False,-0.0032240730789897,0.0376141859215475,,,0.0317248790972595,-0.1224431309331901,0.0322407307898979,0.1402471789360558,-0.0040979159352758,0.1177903243662128,2033.0,2384.0,0.6204311152764761,0.0014872694177451,0.0023320517751325,0.0001739855058551
2016-09-12,1826.0,1858.0,1798.0,1813.0,371400.0,1813.0,1835.8,1817.2,1798.92,2080.8,2039.75,False,False,False,False,False,False,False,False,False,True,False,0.014892443463872,0.0711527854384997,,,0.0077661334804191,-0.1477109762824049,0.0584666298952013,0.1571980143408715,-0.0038767140843265,0.1186990975126568,2030.0,2245.0,0.8014674147604661,-0.0016899028305872,-0.0031771722483323,0.0002212018509493
2016-09-13,1813.0,1830.0,1806.0,1824.0,244300.0,1824.0,1828.8,1827.8,1798.12,2072.4,2039.535,False,False,False,False,False,False,False,False,False,False,False,0.0230263157894736,0.063048245614035,,,0.0141885964912281,-0.1361842105263158,0.0509868421052631,0.1304824561403508,-0.0040532715691951,0.1166429587482219,1990.0,2210.0,0.6577813677975228,-0.0004449091273108,0.0012449937032763,-0.0001765574848686
2016-09-14,1808.0,1820.0,1782.0,1817.0,309900.0,1817.0,1832.6,1835.3,1796.0,2063.4666666666667,2039.18,False,False,False,False,False,False,False,False,False,True,False,0.0539350577875619,0.0671436433681893,,,0.0115575123830489,-0.1356448358099431,0.0599889928453494,0.1073197578425976,-0.0043292840527268,0.1137143791205797,1997.0,2278.0,1.2685223086369215,-0.0011804008908685,-0.0007354917635576,-0.0002760124835316
2016-09-15,1807.0,1835.0,1800.0,1812.0,304200.0,1812.0,1825.4,1831.6,1790.08,2054.4,2038.42,False,False,False,False,False,False,False,False,False,True,False,0.054083885209713,0.0717439293598234,,,0.0120971302428256,-0.1337748344370861,0.0767108167770419,0.1197571743929359,-0.0044132917964693,0.1180934701899979,2013.0,2335.0,0.9816069699903196,-0.0033071147658205,-0.002126713874952,-8.400774374250474e-05
2016-09-16,1823.0,1855.0,1822.0,1855.0,257500.0,1855.0,1824.2,1832.3,1787.48,2045.9466666666667,2037.93,False,False,False,False,False,False,False,False,False,False,False,0.0409703504043126,0.0452830188679245,,,0.036398921832884,-0.1029362084456424,0.060377358490566,0.0981132075471698,-0.0041317466730967,0.1175571685859303,1988.0,2291.0,0.846482577251808,-0.0014545617293619,0.0018525530364586,0.0002815451233725
2016-09-20,1841.0,1905.0,1835.0,1840.0,268900.0,1840.0,1829.6,1832.7,1786.56,2037.76,2037.11,False,False,False,False,False,False,False,False,False,False,False,0.0554347826086956,0.0728260869565217,,,0.0290434782608695,-0.1074782608695652,0.079891304347826,0.0858695652173913,-0.0040174832495812,0.1176406394936433,1899.0,2340.0,1.0442718446601942,-0.0005149561167831,0.0009396056125788,0.0001142634235154
2016-09-21,1823.0,1866.0,1812.0,1866.0,271900.0,1866.0,1838.0,1833.4,1787.4,2030.013333333333,2036.42,False,False,False,False,False,False,True,False,False,False,False,0.0391211146838156,0.0455519828510182,,,0.0421221864951768,-0.0878956770275097,0.0455519828510182,0.0803858520900321,-0.0038160668895443,0.116941202138104,1952.0,2170.0,1.0111565637783562,0.0004699563611951,0.0009849124779782,0.0002014163600369
2016-09-23,1841.0,1915.0,1824.0,1915.0,655000.0,1915.0,1857.6,1845.1,1793.36,2022.88,2036.055,False,False,False,False,False,False,True,False,True,False,True,0.012532637075718,0.0172323759791122,,,0.0635195822454308,-0.0563342036553525,-0.0031331592689295,0.0637075718015665,-0.0035263255029131,0.1097501490434122,1937.0,2278.0,2.4089738874586244,0.0033233706561983,0.0028534142950032,0.0002897413866311
2016-09-26,1922.0,1940.0,1902.0,1910.0,291000.0,1910.0,1877.2,1851.3,1802.04,2015.733333333333,2035.655,False,False,False,False,False,False,True,False,False,False,False,0.0167539267015706,0.0246073298429319,,,0.0565235602094241,-0.0553577661431063,-0.0219895287958115,0.0554973821989528,-0.0035454425188518,0.1033868092691622,1922.0,2318.0,0.4442748091603053,0.0048167632239018,0.0014933925677035,-1.9117015938694294e-05
2016-09-27,1881.0,1931.0,1877.0,1931.0,404500.0,1931.0,1892.4,1858.3,1811.12,2008.013333333333,2035.13,False,False,False,False,False,False,True,False,False,False,False,0.00414293112377,0.0062143966856551,,,0.0620818228896945,-0.039882616951493,-0.0315898498187467,0.0455722423614707,-0.0038445959854184,0.0936877791529893,1927.0,2344.0,1.3900343642611683,0.0050134723265161,0.0001967091026143,-0.0002991534665665
2016-09-28,1938.0,1966.0,1924.0,1942.0,257000.0,1942.0,1912.8,1871.2,1820.28,1999.7866666666664,2034.89,False,False,False,False,False,False,True,False,False,False,False,0.0164778578784757,-0.005664263645726,,,0.0626776519052523,-0.0297562650188807,-0.035015447991761,0.0520082389289392,-0.0041137721356944,0.0832086361693031,1956.0,2376.0,0.6353522867737948,0.0050321928494517,1.8720522935628675e-05,-0.000269176150276
2016-09-29,1960.0,1960.0,1926.0,1939.0,152000.0,1939.0,1927.4,1882.7,1829.48,1991.8666666666663,2034.81,False,False,False,False,False,False,True,False,False,True,False,0.0061887570912841,0.002578648788035,,,0.0564827230531201,-0.0272649131854906,-0.0670448684889118,0.0675605982465188,-0.0039761697570118,0.0770170499814096,1958.0,2380.0,0.5914396887159533,0.0050287513391783,-3.4415102734067227e-06,0.0001376023786825
2016-09-30,1920.0,1945.0,1910.0,1939.0,157200.0,1939.0,1932.2,1894.9,1836.76,1985.24,2034.505,False,False,False,False,False,False,True,False,False,True,False,0.0046415678184631,-0.0056730273336771,,,0.0527282104177411,-0.0238473439917483,-0.0067044868488911,0.0804538421866941,-0.0033379675337321,0.074463032349992,1947.0,2441.0,1.0342105263157897,0.0039635009473202,-0.0010652503918581,0.0006382022232797
2016-10-03,1956.0,1964.0,1933.0,1942.0,173400.0,1942.0,1938.6,1907.9,1845.16,1979.44,2034.22,False,False,False,False,False,False,True,False,False,False,False,0.0077239958805355,-0.0046343975283213,,,0.0498661174047373,-0.0192790937178167,-0.0329557157569515,0.0839340885684861,-0.0029301216505678,0.071125321033597,1886.0,2438.0,1.1030534351145038,0.0045524507359795,0.0005889497886593,0.0004078458831642
2016-10-04,1930.0,1950.0,1916.0,1939.0,224400.0,1939.0,1940.2,1916.3,1854.0,1973.506666666667,2033.875,False,False,False,False,False,False,True,False,False,False,False,0.002062919030428,-0.0092831356369262,,,0.0438370293965961,-0.0177961148358261,0.0046415678184631,0.0840639504899432,-0.0030064926729408,0.0698220529144705,1794.0,2363.0,1.2941176470588236,0.0047680690399136,0.000215618303934,-7.637102237299104e-05
2016-10-05,1940.0,1981.0,1937.0,1974.0,227400.0,1974.0,1946.6,1929.7,1864.68,1969.8933333333327,2033.885,False,False,False,False,False,False,True,False,False,False,False,-0.0217831813576494,-0.0278622087132725,,,0.0553799392097264,0.002080378250591,-0.0177304964539007,0.0536980749746707,-0.0018342786749876,0.0666424832875577,1889.0,2321.0,1.0133689839572193,0.0057275242937126,0.0009594552537989,0.0011722139979531
2016-10-06,1985.0,1989.0,1946.0,1951.0,231600.0,1951.0,1949.0,1938.2,1874.0,1966.44,2033.51,False,False,False,False,False,False,True,False,False,True,False,-0.0035879036391594,-0.0174269605330599,,,0.0394669400307534,-0.0079138903126602,0.0312660174269605,0.062532034853921,-0.0017561346053442,0.064905582499226,1844.0,2147.0,1.0184696569920844,0.0049733191035218,-0.0007542051901907,7.81440696434061e-05
2016-10-07,1945.0,1955.0,1928.0,1948.0,169800.0,1948.0,1950.8,1941.5,1882.24,1962.04,2033.18,False,False,False,False,False,False,True,False,False,True,False,-0.0102669404517453,-0.0112936344969199,,,0.0337577002053388,-0.0072073921971252,0.0374743326488706,-0.0030800821355236,-0.0022425638621027,0.0582024208086531,1870.0,2094.0,0.7331606217616581,0.0043777626657599,-0.0005955564377618,-0.0004864292567585
2016-10-11,1953.0,1984.0,1946.0,1957.0,236900.0,1957.0,1953.8,1946.2,1886.56,1957.0,2032.825,False,False,False,False,False,False,True,False,False,True,False,-0.0122636688809402,-0.003065917220235,,,0.0359938681655595,0.0,0.0199284619315278,-0.0178845171180378,-0.0025753704649974,0.0508169766724899,1960.0,2082.0,1.395170789163722,0.0022898821134763,-0.0020878805522836,-0.0003328066028946
2016-10-12,1947.0,1975.0,1941.0,1943.0,241400.0,1943.0,1954.6,1947.4,1890.36,1952.36,2031.925,False,False,False,False,False,False,True,False,False,True,False,-0.0113226968605249,0.0123520329387545,,,0.0270921255790015,-0.0048172928461142,0.0355120946989191,-0.0005146680391147,-0.0023766108709459,0.0462154667762144,1920.0,2033.0,1.0189953566905867,0.0020101991155123,-0.0002796829979639,0.0001987595940514
2016-10-13,1947.0,1952.0,1912.0,1931.0,203000.0,1931.0,1946.0,1946.3,1894.16,1946.9066666666668,2030.94,False,False,False,False,False,False,True,False,False,True,False,-0.0062143966856551,0.0290005178663904,,,0.0190781978249611,-0.0082375280510961,0.0326255825996892,-0.018125323666494,-0.002801024531222,0.0392539690695165,1863.0,2030.0,0.8409279204639603,0.0020061663217469,-4.032793765426385e-06,-0.000424413660276
2016-10-17,1948.0,1955.0,1908.0,1944.0,271400.0,1944.0,1944.6,1946.8,1897.56,1943.8933333333327,2029.735,False,False,False,False,False,False,True,False,False,True,False,-0.0138888888888888,0.0036008230452674,,,0.0238888888888889,5.486968449938119e-05,0.0282921810699588,-0.0205761316872428,-0.001550153643547,0.0304602424491472,1845.0,1990.0,1.3369458128078815,0.0017917747001411,-0.0002143916216057,0.001250870887675
2016-10-19,1930.0,1950.0,1921.0,1928.0,223100.0,1928.0,1940.6,1945.7,1902.76,1939.2266666666667,2028.57,False,False,False,False,False,False,True,False,False,False,False,-0.0010373443983402,-0.0098547717842323,,,0.0130912863070539,-0.0058229598893499,0.04201244813278,-0.0176348547717842,-0.0024064575569642,0.0207123400318651,1766.0,1997.0,0.8220338983050848,0.0027328722487334,0.0009410975485922,-0.0008563039134171
2016-10-20,1916.0,1939.0,1905.0,1933.0,152800.0,1933.0,1935.8,1944.8,1906.16,1934.0933333333328,2027.65,False,False,False,False,False,False,True,False,False,True,False,0.0093119503362648,-0.0336264873254009,,,0.0138851526125193,-0.0005656147611654,0.0424211070874288,-0.024314536989136,-0.0026541290665051,0.0099238996297819,1693.0,2013.0,0.6848946660690274,0.0017836907709741,-0.0009491814777592,-0.0002476715095409
2016-10-21,1925.0,1935.0,1915.0,1921.0,131300.0,1921.0,1931.4,1943.0,1908.56,1928.4533333333327,2026.8,False,False,False,False,False,False,True,False,False,True,False,0.0239458615304528,-0.0265486725663716,,,0.0064757938573659,-0.0038799236508761,0.0468505986465382,0.0312337324310255,-0.0029246235325025,0.0046320123520329,1704.0,1988.0,0.8592931937172775,0.0012574925598356,-0.0005261982111385,-0.0002704944659973
2016-10-24,1923.0,1941.0,1917.0,1919.0,115900.0,1919.0,1929.0,1937.5,1912.8,1922.36,2025.88,False,False,False,False,False,False,True,False,False,False,False,0.0354351224596143,-0.0234497133923918,,,0.0032308494007295,-0.0017509119332985,0.0453361125586242,0.0213652944241792,-0.0031697150030864,0.0012903225806451,1713.0,1899.0,0.8827113480578828,0.0022166457549142,0.0009591531950786,-0.0002450914705838
2016-10-25,1922.0,1940.0,1908.0,1917.0,176000.0,1917.0,1923.6,1934.1,1916.52,1916.1866666666667,2024.88,False,True,False,False,False,False,True,False,False,True,False,0.0177360459050599,-0.056338028169014,,,0.0002503912363067,0.0004242740392974,0.0573813249869587,0.0318205529473135,-0.0032216763850424,-0.0018613308515588,1709.0,1952.0,1.5185504745470233,0.0019410180952977,-0.0002756276596165,-5.196138195599255e-05
2016-10-26,1918.0,1948.0,1918.0,1926.0,166200.0,1926.0,1923.2,1931.9,1920.88,1909.32,2023.58,False,False,False,False,False,False,True,False,False,False,False,-0.0088265835929387,0.0,,,0.0026583592938732,0.0086604361370716,0.0285565939771547,0.0456905503634475,-0.0035963938295659,0.0030022257880842,1757.0,1937.0,0.9443181818181818,0.0022697930115364,0.0003287749162387,-0.0003747174445234
2016-10-27,1933.0,1954.0,1922.0,1951.0,185800.0,1951.0,1926.8,1931.3,1926.44,1902.8266666666664,2022.475,False,False,False,False,False,False,True,False,False,False,False,-0.0425422860071758,-0.0374167093798052,,,0.0125884161968221,0.0246916111395866,-0.0205023065094823,0.0389543823680164,-0.0034124670665397,0.0087505825091907,1732.0,1922.0,1.117930204572804,0.0028861526961649,0.0006163596846284,0.0001839267630261
2016-10-28,1960.0,1978.0,1942.0,1967.0,198500.0,1967.0,1936.0,1933.7,1930.92,1897.5466666666664,2021.565,False,False,False,False,False,False,True,False,False,True,False,-0.0493136756481952,-0.0096593797661413,,,0.0183426537874936,0.0353092696153195,-0.0355871886120996,0.0482968988307066,-0.0027825402625143,0.0137042974608263,1718.0,1927.0,1.0683530678148547,0.0023201375510119,-0.0005660151451529,0.0006299268040253
2016-10-31,1974.0,1994.0,1968.0,1987.0,142400.0,1987.0,1949.6,1939.3,1936.8,1893.0933333333328,2020.365,False,False,False,False,False,False,True,False,False,False,False,-0.0568696527428283,-0.0241570206341217,,,0.0252642174131857,0.0472605267572557,-0.0161046804227478,0.0493205837946653,-0.0023524108689835,0.0205228690764708,1707.0,1956.0,0.7173803526448362,0.0030359355638165,0.0007157980128045,0.0004301293935308
2016-11-01,1984.0,1985.0,1932.0,1951.0,293700.0,1951.0,1956.4,1940.0,1940.2,1890.48,2019.185,False,False,False,False,False,False,True,False,False,True,False,-0.0727831881086622,0.0312660174269605,,,0.0055356227575602,0.0310199897488467,-0.0097385955920041,0.0758585340850845,-0.0013823649725639,0.0302061855670102,1718.0,1958.0,2.0625,0.0017523966601381,-0.0012835389036783,0.0009700458964195
2016-11-02,1920.0,1936.0,1903.0,1909.0,200600.0,1909.0,1953.0,1938.1,1939.96,1888.013333333333,2017.85,False,False,False,False,False,False,False,False,False,True,False,0.0089051859612362,0.0586694604504976,,,-0.0162179151388161,0.0109935393748909,0.0099528548978522,0.1016238868517548,-0.0013064879485315,0.0419998968061504,1742.0,1947.0,0.68300987402111,-0.000123713891008,-0.0018761105511462,7.587702403241822e-05
2016-11-04,1889.0,1904.0,1852.0,1868.0,201900.0,1868.0,1936.4,1931.6,1938.28,1885.16,2016.41,False,False,False,False,False,False,False,False,False,True,False,0.0053533190578158,0.0685224839400428,,,-0.0376231263383297,-0.009186295503212,0.041220556745182,0.1354389721627409,-0.0015135762128058,0.0576723959411887,1849.0,1886.0,1.006480558325025,-0.0008667478382896,-0.0007430339472815,-0.0002070882642742
2016-11-07,1900.0,1907.0,1863.0,1870.0,166600.0,1870.0,1917.0,1926.5,1935.84,1882.986666666667,2015.635,False,False,False,False,False,False,False,False,False,True,False,0.041711229946524,0.0759358288770053,,,-0.0352085561497325,-0.0069447415329769,0.0727272727272727,0.1326203208556149,-0.0011541947544325,0.0675837010121982,1848.0,1794.0,0.8251609707776126,-0.0012604347466733,-0.0003936869083836,0.0003593814583732
2016-11-08,1875.0,1888.0,1871.0,1874.0,104200.0,1874.0,1894.4,1922.0,1933.12,1880.9066666666668,2014.79,False,False,False,False,False,False,False,False,False,True,False,0.0346851654215581,0.064034151547492,,,-0.031547491995731,-0.0036855211668445,0.0688367129135539,0.1344717182497332,-0.0011058496611564,0.0787200832466182,1836.0,1889.0,0.6254501800720288,-0.0014070518126138,-0.0001466170659405,4.834509327618667e-05
2016-11-09,1899.0,1900.0,1730.0,1809.0,374900.0,1809.0,1866.0,1911.2,1927.92,1878.493333333333,2013.96,False,False,False,False,False,False,False,False,False,True,False,0.1122166943062465,0.1050304035378662,,,-0.0657379767827529,-0.038415330753639,0.1061359867330016,0.175787728026534,-0.0012847175395886,0.0926119715362075,1859.0,1844.0,3.5978886756238,-0.0026972073530021,-0.0012901555403882,-0.0001788678784322
2016-11-10,1898.0,1935.0,1853.0,1926.0,383100.0,1926.0,1869.4,1911.2,1927.4,1877.5466666666664,2013.8,False,False,False,False,False,False,False,False,False,False,False,0.0493250259605399,0.0430944963655244,,,-0.0007268951194185,0.0251574939425408,0.0197300103842159,0.1349948078920041,-0.0005042040677196,0.1016115529510255,1798.0,1870.0,1.0218724993331556,-0.0002697935042025,0.0024274138487995,0.000780513471869
2016-11-11,1886.0,1918.0,1866.0,1878.0,366200.0,1878.0,1871.4,1903.9,1924.84,1875.746666666667,2013.71,False,False,False,False,False,False,False,False,False,True,False,0.0628328008519701,0.0729499467518636,,,-0.0249414270500532,0.0011998580049697,0.0521831735889243,0.1815761448349307,-0.0009596178588435,0.1159199537790849,1848.0,1960.0,0.955886191594884,-0.0013299806737184,-0.0010601871695158,-0.0004554137911238
2016-11-14,1898.0,1951.0,1886.0,1948.0,241000.0,1948.0,1887.0,1902.0,1925.2,1875.213333333333,2013.975,False,False,False,False,True,False,True,False,False,False,False,0.0328542094455852,0.0323408624229979,,,0.0117043121149897,0.0373648186173854,0.0236139630390143,0.150924024640657,-0.0002844120846697,0.1264984227129337,1861.0,1920.0,0.6581103222282906,0.0001869935591108,0.0015169742328292,0.0006752057741737
2016-11-15,1928.0,1941.0,1918.0,1939.0,159800.0,1939.0,1900.0,1897.2,1923.8,1875.746666666667,2014.61,False,False,False,False,False,False,False,True,False,True,False,0.0283651366683857,0.0345538937596699,,,0.0078390923156266,0.0326216262678355,0.0123775141825683,0.1918514698298092,0.0002843312174354,0.1412608053974276,1813.0,1863.0,0.6630705394190871,-0.000727726374883,-0.0009147199339938,0.0005687433021051
2016-11-16,1948.0,2019.0,1938.0,2012.0,353200.0,2012.0,1940.6,1903.3,1926.24,1876.5466666666664,2015.895,False,False,False,False,False,False,True,True,True,False,True,-0.0064612326043737,0.007455268389662,,,0.042624254473161,0.067322730284957,-0.0154075546719681,0.1515904572564612,0.0004263150041563,0.1490569011716492,1824.0,1845.0,2.2102628285356696,0.0012667165046931,0.0019944428795762,0.0001419837867208
2016-11-17,2012.0,2028.0,1999.0,2021.0,270700.0,2021.0,1959.6,1914.5,1929.16,1877.6666666666667,2016.6,False,False,False,False,False,False,True,True,False,False,False,-0.0059376546264225,-0.0197921820880752,,,0.0454428500742206,0.0709219858156028,-0.0192973775358733,0.165264720435428,0.0005964849991125,0.1554975189344475,1817.0,1766.0,0.7664212910532276,0.0015136121420722,0.0002468956373791,0.0001701699949562
2016-11-18,2048.0,2055.0,1983.0,1996.0,271800.0,1996.0,1983.2,1927.3,1930.72,1878.6533333333327,2016.91,False,False,False,False,False,False,True,True,False,True,False,0.0095190380761523,-0.0425851703406813,,,0.0327054108216432,0.0587909151636607,-0.003006012024048,0.1823647294589178,0.0005251989013405,0.1602241477714937,1812.0,1693.0,1.0040635389730328,0.000807988729593,-0.0007056234124791,-7.128609777199541e-05
2016-11-21,2010.0,2035.0,2001.0,2012.0,156700.0,2012.0,1996.0,1941.5,1933.48,1879.7866666666664,2017.4,False,False,False,False,False,False,True,True,True,False,False,-0.0004970178926441,-0.0571570576540755,,,0.0390258449304174,0.06571239231279,0.0134194831013916,0.1684890656063618,0.0006029052942177,0.1637393767705383,1855.0,1704.0,0.5765268579838116,0.0014274779154684,0.0006194891858754,7.7706392877157e-05
2016-11-22,2020.0,2024.0,1984.0,1994.0,125400.0,1994.0,2007.0,1953.5,1936.0,1880.2933333333333,2017.58,False,False,False,False,False,False,True,True,False,True,False,0.0060180541624874,-0.0195586760280842,,,0.029087261785356,0.0570244065529923,-0.0010030090270812,0.1890672016048144,0.0002694615024607,0.1691323265932941,1840.0,1713.0,0.8002552648372687,0.0013016528925619,-0.0001258250229065,-0.0003334437917569
2016-11-24,1994.0,2008.0,1970.0,1999.0,196000.0,1999.0,2004.4,1972.5,1938.2,1880.84,2017.625,False,False,False,False,False,False,True,True,False,True,False,0.0140070035017508,-0.0335167583791896,,,0.0304152076038018,0.0591095547773887,0.0110055027513756,0.1795897948974487,0.0002906502768266,0.1695817490494296,1866.0,1709.0,1.5629984051036685,0.0011350737797957,-0.0001665791127662,2.1188774365916825e-05
2016-11-25,2007.0,2022.0,1993.0,2009.0,233900.0,2009.0,2002.0,1980.8,1941.44,1881.6666666666667,2017.685,False,False,False,False,False,False,True,True,False,False,False,-0.0139372822299651,-0.0403185664509706,,,0.0336286709805873,0.0633814501410319,0.0149328023892483,0.1866600298656048,0.0004393268379097,0.1746768982229403,1915.0,1757.0,1.1933673469387756,0.0016688643481127,0.000533790568317,0.000148676561083
2016-11-28,2005.0,2016.0,1991.0,2015.0,159600.0,2015.0,2005.8,1994.5,1944.72,1883.3866666666668,2017.34,False,False,False,False,False,False,True,True,False,False,False,-0.0516129032258064,-0.0347394540942928,,,0.0348784119106699,0.0653167907361455,0.0248138957816377,0.1751861042183622,0.0009132484743795,0.1740787164702932,1910.0,1732.0,0.6823428815733219,0.0016866181249742,1.775377686152966e-05,0.0004739216364697
2016-11-29,2015.0,2021.0,2004.0,2011.0,178400.0,2011.0,2005.6,2000.8,1948.32,1886.28,2017.0,False,False,False,False,False,False,True,True,False,False,False,-0.0566882148184982,-0.0024863252113376,,,0.0311685728493287,0.0620188960716061,0.0551964196916956,0.1889607160616608,0.0015338832693625,0.1778288684526189,1931.0,1718.0,1.117794486215539,0.0018477457501847,0.0001611276252104,0.000620634794983
2016-11-30,2011.0,2024.0,2001.0,2006.0,246600.0,2006.0,2008.0,2007.5,1951.8,1887.84,2016.73,False,False,False,False,False,False,True,True,False,True,False,-0.0254237288135593,-0.0014955134596211,,,0.0270189431704885,0.0589032901296112,0.0458624127617148,0.1734795613160518,0.0008263412153572,0.1760398505603985,1942.0,1707.0,1.3822869955156951,0.0017829695665539,-6.477618363076847e-05,-0.0007075420540053
2016-12-01,2019.0,2070.0,2013.0,2027.0,294800.0,2027.0,2013.6,2009.0,1956.2,1890.28,2017.17,False,False,False,False,False,False,True,True,False,False,False,-0.0468672915638875,-0.0128268376911692,,,0.0349284657128761,0.0674494326591021,0.0172668968919585,0.1465219536260483,0.0012908140592928,0.1755102040816326,1939.0,1718.0,1.1954582319545823,0.0022492587669972,0.0004662892004433,0.0004644728439356
2016-12-02,2007.0,2013.0,1970.0,1981.0,249700.0,1981.0,2008.0,2005.0,1958.4,1891.76,2017.655,False,False,False,False,False,False,True,True,False,True,False,-0.0267541645633518,-0.0085815244825845,,,0.0114083796062594,0.0450479555779909,0.0156486622917718,0.1887935386168601,0.0007823402545777,0.1778553615960099,1939.0,1742.0,0.8470149253731343,0.0011233660130719,-0.0011258927539253,-0.000508473804715
2016-12-05,1944.0,1950.0,1903.0,1911.0,256300.0,1911.0,1987.2,1996.5,1956.8,1891.1066666666663,2017.71,False,False,False,False,False,False,False,False,False,True,False,0.0177917320774463,0.0340136054421768,,,-0.0239665096807953,0.0104099075527648,0.0617477760334903,0.1936159079016222,-0.0003454767226246,0.1789130979213622,1942.0,1849.0,1.026431718061674,-0.0008176614881439,-0.0019410275012158,-0.0011278169772024
2016-12-06,1911.0,1927.0,1890.0,1897.0,219000.0,1897.0,1964.4,1985.0,1954.0,1890.8,2018.295,False,False,False,False,False,False,False,False,False,True,False,0.0574591460200316,0.0511333684765419,,,-0.0300474433315761,0.0032683183974697,0.07380073800738,0.2488139167105957,-0.000162188844228,0.1866498740554156,1939.0,1848.0,0.8544674209910261,-0.0014329580348003,-0.0006152965466564,0.0001832878783966
2016-12-07,1897.0,1994.0,1897.0,1955.0,405800.0,1955.0,1954.2,1981.1,1952.72,1892.0266666666664,2019.44,False,False,False,False,False,False,False,True,False,False,False,0.0245524296675191,0.0040920716112531,,,0.0011662404092071,0.0322114236999148,0.0219948849104859,0.1892583120204603,0.000648334766247,0.1866639745595882,1974.0,1836.0,1.8529680365296803,-0.0006554959236347,0.0007774621111656,0.000810523610475
2016-12-08,1995.0,1998.0,1897.0,1932.0,312100.0,1932.0,1935.2,1974.4,1951.96,1893.1866666666667,2020.94,False,False,False,False,False,False,False,True,False,False,False,0.0357142857142857,0.0253623188405797,,,-0.0103312629399586,0.0200897170462387,0.0434782608695652,0.1982401656314699,0.0006127235208362,0.1885129659643435,1951.0,1859.0,0.7690980778708724,-0.0003893522408246,0.0002661436828101,-3.561124541073509e-05
2016-12-09,1911.0,1932.0,1899.0,1928.0,261000.0,1928.0,1924.6,1966.3,1952.72,1895.3466666666664,2022.135,False,False,False,False,False,False,True,True,False,False,False,0.0186721991701244,0.0280082987551867,,,-0.0128215767634854,0.0169363762102352,0.0565352697095435,0.1924273858921162,0.0011396332069417,0.1890861007984539,1948.0,1798.0,0.8362704261454662,0.0003892007046581,0.0007785529454827,0.0005269096861054
2016-12-12,1930.0,1949.0,1925.0,1945.0,156700.0,1945.0,1931.4,1959.3,1955.8,1898.7066666666667,2023.365,False,False,False,False,False,False,True,True,True,False,False,0.0159383033419023,0.0231362467866323,,,-0.0055526992287917,0.0238011996572407,0.0365038560411311,0.1912596401028277,0.0017696256399094,0.1907313836574287,1957.0,1848.0,0.6003831417624521,0.0015748031496062,0.0011856024449481,0.0006299924329677
2016-12-13,1950.0,2012.0,1943.0,2006.0,248800.0,2006.0,1953.2,1958.8,1961.24,1902.733333333333,2024.945,False,False,False,True,True,False,True,True,False,False,False,-0.0059820538384845,0.0164506480558325,,,0.0223130608175473,0.0514788966434032,0.0064805583250249,0.1236291126620139,0.0021162538103078,0.1840412497447417,1943.0,1861.0,1.587747287811104,0.0027737553792498,0.0011989522296436,0.0003466281703983
2016-12-14,1991.0,2020.0,1991.0,2003.0,168000.0,2003.0,1962.8,1958.5,1966.4,1906.6,2026.33,False,False,False,False,False,False,True,True,False,True,False,-0.0199700449326011,-0.0054917623564653,,,0.0182725911133299,0.0481278082875686,0.0199700449326011,0.128806789815277,0.0020280429385643,0.1794740873117181,1931.0,1813.0,0.6752411575562701,0.0026240846216436,-0.0001496707576062,-8.821087174349642e-05
2016-12-15,1988.0,2011.0,1983.0,2001.0,142800.0,2001.0,1976.6,1955.9,1974.08,1910.493333333333,2027.96,False,False,False,False,False,False,True,True,False,False,False,-0.0099950024987506,0.0099950024987506,,,0.0134532733633183,0.0452307179743462,0.0344827586206896,0.1224387806096951,0.0020378680550223,0.1770540416176694,1944.0,1824.0,0.85,0.0038904198411411,0.0012663352194974,9.825116458020077e-06
2016-12-16,2005.0,2010.0,1957.0,1964.0,280500.0,1964.0,1983.8,1954.2,1975.6,1913.253333333333,2029.35,False,False,False,False,False,False,True,True,False,True,False,0.0091649694501018,0.0381873727087576,,,-0.0059063136456211,0.0258384249830279,0.0667006109979633,0.1461303462321792,0.0014425690272763,0.1727561150342852,1928.0,1817.0,1.9642857142857144,0.0007693865154889,-0.0031210333256521,-0.0005952990277459
2016-12-19,1958.0,1992.0,1938.0,1976.0,180600.0,1976.0,1990.0,1960.7,1979.52,1916.506666666667,2030.695,False,False,False,False,False,False,True,True,True,False,True,0.0070850202429149,0.0450404858299595,,,-0.0017813765182186,0.0301079622132252,0.0652834008097166,0.1462550607287449,0.0016975330114516,0.1680522262457284,1933.0,1812.0,0.6438502673796791,0.0019802780472033,0.0012108915317144,0.0002549639841752
2016-12-20,1988.0,2002.0,1970.0,1994.0,133300.0,1994.0,1987.6,1970.4,1981.36,1920.1866666666667,2032.21,False,False,False,False,False,False,True,True,False,True,False,0.0225677031093279,0.0641925777331996,,,0.0063390170511535,0.037017719826145,0.0541624874623871,0.1278836509528585,0.0019164803421888,0.1562119366626064,1921.0,1855.0,0.7380952380952381,0.0009286550652076,-0.0010516229819957,0.0002189473307372
2016-12-21,1990.0,1997.0,1956.0,1963.0,150000.0,1963.0,1979.6,1971.2,1982.32,1923.6,2033.275,False,False,False,False,False,False,True,True,False,True,False,0.0147733061640346,0.0687722873153336,,,-0.0098420784513499,0.0200713194090678,0.0596026490066225,0.1248089658685685,0.0017744506827475,0.149807224025974,1919.0,1840.0,1.1252813203300824,0.0004842810444328,-0.0004443740207748,-0.0001420296594413
2016-12-22,1975.0,1995.0,1974.0,1981.0,143200.0,1981.0,1975.6,1976.1,1981.08,1927.1066666666663,2034.38,False,False,False,False,False,False,False,True,False,True,True,0.0201918223119636,0.0408884401817264,,,-4.038364462389058e-05,0.0272051152616525,0.0464411913175164,0.1347804139323574,0.0018196536431125,0.1435656090278833,1917.0,1866.0,0.9546666666666668,-0.0006259212146909,-0.0011102022591237,4.520296036497574e-05
2016-12-26,1970.0,2000.0,1963.0,1982.0,200800.0,1982.0,1979.2,1981.5,1979.52,1930.3066666666664,2035.54,False,False,False,False,False,False,False,True,False,True,False,0.0287588294651866,0.0151362260343087,,,0.0012512613521695,0.0260813992600068,-0.0201816347124117,0.124117053481332,0.0016577676776747,0.1368660105980317,1926.0,1915.0,1.4022346368715084,-0.0007880698351115,-0.0001621486204205,-0.0001618859654377
2016-12-27,1973.0,2008.0,1973.0,1990.0,144900.0,1990.0,1982.0,1986.0,1979.28,1932.1866666666667,2036.61,False,False,False,False,False,False,False,True,False,False,False,0.0376884422110552,0.0195979899497487,,,0.0053869346733668,0.0290519262981574,-0.0341708542713567,0.1542713567839196,0.0009729908773481,0.1332829808660623,1951.0,1910.0,0.7216135458167331,-0.0001212562143809,0.0006668136207305,-0.0006847768003266
2016-12-28,2000.0,2046.0,1998.0,2039.0,186300.0,2039.0,1991.0,1989.3,1980.36,1934.733333333333,2037.465,False,False,False,False,False,False,True,True,False,False,False,0.0407062285434036,-0.0009808729769494,,,0.0287591956841589,0.0511361778649665,-0.04757233938205,0.1436978911230995,0.0013162882050927,0.1353239833107123,1967.0,1931.0,1.2857142857142858,0.000545355389929,0.00066661160431,0.0003432973277446
2016-12-29,2030.0,2036.0,1985.0,1992.0,162100.0,1992.0,1996.8,1988.2,1980.28,1936.8133333333333,2038.065,False,False,False,False,False,False,False,True,False,True,False,0.0532128514056224,0.003012048192771,,,0.0058835341365461,0.0277041499330656,-0.0481927710843373,0.1601405622489959,0.0010739289967714,0.1384669550347047,1987.0,1942.0,0.870101986044015,-4.0398327509204376e-05,-0.0005857537174382,-0.0002423592083213
2016-12-30,1997.0,2029.0,1997.0,2021.0,120600.0,2021.0,2004.8,1990.2,1981.16,1938.973333333333,2038.705,False,False,False,False,False,False,True,True,False,False,False,0.020286986640277,-0.0024740227610094,,,0.0197130133597228,0.040587168068613,-0.0578921326076199,0.1182582879762493,0.0011139915969275,0.1380263290121596,1951.0,1939.0,0.7439851943244911,0.0004441842153082,0.0004845825428174,4.006260015609994e-05
2017-01-04,2025.0,2052.0,2025.0,2039.0,158900.0,2039.0,2016.2,1997.7,1982.36,1942.1866666666667,2039.48,False,False,False,False,False,False,True,True,False,False,False,-0.013241785188818,-0.0009808729769494,,,0.0277783227072094,0.0474807912375347,-0.0711132908288376,0.1083864639529181,0.0016544925307558,0.134204334985233,1909.0,1939.0,1.3175787728026531,0.0006053390907805,0.0001611548754723,0.0005405009338283
2017-01-05,2040.0,2071.0,2039.0,2065.0,189500.0,2065.0,2031.2,2006.6,1984.36,1945.08,2040.405,False,False,False,False,False,False,True,True,False,False,False,-0.0174334140435835,-0.023728813559322,,,0.0390508474576271,0.0580726392251816,-0.086682808716707,0.0944309927360774,0.0014875137954907,0.1289245489883386,1868.0,1942.0,1.1925739458779103,0.0010078816343808,0.0004025425436002,-0.000166978735265
2017-01-06,2067.0,2133.0,2067.0,2122.0,378800.0,2122.0,2047.8,2019.4,1988.8,1948.56,2041.885,False,False,False,False,False,False,True,True,False,False,False,-0.0400565504241281,-0.0485391140433553,,,0.0627709707822808,0.0817342130065975,-0.0664467483506126,0.060320452403393,0.0017859342283532,0.1218183618896702,1870.0,1939.0,1.998944591029024,0.0022325020112631,0.0012246203768822,0.0002984204328624
2017-01-10,2133.0,2142.0,2097.0,2098.0,247100.0,2098.0,2069.0,2032.9,1992.48,1952.36,2043.09,False,False,False,False,False,False,True,True,False,True,False,-0.0476644423260247,-0.0262154432793136,,,0.0502955195424213,0.0694184938036225,-0.0657769304099142,0.1053384175405147,0.0019463623512056,0.1198288159771754,1874.0,1974.0,0.6523231256599789,0.0018469445113627,-0.0003855574999003,0.0001604281228524
2017-01-11,2075.0,2093.0,2059.0,2062.0,245900.0,2062.0,2077.2,2041.0,1993.88,1955.5333333333333,2044.15,False,False,False,False,False,False,True,True,False,True,False,-0.0223084384093113,0.0038797284190106,,,0.0330358874878757,0.0516327190430003,-0.040737148399612,0.1256062075654704,0.0016227457130195,0.1189612934835865,1809.0,1951.0,0.9951436665317686,0.0007021485746384,-0.0011447959367243,-0.0003236166381861
2017-01-12,2025.0,2035.0,1997.0,2012.0,366800.0,2012.0,2071.8,2044.0,1995.12,1958.1333333333328,2044.75,False,False,False,False,False,False,True,True,False,True,False,0.0124254473161033,0.0412524850894632,,,0.008389662027833,0.0267726971504308,0.0009940357852882,0.1719681908548707,0.001327795179082,0.1236790606653621,1926.0,1948.0,1.491663277755185,0.0006215165002605,-8.063207437791244e-05,-0.0002949505339374
2017-01-13,2010.0,2047.0,2010.0,2029.0,184400.0,2029.0,2064.6,2047.9,1999.84,1961.0266666666664,2045.08,False,False,False,False,False,False,True,True,True,False,False,-0.0064070970921636,0.0374568753080335,,,0.0143716116313455,0.0335009035649746,-0.0009857072449482,0.1557417447018235,0.0014754176383798,0.1238830020997118,1878.0,1957.0,0.5027262813522355,0.0023601888151052,0.0017386723148446,0.0001476224592977
2017-01-16,2031.0,2059.0,2023.0,2037.0,128300.0,2037.0,2047.6,2047.7,2005.44,1963.4533333333327,2045.2,False,False,False,False,False,False,True,True,False,False,False,-0.0088365243004418,0.0319096710849288,,,0.0154933726067746,0.0361053837342498,0.0122729504172803,0.1448208149239077,0.0012359176688691,0.1239927723787663,1948.0,1943.0,0.6957700650759219,0.0027924046593266,0.0004322158442214,-0.0002394999695106
2017-01-17,2045.0,2045.0,1997.0,1998.0,118300.0,1998.0,2027.6,2048.3,2007.16,1965.56,2044.835,False,False,False,False,False,False,True,True,False,True,False,0.0225225225225225,0.041041041041041,,,-0.0045845845845846,0.0162362362362362,0.0435435435435435,0.1971971971971972,0.0010717895493736,0.1276180247034124,1939.0,1931.0,0.922057677318784,0.0008569321827856,-0.001935472476541,-0.0001641281194955
2017-01-18,1981.0,2019.0,1971.0,2016.0,133700.0,2016.0,2018.4,2047.8,2010.52,1967.56,2044.395,False,False,False,False,False,False,True,True,True,False,False,0.0267857142857142,0.0282738095238095,,,0.0027182539682539,0.0240277777777778,0.0411706349206349,0.2013888888888889,0.0010164874260505,0.1358042777615002,2012.0,1944.0,1.1301775147928994,0.0016712094383542,0.0008142772555685,-5.530212332307237e-05
2017-01-19,2031.0,2048.0,2020.0,2037.0,182000.0,2037.0,2023.4,2047.6,2014.88,1969.1866666666667,2044.155,False,False,False,False,False,False,True,True,False,False,False,0.0284732449680903,-0.0466372115856651,,,0.0108591065292095,0.03329078710522,0.03240058910162,0.2322042218949435,0.0008260601669725,0.148124633717523,2021.0,1928.0,1.361256544502618,0.0021639005796871,0.0004926911413329,-0.0001904272590779
2017-01-20,2030.0,2035.0,2006.0,2016.0,145900.0,2016.0,2020.8,2042.7,2017.72,1970.6,2043.945,False,False,False,False,False,False,True,True,False,True,False,0.0441468253968254,-0.0466269841269841,,,-0.0008531746031746,0.0225198412698413,0.0520833333333333,0.2415674603174603,0.0007172096484995,0.1627747588975374,1996.0,1933.0,0.8016483516483517,0.0014075292904862,-0.0007563712892009,-0.000108850518473
2017-01-23,2022.0,2032.0,2000.0,2019.0,178300.0,2019.0,2017.2,2032.4,2018.24,1971.7733333333333,2043.78,False,False,False,False,False,False,True,True,False,True,False,0.0411094601287766,-0.0381376919266963,,,0.0003764239722634,0.0233911177150404,0.0490341753343239,0.0406141654284299,0.0005950650176153,0.1613363511119858,2012.0,1921.0,1.2220699108978752,0.0002576502299032,-0.0011498790605829,-0.0001221446308842
2017-01-24,2030.0,2059.0,2021.0,2043.0,155700.0,2043.0,2026.2,2026.9,2019.84,1973.12,2044.11,False,False,False,False,False,False,True,True,False,False,False,0.0181106216348507,-0.0719530102790014,,,0.0113362701908957,0.0342046010768478,0.0406265296133137,0.0249632892804698,0.0006825062168882,0.1533869455819231,1994.0,1919.0,0.873247335950645,0.0007921419518377,0.0005344917219344,8.74411992729554e-05
2017-01-25,2077.0,2081.0,2054.0,2070.0,229900.0,2070.0,2037.0,2027.7,2022.6,1974.8666666666663,2044.455,False,False,False,False,False,False,True,True,True,False,False,0.0014492753623188,-0.0801932367149758,,,0.0228985507246377,0.0459581320450887,0.0275362318840579,-0.0256038647342995,0.0008844478952164,0.1379395374069142,1999.0,1917.0,1.4765574823378291,0.0013645802432512,0.0005724382914135,0.0002019416783281
2017-01-26,2080.0,2109.0,2079.0,2095.0,244100.0,2095.0,2048.6,2036.0,2027.84,1976.9466666666667,2044.635,False,False,False,False,False,False,True,True,False,False,True,-0.0730310262529833,-0.0959427207637231,,,0.0320572792362768,0.0563500397772473,0.0434367541766109,-0.0568019093078758,0.0010521275232515,0.1145383104125735,2009.0,1926.0,1.061765985210961,0.0025840302982483,0.0012194500549971,0.000167679628035
2017-01-27,2095.0,2109.0,2069.0,2105.0,245400.0,2105.0,2066.4,2043.6,2033.0,1979.12,2044.685,False,False,False,False,False,False,True,True,False,True,False,-0.0869358669833729,-0.1040380047505938,,,0.0342042755344418,0.0598004750593824,0.0541567695961995,-0.0798099762470308,0.0010981311559345,0.0904286553141515,2015.0,1951.0,1.0053256861941826,0.0025381210034432,-4.5909294805159245e-05,4.600363268300752e-05
2017-01-30,2105.0,2120.0,2085.0,2102.0,385600.0,2102.0,2083.0,2050.1,2037.32,1981.2933333333333,2044.94,False,False,False,False,False,False,True,True,False,True,False,-0.0761179828734538,-0.0575642245480494,,,0.0307706945765937,0.0574246749127815,0.0666032350142721,-0.0784966698382492,0.001096926586674,0.0677040144383201,2011.0,1967.0,1.5713121434392827,0.002120432725345,-0.0004176882780981,-1.20456926048498e-06
2017-01-31,2086.0,2110.0,2073.0,2080.0,307400.0,2080.0,2090.4,2058.3,2042.0,1982.7066666666667,2045.48,False,False,False,False,False,False,True,True,False,False,False,-0.0884615384615384,-0.0576923076923076,,,0.0182692307692307,0.046775641025641,0.1110576923076923,-0.054326923076923,0.0007128302724222,0.042802312588058,2006.0,1987.0,0.7971991701244814,0.0022918707149853,0.0001714379896403,-0.0003840963142518
2017-02-01,2083.0,2109.0,2067.0,2073.0,280200.0,2073.0,2091.0,2064.0,2045.68,1984.3333333333333,2046.14,False,False,False,False,False,False,True,True,False,True,False,-0.0815243608297153,-0.0458273034249879,,,0.0131789676796912,0.0427721498633221,0.1177038109020742,-0.0385914134105161,0.0008197547455064,0.0191375968992248,2027.0,1951.0,0.911515940143136,0.0017989128309413,-0.000492957884044,0.0001069244730841
2017-02-02,2074.0,2084.0,1930.0,1942.0,758500.0,1942.0,2060.4,2054.5,2044.08,1984.253333333333,2046.7,False,False,False,False,False,False,False,False,False,True,False,-0.0247167868177136,0.0370751802265705,,,-0.0525643666323377,-0.0217576381737039,0.2126673532440782,0.0267765190525231,-4.0317432585970856e-05,-0.001265514723777,1981.0,1909.0,2.7069950035688795,-0.0007827482290321,-0.0025816610599735,-0.0008600721780923
2017-02-03,1954.0,1978.0,1921.0,1922.0,622400.0,1922.0,2023.8,2045.1,2041.36,1983.7866666666664,2046.695,False,False,False,False,False,False,False,False,False,True,False,-0.0187304890738813,0.054630593132154,,,-0.0621019771071799,-0.0321470690253207,0.2278876170655567,0.0561914672216441,-0.0002352403484245,-0.0198034325949831,1911.0,1868.0,0.8205669083717865,-0.0013324450366422,-0.00054969680761,-0.0001949229158386
2017-02-06,1950.0,1957.0,1930.0,1942.0,236900.0,1942.0,1991.8,2037.4,2037.48,1983.7733333333333,2046.83,False,False,False,False,False,False,False,False,False,True,False,0.0200823892893923,0.0617919670442842,,,-0.0491658084449021,-0.0215104703055269,0.2106076210092688,0.0164778578784757,-6.721197986208353e-06,-0.0223323844115048,1897.0,1870.0,0.3806233933161954,-0.0019043131711721,-0.0005718681345299,0.0002285191504383
2017-02-07,1947.0,1950.0,1895.0,1896.0,312200.0,1896.0,1955.0,2022.7,2033.64,1983.3066666666664,2046.395,False,False,False,False,False,False,False,False,False,False,False,0.0337552742616033,0.0996835443037974,,,-0.0725949367088608,-0.0460478199718704,0.2505274261603376,0.0421940928270042,-0.0002352972813081,-0.0210609581252781,1955.0,1874.0,1.3178556352891515,-0.0018882398064553,1.6073364716794655e-05,-0.0002285760833219
2017-02-08,1905.0,1918.0,1887.0,1904.0,247000.0,1904.0,1921.2,2006.1,2028.96,1982.7733333333333,2045.735,False,False,False,False,False,False,False,False,False,True,False,0.0388655462184873,0.1024159663865546,,,-0.0656302521008403,-0.0413725490196078,0.2384453781512605,0.0493697478991596,-0.0002689835113106,-0.0139075818752803,1932.0,1809.0,0.7911595131326074,-0.0023066004258339,-0.0004183606193785,-3.368623000251275e-05
2017-02-09,1900.0,1908.0,1876.0,1894.0,235200.0,1894.0,1911.6,1986.0,2023.16,1982.32,2044.925,False,False,False,False,False,False,False,False,False,True,False,0.0633579725448785,0.1103484688489968,,,-0.068194297782471,-0.0466314677930305,0.2587117212249208,0.042766631467793,-0.0002286882709821,-0.0039778449144008,1928.0,1926.0,0.9522267206477733,-0.002866802427885,-0.0005602020020511,4.0295240328456415e-05
2017-02-10,1900.0,1947.0,1867.0,1886.0,678200.0,1886.0,1904.4,1964.1,2016.0,1981.6933333333327,2043.615,False,False,False,False,False,False,False,False,False,True,False,0.0747613997879109,0.1246023329798515,,,-0.0689289501590668,-0.0507387769529868,0.2555673382820784,0.059915164369035,-0.0003162278724593,0.0102846087266432,1945.0,1878.0,2.883503401360544,-0.0035515873015873,-0.0006847848737022,-8.753960147712999e-05
2017-02-13,1926.0,1989.0,1922.0,1981.0,475600.0,1981.0,1912.2,1952.0,2010.36,1982.493333333333,2042.615,False,False,False,False,False,False,False,True,False,False,False,0.0408884401817264,0.0691569914184755,,,-0.0148207975769812,-0.0007538280329798,0.2069661786976274,0.0116102978293791,0.0004035322523152,0.0199795081967213,2006.0,1948.0,0.7012680625184311,-0.0028054676774309,0.0007461196241563,0.0007197601247745
2017-02-14,1990.0,2025.0,1954.0,1960.0,390100.0,1960.0,1925.0,1940.0,2004.84,1983.04,2041.815,False,False,False,False,False,False,False,True,False,False,False,0.0637755102040816,0.0846938775510204,,,-0.0228775510204081,-0.0117551020408163,0.2010204081632653,0.0403061224489795,0.0002756710236136,0.03,2003.0,1939.0,0.8202270815811606,-0.0027533369246423,5.213075278860148e-05,-0.0001278612287015
2017-02-15,1980.0,2003.0,1971.0,1978.0,228700.0,1978.0,1939.8,1930.5,2001.48,1983.8533333333328,2041.335,False,False,False,False,False,False,False,True,False,False,False,0.0611729019211324,0.0753286147623862,,,-0.0118705763397371,-0.0029592180653856,0.1749241658240647,0.0202224469160768,0.0004099765439646,0.0363636363636363,2001.0,2012.0,0.5862599333504229,-0.0016787577192876,0.0010745792053546,0.000134305520351
2017-02-16,1988.0,2038.0,1988.0,2014.0,391700.0,2014.0,1963.8,1937.7,2001.56,1985.0266666666664,2040.83,False,False,False,False,True,False,True,True,False,False,True,0.0441906653426017,0.0854021847070506,,,0.0061767626613704,0.0143859649122808,0.1693147964250248,0.0,0.0005910919752548,0.0335449243949011,1964.0,2021.0,1.7127240926978575,3.996882431699636e-05,0.0017187265436046,0.0001811154312902
2017-02-17,2020.0,2054.0,2019.0,2027.0,428900.0,2027.0,1992.0,1948.2,2001.48,1986.04,2040.415,False,False,False,False,False,False,False,True,False,True,False,0.0463739516526887,0.0947212629501726,,,0.0125900345337937,0.0202072027627035,0.1253083374444992,-0.0192402565367538,0.0005102280585152,0.0258187044451288,1976.0,1996.0,1.094970640796528,-3.997042188776667e-05,-7.993924620476303e-05,-8.086391673967975e-05
2017-02-20,2027.0,2072.0,2010.0,2062.0,318900.0,2062.0,2008.2,1960.2,2002.48,1987.3066666666664,2039.6,False,False,False,False,False,False,True,True,False,False,False,0.0271580989330746,0.08729388942774,,,0.0288651794374393,0.0362237310054964,0.1488845780795344,-0.0606207565470417,0.0006373785626105,0.0176512600755024,1994.0,2012.0,0.7435299603637211,0.0004993807678478,0.0005393511897356,0.0001271505040953
2017-02-21,2066.0,2095.0,2065.0,2085.0,444300.0,2085.0,2033.2,1979.1,2005.96,1988.6133333333328,2038.85,False,False,False,False,False,False,True,True,True,False,False,0.0196642685851318,0.1083932853717026,,,0.0379088729016786,0.0462286171063152,0.1151079136690647,-0.0388489208633093,0.0006570742762124,0.0093476832903845,1963.0,1994.0,1.3932267168391346,0.0017348302059861,0.0012354494381383,1.969571360184961e-05
2017-02-22,2082.0,2119.0,2082.0,2099.0,256700.0,2099.0,2057.4,1998.6,2009.28,1990.5866666666664,2038.57,False,False,False,False,False,False,True,True,False,True,False,0.0133396855645545,0.1038589804668889,,,0.0427441638875655,0.0516499920597111,0.1029061457837065,-0.0466888994759409,0.0009913325384812,-0.00035024517162,1981.0,1999.0,0.5777627729011929,0.0016523331740722,-8.249703191389748e-05,0.0003342582622688
2017-02-23,2101.0,2124.0,2086.0,2103.0,262100.0,2103.0,2075.2,2019.5,2011.92,1993.1733333333327,2038.49,False,False,False,False,False,False,True,True,False,True,False,0.0394674274845458,0.1198288159771754,,,0.0433095577746076,0.0522238072594706,0.0932001902044698,-0.0489776509747979,0.0012977630311463,-0.0094577865808367,1982.0,2009.0,1.021036229061161,0.0013121794107122,-0.00034015376336,0.0003064304926651
2017-02-24,2099.0,2134.0,2090.0,2121.0,328200.0,2121.0,2094.0,2043.0,2016.12,1996.5466666666664,2038.37,False,False,False,False,False,False,True,True,False,False,False,0.0462046204620462,0.1126826968411126,,,0.0494483734087695,0.0586767248153388,0.0924092409240924,-0.0551626591230551,0.0016895840150659,-0.0206069505628976,1990.0,2015.0,1.252193819152995,0.0020832093327777,0.0007710299220655,0.0003918209839195
2017-02-27,2120.0,2147.0,2104.0,2118.0,264700.0,2118.0,2105.2,2056.7,2020.08,1999.8533333333328,2038.01,False,False,False,False,False,False,True,True,False,True,False,0.0585457979225684,0.1100094428706326,,,0.0462322946175637,0.0557821844507399,0.0642115203021718,-0.0542965061378659,0.0016534545866695,-0.0271794622453444,2039.0,2011.0,0.8065204143814747,0.0019603184032315,-0.0001228909295461,-3.612942839640795e-05
2017-02-28,2134.0,2169.0,2126.0,2126.0,327600.0,2126.0,2113.4,2073.3,2023.4,2003.213333333333,2038.065,False,False,False,False,False,False,True,True,False,True,False,0.0870178739416745,0.1152398871119473,,,0.0482596425211664,0.0577547820633428,0.0634995296331138,-0.0423330197554092,0.0016773051297583,-0.0351131047122944,1992.0,2006.0,1.2376275028333965,0.0016408026094692,-0.0003195157937622,2.385054308881563e-05
2017-03-01,2117.0,2134.0,2096.0,2127.0,301700.0,2127.0,2119.0,2088.2,2025.68,2007.4533333333327,2038.185,False,False,False,False,False,False,True,True,False,True,False,0.0893276915843911,0.1086036671368124,,,0.0476351669017395,0.0562043566839054,0.0559473436765397,-0.0362012223789374,0.0021121288000053,-0.0404654726558757,2021.0,2027.0,0.9209401709401708,0.0011255479641404,-0.0005152546453288,0.0004348236702469
2017-03-02,2160.0,2189.0,2137.0,2186.0,321100.0,2186.0,2135.6,2105.4,2029.32,2010.92,2038.125,False,False,False,False,False,False,True,True,False,False,False,0.0773101555352241,0.0905763952424519,,,0.0716742909423605,0.0800914913083256,0.0297346752058554,-0.0558096980786825,0.0017239207261685,-0.0459295145815522,2039.0,1981.0,1.064302287040106,0.0017937042950347,0.0006681563308943,-0.0003882080738367
2017-03-03,2200.0,2242.0,2199.0,2219.0,431500.0,2219.0,2155.2,2124.6,2033.88,2015.4666666666667,2038.205,False,False,False,False,False,False,True,True,False,False,False,0.0635421360973411,0.0671473636773321,,,0.0834249662009914,0.091722998347604,0.0207300585849481,-0.0703019378098242,0.0022558878010055,-0.0510213687282311,2065.0,1911.0,1.3438181251946435,0.0022420201781816,0.0004483158831469,0.0005319670748369
2017-03-06,2234.0,2257.0,2222.0,2242.0,313100.0,2242.0,2180.0,2142.6,2039.48,2019.3866666666668,2038.47,False,False,False,False,False,False,True,True,False,False,False,0.0486173059768064,0.0664585191793041,,,0.0903300624442462,0.0992922985429675,0.0031222123104371,-0.0789473684210526,0.0019411834616451,-0.0530196956968169,2122.0,1897.0,0.7256083429895712,0.0027457979484966,0.0005037777703149,-0.0003147043393603
2017-03-07,2253.0,2314.0,2247.0,2311.0,649200.0,2311.0,2217.0,2165.2,2048.72,2024.3466666666664,2039.08,False,False,False,False,False,False,True,True,False,False,False,0.0259627866724361,0.0186066637819125,,,0.1134919948074427,0.1240386557046013,-0.0445694504543487,-0.0774556469061012,0.0024501732246121,-0.0569924256419729,2098.0,1955.0,2.073458958799106,0.0045101331563121,0.0017643352078154,0.000508989762967
2017-03-08,2300.0,2362.0,2296.0,2317.0,521600.0,2317.0,2255.0,2187.0,2058.48,2028.4133333333327,2039.795,False,False,False,False,False,False,True,True,False,False,False,0.0176952956409149,0.0030211480362537,,,0.111575312904618,0.124551863041289,-0.02977988778593,-0.0837289598618903,0.002004851082291,-0.0608139003200731,2062.0,1932.0,0.8034504004929144,0.0047413625587813,0.0002312294024692,-0.0004453221423211
2017-03-09,2335.0,2376.0,2333.0,2355.0,352600.0,2355.0,2288.8,2212.2,2075.0,2032.8666666666663,2040.75,False,False,False,False,False,False,True,True,False,False,False,0.0123142250530785,0.0,,,0.1188959660297239,0.1367869780608635,-0.0539278131634819,-0.1154989384288747,0.0021906667103924,-0.0677606003073861,2012.0,1928.0,0.6759969325153374,0.0079614457831325,0.0032200832243511,0.0001858156281014
2017-03-10,2366.0,2382.0,2331.0,2360.0,356000.0,2360.0,2317.0,2236.1,2092.52,2037.72,2041.425,False,False,False,False,False,False,True,True,False,False,False,0.0033898305084745,-0.0334745762711864,,,0.1133389830508474,0.1365593220338982,-0.0266949152542372,-0.0978813559322033,0.0023817469197601,-0.0721345199230802,2029.0,1945.0,1.0096426545660806,0.0083726798310171,0.0004112340478846,0.0001910802093677
2017-03-13,2369.0,2396.0,2350.0,2351.0,314400.0,2351.0,2338.8,2259.4,2108.88,2042.24,2041.805,False,False,False,False,False,False,True,True,False,True,False,0.0170140365801786,0.0076563164610803,,,0.1029859634198213,0.131331348362399,-0.0080816673755848,-0.1029349213100808,0.0022132560325916,-0.0770115959989377,2037.0,2006.0,0.8831460674157303,0.007757672318956,-0.000615007512061,-0.0001684908871685
2017-03-14,2345.0,2379.0,2331.0,2371.0,219300.0,2371.0,2350.8,2283.9,2127.88,2047.2666666666669,2042.0,False,False,False,False,False,False,True,True,False,False,False,-0.0071699704765921,-0.0194010965837199,,,0.102539013074652,0.1365387318993391,-0.0253057781526781,-0.1109236609025727,0.0024553062620079,-0.0837602346862823,1998.0,2003.0,0.6975190839694656,0.0089290749478354,0.0011714026288793,0.0002420502294163
2017-03-15,2371.0,2411.0,2345.0,2358.0,359300.0,2358.0,2359.0,2307.0,2146.04,2052.0533333333333,2041.915,False,False,False,False,False,False,True,True,False,True,False,-0.0144189991518235,-0.0182357930449533,,,0.0898897370653096,0.129748374328527,-0.0415606446140797,-0.1111111111111111,0.0023326229337767,-0.0909406155179888,2016.0,2001.0,1.6383948928408574,0.0084620976309853,-0.00046697731685,-0.0001226833282312
2017-03-16,2358.0,2387.0,2338.0,2384.0,307300.0,2384.0,2364.8,2326.8,2165.64,2057.0533333333333,2041.815,False,False,False,False,False,False,True,True,False,False,False,-0.0121644295302013,-0.0356543624161073,,,0.0915939597315436,0.1371420581655481,-0.0520134228187919,-0.1149328859060402,0.0024306613343358,-0.0966993295513151,2037.0,1964.0,0.8552741441692179,0.0090504423634583,0.0005883447324729,9.803840055907328e-05
2017-03-17,2390.0,2395.0,2363.0,2368.0,933600.0,2368.0,2366.4,2341.7,2184.92,2061.76,2041.055,False,False,False,False,False,False,True,True,False,True,False,-0.0367398648648648,-0.0215371621621621,,,0.0773141891891891,0.1293243243243242,-0.0456081081081081,-0.1085304054054054,0.0022828392570749,-0.1003971473715676,2016.0,1976.0,3.0380735437683044,0.0088241217069733,-0.0002263206564849,-0.0001478220772608
2017-03-21,2368.0,2405.0,2365.0,2391.0,269000.0,2391.0,2374.4,2356.6,2201.32,2066.826666666667,2040.495,False,False,False,False,False,False,True,True,False,True,False,-0.0092011710581346,-0.0572982015892931,,,0.0793308239230446,0.1355806496584413,-0.0589711417816813,-0.1334169803429527,0.0024514231156297,-0.1057879996605277,2019.0,1994.0,0.2881319622964867,0.0074500754092999,-0.0013740462976734,0.0001685838585547
2017-03-22,2362.0,2380.0,2350.0,2354.0,226900.0,2354.0,2371.0,2360.9,2217.08,2071.4666666666667,2040.175,False,False,False,False,False,False,True,True,False,True,False,-0.0123194562446898,-0.0395072217502124,,,0.0581648258283772,0.1200226564712545,-0.0148683092608326,-0.1049277824978759,0.0022399588053552,-0.1084755813460967,2043.0,1963.0,0.8434944237918216,0.0071084489508722,-0.0003416264584277,-0.0002114643102744
2017-03-23,2350.0,2359.0,2319.0,2324.0,269100.0,2324.0,2364.2,2361.6,2230.92,2075.4266666666667,2039.525,False,False,False,False,False,False,True,True,False,True,False,-0.0038726333907056,-0.0335628227194492,,,0.040051635111876,0.1069592656339644,-0.0012908777969018,-0.0847676419965576,0.0019080413987164,-0.108570460704607,2070.0,1981.0,1.1859850154252976,0.0062037186452226,-0.0009047303056495,-0.0003319174066388
2017-03-24,2330.0,2358.0,2322.0,2355.0,168700.0,2355.0,2358.4,2361.6,2244.56,2080.4133333333334,2038.865,False,False,False,False,False,False,True,True,False,True,False,-0.0237791932059448,-0.0441613588110403,,,0.046895966029724,0.1165973106864826,0.0012738853503184,-0.1057324840764331,0.0023969595785452,-0.1075965447154471,2095.0,1982.0,0.6269044964697139,0.0060769148519085,-0.0001268037933141,0.0004889181798288
2017-03-27,2318.0,2345.0,2280.0,2281.0,253700.0,2281.0,2341.0,2353.7,2254.72,2085.346666666667,2037.81,False,False,False,False,False,False,True,True,False,True,False,0.0157825515124945,-0.0070144673388864,,,0.011521262604121,0.0857752447756831,0.0280578693555458,-0.0754055238930293,0.0023657137742086,-0.1054509920550621,2105.0,1990.0,1.5038529934795497,0.0045061027533351,-0.0015708120985733,-3.1245804336661135e-05
2017-03-28,2312.0,2370.0,2305.0,2369.0,238100.0,2369.0,2336.6,2355.5,2267.0,2091.64,2037.21,False,False,False,False,False,False,True,True,False,False,False,-0.0485436893203883,-0.0506542845082313,,,0.0430561418319966,0.1170789362600253,-0.0156184043900379,-0.1097509497678345,0.0030088032994841,-0.1061345786457227,2102.0,2039.0,0.938510051241624,0.0054168504631672,0.0009107477098321,0.0006430895252755
2017-03-29,2377.0,2377.0,2291.0,2325.0,440500.0,2325.0,2330.8,2350.9,2276.6,2096.5733333333333,2036.565,False,False,False,False,False,False,True,True,False,True,False,-0.0275268817204301,-0.0503225806451612,,,0.0208172043010753,0.0982480286738351,0.0288172043010752,-0.0933333333333333,0.002353045922553,-0.1043855544685014,2080.0,1992.0,1.8500629987400248,0.0042168145480101,-0.0012000359151571,-0.0006557573769311
2017-03-30,2354.0,2356.0,2304.0,2315.0,198700.0,2315.0,2329.0,2346.6,2285.24,2101.68,2035.905,False,False,False,False,False,False,True,True,False,True,False,-0.0298056155507559,-0.0289416846652267,,,0.0128552915766739,0.09214686825054,0.0462203023758099,-0.0842332613390928,0.0024298021899939,-0.1017216398193129,2073.0,2021.0,0.4510783200908059,0.0037807845127863,-0.0004360300352238,7.675626744097028e-05
2017-03-31,2315.0,2351.0,2299.0,2299.0,223900.0,2299.0,2317.8,2338.1,2293.08,2106.6266666666666,2035.15,False,False,False,False,False,False,True,True,False,True,False,-0.0208786428882122,-0.0308829926054806,,,0.0025750326228795,0.0836769609975352,0.0917790343627664,-0.0626359286646368,0.0023481458508706,-0.0965313716265342,1942.0,2039.0,1.1268243583291393,0.0034189823294434,-0.0003618021833429,-8.165633912338112e-05
2017-04-03,2297.0,2338.0,2297.0,2317.0,283500.0,2317.0,2325.0,2333.0,2300.92,2111.5866666666666,2034.505,False,False,False,False,False,False,True,True,False,True,False,-0.0224428139835994,-0.0086318515321536,,,0.0069400086318515,0.088654869802906,0.0802762192490289,-0.0634441087613293,0.0023489445535426,-0.0920274324903556,1922.0,2065.0,1.2661902635104958,0.0034073327190863,-1.1649610357090685e-05,7.987026720834844e-07
2017-04-04,2317.0,2327.0,2243.0,2254.0,206300.0,2254.0,2302.0,2319.3,2306.36,2114.893333333333,2033.225,False,False,False,False,False,False,True,True,False,True,False,-0.0022182786157941,0.0346051464063886,,,-0.0232298136645963,0.0617154687962143,-0.0678793256433007,-0.0519077196095829,0.0015635146295792,-0.0838615099383434,1942.0,2122.0,0.727689594356261,0.00235869508663,-0.0010486376324563,-0.0007854299239633
2017-04-05,2258.0,2287.0,2226.0,2261.0,181300.0,2261.0,2289.2,2310.0,2311.76,2118.333333333333,2031.735,False,False,False,False,False,False,True,True,False,True,False,-0.0234409553295002,0.0221141088014153,,,-0.0224502432551969,0.0630989237800384,-0.0738611233967271,-0.0513047324192835,0.0016239181746656,-0.0785281385281385,1896.0,2098.0,0.8788172564226854,0.0023358826175727,-2.281246905724019e-05,6.040354508634791e-05
2017-04-06,2262.0,2286.0,2229.0,2246.0,238600.0,2246.0,2275.4,2302.2,2316.52,2121.6,2030.3,False,False,False,False,False,False,True,True,False,True,False,0.0008904719501335,0.0062333036509349,,,-0.0313980409617097,0.0553873552983081,-0.1019590382902938,-0.0485307212822796,0.0015397184514832,-0.0749717661367387,1904.0,2062.0,1.3160507446221732,0.0020548063474521,-0.0002810762701206,-8.419972318238602e-05
2017-04-07,2243.0,2264.0,2201.0,2251.0,198400.0,2251.0,2265.8,2291.8,2319.12,2125.4266666666667,2029.375,False,False,False,False,False,False,True,True,False,True,False,-0.010217681030653,0.0039982230119946,,,-0.0302621057307862,0.05578557678069,-0.1221679253665037,-0.0506441581519324,0.0018004228170658,-0.0694214154812812,1894.0,2012.0,0.8315171835708298,0.0011211149056538,-0.0009336914417982,0.0002607043655825
2017-04-10,2259.0,2301.0,2250.0,2265.0,309700.0,2265.0,2255.4,2290.2,2320.96,2129.28,2028.815,False,False,False,False,False,False,True,True,False,True,False,0.0141280353200883,-0.0022075055187637,,,-0.0247064017660044,0.0599205298013244,-0.144812362030905,-0.0812362030905077,0.0018096884079752,-0.0699938869967687,1886.0,2029.0,1.5609879032258065,0.0007927754032814,-0.0003283395023723,9.265590909391353e-06
2017-04-11,2261.0,2278.0,2238.0,2249.0,178200.0,2249.0,2254.4,2278.2,2321.24,2132.68,2028.14,False,False,False,False,False,False,True,True,False,True,False,0.0369052912405513,0.0004446420631391,,,-0.0321209426411737,0.0517207647843486,-0.1387283236994219,-0.0666963094708759,0.0015942382354594,-0.0655341936616626,1981.0,2037.0,0.5753955440749112,0.0001206251830916,-0.0006721502201897,-0.0002154501725157
2017-04-12,2216.0,2242.0,2208.0,2208.0,221700.0,2208.0,2243.8,2266.5,2317.12,2135.9466666666667,2027.955,False,False,False,False,False,False,False,True,False,True,False,0.0466485507246376,0.0502717391304347,,,-0.0494202898550724,0.0326328502415458,-0.1091485507246376,-0.0588768115942028,0.0015293765137707,-0.0620339730862563,1960.0,1998.0,1.2441077441077442,-0.0017780693274409,-0.0018986945105326,-6.486172168870884e-05
2017-04-13,2168.0,2259.0,2162.0,2248.0,357400.0,2248.0,2244.2,2259.8,2314.36,2139.5066666666667,2028.145,False,False,False,False,False,False,False,True,False,False,False,0.0053380782918149,0.0324733096085409,,,-0.0295195729537367,0.0482621589561091,-0.1134341637010676,-0.0827402135231316,0.001663934988128,-0.0618196300557572,1978.0,2016.0,1.6120884077582318,-0.0011925543130713,0.0005855150143695,0.0001345584743573
2017-04-14,2230.0,2261.0,2225.0,2228.0,177000.0,2228.0,2239.6,2252.7,2309.28,2142.786666666667,2027.895,False,False,False,False,False,False,False,True,False,True,False,0.0143626570915619,0.0583482944344703,,,-0.0364811490125674,0.0382465589467383,-0.1050269299820466,-0.0929084380610412,0.0015307170102484,-0.0648111155502286,2014.0,2037.0,0.4952434247341913,-0.0021998198572714,-0.0010072655442001,-0.0001332179778796
2017-04-17,2215.0,2312.0,2201.0,2297.0,288900.0,2297.0,2246.0,2250.7,2306.76,2146.88,2027.705,False,False,False,False,False,False,False,True,False,False,False,-0.0161079669133652,0.020896821941663,,,-0.0042490204614715,0.0653548106225511,-0.1162385720505006,-0.1010013060513713,0.0019066428181049,-0.0686453103478917,2027.0,2016.0,1.6322033898305084,-0.0010924413463038,0.0011073785109676,0.0003759258078565
2017-04-18,2324.0,2347.0,2311.0,2332.0,227400.0,2332.0,2262.6,2258.5,2306.0,2150.786666666667,2027.91,False,False,False,False,True,False,False,True,False,False,True,-0.0351629502572898,0.0,,,0.0111492281303602,0.0777072612921668,-0.153516295025729,-0.1072041166380789,0.0018163896620771,-0.0742970998450299,2062.0,2019.0,0.7871235721703012,-0.0003295750216826,0.0007628663246212,-9.02531560278226e-05
2017-04-19,2322.0,2358.0,2309.0,2311.0,223300.0,2311.0,2283.2,2263.5,2303.6,2155.04,2027.765,False,False,False,False,False,False,False,True,False,True,False,0.0034617048896581,0.0350497620077888,,,0.0032020770229338,0.0674859368238857,-0.1449588922544353,-0.0887061877974902,0.0019736679288241,-0.0780649436713054,2085.0,2043.0,0.9819700967458224,-0.0010418475429762,-0.0007122725212935,0.0001572782667469
2017-04-20,2310.0,2324.0,2256.0,2260.0,197600.0,2260.0,2285.6,2264.9,2299.68,2158.2266666666665,2028.215,False,False,False,False,False,False,False,True,False,True,False,0.0269911504424778,0.0716814159292035,,,-0.0175575221238937,0.0450324483775812,-0.115929203539823,-0.0681415929203539,0.0014765208473622,-0.0800035321647756,2099.0,2070.0,0.8849081952530229,-0.0017045849857371,-0.0006627374427609,-0.0004971470814618
2017-04-21,2270.0,2275.0,2238.0,2260.0,202800.0,2260.0,2292.0,2265.8,2294.72,2161.173333333333,2028.125,False,False,False,False,False,False,False,True,False,True,False,0.043362831858407,0.1106194690265486,,,-0.0153628318584069,0.0437286135693216,-0.1261061946902655,-0.0898230088495575,0.0013634568876166,-0.0838997263659636,2103.0,2095.0,1.0263157894736843,-0.0021614837540092,-0.000456898768272,-0.0001130639597456
2017-04-24,2250.0,2275.0,2237.0,2260.0,307800.0,2260.0,2284.6,2265.3,2290.4,2163.773333333333,2027.835,False,False,False,False,False,False,False,True,False,False,False,0.0376106194690265,0.1075221238938053,,,-0.0134513274336283,0.0425781710914455,-0.1154867256637168,-0.1039823008849557,0.0012016046043023,-0.0861696022601864,2121.0,2105.0,1.517751479289941,-0.0018861334264755,0.0002753503275336,-0.0001618522833143
2017-04-25,2251.0,2262.0,2232.0,2250.0,245800.0,2250.0,2268.2,2265.4,2284.76,2165.48,2027.365,False,False,False,False,False,False,False,True,False,True,False,0.0364444444444444,-0.0662222222222222,,,-0.0154488888888889,0.0375644444444444,-0.1093333333333333,-0.0973333333333333,0.0007881239571212,-0.0892116182572613,2118.0,2102.0,0.7985705003248863,-0.0024685306115302,-0.0005823971850546,-0.000413480647181
2017-04-26,2283.0,2332.0,2267.0,2319.0,323700.0,2319.0,2269.8,2276.5,2283.36,2168.4266666666667,2027.08,False,False,False,False,True,False,False,True,False,False,True,0.0314790858128503,-0.0970245795601552,,,0.0153686934023285,0.0649302860428345,-0.1207416990081931,-0.0983182406209573,0.0013588961581976,-0.0930814847353393,2126.0,2080.0,1.3169243287225387,-0.0006131315254712,0.0018553990860589,0.0005707722010764
2017-04-27,2325.0,2365.0,2289.0,2321.0,1037400.0,2321.0,2282.0,2283.8,2283.24,2171.88,2026.785,False,False,False,False,False,False,False,True,False,False,False,0.0435157259801809,-0.1309780267126238,,,0.0162688496337786,0.0642481688927186,-0.1305471779405428,-0.0728134424816889,0.0015900203203369,-0.0920395831508889,2127.0,2073.0,3.2048192771084336,-5.255689283664688e-05,0.0005605746326346,0.0002311241621392
2017-04-28,2370.0,2372.0,2327.0,2358.0,376800.0,2358.0,2301.6,2296.8,2283.36,2176.4933333333333,2026.37,False,False,False,False,False,False,True,True,False,False,False,0.0644614079728583,-0.1620016963528414,,,0.0316539440203561,0.0769748374328527,-0.1458863443596268,-0.1047497879558948,0.002119617488682,-0.0932601880877744,2186.0,1942.0,0.3632157316367843,5.255413075482868e-05,0.0001051110235914,0.0005295971683451
2017-05-01,2358.0,2373.0,2341.0,2345.0,144300.0,2345.0,2318.6,2301.6,2285.92,2180.7066666666665,2025.905,False,False,False,False,False,False,True,True,True,False,False,0.0673773987206823,-0.1739872068230277,,,0.0251940298507462,0.0700611229566454,-0.1522388059701492,-0.1040511727078891,0.0019320954063819,-0.0935870698644421,2219.0,1922.0,0.3829617834394904,0.0011198992090711,0.0010673450783163,-0.0001875220823001
2017-05-02,2345.0,2370.0,2323.0,2332.0,195700.0,2332.0,2335.0,2301.6,2284.44,2184.64,2025.75,False,False,False,False,False,False,False,True,False,True,False,-0.0990566037735849,-0.1693825042881646,,,0.0203945111492281,0.0631903945111492,-0.1693825042881646,-0.104631217838765,0.0018004491968165,-0.0933263816475494,2242.0,1942.0,1.3562023562023562,-0.0006478611826093,-0.0017677603916804,-0.0001316462095653
2017-05-08,2350.0,2397.0,2342.0,2392.0,305800.0,2392.0,2349.6,2309.7,2287.12,2189.893333333333,2026.105,False,False,False,False,False,False,True,True,True,False,True,-0.1245819397993311,-0.1776755852842809,,,0.0438461538461538,0.0844927536231885,-0.1622073578595317,-0.1224916387959866,0.0023988991853483,-0.0968091094081482,2311.0,1896.0,1.5625958099131323,0.0011717793556961,0.0018196405383054,0.0005984499885317
2017-05-09,2416.0,2431.0,2391.0,2422.0,387100.0,2422.0,2369.8,2325.9,2291.4,2195.306666666667,2027.48,False,False,False,False,False,False,True,True,False,False,False,-0.1672171758876961,-0.1771263418662262,,,0.0539223781998348,0.0935975777594274,-0.1738232865400495,-0.1263418662262593,0.0024658665759683,-0.102669934219012,2317.0,1904.0,1.2658600392413342,0.0018678537138867,0.0006960743581906,6.696739062002442e-05
2017-05-10,2460.0,2543.0,2458.0,2510.0,875600.0,2510.0,2400.2,2350.9,2299.84,2201.613333333333,2029.56,False,False,False,False,False,False,True,True,False,False,False,-0.2127490039840637,-0.2055776892430278,,,0.0837290836653385,0.1228632138114212,-0.2031872509960159,-0.1394422310756972,0.002864565984944,-0.1078310434301756,2355.0,1894.0,2.2619478171015244,0.0036698205092528,0.001801966795366,0.0003986994089756
2017-05-11,2519.0,2529.0,2482.0,2503.0,513200.0,2503.0,2431.8,2375.2,2307.28,2208.1066666666666,2031.665,False,False,False,False,False,False,True,True,False,True,False,-0.2261286456252497,-0.1889732321214542,,,0.0781941669996004,0.1178159541883074,-0.1993607670795046,-0.1166600079904115,0.002940679194242,-0.1091276524082181,2360.0,1886.0,0.5861123800822293,0.0032245761242675,-0.0004452443849852,7.611320929799131e-05
2017-05-12,2453.0,2456.0,2080.0,2101.0,1982800.0,2101.0,2385.6,2360.3,2301.16,2209.2,2032.005,False,False,False,False,False,False,False,True,False,True,False,-0.0780580675868634,-0.0604474059971442,,,-0.0952689195621132,-0.0514992860542597,-0.0466444550214183,0.0461684911946692,0.0004949001146719,-0.096428420116087,2351.0,1981.0,3.863600935307872,-0.0026595282379323,-0.0058841043621998,-0.00244577907957
2017-05-15,2115.0,2129.0,2022.0,2094.0,1536000.0,2094.0,2326.0,2337.8,2294.48,2209.88,2032.325,False,False,False,False,False,False,False,True,False,True,False,-0.0606494746895893,-0.0563514804202483,,,-0.0957402101241642,-0.0553390639923591,-0.0276981852913085,0.0549188156638013,0.0003077090158742,-0.0826845752416802,2371.0,1960.0,0.7746620940084729,-0.0029113350301592,-0.0002518067922269,-0.0001871910987976
2017-05-16,2106.0,2109.0,2000.0,2017.0,1407600.0,2017.0,2245.0,2307.4,2285.32,2209.173333333333,2032.46,False,False,False,False,False,False,False,False,False,True,False,-0.0118988596926127,-0.0094199305899851,,,-0.1330292513634111,-0.0952768137497933,0.0163609320773425,0.0877540902330193,-0.0003198783255276,-0.068778711970183,2358.0,1978.0,0.91640625,-0.0040081914130186,-0.0010968563828594,-0.0006275873414019
2017-05-17,2020.0,2033.0,1953.0,1976.0,1093500.0,1976.0,2138.2,2269.2,2274.32,2207.5866666666666,2032.355,False,False,False,False,False,False,False,False,False,True,False,0.0091093117408906,-0.0005060728744939,,,-0.1509716599190284,-0.1171997300944669,0.0445344129554655,0.1062753036437247,-0.0007187335793535,-0.0497972853869205,2384.0,2014.0,0.7768542199488491,-0.0048366105033592,-0.0008284190903405,-0.0003988552538259
2017-05-18,1950.0,1960.0,1926.0,1937.0,638700.0,1937.0,2025.0,2228.4,2261.2,2205.346666666667,2031.975,False,False,False,False,False,False,False,False,False,True,False,0.0480123902942694,0.0320082601961796,,,-0.1673722250903458,-0.1385372569265187,0.0650490449148167,0.1027361899845121,-0.0010157133270051,-0.0308292945611202,2368.0,2027.0,0.5840877914951988,-0.0058022289050063,-0.000965618401647,-0.0002969797476515
2017-05-19,1947.0,1968.0,1932.0,1937.0,426000.0,1937.0,1992.2,2188.9,2248.72,2203.1466666666665,2031.72,False,False,False,False,False,False,False,False,False,False,False,0.019101703665462,0.0345895715023231,,,-0.1609292720702115,-0.1374014799518154,0.0660815694372741,0.069695405265875,-0.0009985717398146,-0.0140709945634794,2391.0,2062.0,0.6669798027242837,-0.0055498238998185,0.0002524050051877,1.714158719048702e-05
2017-05-22,1959.0,1975.0,1946.0,1967.0,501600.0,1967.0,1966.8,2146.4,2239.08,2201.64,2032.06,False,False,False,False,False,False,False,False,False,False,False,0.0045754956786985,0.0366039654295882,,,-0.1383223182511438,-0.1192882562277579,0.0838840874428063,0.0615149974580579,-0.000684338341721,0.0049385016772269,2354.0,2085.0,1.1774647887323944,-0.0043053396930881,0.0012444842067303,0.0003142333980936
2017-05-23,1980.0,2039.0,1972.0,1993.0,1028700.0,1993.0,1962.0,2103.5,2228.88,2200.5733333333333,2032.265,False,False,False,False,False,False,False,False,False,True,False,0.0025087807325639,0.0125439036628198,,,-0.118354239839438,-0.1041511958521491,0.0652282990466633,0.0416457601605619,-0.0004847221633149,0.0235322082243879,2324.0,2099.0,2.050837320574163,-0.0045762894368471,-0.0002709497437589,0.000199616178406
2017-05-24,2007.0,2015.0,1967.0,1994.0,620900.0,1994.0,1965.6,2051.9,2219.52,2201.266666666667,2032.55,False,False,False,False,False,False,False,True,False,False,False,-0.0095285857572718,0.0100300902708124,,,-0.113099297893681,-0.103945168839853,0.0446339017051153,0.029087261785356,0.0003149701686908,0.0440079925922314,2355.0,2103.0,0.6035773306114514,-0.0042171280276817,0.0003591614091654,0.0007996923320058
2017-05-25,1994.0,2036.0,1987.0,2030.0,667600.0,2030.0,1984.2,2004.6,2208.84,2202.7066666666665,2033.09,False,False,False,False,False,False,False,True,False,True,False,-0.0152709359605911,-0.0206896551724137,,,-0.0880985221674877,-0.0850771756978652,0.0487684729064039,0.0231527093596059,0.0006537411548214,0.0619574977551632,2281.0,2121.0,1.0752133999033662,-0.0048351170750257,-0.000617989047344,0.0003387709861305
2017-05-26,2060.0,2065.0,1967.0,1974.0,822000.0,1974.0,1991.6,1991.9,2194.52,2203.133333333333,2033.325,False,False,True,False,False,False,False,True,False,True,False,0.0151975683890577,-0.0187436676798378,,,-0.1117122593718338,-0.1160756501182032,0.0683890577507598,0.055724417426545,0.0001936635700669,0.0630051709423163,2369.0,2118.0,1.2312762133013782,-0.0065253449501486,-0.0016902278751228,-0.0004600775847545
2017-05-29,1971.0,1995.0,1956.0,1976.0,353700.0,1976.0,1993.4,1980.1,2181.12,2204.2,2033.425,False,False,False,False,False,False,False,True,False,False,False,0.0318825910931174,0.0141700404858299,,,-0.1038056680161942,-0.115485829959514,0.0668016194331983,0.0926113360323886,0.000483924628739,0.066814807332963,2325.0,2126.0,0.4302919708029197,-0.006143632629108,0.0003817123210406,0.0002902610586721
2017-05-30,1980.0,2005.0,1947.0,1998.0,491400.0,1998.0,1994.4,1978.2,2170.64,2205.4533333333334,2033.625,False,False,False,False,False,False,False,True,False,False,False,0.01001001001001,0.0015015015015015,,,-0.0864064064064063,-0.1038304971638305,0.049049049049049,0.0695695695695695,0.0005682883035386,0.0649580426650489,2315.0,2127.0,1.3893129770992367,-0.0048280691408985,0.0013155634882094,8.436367479955679e-05
2017-05-31,2000.0,2000.0,1968.0,1975.0,402400.0,1975.0,1990.6,1978.1,2159.24,2206.5333333333333,2033.765,False,False,False,False,False,False,False,True,False,True,False,0.0197468354430379,0.0126582278481012,,,-0.0932860759493669,-0.1172320675105485,0.0683544303797468,0.08,0.0004894555562269,0.0623325413275366,2299.0,2186.0,0.8188848188848189,-0.00527963542728,-0.0004515662863814,-7.883274731167384e-05
2017-06-01,1998.0,2024.0,1976.0,1999.0,507100.0,1999.0,1984.4,1984.3,2148.8,2208.04,2034.33,False,False,False,False,False,False,False,True,False,False,True,-0.0055027513756878,0.0025012506253126,,,-0.0749374687343672,-0.1045722861430715,0.0560280140070035,0.1080540270135067,0.0006823547882586,0.0629945068790002,2317.0,2219.0,1.2601888667992047,-0.0048585256887563,0.0004211097385236,0.0001928992320317
2017-06-02,2011.0,2019.0,1986.0,2004.0,553200.0,2004.0,1990.4,1991.0,2138.96,2208.346666666667,2035.38,False,False,False,False,False,False,False,True,False,False,False,-0.0334331337325349,-0.0004990019960079,,,-0.0673453093812375,-0.1019693945442449,0.0339321357285429,0.0863273453093812,0.0001388670860855,0.0646911099949774,2254.0,2242.0,1.0909090909090908,-0.0046003665332685,0.0002581591554877,-0.000543487702173
2017-06-05,2000.0,2047.0,1996.0,2039.0,464100.0,2039.0,2003.0,1998.2,2127.76,2209.4,2036.13,False,False,False,False,False,False,False,True,False,True,False,-0.0171652770966159,-0.0014713094654242,,,-0.0435311427170182,-0.0835703776360961,0.0333496812162824,0.0671897989210397,0.0004767508524184,0.0652587328595735,2261.0,2311.0,0.838937093275488,-0.0052637515509267,-0.0006633850176581,0.0003378837663328
2017-06-06,2041.0,2041.0,1997.0,2018.0,529000.0,2018.0,2007.0,2000.7,2115.64,2209.9333333333334,2037.0,False,False,False,False,False,False,False,True,False,True,False,-0.008424182358771,0.0158572844400396,,,-0.0483845391476709,-0.0951106706309878,0.054013875123885,0.0639246778989098,0.0002413345802286,0.0674763832658568,2246.0,2317.0,1.1398405516052574,-0.0057287629275303,-0.0004650113766036,-0.0002354162721897
2017-06-07,2005.0,2017.0,1992.0,2014.0,386300.0,2014.0,2014.8,2002.7,2101.88,2209.9333333333334,2037.72,False,False,False,False,False,False,False,False,False,True,False,-0.0069513406156901,0.0248262164846077,,,-0.0436345580933466,-0.0972856669976829,0.0456802383316782,0.0948361469712015,0.0,0.0740500324561841,2251.0,2355.0,0.7302457466918715,-0.0065465202580545,-0.0008177573305242,-0.0002413345802286
2017-06-08,2021.0,2021.0,1986.0,1988.0,510300.0,1988.0,2012.6,1998.5,2087.6,2209.4133333333334,2037.86,False,False,False,False,False,False,False,False,False,True,False,0.0080482897384305,0.0377263581488933,,,-0.0501006036217303,-0.1113749161636486,0.0608651911468812,0.1016096579476861,-0.0002353565954159,0.0819614711033275,2265.0,2360.0,1.3209940460781775,-0.0068403908794789,-0.0002938706214243,-0.0002353565954159
2017-06-09,1975.0,1983.0,1930.0,1937.0,1073000.0,1937.0,1999.2,1994.8,2071.8,2207.7466666666664,2037.945,False,False,False,False,False,False,False,False,False,True,False,0.0340733092410944,0.0660815694372741,,,-0.0695921528136294,-0.1397762863534674,0.0887971089313371,0.1419721218378936,-0.0007549175328088,0.0903850010026067,2249.0,2351.0,2.102684695277288,-0.0076262187469831,-0.0007858278675042,-0.0005195609373928
2017-06-12,1939.0,2006.0,1934.0,2004.0,692600.0,2004.0,1992.2,1997.6,2056.28,2206.6666666666665,2038.65,False,False,False,False,False,False,False,False,False,False,False,0.0159680638722554,0.0638722554890219,,,-0.0260878243512975,-0.1011310711909513,0.0518962075848303,0.155189620758483,-0.000489425981873,0.0966659991990388,2208.0,2371.0,0.645479962721342,-0.0075476102476316,7.860849935153059e-05,0.0002654915509357
2017-06-13,1996.0,2019.0,1985.0,2001.0,408700.0,2001.0,1988.8,1997.9,2039.44,2205.36,2039.43,False,False,False,False,False,False,False,False,False,True,False,0.024487756121939,0.0609695152423788,,,-0.0192103948025987,-0.1021289355322339,0.0594702648675662,0.1949025487256371,-0.0005924958585747,0.1092146754091795,2248.0,2358.0,0.5900952930984695,-0.0082571686345271,-0.0007095583868955,-0.0001030698767016
2017-06-14,2015.0,2046.0,1999.0,2000.0,539600.0,2000.0,1986.0,2000.4,2019.04,2203.9866666666667,2040.6,False,False,False,False,False,False,False,False,False,True,False,0.032,0.0415,,,-0.0095199999999999,-0.1019933333333333,0.0775,0.1755,-0.0006231132674729,0.1187262547490501,2228.0,2384.0,1.3202838267678003,-0.010103811712497,-0.0018466430779698,-3.061740889819518e-05
2017-06-15,1996.0,2012.0,1983.0,2004.0,337000.0,2004.0,1989.2,2000.9,1999.08,2202.4266666666667,2042.155,False,False,False,False,True,False,False,False,False,False,False,0.029441117764471,0.062375249500998,,,0.0024550898203593,-0.0990153027278776,0.0828343313373253,0.1751497005988024,-0.0007083096221137,0.1254435504023189,2297.0,2368.0,0.6245366938472943,-0.0099845929127398,0.0001192187997571,-8.51963546408301e-05
2017-06-16,2019.0,2032.0,1998.0,2003.0,290400.0,2003.0,2002.4,2000.8,1995.16,2200.893333333333,2043.65,False,False,False,False,False,False,False,False,False,False,False,0.0309535696455317,0.0529206190713929,,,0.0039141288067897,-0.0987984689632216,0.0668996505242136,0.1742386420369445,-0.0006966867999056,0.1342463014794083,2332.0,2391.0,0.8617210682492582,-0.0019647547063893,0.0080198382063504,1.1622822208078944e-05
2017-06-19,2018.0,2057.0,2017.0,2036.0,494700.0,2036.0,2008.8,2000.5,1992.84,2199.693333333333,2045.265,False,False,False,False,False,False,False,False,False,False,False,0.0471512770137524,0.0353634577603143,,,0.0211984282907662,-0.0803994760969219,0.0535363457760314,0.156188605108055,-0.0005455305891123,0.1433141714571356,2311.0,2354.0,1.703512396694215,-0.0011641677204392,0.0008005869859501,0.0001511562107933
2017-06-20,2053.0,2065.0,2041.0,2050.0,339100.0,2050.0,2018.6,2003.7,1994.16,2198.6666666666665,2046.97,False,False,False,False,False,False,True,False,False,False,False,0.0356097560975609,0.0224390243902439,,,0.0272390243902438,-0.0725203252032519,0.0424390243902439,0.1473170731707317,-0.0004669496664645,0.15171931925937,2260.0,2324.0,0.6854659389529008,0.0006619328439042,0.0018261005643435,7.858092264782617e-05
2017-06-21,2044.0,2073.0,2014.0,2064.0,283500.0,2064.0,2031.4,2008.7,1997.68,2197.04,2048.505,False,False,False,False,False,False,True,False,True,False,False,0.0092054263565891,0.0222868217054263,,,0.0321317829457364,-0.0644573643410852,0.0353682170542635,0.1627906976744186,-0.0007403901006201,0.1585602628565738,2260.0,2355.0,0.8360365673842525,0.0017620439710063,0.001100111127102,-0.0002734404341556
2017-06-22,2059.0,2089.0,2040.0,2063.0,286800.0,2063.0,2043.2,2016.2,2002.72,2194.96,2050.16,False,False,False,False,False,False,True,False,False,False,False,0.031992244304411,0.0232670867668444,,,0.029219583131362,-0.0639650993698497,0.0087251575375666,0.1638390693165293,-0.0009476254692568,0.1647158020037695,2260.0,2281.0,1.0116402116402117,0.0025165774546616,0.0007545334836552,-0.0002072353686366
2017-06-23,2079.0,2100.0,2056.0,2065.0,319600.0,2065.0,2055.6,2029.0,2007.84,2192.6,2051.895,False,False,False,False,False,False,True,False,False,False,False,0.0213075060532687,0.0033898305084745,,,0.027680387409201,-0.0617917675544793,0.0164648910411622,0.1636803874092009,-0.0010763477150415,0.166781665845244,2250.0,2369.0,1.114365411436541,0.0025500039843811,3.3426529719529554e-05,-0.0001287222457847
2017-06-26,2077.0,2133.0,2067.0,2132.0,586000.0,2132.0,2074.8,2041.8,2014.44,2190.213333333333,2054.02,False,False,False,False,False,False,True,False,False,False,False,-0.0112570356472795,-0.0117260787992495,,,0.0551407129455909,-0.0273045653533457,-0.0253283302063789,0.1289868667917448,-0.001089695980909,0.1639729650308551,2319.0,2325.0,1.8335419274092613,0.0032763447906118,0.0007263408062306,-1.334826586749929e-05
2017-06-27,2147.0,2151.0,2113.0,2123.0,459900.0,2123.0,2089.4,2054.0,2019.64,2187.6266666666666,2056.045,False,False,False,False,False,False,True,False,False,True,False,-0.0127178520960904,0.0018841262364578,,,0.0486858219500706,-0.0304411995603704,-0.0287329251059821,0.1436646255299105,-0.0011824077234384,0.1588607594936709,2321.0,2315.0,0.7848122866894198,0.0025747162860708,-0.000701628504541,-9.271174252939377e-05
2017-06-28,2120.0,2120.0,2074.0,2083.0,419500.0,2083.0,2093.2,2062.3,2023.2,2184.0,2057.75,False,False,False,False,False,False,True,False,False,True,False,0.012962073931829,0.0110417666826692,,,0.0287085933749399,-0.0484877580412866,-0.0297647623619779,0.1555448871819491,-0.0016605616605616,0.156912185424041,2358.0,2299.0,0.9121548162644052,0.0017595887702649,-0.0008151275158059,-0.0004781539371231
2017-06-29,2090.0,2134.0,2076.0,2129.0,381200.0,2129.0,2106.4,2074.8,2027.16,2180.92,2059.15,False,False,False,False,False,False,True,False,False,False,False,-0.0084546735556599,-0.009394081728511,,,0.0478346641615781,-0.0243870361672146,-0.0300610615312353,0.1277595115077501,-0.0014122480421106,0.1521592442645073,2345.0,2317.0,0.9087008343265792,0.0019534718522465,0.0001938830819816,0.0002483136184509
2017-06-30,2108.0,2120.0,2092.0,2109.0,341700.0,2109.0,2115.2,2085.4,2032.56,2177.693333333333,2060.455,False,False,False,False,False,False,True,False,False,False,False,-0.0175438596491228,0.0,,,0.0362446657183499,-0.0325715188873082,-0.0128022759601706,0.1408250355618776,-0.0014816901063511,0.1488922988395511,2332.0,2254.0,0.896379853095488,0.0026567481402762,0.0007032762880297,-6.944206424054134e-05
2017-07-03,2119.0,2123.0,2099.0,2108.0,259900.0,2108.0,2110.4,2092.6,2037.84,2174.1866666666665,2061.815,False,False,False,False,False,False,True,False,False,True,False,-0.0004743833017077,0.0,,,0.0332827324478178,-0.0313978494623655,-0.0009487666034155,0.1442125237191651,-0.0016128636608938,0.1477109815540475,2392.0,2261.0,0.7606087211003805,0.0025909786833117,-6.576945696450598e-05,-0.0001311735545427
2017-07-04,2128.0,2130.0,2082.0,2096.0,298000.0,2096.0,2105.0,2097.2,2041.76,2170.693333333333,2063.0,False,False,False,False,False,False,True,False,False,True,False,0.0147900763358778,0.0114503816793893,,,0.0258778625954198,-0.0356361323155215,0.0047709923664122,0.1603053435114503,-0.0016093168388594,0.1490082014114057,2422.0,2246.0,1.146594844170835,0.0019199122325836,-0.000671066450728,3.5468220344031087e-06
2017-07-05,2082.0,2115.0,2072.0,2110.0,237600.0,2110.0,2110.4,2101.8,2047.16,2167.04,2064.56,False,False,False,False,False,False,True,False,False,False,False,-0.0018957345971563,0.0213270142180094,,,0.0297819905213269,-0.0270331753554502,-0.0251184834123222,0.1412322274881516,-0.0016858633589288,0.1468741079075077,2510.0,2251.0,0.7973154362416107,0.0026378006604271,0.0007178884278434,-7.654652006938234e-05
2017-07-06,2100.0,2124.0,2094.0,2111.0,231900.0,2111.0,2106.8,2106.6,2051.64,2163.613333333333,2065.875,False,False,False,False,False,False,True,False,False,True,False,-0.0009474182851729,0.0279488394126006,,,0.0281193747039318,-0.0249234170219482,-0.0407389862624348,0.1293225959261013,-0.0015837703594606,0.1434539067692017,2503.0,2265.0,0.976010101010101,0.0021836189584916,-0.0004541817019355,0.0001020929994682
2017-07-07,2088.0,2088.0,2047.0,2072.0,531000.0,2072.0,2099.4,2107.3,2054.36,2159.36,2066.93,False,False,False,False,False,False,True,False,False,True,False,0.0178571428571428,0.0313706563706563,,,0.0085135135135134,-0.0421621621621622,-0.0197876447876447,0.1515444015444015,-0.0019697194230386,0.1422673563327479,2101.0,2249.0,2.2897800776196635,0.0013240133180164,-0.0008596056404752,-0.0003859490635779
2017-07-10,2082.0,2117.0,2074.0,2107.0,361100.0,2107.0,2099.2,2104.8,2057.08,2156.0666666666666,2068.4,False,False,False,False,False,False,True,False,False,True,False,0.0004746084480303,0.0180351210251542,,,0.0236924537256763,-0.0232874545166903,-0.0075937351684859,0.1504508780256288,-0.0015274728672583,0.1444317749904979,2094.0,2208.0,0.6800376647834275,0.0013222626246912,-1.7506933252275404e-06,0.0004422465557802
2017-07-11,2103.0,2136.0,2098.0,2127.0,264600.0,2127.0,2105.4,2105.2,2061.44,2153.44,2069.915,False,False,False,False,False,False,True,False,False,False,False,-0.003291020216267,0.00470145745181,,,0.0308227550540667,-0.0124306535025858,0.0117536436295251,0.1485660554771979,-0.0012197538202441,0.1449268478054343,2017.0,2248.0,0.7327610080310163,0.0021150263893201,0.0007927637646289,0.0003077190470142
2017-07-12,2139.0,2140.0,2098.0,2106.0,181200.0,2106.0,2104.6,2107.5,2065.12,2150.12,2071.36,False,False,False,False,False,False,True,False,False,True,False,0.0232668566001899,0.0147198480531813,,,0.0194112060778727,-0.0209496676163342,0.0023741690408357,0.1552706552706552,-0.0015440998641937,0.1449110320284698,1976.0,2228.0,0.6848072562358276,0.0017819787712093,-0.0003330476181108,-0.0003243460439495
2017-07-13,2114.0,2118.0,2086.0,2109.0,149300.0,2109.0,2104.2,2105.5,2069.96,2147.826666666667,2072.845,False,False,False,False,False,False,True,False,False,False,False,0.0289236605026078,-0.0132764343290659,,,0.018511142721669,-0.0184099889363048,-0.0037932669511616,0.1474632527264106,-0.0010677460006082,0.1469009736404655,1937.0,2297.0,0.8239514348785872,0.0023382094339987,0.0005562306627894,0.0004763538635854
2017-07-14,2097.0,2113.0,2089.0,2109.0,138200.0,2109.0,2111.6,2105.5,2076.84,2144.36,2074.115,False,False,False,False,False,False,True,False,False,False,False,0.0132764343290659,-0.0047415836889521,,,0.0152489331436699,-0.0167662399241347,-0.0099573257467994,0.1375059269796112,-0.0016166439714724,0.1465685110425076,1937.0,2332.0,0.925653047555258,0.0033127251015967,0.0009745156675979,-0.0005488979708642
2017-07-18,2100.0,2122.0,2080.0,2108.0,213800.0,2108.0,2111.8,2105.5,2081.0,2141.4666666666667,2075.455,False,False,False,False,False,False,True,False,False,True,False,0.0175521821631878,-0.0142314990512333,,,0.01280834914611,-0.015876027830487,-0.00426944971537,0.1389943074003795,-0.0013510989353091,0.1460460698171455,1967.0,2311.0,1.547033285094067,0.0019990389235943,-0.0013136861780023,0.0002655450361632
2017-07-19,2108.0,2141.0,2108.0,2120.0,379900.0,2120.0,2110.4,2107.9,2085.76,2138.866666666667,2076.725,False,False,False,False,False,False,True,False,False,False,False,0.0080188679245283,-0.0273584905660377,,,0.0161509433962263,-0.0088993710691824,-0.0018867924528301,0.1518867924528301,-0.001215597045164,0.1452156174391574,1993.0,2260.0,1.7768942937324603,0.0022821417612765,0.0002831028376822,0.0001355018901451
2017-07-20,2119.0,2156.0,2106.0,2155.0,289100.0,2155.0,2120.2,2112.4,2091.96,2136.9466666666667,2077.925,False,False,False,False,False,False,True,False,False,False,False,-0.008352668213457,-0.0621809744779582,,,0.0292529002320185,0.0083774168600154,0.0023201856148491,0.1178654292343387,-0.0008984782025444,0.1428233289149781,1994.0,2260.0,0.7609897341405633,0.0029637277959424,0.0006815860346659,0.0003171188426195
2017-07-21,2156.0,2178.0,2150.0,2170.0,272400.0,2170.0,2132.4,2118.3,2098.6,2134.9866666666667,2079.225,False,False,False,False,False,False,True,False,False,False,False,-0.0410138248847926,-0.0483870967741935,,,0.0329032258064516,0.0161351766513056,0.0188940092165898,0.0976958525345622,-0.0009180385201469,0.139545862248029,2030.0,2260.0,0.9422345209270148,0.0031640141046411,0.0002002863086986,-1.9560317602428903e-05
2017-07-24,2158.0,2164.0,2126.0,2137.0,242600.0,2137.0,2138.0,2124.8,2103.96,2133.4266666666667,2080.255,False,False,False,False,False,False,True,False,False,True,False,-0.0177819372952737,-0.0257370145063172,,,0.0154609265325222,0.00167212603338,0.0285446888160973,0.1010762751520823,-0.000731218009212,0.1345067771084336,1974.0,2250.0,0.8906020558002937,0.0025475769501321,-0.0006164371545089,0.0001868205109348
2017-07-25,2146.0,2146.0,2127.0,2145.0,164400.0,2145.0,2145.4,2128.6,2108.32,2131.88,2081.27,False,False,False,False,False,False,True,False,False,True,False,-0.0312354312354312,-0.0181818181818181,,,0.017100233100233,0.00611655011655,0.0298368298368298,0.151048951048951,-0.0007254942429529,0.1345955087851169,1976.0,2319.0,0.6776586974443528,0.0020679972679669,-0.0004795796821652,5.723766259079638e-06
2017-07-26,2150.0,2150.0,2131.0,2137.0,141600.0,2137.0,2148.8,2129.6,2111.8,2130.4266666666667,2082.26,False,False,False,False,False,False,True,False,False,True,False,-0.0350959288722508,-0.014506317267197,,,0.0117922321010761,0.0030759631882701,0.0266729059429106,0.158165652784277,-0.0006821794695272,0.1355653643876785,1998.0,2321.0,0.8613138686131386,0.0016478833222843,-0.0004201139456826,4.331477342574101e-05
2017-07-27,2132.0,2152.0,2120.0,2137.0,266800.0,2137.0,2145.2,2132.7,2114.72,2128.9066666666668,2083.25,False,False,False,False,False,False,True,False,False,True,False,-0.0542817033224146,-0.0374356574637342,,,0.01042583060365,0.003787240680081,0.0229293401965372,0.2021525503041647,-0.0007139815116366,0.1402916490833217,1975.0,2358.0,1.884180790960452,0.0013807974578192,-0.000267085864465,-3.180204210938677e-05
2017-07-28,2135.0,2136.0,2079.0,2081.0,270300.0,2081.0,2127.4,2129.9,2115.44,2126.4533333333334,2083.945,False,False,False,False,False,False,True,False,False,True,False,-0.0076886112445939,-0.0269101393560788,,,-0.0165497357039884,-0.0218420631106839,0.0264296011532916,0.2575684766938971,-0.0011537207494168,0.1510399549274612,1999.0,2345.0,1.01311844077961,0.0003403547252582,-0.001040442732561,-0.0004397392377802
2017-07-31,2085.0,2114.0,2075.0,2099.0,246900.0,2099.0,2119.8,2128.9,2116.8,2124.4533333333334,2084.745,False,False,False,False,False,False,True,False,False,False,False,-0.0080990948070509,-0.0323963792282039,,,-0.008480228680324,-0.0121264094013022,-0.0128632682229633,0.2896617436874702,-0.000941418655152,0.1660481939029545,2004.0,2332.0,0.9134295227524972,0.0006424792139078,0.0003021244886496,0.0002123020942648
2017-08-01,2105.0,2114.0,2071.0,2078.0,204900.0,2078.0,2106.4,2125.9,2114.64,2122.72,2085.265,False,False,False,False,False,False,False,False,False,True,False,0.0134744947064485,0.0062560153994225,,,-0.0176323387872954,-0.0215206929740133,0.0048123195380173,0.3257940327237729,-0.0008165623979298,0.1843454536902018,2039.0,2392.0,0.8298906439854192,-0.0010214504596528,-0.0016639296735606,0.0001248562572222
2017-08-02,2073.0,2081.0,2054.0,2062.0,225300.0,2062.0,2091.4,2120.1,2112.2,2120.24,2085.82,False,False,False,False,False,False,False,False,False,True,False,0.0213385063045586,0.04364694471387,,,-0.0243452958292918,-0.0282444228903975,0.0067895247332686,0.3821532492725509,-0.0011696789042749,0.2068298665157304,2018.0,2422.0,1.0995607613469984,-0.0011551936369662,-0.0001337431773133,-0.0003531165063451
2017-08-03,2055.0,2062.0,2010.0,2021.0,390700.0,2021.0,2068.2,2106.7,2109.72,2117.48,2086.185,False,False,False,False,False,False,False,False,False,True,False,0.0178129638792676,0.0445324096981692,,,-0.0438990598713507,-0.0477387431964374,0.0153389411182582,0.3785254824344384,-0.0013034361599636,0.2324013860540183,2014.0,2510.0,1.734132268086995,-0.0011755114422767,-2.0317805310486646e-05,-0.0001337572556886
2017-08-04,2021.0,2067.0,2010.0,2065.0,429600.0,2065.0,2065.0,2096.2,2107.16,2114.3866666666668,2086.725,False,False,False,False,False,False,False,False,False,True,False,-0.0193704600484261,0.0174334140435835,,,-0.020416464891041,-0.0239160613397902,0.0058111380145278,0.3414043583535109,-0.0014629932084323,0.2570842476862895,1988.0,2503.0,1.09956488354236,-0.0012149053702613,-3.93939279846598e-05,-0.0001595570484687
2017-08-07,2085.0,2111.0,2072.0,2082.0,205400.0,2082.0,2061.6,2090.7,2106.08,2111.0533333333333,2087.42,False,False,False,False,False,False,False,False,False,False,False,-0.0244956772334293,0.0028818443804034,,,-0.0115658021133525,-0.0139545308997758,0.0009606147934678,0.3165225744476465,-0.0015789905829002,0.2789496340938443,1937.0,2101.0,0.4781191806331471,-0.000512801033199,0.0007021043370622,-0.0001159973744678
2017-08-08,2090.0,2111.0,2083.0,2106.0,161400.0,2106.0,2067.2,2086.8,2106.0,2108.32,2088.295,False,False,False,False,False,False,False,False,False,False,False,-0.0071225071225071,-0.0033238366571699,,,0.0,-0.0011016144349478,0.0251661918328585,0.3148148148148148,-0.0012964508866458,0.295715928694652,2004.0,2094.0,0.7857838364167478,-3.798670465333677e-05,0.0004748143285457,0.0002825396962544
2017-08-09,2125.0,2168.0,2092.0,2106.0,505400.0,2106.0,2076.0,2083.7,2106.4,2106.266666666667,2089.105,False,True,False,False,False,False,True,False,False,False,False,0.0218423551756885,0.0047483380816714,,,-0.0001899335232668,-0.0001266223488446,0.0147198480531813,0.372744539411206,-0.0009748686459454,0.3176081009742286,2001.0,2017.0,3.131350681536555,0.0001898974553741,0.0002278841600274,0.0003215822407004
2017-08-10,2089.0,2096.0,2035.0,2057.0,330600.0,2057.0,2083.2,2075.7,2104.28,2103.56,2089.75,False,False,False,False,False,False,False,False,False,True,False,0.0262518230432668,0.0500729217306757,,,-0.0229849295089937,-0.02263490520175,0.0369470102090422,0.4088478366553232,-0.0012867076131258,0.3385363973599269,2000.0,1976.0,0.6541353383458647,-0.0010074704887181,-0.0011973679440923,-0.0003118389671804
2017-08-14,1957.0,2060.0,1957.0,2025.0,465700.0,2025.0,2075.2,2070.1,2100.84,2100.4266666666667,2090.21,False,False,False,False,False,False,False,False,False,True,False,0.0375308641975308,0.0918518518518518,,,-0.0374518518518519,-0.0372477366255144,0.0938271604938271,0.4286419753086419,-0.0014917604042352,0.3554900729433361,2004.0,1937.0,1.40865093768905,-0.0016374402619904,-0.0006299697732722,-0.0002050527911094
2017-08-15,2042.0,2059.0,2022.0,2031.0,373800.0,2031.0,2065.0,2063.3,2099.2,2097.5066666666667,2090.76,False,False,False,False,False,False,False,False,False,False,False,0.0280649926144756,0.0822255046774987,,,-0.0335795174790742,-0.0327457738388314,0.0718857705563761,0.4209748892171344,-0.0013921290675278,0.3686327727426937,2003.0,1937.0,0.8026626583637535,-0.0007812500000001,0.0008561902619903,9.963133670744252e-05
2017-08-16,2035.0,2102.0,2034.0,2091.0,328000.0,2091.0,2062.0,2064.6,2098.56,2094.4666666666667,2091.62,False,False,False,False,False,False,False,False,False,False,False,0.0038259206121472,0.0564323290291726,,,-0.0036154949784791,-0.0016578989319305,0.040650406504065,0.3969392635102821,-0.0014514434860107,0.3758112951661339,2036.0,1967.0,0.8774745853397539,-0.0003049710277523,0.0004762789722478,-5.93144184829115e-05
2017-08-17,2094.0,2155.0,2094.0,2152.0,399900.0,2152.0,2071.2,2073.6,2099.56,2092.213333333333,2092.795,False,False,False,False,True,False,True,False,False,False,True,-0.0167286245353159,0.0195167286245353,,,0.0243680297397769,0.0277819083023544,-0.0023234200743494,0.4033457249070632,-0.0010770093553239,0.3780381944444445,2050.0,1993.0,1.2192073170731708,0.0004762902703423,0.0007812612980946,0.0003744341306867
2017-08-18,2115.0,2138.0,2108.0,2111.0,218200.0,2111.0,2082.0,2082.6,2099.76,2088.92,2093.72,False,False,False,False,False,False,True,False,False,True,False,0.0232117479867361,0.0355281856939838,,,0.0053244907626716,0.0104594978683088,0.0445286594031264,0.4590241591662719,-0.0015765722638172,0.3861999423797178,2064.0,1994.0,0.5456364091022756,9.524898083603498e-05,-0.0003810412895063,-0.0004995629084932
2017-08-21,2117.0,2128.0,2099.0,2101.0,192700.0,2101.0,2097.2,2086.2,2099.44,2085.6666666666665,2094.47,False,False,False,False,False,False,False,False,False,True,False,0.0523560209424083,0.0166587339362208,,,0.0007425035697286,0.0072981120101539,0.0423607805806758,0.4754878629224179,-0.0015598529646796,0.3996261144664942,2063.0,2030.0,0.8831347387717691,-0.0001524215981405,-0.0002476705789765,1.671929913755316e-05
2017-08-22,2090.0,2120.0,2084.0,2088.0,262700.0,2088.0,2108.6,2086.8,2098.6,2082.4133333333334,2095.075,False,False,False,False,False,True,False,False,False,True,False,0.0526819923371647,-0.0076628352490421,,,-0.0050766283524903,0.0026756066411238,0.0593869731800766,0.5062260536398467,-0.0015622899072229,0.4185834770941153,2065.0,1974.0,1.3632589517384537,-0.0004002668445631,-0.0002478452464225,-2.4369425432526227e-06
2017-08-23,2100.0,2113.0,2084.0,2099.0,192000.0,2099.0,2110.2,2086.1,2098.24,2078.5066666666667,2095.635,False,False,False,False,False,False,False,False,False,False,False,0.0524059075750357,-0.0052405907575035,,,0.0003620771796094,0.0097633793870096,0.1029061457837065,0.4768937589328251,-0.001879554551986,0.4349264177172716,2132.0,1976.0,0.7308717167872097,-0.000171572365411,0.000228694479152,-0.0003172646447631
2017-08-24,2102.0,2141.0,2102.0,2116.0,232600.0,2116.0,2103.0,2087.1,2098.08,2074.4266666666667,2096.46,False,False,False,False,False,False,False,False,False,False,False,0.0368620037807183,-0.0189035916824196,,,0.008468809073724,0.0196471329552614,0.1299621928166351,0.502835538752363,-0.0019668084996978,0.4480858607637393,2123.0,1998.0,1.2114583333333333,-7.626019980165412e-05,9.531216560941772e-05,-8.725394771179123e-05
2017-08-25,2128.0,2166.0,2128.0,2160.0,237700.0,2160.0,2112.8,2097.4,2098.28,2069.76,2097.715,False,False,False,False,False,False,True,False,False,False,True,0.012037037037037,-0.05,,,0.0285740740740739,0.0417777777777776,0.0884259259259259,0.4675925925925926,-0.0022546897546896,0.4539429770191665,2083.0,1975.0,1.0219260533104042,9.531616371517284e-05,0.0001715763635168,-0.0002878812549918
2017-08-28,2165.0,2215.0,2157.0,2211.0,295700.0,2211.0,2134.8,2116.0,2099.92,2065.866666666667,2099.43,False,False,False,False,False,False,True,False,False,False,False,-0.0339213025780189,-0.0606060606060606,,,0.0502397105382179,0.0656414895220864,0.0651289009497964,0.3636363636363636,-0.0018846004905125,0.4469281663516067,2129.0,1999.0,1.2440050483803111,0.0007809821326526,0.0006856659689374,0.0003700892641771
2017-08-29,2200.0,2209.0,2184.0,2198.0,199300.0,2198.0,2156.8,2132.7,2102.36,2067.16,2101.07,False,False,False,False,False,False,True,True,False,False,False,-0.0573248407643312,-0.0518653321201091,,,0.0435122838944494,0.0595268425841674,0.0700636942675159,0.3694267515923566,0.0006256571012079,0.4414122942748629,2109.0,2004.0,0.6739939127494082,0.0011606004680454,0.0003796183353928,0.0025102575917204
2017-08-30,2204.0,2210.0,2162.0,2209.0,250100.0,2209.0,2178.8,2144.5,2104.92,2068.693333333333,2102.745,False,False,False,False,False,False,True,True,False,False,False,-0.0547759167043911,-0.0226346763241285,,,0.0471163422363059,0.063515919722348,0.0656405613399728,0.3517428700769579,0.000741208621223,0.4365120074609465,2108.0,2039.0,1.2548921224284997,0.0012161982403131,5.559777226768459e-05,0.000115551520015
2017-08-31,2215.0,2233.0,2183.0,2194.0,257400.0,2194.0,2194.4,2148.7,2107.2,2071.0533333333333,2104.67,False,False,False,False,False,False,True,True,False,True,False,-0.0537830446672743,-0.0259799453053783,,,0.0395624430264358,0.056037678517168,0.0720145852324521,0.3787602552415679,0.0011395167676352,0.4339367989947411,2096.0,2018.0,1.029188324670132,0.0010820045558085,-0.0001341936845046,0.0003983081464121
2017-09-01,2194.0,2207.0,2181.0,2186.0,170400.0,2186.0,2199.6,2156.2,2109.16,2073.853333333333,2105.97,False,False,False,False,False,False,True,True,False,True,False,-0.061299176578225,-0.0242451967063129,,,0.0351509606587374,0.0513022262885027,0.0978956999085086,0.3952424519670631,0.0013501436938644,0.4275577404693443,2110.0,2014.0,0.662004662004662,0.0009292799028997,-0.0001527246529087,0.0002106269262292
2017-09-04,2162.0,2177.0,2136.0,2136.0,211800.0,2136.0,2184.6,2159.7,2111.36,2076.5066666666667,2107.26,False,False,False,False,False,False,True,True,False,False,False,-0.0276217228464419,0.0369850187265917,,,0.0115355805243445,0.0278526841448189,0.124063670411985,0.4138576779026217,0.0012777870526141,0.421540028707691,2111.0,1988.0,1.2429577464788732,0.0010419824189149,0.0001127025160152,-7.235664125027248e-05
2017-09-05,2154.0,2164.0,2071.0,2072.0,225600.0,2072.0,2159.4,2158.1,2110.28,2078.306666666667,2107.88,False,False,False,False,False,False,False,True,False,True,False,0.0057915057915057,0.0506756756756756,,,-0.0184749034749035,-0.0030437580437581,0.1597490347490347,0.4671814671814672,0.0008660897012312,0.4177285575274547,2072.0,1937.0,1.065155807365439,-0.0005117804272418,-0.0015537628461568,-0.0004116973513829
2017-09-06,2040.0,2094.0,2039.0,2088.0,173800.0,2088.0,2135.2,2157.0,2110.68,2079.92,2108.625,False,False,False,False,False,False,True,True,False,False,False,0.0340038314176245,0.0421455938697318,,,-0.0108620689655171,0.0038697318007662,0.1527777777777778,0.453544061302682,0.0007756708591355,0.4154381084840055,2107.0,2004.0,0.7703900709219859,0.0001895123846341,0.000701292811876,-9.04188420956598e-05
2017-09-07,2100.0,2104.0,2068.0,2076.0,171600.0,2076.0,2111.6,2153.0,2111.24,2081.026666666666,2108.945,False,False,False,False,False,False,True,True,False,False,False,0.029383429672447,0.0342003853564547,,,-0.016974951830443,-0.0024213230571609,0.1695568400770712,0.4571290944123314,0.0005317887965552,0.4108685555039479,2127.0,2001.0,0.9873417721518988,0.0002652469638695,7.573457923538496e-05,-0.0002438820625802
2017-09-08,2053.0,2080.0,2047.0,2052.0,191800.0,2052.0,2084.8,2142.2,2112.48,2081.8,2109.1,False,False,False,False,False,False,True,True,False,False,False,0.0394736842105263,0.0745614035087719,,,-0.0294736842105263,-0.0145224171539961,0.1730019493177388,0.4512670565302144,0.0003714734044259,0.4090187657548316,2106.0,2000.0,1.1177156177156178,0.0005869878058018,0.0003217408419322,-0.0001603153921293
2017-09-11,2073.0,2085.0,2055.0,2077.0,139200.0,2077.0,2073.0,2128.8,2112.96,2082.4266666666667,2109.505,False,False,False,False,False,False,True,True,False,True,False,0.0664419836302359,0.0544053923928743,,,-0.0173134328358209,-0.0026127427379233,0.155994222436206,0.4684641309581127,0.0003009309651559,0.4195321307779029,2109.0,2004.0,0.7257559958289885,0.0002271694684234,-0.0003598183373783,-7.054243926999418e-05
2017-09-12,2077.0,2095.0,2038.0,2084.0,300900.0,2084.0,2075.4,2117.4,2113.04,2083.893333333333,2109.865,False,False,False,False,False,False,True,True,False,True,False,0.0446257197696737,0.0614203454894433,,,-0.0139347408829174,5.118362124137447e-05,0.1545105566218809,0.4779270633397313,0.0007038108156525,0.4304807783130254,2109.0,2003.0,2.1616379310344827,3.786014462571804e-05,-0.0001893093237977,0.0004028798504965
2017-09-13,2100.0,2166.0,2100.0,2159.0,244900.0,2159.0,2089.6,2112.4,2115.16,2086.333333333333,2110.69,False,False,False,True,True,False,True,True,True,False,False,0.0078740157480314,0.0722556739231125,,,0.0203056970819824,0.0336575575111935,0.1171838814265863,0.4566929133858268,0.0011695158971081,0.4413936754402575,2108.0,2036.0,0.8138916583582586,0.0010022882429697,0.000964428098344,0.0004657050814556
2017-09-14,2147.0,2158.0,2129.0,2137.0,190500.0,2137.0,2101.8,2106.7,2116.4,2088.1866666666665,2111.38,False,False,False,False,False,False,True,True,False,True,False,0.0046794571829667,0.1188582124473561,,,0.0096396817969115,0.0228419903291219,0.1380439868975199,0.4740290126345344,0.0008875324045105,0.4512270375468745,2120.0,2050.0,0.777868517762352,0.0005859005859006,-0.000416387657069,-0.0002819834925976
2017-09-15,2140.0,2144.0,2122.0,2133.0,122100.0,2133.0,2118.0,2101.4,2119.44,2090.293333333333,2112.0,False,False,False,False,False,False,True,True,True,False,False,0.0337552742616033,0.1022034692920768,,,0.0063572433192686,0.020021878418503,0.1289263947491795,0.4814814814814814,0.0010078330314086,0.4601218235462073,2155.0,2064.0,0.6409448818897637,0.0014343411467179,0.0008484405608172,0.0001203006268981
2017-09-19,2162.0,2219.0,2152.0,2215.0,577900.0,2215.0,2145.6,2109.3,2127.04,2093.173333333333,2113.0,False,False,False,False,False,False,True,True,False,False,True,-0.0112866817155756,0.0632054176072234,,,0.0397110609480812,0.0550007524454477,0.0762979683972912,0.3927765237020316,0.0013759013427778,0.4577347935333997,2170.0,2063.0,4.733005733005733,0.0035730404693846,0.0021386993226666,0.0003680683113692
2017-09-20,2197.0,2199.0,2175.0,2177.0,132000.0,2177.0,2164.2,2119.8,2132.88,2095.48,2113.83,False,False,False,False,False,False,True,True,False,True,False,0.0160771704180064,0.0803858520900321,,,0.0202664216812126,0.0374460266421681,0.0960036747818098,0.444648598989435,0.0011007820006236,0.4554674969336729,2137.0,2065.0,0.2284132202803253,0.0027380818423915,-0.000834958626993,-0.0002751193421541
2017-09-21,2182.0,2197.0,2170.0,2176.0,137600.0,2176.0,2167.6,2128.6,2136.28,2097.306666666667,2114.68,False,False,False,False,False,False,True,True,False,True,False,0.0638786764705882,0.0818014705882353,,,0.0182536764705881,0.0361642156862744,0.1139705882352941,0.5119485294117647,0.0008709583084337,0.46143004791882,2145.0,2132.0,1.0424242424242425,0.0015915516692568,-0.0011465301731346,-0.0002298236921898
2017-09-22,2185.0,2186.0,2143.0,2147.0,125200.0,2147.0,2169.6,2135.7,2136.08,2099.026666666666,2115.28,False,False,False,False,False,False,False,True,False,True,False,0.1136469492314858,0.095482068001863,,,0.0050861667442943,0.0223443564663874,0.1378667908709827,0.5114112715416861,0.0008194274171517,0.4668726881116263,2137.0,2123.0,0.9098837209302324,-9.362945208057416e-05,-0.0016851811213374,-5.15308912819837e-05
2017-09-25,2178.0,2212.0,2163.0,2205.0,269300.0,2205.0,2184.0,2151.0,2139.84,2101.5733333333333,2116.4,False,False,False,False,False,False,True,True,True,False,False,0.0662131519274376,0.0884353741496598,,,0.0295510204081632,0.0469055177626606,0.1034013605442176,0.4671201814058957,0.0012117905315384,0.4683867968386797,2137.0,2083.0,2.150958466453674,0.0017571407208016,0.0018507701728822,0.0003923631143867
2017-09-26,2189.0,2196.0,2175.0,2190.0,145400.0,2190.0,2179.0,2162.3,2143.4,2104.266666666667,2117.795,False,False,False,False,False,False,True,True,False,True,False,0.0753424657534246,0.0963470319634703,,,0.0212785388127853,0.0391476407914763,0.1050228310502283,0.5182648401826484,0.0012799391712078,0.4734310687693658,2081.0,2129.0,0.5399183067211288,0.0016609125688158,-9.622815198578277e-05,6.814863966936508e-05
2017-09-27,2210.0,2228.0,2176.0,2212.0,415400.0,2212.0,2186.0,2175.1,2148.36,2107.9333333333334,2119.37,False,False,False,False,False,False,True,True,False,False,False,0.0632911392405063,0.0863471971066907,,,0.0287703435804701,0.0470464135021096,0.0845388788426763,0.7179023508137432,0.0017394604509945,0.4978621672566779,2099.0,2109.0,2.8569463548830814,0.0023087378279245,0.0006478252591086,0.0004595212797867
2017-09-28,2220.0,2328.0,2220.0,2315.0,779200.0,2315.0,2213.8,2190.7,2157.0,2112.08,2121.17,False,False,False,False,False,False,True,True,False,False,False,0.0168466522678185,0.0397408207343412,,,0.0682505399568034,0.0876544276457883,0.0371490280777537,0.7473002159827213,0.0019633094706007,0.5282786324006027,2078.0,2108.0,1.8757823784304288,0.0040055632823365,0.0016968254544119,0.0002238490196062
2017-09-29,2325.0,2393.0,2325.0,2391.0,907900.0,2391.0,2262.6,2216.1,2168.0,2117.28,2123.465,False,False,False,False,False,False,True,True,False,False,False,-0.0163111668757841,0.0154746967795901,,,0.0932664157256378,0.1144792973651191,0.0213299874529485,0.5830196570472606,0.0024559812589739,0.5394160913316187,2062.0,2096.0,1.165169404517454,0.0050738007380073,0.0010682374556708,0.0004926717883731
2017-10-02,2388.0,2418.0,2345.0,2351.0,559600.0,2351.0,2291.8,2237.9,2175.64,2121.96,2125.58,False,False,False,False,False,False,True,True,False,True,False,0.0208421948107188,0.0238196512122501,,,0.0745895363675032,0.0974223734581029,0.024670353041259,0.54189706507869,0.0022055081151387,0.5451986237097278,2021.0,2110.0,0.6163674413481661,0.0035116103767166,-0.0015621903612907,-0.0002504731438351
2017-10-03,2361.0,2363.0,2334.0,2355.0,189000.0,2355.0,2324.8,2251.9,2181.4,2126.64,2127.63,False,False,False,False,False,False,True,True,False,True,False,0.0195329087048832,0.0195329087048832,,,0.0737154989384288,0.0969681528662421,0.0114649681528662,0.5286624203821656,0.002200654553662,0.5584617434166703,2065.0,2111.0,0.3377412437455325,0.002640506097002,-0.0008711042797146,-4.853561476718827e-06
2017-10-04,2356.0,2369.0,2349.0,2352.0,117600.0,2352.0,2352.8,2269.4,2187.56,2131.293333333333,2129.36,False,False,False,False,False,False,True,True,False,False,False,0.0216836734693877,0.0229591836734693,,,0.0699149659863945,0.0938378684807257,0.0004251700680272,0.5412414965986394,0.0021833378167872,0.5675949590200052,2082.0,2072.0,0.6222222222222222,0.0028159227632612,0.0001754166662592,-1.7316736874800186e-05
2017-10-05,2359.0,2374.0,2339.0,2354.0,240500.0,2354.0,2360.6,2287.2,2193.36,2135.5333333333333,2131.115,False,False,False,False,False,False,True,True,False,True,False,0.0225148683092608,0.0246389124893797,,,0.0682412914188614,0.0928065703766638,0.0488530161427357,0.5824129141886151,0.0019854525021073,0.5744141308149704,2106.0,2107.0,2.0450680272108843,0.0026443447496079,-0.0001715780136532,-0.0001978853146799
2017-10-06,2358.0,2386.0,2346.0,2352.0,291900.0,2352.0,2352.8,2307.7,2199.68,2139.56,2132.87,False,False,False,False,False,False,True,True,False,False,False,0.032312925170068,0.0340136054421768,,,0.0647619047619048,0.0903231292517007,0.0522959183673469,0.5433673469387755,0.0018820068923828,0.5771114096286347,2106.0,2127.0,1.2137214137214136,0.002873145184754,0.000228800435146,-0.0001034456097244
2017-10-10,2370.0,2405.0,2361.0,2400.0,344400.0,2400.0,2362.6,2327.2,2208.24,2144.04,2135.05,False,False,False,False,False,False,True,True,False,False,False,0.0029166666666666,0.0033333333333333,,,0.0799000000000001,0.10665,0.0704166666666666,0.5125,0.0020895132553497,0.5808697146785838,2057.0,2106.0,1.1798561151079137,0.0038763902474368,0.0010032450626828,0.0002075063629668
2017-10-11,2401.0,2417.0,2389.0,2401.0,192000.0,2401.0,2371.8,2348.3,2218.84,2148.5466666666666,2137.175,False,False,False,False,False,False,True,True,False,False,False,0.0,-0.0070803831736776,,,0.0758683881715951,0.1051450784395391,0.0899625156184922,0.4723032069970845,0.0020975419042949,0.5756078865562321,2025.0,2109.0,0.5574912891986062,0.004777271006472,0.0009008807590351,8.02864894527142e-06
2017-10-12,2398.0,2415.0,2391.0,2403.0,174200.0,2403.0,2382.0,2367.4,2232.08,2153.0533333333333,2139.22,False,False,False,False,False,False,True,True,False,False,False,0.0012484394506866,-0.0070744902205576,,,0.0711277569704536,0.1040144264114301,0.126508531002913,0.4752392842280483,0.0020931514314554,0.552124693756864,2031.0,2109.0,0.9072916666666668,0.0059316870363068,0.0011544160298348,-4.390472839513153e-06
2017-10-13,2407.0,2414.0,2365.0,2407.0,154900.0,2407.0,2392.6,2376.6,2244.84,2156.72,2141.44,False,False,False,False,False,False,True,True,False,True,False,0.0020772746157041,0.0070627336933942,,,0.0673701703365184,0.1039800581636893,0.144578313253012,0.281678437889489,0.0017001125165373,0.505722460658083,2091.0,2108.0,0.8892078071182549,0.0056841467543344,-0.0002475402819723,-0.000393038914918
2017-10-16,2416.0,2449.0,2396.0,2428.0,187100.0,2428.0,2407.8,2380.3,2258.92,2160.786666666667,2143.675,False,False,False,False,False,False,True,True,False,False,False,0.0016474464579901,0.0061779242174629,,,0.0696375617792421,0.1100549148819329,0.1738056013179571,0.2541186161449753,0.0018820306184786,0.4722934083938998,2152.0,2120.0,1.2078760490639122,0.0062330671294246,0.0005489203750901,0.0001819181019412
2017-10-17,2431.0,2435.0,2397.0,2407.0,180200.0,2407.0,2409.2,2385.9,2273.12,2165.1066666666666,2145.8,False,False,False,False,False,False,True,True,False,False,False,0.0004154549231408,0.0108018280016618,,,0.0556211051100956,0.1004957762082814,0.157457415870378,0.2879102617366015,0.0019952827574313,0.4468334800285007,2111.0,2155.0,0.963121325494388,0.0062469205321319,1.385340270732005e-05,0.0001132521389527
2017-10-18,2407.0,2417.0,2390.0,2401.0,103500.0,2401.0,2409.2,2390.5,2286.08,2168.733333333333,2147.855,False,False,False,False,False,False,True,True,False,True,False,-0.0070803831736776,0.0079133694294044,,,0.0478633902540608,0.0967374704984035,0.153685964181591,0.2536443148688047,0.0016722510835817,0.4193683329847312,2101.0,2170.0,0.574361820199778,0.0056690929451287,-0.0005778275870031,-0.0003230316738496
2017-10-19,2410.0,2419.0,2397.0,2406.0,112500.0,2406.0,2409.8,2395.9,2298.96,2172.693333333333,2149.69,False,False,False,False,False,False,True,True,False,True,False,-0.0083125519534497,-0.0029093931837073,,,0.0444887780548628,0.096968689387642,0.1392352452202826,0.2103075644222776,0.0018226226127939,0.3864101172836928,2088.0,2137.0,1.0869565217391304,0.005602533319414,-6.65596257147516e-05,0.0001503715292122
2017-10-20,2403.0,2434.0,2402.0,2412.0,117400.0,2412.0,2410.8,2401.7,2309.08,2176.7466666666664,2151.79,False,False,False,False,False,False,True,True,False,True,False,0.0049751243781094,-0.0045605306799336,,,0.0426699834162521,0.097534549474848,0.1480099502487562,0.165837479270315,0.0018621061400499,0.345047258192114,2099.0,2145.0,1.0435555555555556,0.0043826978710135,-0.0012198354484005,3.948352725599222e-05
2017-10-23,2430.0,2454.0,2414.0,2432.0,198400.0,2432.0,2411.6,2409.7,2320.88,2181.2266666666665,2153.845,False,False,False,False,False,False,True,True,False,False,False,0.0045230263157894,0.0041118421052631,,,0.0456907894736841,0.1031140350877193,0.1887335526315789,0.2166940789473684,0.0020538901657782,0.3127360252313568,2116.0,2137.0,1.689948892674617,0.0050842783771673,0.0007015805061538,0.0001917840257283
2017-10-24,2416.0,2430.0,2400.0,2408.0,127100.0,2408.0,2411.8,2410.5,2331.88,2185.2,2155.69,False,False,False,False,False,False,True,True,False,True,False,0.0103820598006644,0.0004152823920265,,,0.031611295681063,0.0925249169435216,0.2034883720930232,0.2728405315614618,0.0018182927573372,0.2888612321095209,2160.0,2137.0,0.640625,0.0047172238708681,-0.0003670545062992,-0.000235597408441
2017-10-25,2406.0,2417.0,2380.0,2384.0,149000.0,2384.0,2408.4,2408.8,2338.64,2188.84,2157.285,False,False,False,False,False,False,True,True,False,True,False,0.0151006711409395,-0.0008389261744966,,,0.0190268456375839,0.0818624161073824,0.2135067114093959,0.3527684563758389,0.0016629813051663,0.2769013616738625,2211.0,2081.0,1.1723052714398112,0.0028905688776381,-0.0018266549932299,-0.0001553114521708
2017-10-26,2383.0,2403.0,2378.0,2386.0,117700.0,2386.0,2404.4,2407.1,2347.0,2193.026666666666,2158.605,False,False,False,False,False,False,True,True,False,False,False,0.0054484492875104,-0.0138306789606035,,,0.0163453478625314,0.0808773400391172,0.209555741827326,0.3327745180217938,0.0019090815129164,0.2626396909143784,2198.0,2099.0,0.7899328859060403,0.0035619940349382,0.0006714251573,0.00024610020775
2017-10-27,2390.0,2437.0,2389.0,2424.0,155600.0,2424.0,2406.8,2408.8,2356.92,2197.2533333333336,2160.235,False,False,False,False,False,False,True,True,False,False,False,-0.0094884488448844,0.0185643564356435,,,0.0276732673267326,0.0935423542354234,0.20503300330033,0.3263201320132013,0.0019236137238009,0.2671454666223846,2209.0,2078.0,1.3220050977060325,0.0042088827792203,0.000646888744282,1.4532210884528416e-05
2017-10-30,2450.0,2464.0,2436.0,2443.0,350200.0,2443.0,2409.0,2410.3,2368.76,2201.4666666666667,2162.14,False,False,False,False,False,False,True,True,False,False,False,-0.0004093327875562,0.013098649201801,,,0.0303888661481783,0.0988675126210942,0.2361850184199754,0.3037249283667622,0.001913875598086,0.2721652906277226,2194.0,2062.0,2.2506426735218508,0.0049983957851365,0.0007895130059162,-9.738125714907472e-06
2017-10-31,2421.0,2435.0,2399.0,2433.0,174200.0,2433.0,2414.0,2412.9,2377.88,2205.826666666667,2164.245,False,False,False,False,False,False,True,True,False,True,False,-0.0098643649815043,0.0558980682285244,,,0.0226551582408548,0.0933716947527057,0.2659268392930538,0.323468968351829,0.0019765832310789,0.2757677483526047,2186.0,2021.0,0.4974300399771559,0.0038353491345231,-0.0011630466506134,6.270763299292149e-05
2017-11-01,2430.0,2444.0,2416.0,2420.0,113100.0,2420.0,2421.2,2414.8,2387.08,2209.9733333333334,2166.2,False,False,False,False,False,False,True,True,False,False,False,-0.0157024793388429,0.0814049586776859,,,0.0136033057851239,0.0867878787878787,0.2809917355371901,0.3388429752066115,0.0018763423993049,0.2842885539175087,2136.0,2065.0,0.6492537313432836,0.0038540811367862,1.873200226314804e-05,-0.000100240831774
2017-11-02,2417.0,2426.0,2385.0,2399.0,148400.0,2399.0,2423.8,2414.1,2394.56,2213.84,2168.01,False,False,False,False,False,False,True,True,False,True,False,-0.0191746561067111,0.1283868278449353,,,0.0018507711546477,0.0771821592330136,0.310962901208837,0.3484785327219675,0.001746588130428,0.2980406776852657,2072.0,2082.0,1.3121131741821397,0.0031237471602298,-0.0007303339765564,-0.0001297542688768
2017-11-06,2408.0,2430.0,2400.0,2401.0,123500.0,2401.0,2419.2,2413.0,2398.0,2217.7466666666664,2170.025,False,False,False,False,False,False,True,True,False,True,False,0.0283215326947105,0.1474385672636401,,,0.0012494793835901,0.0763237539913925,0.2911286963765098,0.3369429404414827,0.0017615477571828,0.31512639867385,2088.0,2106.0,0.8322102425876011,0.0014345287739783,-0.0016892183862515,1.4959626754771064e-05
2017-11-07,2401.0,2482.0,2400.0,2442.0,303800.0,2442.0,2419.0,2414.0,2400.04,2222.04,2172.155,False,False,False,False,False,False,True,True,False,True,False,0.0135135135135135,0.167076167076167,,,0.0171826371826371,0.0900737100737101,0.3022113022113022,0.3001638001638002,0.0019321584369919,0.3235294117647059,2076.0,2106.0,2.459919028340081,0.0008499858335694,-0.0005845429404089,0.0001706106798091
2017-11-08,2450.0,2456.0,2396.0,2409.0,155900.0,2409.0,2414.2,2414.1,2402.36,2225.4266666666667,2174.015,False,False,False,False,False,False,True,True,False,False,False,0.066417600664176,0.1564964715649647,,,0.0027563304275632,0.0762031271620312,0.3158987131589871,0.2951432129514321,0.0015218055563877,0.325752868563854,2052.0,2057.0,0.5131665569453588,0.0009657170449059,0.0001157312113364,-0.0004103528806041
2017-11-09,2415.0,2439.0,2356.0,2382.0,309900.0,2382.0,2406.6,2413.9,2403.44,2228.2533333333336,2175.845,False,False,False,False,False,False,True,True,False,True,False,0.098656591099916,0.1628883291351805,,,-0.0090008396305625,0.0645452001119506,0.2657430730478589,0.3035264483627204,0.0012685571359331,0.320891503376279,2077.0,2025.0,1.9878127004490056,0.0004493559231767,-0.0005163611217291,-0.0002532484204545
2017-11-10,2361.0,2370.0,2334.0,2353.0,279200.0,2353.0,2397.4,2410.6,2403.48,2231.133333333333,2177.515,False,False,False,False,False,False,True,True,False,True,False,0.1504462388440289,0.1648958776030599,,,-0.0214534636634084,0.05179203853237,0.2792180195495112,0.3939651508712282,0.0012908237965755,0.3268480876130424,2084.0,2031.0,0.9009357857373346,1.664253499091468e-05,-0.0004327133881858,2.2266660642428306e-05
2017-11-13,2440.0,2492.0,2402.0,2469.0,472200.0,2469.0,2411.0,2415.1,2408.08,2235.4533333333334,2179.645,False,False,False,False,False,False,True,True,True,False,False,0.115836371000405,0.1215066828675577,,,0.0246739570676387,0.0945916025381395,0.2093965168084244,0.3264479546375051,0.0019324939311341,0.3268601714214733,2159.0,2091.0,1.6912607449856734,0.0019102355403474,0.0018935930053565,0.0006416701345585
2017-11-15,2450.0,2528.0,2450.0,2475.0,453000.0,2475.0,2417.6,2418.3,2413.0,2239.96,2181.67,False,False,False,False,False,False,True,True,False,False,False,0.1515151515151515,0.168080808080808,,,0.025050505050505,0.0949656565656565,0.2222222222222222,0.3858585858585858,0.002011940689417,0.3352354960095934,2137.0,2152.0,0.9593392630241424,0.0020389556568587,0.0001287201165112,7.944675828296891e-05
2017-11-16,2474.0,2580.0,2474.0,2569.0,492400.0,2569.0,2449.6,2431.9,2419.76,2245.72,2184.04,False,False,False,False,False,False,True,True,False,False,False,0.0844686648501362,0.1280653950953678,,,0.058092643051771,0.1258388478007007,0.1872323861424679,0.374075515764889,0.0025648789697735,0.3405156462025576,2133.0,2111.0,1.0869757174392936,0.0027936654874864,0.0007547098306277,0.0005529382803564
2017-11-17,2618.0,2646.0,2596.0,2617.0,440300.0,2617.0,2496.6,2451.6,2428.4,2252.866666666667,2186.6,False,False,False,False,False,False,True,True,False,False,False,0.0584638899503247,0.1054642720672525,,,0.0720672525792892,0.1391415106355877,0.1539931218952999,0.3985479556744364,0.0031722546089428,0.3468755098711046,2215.0,2101.0,0.894191714053615,0.003557898204579,0.0007642327170926,0.0006073756391693
2017-11-20,2648.0,2714.0,2625.0,2707.0,369500.0,2707.0,2567.4,2482.4,2440.56,2260.9733333333334,2189.625,False,False,False,False,False,False,True,True,False,False,False,0.0125600295530107,0.0661248614702622,,,0.0984263021795345,0.1647678857283585,0.1230144070927225,0.3871444403398596,0.0035854764614649,0.3511118272639381,2177.0,2088.0,0.839200545082898,0.0049824630412691,0.00142456483669,0.0004132218525221
2017-11-21,2757.0,2804.0,2731.0,2755.0,524400.0,2755.0,2624.6,2517.8,2454.48,2270.0,2193.0,False,False,False,False,False,False,True,True,False,False,False,0.00508166969147,0.0602540834845735,,,0.10908166969147,0.176043557168784,0.101633393829401,0.3720508166969147,0.0039765051395007,0.3547541504488044,2176.0,2099.0,1.4192151556156969,0.0056712623447736,0.0006887993035045,0.0003910286780357
2017-11-22,2805.0,2895.0,2794.0,2850.0,785500.0,2850.0,2699.6,2558.6,2471.36,2280.5066666666667,2196.885,False,False,False,False,False,False,True,True,False,False,False,0.0143859649122807,0.0596491228070175,,,0.1328561403508771,0.1998222222222222,0.0614035087719298,0.3368421052631579,0.0046071633204317,0.3579692019072931,2147.0,2116.0,1.49790236460717,0.0068302473132202,0.0011589849684466,0.0006306581809309
2017-11-24,2841.0,2841.0,2768.0,2786.0,402900.0,2786.0,2743.0,2596.3,2486.52,2290.7066666666665,2201.105,False,False,False,False,False,False,True,True,False,True,False,0.0402010050251256,0.1055276381909547,,,0.1074946159368269,0.177779373055755,0.068916008614501,0.353194544149318,0.0044527743985843,0.3632862149982667,2205.0,2160.0,0.5129217059197964,0.0060968743464761,-0.0007333729667441,-0.0001543889218473
2017-11-27,2821.0,2822.0,2754.0,2770.0,280500.0,2770.0,2773.6,2635.1,2501.28,2300.1066666666666,2205.345,False,False,False,False,False,False,True,True,False,True,False,0.0444043321299639,0.1191335740072202,,,0.0970108303249096,0.1696365824308063,0.1010830324909747,0.3176895306859206,0.0040867669905164,0.3638951083450344,2190.0,2211.0,0.6962025316455697,0.0059009786989062,-0.0001958956475698,-0.0003660074080679
2017-11-28,2751.0,2761.0,2723.0,2741.0,179900.0,2741.0,2780.4,2673.9,2514.68,2308.893333333333,2209.34,False,False,False,False,False,False,True,True,False,True,False,0.0529004013133892,0.147391462969719,,,0.0825684056913535,0.1576456281162594,0.1236774899671652,0.315213425757023,0.0038055749652068,0.3562586484161711,2212.0,2198.0,0.6413547237076649,0.0053287098159605,-0.0005722688829457,-0.0002811920253095
2017-11-29,2768.0,2772.0,2732.0,2769.0,208200.0,2769.0,2783.2,2703.9,2528.96,2317.733333333333,2213.705,False,False,False,False,False,False,True,True,False,False,False,0.0548934633441675,0.1195377392560491,,,0.0866883351390393,0.162970988323101,0.1357890935355724,0.2910798122065727,0.0038140712190071,0.3523059284736861,2315.0,2209.0,1.1573096164535854,0.0056465899025687,0.0003178800866081,8.496253800254448e-06
2017-11-30,2800.0,2900.0,2797.0,2891.0,494600.0,2891.0,2791.4,2745.5,2547.32,2328.2,2218.64,False,False,False,False,False,False,True,True,False,False,False,0.0446212383258388,0.0999654098927706,,,0.1188792805257695,0.1946731234866828,0.0895883777239709,0.1708751297129021,0.0044956046158692,0.3301766527044254,2391.0,2194.0,2.375600384245917,0.007207575020021,0.0015609851174523,0.000681533396862
2017-12-01,2889.0,2914.0,2871.0,2898.0,233500.0,2898.0,2813.8,2778.4,2566.92,2339.4133333333334,2223.66,False,False,False,False,False,False,True,True,False,False,False,0.0628019323671497,0.0938578329882677,,,0.1142443064182194,0.1927490223142396,0.0904071773636991,0.1749482401656314,0.0047932245121285,0.3099265764468759,2351.0,2186.0,0.4720986655883542,0.007635609991741,0.0004280349717199,0.0002976198962592
2017-12-04,2910.0,2972.0,2886.0,2893.0,639400.0,2893.0,2838.4,2806.0,2587.28,2350.9866666666667,2228.695,False,False,False,False,False,False,True,True,False,False,False,0.0715520221223643,0.0421707569996543,,,0.1056757690978222,0.1873533817260053,0.0663670929830625,0.1908053923263048,0.0049227558358476,0.2893799002138275,2355.0,2136.0,2.7383297644539613,0.0078692681116849,0.0002336581199438,0.0001295313237191
2017-12-05,2853.0,2895.0,2828.0,2886.0,206700.0,2886.0,2867.4,2823.9,2607.28,2362.3866666666668,2233.22,False,False,False,False,False,False,True,True,False,True,False,0.0897435897435897,0.0429660429660429,,,0.0965765765765765,0.1814322014322014,0.0897435897435897,0.2248787248787248,0.0048256283193832,0.273416197457417,2352.0,2072.0,0.3232718173287457,0.0076708293700714,-0.0001984387416134,-9.712751646435546e-05
2017-12-06,2915.0,2955.0,2894.0,2921.0,329900.0,2921.0,2897.8,2840.5,2627.16,2373.4533333333334,2238.025,False,False,False,False,False,False,True,True,False,True,False,0.061280383430332,0.0222526532009585,,,0.1005956864087641,0.1874517859180645,0.1263266004792879,0.1879493324204039,0.0046626855945485,0.2550607287449393,2354.0,2088.0,1.5960328979196905,0.0075671066855462,-0.0001037226845252,-0.0001629427248346
2017-12-07,2961.0,3035.0,2946.0,3020.0,517800.0,3020.0,2923.6,2857.5,2650.24,2385.026666666666,2243.235,False,False,False,False,False,False,True,True,False,False,False,0.0529801324503311,0.0016556291390728,,,0.1224370860927153,0.2102560706401767,0.0745033112582781,0.1788079470198675,0.0048524964081461,0.2388451443569554,2352.0,2076.0,1.5695665353137314,0.0087086452547693,0.0011415385692231,0.0001898108135975
2017-12-08,3035.0,3100.0,3015.0,3080.0,494800.0,3080.0,2960.0,2886.9,2676.12,2397.9466666666667,2248.565,False,False,False,False,False,False,True,True,False,False,False,0.0292207792207792,-0.0097402597402597,,,0.1311298701298701,0.2214458874458874,0.0503246753246753,0.1623376623376623,0.0053879430179155,0.2196473726142228,2400.0,2052.0,0.955581305523368,0.0096707173071462,0.0009620720523768,0.0005354466097693
2017-12-11,3090.0,3120.0,3035.0,3100.0,617300.0,3100.0,3001.4,2919.9,2703.32,2411.266666666667,2253.93,False,False,False,False,False,False,True,True,False,False,False,-0.0274193548387096,-0.0258064516129032,,,0.1279612903225805,0.2221720430107526,0.0725806451612903,0.1177419354838709,0.0055240675716774,0.1995273810746943,2401.0,2077.0,1.2475747776879549,0.0100617019072844,0.0003909846001382,0.0001361245537619
2017-12-12,3170.0,3220.0,3095.0,3145.0,650700.0,3145.0,3053.2,2960.3,2733.16,2425.36,2259.345,False,False,False,False,False,False,True,True,False,False,False,-0.0429252782193958,-0.0333863275039745,,,0.1309507154213037,0.2288203497615261,0.2082670906200318,0.1033386327503974,0.0058108212114214,0.1785967638415024,2403.0,2084.0,1.054106593228576,0.0109177655168375,0.000856063609553,0.000286753639744
2017-12-13,3155.0,3190.0,3065.0,3100.0,383200.0,3100.0,3089.0,2993.4,2761.12,2438.7066666666665,2264.42,False,False,False,False,False,False,True,True,False,True,False,-0.036774193548387,-0.0209677419354838,,,0.1093161290322581,0.2133204301075269,0.3048387096774193,0.1258064516129032,0.005472846262773,0.1627246609206921,2407.0,2159.0,0.5889042569540495,0.0101263255490525,-0.0007914399677849,-0.0003379749486484
2017-12-14,3120.0,3180.0,3115.0,3180.0,461600.0,3180.0,3121.0,3022.3,2790.64,2452.893333333333,2269.825,False,False,False,False,False,False,True,True,False,False,False,-0.0487421383647798,-0.0487421383647798,,,0.122440251572327,0.2286498951781971,0.190251572327044,0.0927672955974842,0.0057836459799854,0.1545842570227971,2428.0,2137.0,1.2045929018789143,0.010578218616518,0.0004518930674654,0.0003107997172124
2017-12-15,3190.0,3250.0,3115.0,3170.0,775400.0,3170.0,3139.0,3049.5,2821.08,2466.36,2275.16,False,False,False,False,False,False,True,True,False,False,False,-0.0378548895899053,-0.0605678233438485,,,0.1100694006309148,0.221968454258675,0.1435331230283911,0.1041009463722397,0.0054601382874629,0.1474012133136579,2407.0,2133.0,1.6798093587521663,0.0107901938264778,0.0002119752099597,-0.0003235076925225
2017-12-18,3180.0,3180.0,2994.0,3015.0,691400.0,3015.0,3122.0,3061.7,2846.4,2477.08,2279.63,False,False,False,False,False,False,True,True,False,True,False,0.0016583747927031,0.011608623548922,,,0.0559203980099502,0.1784145936981758,0.1940298507462686,0.1907131011608623,0.0043276761348038,0.1475650782245158,2401.0,2215.0,0.8916688160949188,0.0088954468802698,-0.0018947469462079,-0.0011324621526591
2017-12-19,3015.0,3045.0,2970.0,3010.0,403500.0,3010.0,3095.0,3074.1,2872.68,2487.9066666666668,2284.09,False,False,False,False,False,False,True,True,False,False,False,0.0099667774086378,0.0232558139534883,,,0.0456212624584718,0.1734529346622369,0.2043189368770764,0.1079734219269103,0.004351717374178,0.1364301746852737,2406.0,2177.0,0.5835984958056118,0.0091482518066752,0.0002528049264053,2.404123937428497e-05
2017-12-20,3005.0,3045.0,2977.0,2986.0,231500.0,2986.0,3072.2,3080.6,2893.36,2498.266666666667,2288.39,False,False,False,False,False,False,True,True,False,True,False,0.0164099129269926,0.0532484929671801,,,0.0310247823174815,0.1633400312569769,0.2474882786336235,0.1386470194239785,0.0041468751667823,0.1317600467441408,2412.0,2176.0,0.573729863692689,0.0071473995631377,-0.0020008522435374,-0.0002048422073957
2017-12-21,2956.0,3030.0,2950.0,3025.0,216600.0,3025.0,3041.2,3081.1,2915.36,2509.346666666667,2292.88,False,False,False,False,False,False,True,True,False,False,False,0.0,0.0413223140495867,,,0.0362446280991735,0.1704639118457299,0.2,0.1190082644628099,0.0044154919474391,0.1258965953717828,2432.0,2147.0,0.9356371490280776,0.0075462378574172,0.0003988382942794,0.0002686167806567
2017-12-22,3015.0,3050.0,2998.0,3050.0,198700.0,3050.0,3017.2,3078.1,2934.6,2520.866666666667,2297.2,False,False,False,False,False,False,True,True,False,True,False,-0.0236065573770491,0.0360655737704918,,,0.0378360655737705,0.1734863387978141,0.1901639344262295,0.1147540983606557,0.0045698569275116,0.1211461615931906,2408.0,2205.0,0.91735918744229,0.0065562597969058,-0.0009899780605114,0.0001543649800725
2017-12-25,3035.0,3050.0,3015.0,3020.0,114000.0,3020.0,3018.2,3070.1,2950.72,2532.653333333333,2301.205,False,False,False,False,False,False,True,True,False,True,False,0.009933774834437,0.021523178807947,,,0.0229403973509934,0.1613730684326711,0.1705298013245033,0.1307947019867549,0.0046538807785246,0.1224390085013517,2384.0,2190.0,0.5737292400603925,0.0054630734193687,-0.001093186377537,8.4023851012964e-05
2017-12-26,3020.0,3060.0,2992.0,3040.0,278400.0,3040.0,3024.2,3059.6,2964.04,2545.56,2305.195,False,False,False,False,False,False,True,True,False,True,False,0.0131578947368421,0.0345394736842105,,,0.0249868421052631,0.1626447368421053,0.1661184210526315,0.1299342105263158,0.0050702661365934,0.1251470780494182,2386.0,2212.0,2.442105263157895,0.0044938664795347,-0.000969206939834,0.0004163853580687
2017-12-27,3050.0,3060.0,3015.0,3035.0,200400.0,3035.0,3034.0,3053.1,2975.24,2558.1866666666665,2308.815,False,False,False,False,False,False,True,True,False,True,False,0.0362438220757825,0.0840197693574958,,,0.0196902800658979,0.1571048874244921,0.0164744645799011,0.1070840197693575,0.0049357878497268,0.1232845304772199,2424.0,2315.0,0.7198275862068966,0.0037644021994863,-0.0007294642800483,-0.0001344782868665
2017-12-28,3045.0,3045.0,3010.0,3025.0,109700.0,3025.0,3034.0,3037.6,2982.24,2570.84,2312.355,False,False,False,False,False,False,True,True,False,True,False,0.0413223140495867,0.0727272727272727,,,0.0141355371900827,0.1501355371900826,0.0066115702479338,0.1487603305785124,0.0049218673014787,0.1290163286805373,2443.0,2391.0,0.5474051896207585,0.0023472289285905,-0.0014171732708957,-1.3920548248088152e-05
2017-12-29,3000.0,3015.0,2975.0,2978.0,126800.0,2978.0,3019.6,3018.4,2989.92,2583.1866666666665,2315.47,False,False,False,False,False,False,True,True,False,False,False,0.061114842175957,0.0862995298858294,,,-0.004002686366689,0.1325766733825834,0.0409670920080591,0.1954331766286098,0.0047796261981324,0.1381857937980386,2433.0,2351.0,1.15587967183227,0.0025686305988121,0.0002214016702215,-0.0001422411033463
2018-01-04,2980.0,3085.0,2980.0,3050.0,283800.0,3050.0,3025.6,3021.9,3001.12,2596.16,2318.92,False,False,False,False,False,False,True,True,False,False,False,0.0114754098360655,0.0901639344262295,,,0.0160262295081967,0.1488,-0.0131147540983606,0.1918032786885246,0.0049971239574345,0.1383566630265726,2420.0,2355.0,2.2381703470031544,0.003731940075705,0.0011633094768929,0.0002174977593021
2018-01-05,3070.0,3095.0,3025.0,3080.0,219500.0,3080.0,3033.6,3028.9,3014.68,2609.44,2322.565,False,False,False,False,False,False,True,True,False,False,False,0.0211038961038961,0.2337662337662337,,,0.0212077922077922,0.1527792207792207,-0.0545454545454545,0.1704545454545454,0.0050892145441168,0.1446399683053253,2399.0,2352.0,0.7734319943622269,0.0044979898364005,0.0007660497606955,9.209058668224224e-05
2018-01-09,3070.0,3155.0,3050.0,3145.0,241200.0,3145.0,3055.6,3044.8,3029.72,2622.5866666666666,2326.435,False,False,False,False,False,False,True,True,False,False,False,0.0461049284578696,0.2861685214626391,,,0.0366550079491256,0.1661091679915209,-0.1058823529411764,0.151033386327504,0.0050128626190935,0.145888071466106,2401.0,2354.0,1.0988610478359908,0.0049641551034418,0.0004661652670413,-7.635192502325472e-05
2018-01-10,3135.0,3155.0,3100.0,3150.0,150200.0,3150.0,3080.6,3057.3,3040.08,2636.093333333333,2330.395,False,False,False,False,False,False,True,True,False,True,False,0.0301587301587301,0.2015873015873016,,,0.0348952380952381,0.1631449735449737,-0.0606349206349206,0.1571428571428571,0.0051237437217699,0.1497072580381381,2442.0,2352.0,0.6227197346600332,0.0034078050577616,-0.0015563500456802,0.0001108811026763
2018-01-11,3140.0,3275.0,3140.0,3160.0,427000.0,3160.0,3117.0,3068.3,3050.56,2649.786666666667,2334.275,False,False,False,False,False,False,True,True,False,False,False,0.0237341772151898,0.1471518987341772,,,0.034632911392405,0.1614599156118142,-0.0300632911392405,0.1550632911392405,0.0051677116145201,0.1537333376788449,2409.0,2400.0,2.842876165113182,0.0034354348054127,2.762974765110285e-05,4.396789275026673e-05
2018-01-12,3170.0,3200.0,3080.0,3085.0,290600.0,3085.0,3124.0,3074.8,3058.24,2661.3866666666668,2337.86,False,False,False,False,False,False,True,True,False,True,False,0.0777957860615883,0.1669367909238249,,,0.0086742301458671,0.1373138843868179,0.0453808752025931,0.1993517017828201,0.0043586300875733,0.1605632886691816,2382.0,2401.0,0.6805620608899298,0.0025112482996755,-0.0009241865057372,-0.0008090815269468
2018-01-15,3125.0,3170.0,3090.0,3145.0,302800.0,3145.0,3137.0,3085.3,3068.6,2674.293333333333,2341.63,False,False,False,False,False,False,True,True,False,False,False,0.2082670906200318,0.1526232114467408,,,0.0242925278219396,0.149668256491786,0.0111287758346581,0.1907790143084261,0.0048261970763614,0.1666612647068355,2353.0,2403.0,1.0419821059876118,0.0033761324382454,0.0008648841385699,0.0004675669887881
2018-01-16,3170.0,3300.0,3155.0,3290.0,333500.0,3290.0,3166.0,3110.8,3083.36,2689.1466666666665,2346.31,False,False,False,False,False,False,True,True,False,False,False,0.229483282674772,0.1322188449848024,,,0.0628085106382978,0.1826301925025329,-0.0227963525835866,0.1565349544072948,0.0055234374225281,0.1714028545711713,2469.0,2407.0,1.1013870541611626,0.0047869856260703,0.0014108531878248,0.0006972403461666
2018-01-17,3240.0,3300.0,3210.0,3245.0,294700.0,3245.0,3185.0,3132.8,3092.36,2703.786666666667,2350.915,False,False,False,False,False,False,True,True,False,True,False,0.1664098613251155,0.1186440677966101,,,0.0470385208012326,0.1667837699024139,-0.0184899845916795,0.1386748844375963,0.0054146283730473,0.1701991828396322,2475.0,2428.0,0.8836581709145427,0.0029103985305721,-0.0018765870954982,-0.0001088090494808
2018-01-18,3305.0,3350.0,3210.0,3235.0,416800.0,3235.0,3200.0,3158.5,3098.56,2717.52,2355.315,False,False,False,False,False,False,True,True,False,True,False,0.1205564142194745,0.1221020092735703,,,0.0421761978361669,0.1599629057187017,-0.0046367851622874,0.1792890262751159,0.0050536273268763,0.1687509893936995,2569.0,2407.0,1.4143196470987445,0.002000929464009,-0.000909469066563,-0.0003610010461709
2018-01-19,3265.0,3330.0,3265.0,3325.0,417400.0,3325.0,3248.0,3186.0,3107.56,2732.653333333333,2360.535,False,False,False,False,False,False,True,True,False,False,False,0.0827067669172932,0.0631578947368421,,,0.0653954887218045,0.178149373433584,-0.025563909774436,0.1669172932330827,0.0055379631030158,0.1663527934714375,2617.0,2401.0,1.001439539347409,0.0028961629059455,0.0008952334419364,0.0004843357761394
2018-01-22,3395.0,3810.0,3380.0,3800.0,1574800.0,3800.0,3379.0,3258.0,3133.76,2753.826666666667,2367.69,False,False,False,False,False,False,True,True,False,False,False,-0.0460526315789473,-0.0671052631578947,,,0.1753263157894736,0.2753087719298245,-0.1486842105263157,0.0934210526315789,0.0076886950038008,0.1574585635359116,2707.0,2406.0,3.7728797316722567,0.0083605636679261,0.0054644007619806,0.002150731900785
2018-01-23,3755.0,4070.0,3675.0,4045.0,1053200.0,4045.0,3530.0,3348.0,3171.56,2776.893333333333,2376.29,False,False,False,False,False,False,True,True,False,False,False,-0.0791100123609394,-0.2373300370828183,,,0.2159307787391842,0.3134997939843429,-0.2064276885043263,0.0568603213844252,0.0083066448357155,0.1459080047789725,2755.0,2412.0,0.6687833375666752,0.011918425002207,0.0035578613342808,0.0006179498319146
2018-01-24,3950.0,3980.0,3725.0,3785.0,866100.0,3785.0,3638.0,3411.5,3195.76,2795.48,2383.64,False,False,False,False,False,False,True,True,False,True,False,-0.0409511228533685,-0.1955085865257596,,,0.155677675033025,0.2614319682959048,-0.1611624834874504,0.1770145310435931,0.0066488283467122,0.148321852557526,2850.0,2432.0,0.8223509304975314,0.0075725336070293,-0.0043458913951776,-0.0016578164890033
2018-01-25,3765.0,3770.0,3580.0,3625.0,700800.0,3625.0,3716.0,3458.0,3213.96,2812.4666666666667,2390.27,False,False,False,False,False,False,True,True,False,True,False,0.0013793103448275,-0.1448275862068965,,,0.1133903448275862,0.2241471264367816,-0.1393103448275862,0.2110344827586207,0.0060397752862256,0.15427993059572,2786.0,2408.0,0.8091444405957742,0.0056627960522221,-0.0019097375548072,-0.0006090530604865
2018-01-26,3655.0,3700.0,3565.0,3600.0,475800.0,3600.0,3771.0,3509.5,3237.36,2829.0666666666666,2396.685,False,False,False,False,False,False,True,True,False,False,False,-0.0180555555555555,-0.1638888888888889,,,0.1007333333333333,0.2141481481481481,-0.1375,0.2458333333333333,0.0058676595343575,0.1597093603077361,2770.0,2384.0,0.6789383561643836,0.0072281117947957,0.0015653157425736,-0.000172115751868
2018-01-29,3625.0,3720.0,3580.0,3625.0,442100.0,3625.0,3736.0,3557.5,3261.96,2846.04,2403.54,False,False,False,False,False,False,True,True,False,False,False,-0.0220689655172413,-0.1966896551724138,,,0.1001489655172413,0.2148855172413793,-0.0951724137931034,0.263448275862069,0.0059638421572899,0.1675333801827125,2741.0,2386.0,0.9291719209751996,0.0075414781297133,0.0003133663349176,9.618262293231532e-05
2018-01-30,3635.0,3775.0,3605.0,3725.0,635100.0,3725.0,3672.0,3601.0,3291.52,2864.32,2410.86,False,False,False,False,False,False,True,True,False,False,False,-0.1718120805369127,-0.2451006711409395,,,0.1163704697986577,0.2310550335570469,-0.1208053691275167,0.2335570469798657,0.0063819684951402,0.1753679533462927,2769.0,2424.0,1.4365528161049537,0.0089806533151856,0.0014391751854722,0.0004181263378503
2018-01-31,3670.0,3715.0,3610.0,3630.0,378300.0,3630.0,3641.0,3639.5,3315.72,2881.36,2417.78,False,False,False,False,False,False,True,True,False,True,False,-0.1611570247933884,-0.1848484848484848,,,0.0865785123966942,0.2062369146005509,-0.0550964187327823,0.2286501377410468,0.0059138740039425,0.1839538398131611,2891.0,2443.0,0.5956542276806802,0.0072985656207399,-0.0016820876944457,-0.0004680944911977
2018-02-01,3630.0,3680.0,3575.0,3630.0,506900.0,3630.0,3642.0,3679.0,3338.92,2897.76,2424.675,False,False,False,False,False,False,True,True,False,True,False,-0.1460055096418732,-0.1556473829201101,,,0.0801873278236914,0.2017190082644627,-0.0275482093663911,0.2575757575757575,0.0056595439235823,0.1916281598260396,2898.0,2433.0,1.3399418450964842,0.0069483545577612,-0.0003502110629786,-0.0002543300803601
2018-02-02,3585.0,3625.0,3535.0,3535.0,477800.0,3535.0,3629.0,3700.0,3359.52,2912.88,2431.025,False,False,False,False,False,False,True,True,False,True,False,-0.1485148514851485,-0.0876944837340877,,,0.0496407355021216,0.1759886845827439,0.0353606789250353,0.2942008486562942,0.0051907390623712,0.2036486486486486,2893.0,2420.0,0.94259222726376,0.0061318283564318,-0.0008165262013294,-0.0004688048612111
2018-02-05,3425.0,3585.0,3410.0,3545.0,423800.0,3545.0,3613.0,3674.5,3379.72,2928.1066666666666,2437.505,False,False,False,False,False,False,True,True,False,True,False,-0.1785613540197461,-0.1029619181946403,,,0.04662341325811,0.1740178655383169,0.0592383638928067,0.2679830747531735,0.0052001748570178,0.2212545924615594,2886.0,2399.0,0.8869820008371704,0.0059768264826671,-0.0001550018737646,9.435794646665656e-06
2018-02-06,3300.0,3300.0,2928.0,3085.0,1326100.0,3085.0,3485.0,3578.5,3381.72,2937.1466666666665,2441.89,False,False,False,False,False,False,True,True,False,True,False,-0.0884927066450567,0.0421393841166936,,,-0.0961815235008103,0.0479265262020529,0.2252836304700162,0.46677471636953,0.0030778170196925,0.2610032136369987,2921.0,2401.0,3.1290703161868807,0.0005914150195758,-0.0053854114630913,-0.0021223578373253
2018-02-07,3245.0,3290.0,3035.0,3045.0,340000.0,3045.0,3368.0,3504.5,3382.52,2945.373333333333,2445.875,False,False,False,False,False,False,True,True,False,True,False,-0.0282430213464696,0.0459770114942528,,,-0.1108440065681445,0.0327181171319103,0.2512315270935961,0.4400656814449918,0.002793081126105,0.2856327578827222,3020.0,2442.0,0.2563909207450418,0.0002365100575902,-0.0003549049619855,-0.0002847358935875
2018-02-08,3095.0,3125.0,3055.0,3100.0,304900.0,3100.0,3262.0,3452.0,3387.4,2954.613333333333,2450.235,False,False,False,False,False,False,True,True,True,False,False,-0.0112903225806451,0.0387096774193548,,,-0.0927096774193548,0.0468989247311829,0.2161290322580645,0.4709677419354838,0.0031273127673783,0.3101100811123986,3080.0,2409.0,0.8967647058823529,0.0014406329338135,0.0012041228762233,0.0003342316412733
2018-02-09,2903.0,3020.0,2902.0,3010.0,395500.0,3010.0,3157.0,3393.0,3385.8,2962.733333333333,2453.8,False,False,False,False,False,False,False,True,False,True,False,0.0714285714285714,0.0764119601328903,,,-0.1248504983388704,0.015703211517165,0.2126245847176079,0.553156146179402,0.0027407124052115,0.338491010904804,3100.0,2382.0,1.297146605444408,-0.0004725618760706,-0.0019131948098841,-0.0003866003621668
2018-02-13,3080.0,3125.0,2890.0,2912.0,425200.0,2912.0,3030.4,3321.7,3379.08,2969.48,2456.7,False,False,False,False,False,False,False,True,False,True,False,0.092032967032967,0.1109203296703296,,,-0.1603983516483516,-0.0197390109890109,0.2379807692307692,0.6449175824175825,0.0022720027299954,0.3735436673992233,3145.0,2353.0,1.075094816687737,-0.0019887069853333,-0.0015161451092627,-0.000468709675216
2018-02-14,2901.0,2920.0,2787.0,2812.0,625800.0,2812.0,2975.8,3230.4,3365.76,2974.813333333333,2459.205,False,False,False,False,False,False,False,True,False,True,False,0.1433143669985775,0.1415362731152205,,,-0.1969274537695591,-0.0578994784257941,0.2713371266002845,0.6536273115220483,0.0017928295781022,0.4140663694898464,3100.0,2469.0,1.4717779868297272,-0.0039575014261265,-0.0019687944407931,-0.0004791731518931
2018-02-15,2862.0,2961.0,2822.0,2959.0,571500.0,2959.0,2958.6,3163.3,3358.12,2981.84,2462.7,False,False,False,False,False,False,False,True,False,False,False,0.0763771544440689,0.0729976343359243,,,-0.134883406556269,-0.0077188239270024,0.1439675566069618,0.5005069280162217,0.0023564868224542,0.4434293301299275,3180.0,2475.0,0.9132310642377756,-0.0022750824866295,0.001682418939497,0.000563657244352
2018-02-16,2960.0,3105.0,2926.0,3065.0,756000.0,3065.0,2951.6,3106.8,3354.32,2990.6,2466.725,False,False,False,False,False,False,False,True,False,False,False,0.0505709624796084,0.0179445350734094,,,-0.094394779771615,0.0242740619902121,0.1109298531810766,0.4730831973898858,0.0029291780913528,0.46807003991245,3170.0,2569.0,1.3228346456692914,-0.0011328674664312,0.0011422150201982,0.0005726912688985
2018-02-19,3105.0,3225.0,3095.0,3225.0,404600.0,3225.0,2994.6,3075.8,3359.92,3001.813333333333,2471.55,False,False,False,False,False,False,True,True,True,False,False,0.0046511627906976,-0.0372093023255813,,,-0.0418356589147287,0.0692051679586564,0.0682170542635658,0.4201550387596899,0.003735519863549,0.4830288055140125,3015.0,2617.0,0.5351851851851852,0.0016667063501511,0.0027995738165824,0.0008063417721962
2018-02-20,3230.0,3230.0,3130.0,3180.0,262500.0,3180.0,3048.2,3039.3,3361.32,3012.4,2476.2,False,False,False,False,False,False,True,True,False,True,False,0.0172955974842767,0.0314465408805031,,,-0.0570188679245283,0.0527044025157232,0.1116352201257861,0.4418238993710692,0.0035143628557519,0.5038002171552659,3010.0,2707.0,0.6487889273356401,0.0004165030404722,-0.0012502033096789,-0.0002211570077971
2018-02-21,3205.0,3230.0,3165.0,3215.0,151000.0,3215.0,3128.8,3052.3,3358.32,3022.9466666666667,2480.68,False,False,False,False,False,False,False,True,False,True,True,-0.0015552099533437,0.0186625194401244,,,-0.0445785381026439,0.0597366511145671,0.0793157076205287,0.4105754276827372,0.0034888695797918,0.4977230285358581,2986.0,2755.0,0.5752380952380952,-0.0008933037947545,-0.0013098068352267,-2.549327596001712e-05
2018-02-22,3180.0,3215.0,3125.0,3185.0,208100.0,3185.0,3174.0,3066.3,3355.92,3032.84,2485.0,False,False,False,False,False,False,False,True,False,False,False,-0.0031397174254317,0.0769230769230769,,,-0.0536640502354788,0.0477739403453688,0.1177394034536891,0.4740973312401884,0.0032620689958367,0.5009946841470175,3025.0,2850.0,1.3781456953642384,-0.0007151541157119,0.0001781496790425,-0.0002268005839551
2018-02-23,3195.0,3245.0,3175.0,3220.0,190000.0,3220.0,3205.0,3078.3,3355.32,3043.333333333333,2489.31,False,False,False,False,False,False,False,True,False,False,False,-0.031055900621118,0.0962732919254658,,,-0.0420248447204969,0.0548654244306419,0.1118012422360248,0.4503105590062112,0.0034479737130338,0.4987168242211609,3050.0,2786.0,0.913022585295531,-0.000178820499982,0.0005363336157298,0.000185904717197
2018-02-26,3300.0,3320.0,3205.0,3240.0,251000.0,3240.0,3208.0,3101.3,3351.92,3054.266666666667,2493.785,False,False,False,False,False,False,False,True,False,True,False,-0.0416666666666666,0.1296296296296296,,,-0.0345432098765432,0.0573251028806583,0.0694444444444444,0.470679012345679,0.0035796917972673,0.4905039822010124,3020.0,2770.0,1.3210526315789477,-0.001014344017757,-0.0008355235177749,0.0001317180842335
2018-02-27,3265.0,3290.0,3180.0,3235.0,171700.0,3235.0,3219.0,3133.6,3329.32,3065.4133333333334,2498.3,False,False,False,False,False,False,False,True,False,True,False,0.0139103554868624,0.160741885625966,,,-0.0291561051004637,0.0524224626481195,0.0726429675425038,0.472952086553323,0.0036362687359181,0.4743426091396477,3040.0,2741.0,0.6840637450199203,-0.0067881729602441,-0.005773828942487,5.657693865073485e-05
2018-02-28,3200.0,3290.0,3155.0,3210.0,327000.0,3210.0,3218.0,3173.4,3295.92,3076.2,2502.39,False,False,False,False,False,False,False,True,False,True,False,0.0202492211838006,0.1775700934579439,,,-0.0267663551401869,0.0416822429906542,0.087227414330218,0.3785046728971962,0.0035064906919791,0.4487615806390622,3035.0,2769.0,1.904484566103669,-0.0101337411102211,-0.003345568149977,-0.0001297780439389
2018-03-01,3200.0,3225.0,3165.0,3175.0,196700.0,3175.0,3216.0,3195.0,3271.52,3085.9733333333334,2506.155,False,False,False,False,False,False,False,True,False,False,False,0.0803149606299212,0.2,,,-0.0303999999999999,0.0280398950131233,0.0944881889763779,0.4409448818897638,0.0031670180774947,0.4431924882629108,3025.0,2891.0,0.6015290519877676,-0.0074583068420795,0.0026754342681415,-0.0003394726144844
2018-03-02,3105.0,3170.0,3080.0,3120.0,241700.0,3120.0,3196.0,3200.5,3251.32,3095.4533333333334,2509.205,False,False,False,False,False,False,False,True,False,False,False,0.1314102564102564,0.2083333333333333,,,-0.0420897435897436,0.0078675213675213,0.1217948717948717,0.4551282051282051,0.0030625562653181,0.4414935166380253,2978.0,2898.0,1.2287747839349263,-0.0062128612378971,0.0012454456041823,-0.0001044618121766
2018-03-05,3135.0,3165.0,3075.0,3105.0,243900.0,3105.0,3169.0,3188.5,3231.52,3105.093333333333,2512.215,False,False,False,False,False,False,False,True,False,False,False,0.178743961352657,0.1755233494363929,,,-0.0407471819645732,-3.005904455162438e-05,0.1561996779388083,0.4444444444444444,0.003104576566673,0.443939156343108,3050.0,2893.0,1.009102192800993,-0.0061271475961777,8.571364171946084e-05,4.202030135489268e-05
2018-03-06,3190.0,3290.0,3170.0,3280.0,287100.0,3280.0,3178.0,3198.5,3217.72,3117.4533333333334,2518.11,False,False,False,False,True,False,False,True,False,False,True,0.1448170731707317,0.0990853658536585,,,0.0189878048780488,0.0495569105691056,0.0167682926829268,0.3262195121951219,0.0039647746665014,0.4320775363451618,3080.0,2886.0,1.1771217712177122,-0.0042887510411099,0.0018383965550677,0.0008601980998284
2018-03-07,3300.0,3360.0,3245.0,3275.0,334700.0,3275.0,3191.0,3204.5,3199.72,3128.2,2524.015,False,False,False,False,False,False,False,True,False,True,False,0.1541984732824427,0.0916030534351145,,,0.0229862595419847,0.044824427480916,0.0381679389312977,0.300763358778626,0.0034354154678941,0.420814479638009,3145.0,2921.0,1.165795889933821,-0.0056254922305701,-0.0013367411894602,-0.0005293591986073
2018-03-08,3315.0,3440.0,3280.0,3430.0,408600.0,3430.0,3242.0,3229.0,3191.72,3140.9333333333334,2531.08,False,False,False,False,False,False,False,True,False,False,False,0.1107871720116618,-0.0131195335276967,,,0.0694693877551021,0.0842759961127307,-0.0131195335276967,0.2653061224489796,0.0040539966888823,0.3990399504490554,3150.0,3020.0,1.2207947415596057,-0.0025064855313122,0.0031190066992579,0.0006185812209882
2018-03-09,3590.0,3635.0,3470.0,3530.0,865000.0,3530.0,3324.0,3260.0,3187.72,3153.7466666666664,2538.85,False,False,False,False,False,False,False,True,False,False,False,0.0679886685552408,-0.0354107648725212,,,0.0969631728045326,0.1065873465533522,-0.036827195467422,0.2181303116147308,0.0040628923904265,0.3743865030674846,3160.0,3080.0,2.116984826235928,-0.0012548153539206,0.0012516701773916,8.895701544172664e-06
2018-03-12,3600.0,3675.0,3555.0,3660.0,544300.0,3660.0,3435.0,3302.0,3192.72,3167.653333333333,2547.465,False,False,False,False,False,False,True,True,True,False,False,-0.0027322404371584,-0.0587431693989071,,,0.127672131147541,0.1345209471766849,-0.0669398907103825,0.1762295081967213,0.0043902110500307,0.3429739551786795,3085.0,3100.0,0.6292485549132948,0.0015660627928537,0.0028208781467744,0.0003273186596042
2018-03-13,3660.0,3770.0,3655.0,3755.0,394000.0,3755.0,3530.0,3354.0,3201.12,3181.6266666666666,2556.555,False,False,False,False,False,False,True,True,False,False,False,-0.0399467376830892,-0.0585885486018641,,,0.1475046604527297,0.1526959609409676,-0.085219707057257,0.1171770972037283,0.0043918833971721,0.3051580202742993,3145.0,3145.0,0.7238655153408047,0.00262408157145,0.0010580187785962,1.672347141349825e-06
2018-03-14,3700.0,3795.0,3685.0,3780.0,226200.0,3780.0,3631.0,3411.0,3228.92,3195.293333333333,2565.62,False,False,False,False,False,False,True,True,False,False,False,-0.0542328042328042,-0.082010582010582,,,0.1457883597883597,0.15468430335097,-0.1111111111111111,0.1322751322751322,0.0042771242702808,0.279097038991498,3290.0,3100.0,0.5741116751269035,0.0086096899272822,0.0059856083558322,-0.0001147591268912
2018-03-15,3775.0,3830.0,3710.0,3810.0,209000.0,3810.0,3707.0,3474.5,3259.52,3208.093333333333,2574.705,False,False,False,False,False,False,True,True,False,False,False,-0.1115485564304462,-0.0656167979002624,,,0.1444829396325459,0.1579807524059494,-0.0879265091863517,0.1089238845144357,0.0039899088555194,0.2456468556626852,3245.0,3180.0,0.9239610963748894,0.0093878853328097,0.0007781954055274,-0.0002872154147613
2018-03-16,3820.0,3840.0,3755.0,3770.0,181100.0,3770.0,3755.0,3539.5,3286.32,3221.213333333333,2583.585,False,False,False,False,False,False,True,True,False,True,False,-0.0968169761273209,-0.0503978779840848,,,0.1282970822281166,0.1455667550839965,-0.0557029177718832,0.0901856763925729,0.0040729994080906,0.2106229693459528,3235.0,3170.0,0.8665071770334928,0.0081550183792205,-0.0012328669535891,8.309055257114343e-05
2018-03-19,3735.0,3770.0,3605.0,3650.0,339100.0,3650.0,3753.0,3594.0,3311.92,3232.9466666666667,2591.685,False,False,False,False,False,False,True,True,False,True,False,-0.0561643835616438,-0.0506849315068493,,,0.0926246575342465,0.1142611872146118,-0.0041095890410958,0.1506849315068493,0.0036292999987628,0.1843350027824151,3325.0,3015.0,1.872446162341248,0.0077296553056836,-0.0004253630735368,-0.0004436994093278
2018-03-20,3580.0,3635.0,3560.0,3605.0,310700.0,3605.0,3723.0,3626.5,3339.64,3244.4666666666667,2599.84,False,False,False,False,False,False,True,True,False,False,False,-0.0194174757281553,-0.0374479889042995,,,0.0736088765603329,0.1000092464170133,0.0,0.1969486823855755,0.0035506606119136,0.1727561009237556,3800.0,3010.0,0.9162488941315248,0.0083002958402701,0.0005706405345864,-7.863938684920212e-05
2018-03-22,3540.0,3625.0,3495.0,3575.0,597200.0,3575.0,3682.0,3656.5,3370.16,3255.213333333333,2607.835,False,False,False,False,False,False,True,True,False,False,False,-0.0293706293706293,-0.0237762237762237,,,0.0572979020979021,0.0894508158508159,0.0125874125874125,0.2195804195804195,0.0033013709290941,0.1658690004102283,4045.0,2986.0,1.9221113614419048,0.0090559498658817,0.0007556540256115,-0.0002492896828194
2018-03-23,3400.0,3495.0,3380.0,3385.0,423200.0,3385.0,3597.0,3652.0,3387.2,3261.8,2614.77,False,False,False,False,False,False,True,True,False,True,False,0.051698670605613,0.0265878877400295,,,-0.0006499261447562,0.0363958641063515,0.0768094534711964,0.2481536189069424,0.0020193349275452,0.164156626506024,3785.0,3025.0,0.7086403215003348,0.005030703826169,-0.0040252460397126,-0.0012820360015489
2018-03-26,3345.0,3405.0,3270.0,3405.0,315600.0,3405.0,3524.0,3639.5,3400.8,3268.56,2621.92,False,False,False,False,False,False,True,True,False,True,False,0.0513950073421439,0.0279001468428781,,,0.0012334801762114,0.0400704845814978,0.0719530102790014,0.2643171806167401,0.0020681890496119,0.1682923478499794,3625.0,3050.0,0.7457466918714556,0.0039990590449307,-0.0010316447812383,4.885412206675566e-05
2018-03-27,3470.0,3490.0,3420.0,3445.0,178500.0,3445.0,3483.0,3618.0,3409.6,3275.92,2629.15,False,False,False,False,False,False,True,True,False,True,False,0.0058055152394775,0.0420899854862119,,,0.0102757619738752,0.0490798258345427,0.0740203193033381,0.2583454281567489,0.0022466971110406,0.1760641238253178,3600.0,3020.0,0.5655893536121673,0.0025809479117784,-0.0014181111331522,0.0001785080614286
2018-03-28,3410.0,3570.0,3410.0,3535.0,429300.0,3535.0,3469.0,3596.0,3423.8,3284.5733333333333,2636.805,False,False,False,False,False,False,True,True,False,False,False,-0.0183875530410183,-0.0565770862800565,,,0.0314568599717114,0.0708420556341348,0.0594059405940594,0.2234794908062234,0.0026345380221885,0.1868743047830923,3625.0,3040.0,2.4050420168067226,0.0041474385186051,0.0015664906068267,0.0003878409111479
2018-03-29,3570.0,3570.0,3440.0,3470.0,285600.0,3470.0,3448.0,3565.0,3434.0,3291.893333333333,2643.96,False,False,False,False,False,False,True,True,False,True,False,0.0057636887608069,-0.0201729106628242,,,0.0103746397694524,0.0513275696445726,0.0965417867435158,0.2651296829971181,0.0022236443465157,0.2002805049088359,3725.0,3035.0,0.6652690426275332,0.0029702970297029,-0.0011771414889022,-0.0004108936756727
2018-03-30,3520.0,3595.0,3505.0,3560.0,251900.0,3560.0,3483.0,3540.0,3449.0,3299.093333333333,2651.67,False,False,False,False,False,False,True,True,False,False,False,-0.023876404494382,-0.0491573033707865,,,0.0311797752808988,0.0732883895131087,0.0379213483146067,0.2443820224719101,0.0021824177955963,0.21454802259887,3630.0,3025.0,0.8820028011204482,0.0043490866917947,0.0013787896620918,-4.122655091948636e-05
2018-04-02,3615.0,3645.0,3565.0,3580.0,192100.0,3580.0,3518.0,3521.0,3463.4,3305.76,2659.5,False,False,False,False,False,False,True,True,False,True,False,-0.0223463687150838,-0.0502793296089385,,,0.0325698324022346,0.0766033519553072,0.0656424581005586,0.2360335195530726,0.00201668199345,0.2300482817381425,3630.0,2978.0,0.7626042080190552,0.0041577640468903,-0.0001913226449043,-0.0001657358021462
2018-04-03,3510.0,3525.0,3455.0,3465.0,259300.0,3465.0,3522.0,3502.5,3472.4,3310.6266666666666,2666.885,False,False,False,False,False,False,True,True,False,True,False,0.036075036075036,-0.0144300144300144,,,-0.0021356421356421,0.0445521885521885,0.1197691197691197,0.2438672438672438,0.0014700137335528,0.2396859386152748,3535.0,3050.0,1.3498178032274857,0.0025918672963944,-0.0015658967504959,-0.0005466682598971
2018-04-04,3495.0,3520.0,3445.0,3470.0,207700.0,3470.0,3509.0,3489.0,3481.8,3314.96,2674.55,False,False,False,False,False,False,True,True,False,False,False,-0.0389048991354466,-0.0100864553314121,,,-0.0034005763688761,0.0446801152737752,0.1974063400576368,0.2651296829971181,0.0013072053157001,0.2466322728575523,3545.0,3080.0,0.801002699575781,0.0026997530013211,0.0001078857049267,-0.0001628084178526
2018-04-05,3520.0,3525.0,3460.0,3490.0,366300.0,3490.0,3513.0,3480.5,3493.0,3320.16,2681.98,False,False,False,False,False,False,True,True,False,False,False,-0.0257879656160458,-0.0372492836676217,,,-0.0008595988538681,0.0486647564469914,0.2249283667621776,0.2263610315186246,0.0015661895812249,0.2473782502514006,3085.0,3145.0,1.763601348098219,0.0032064128256512,0.00050665982433,0.0002589842655247
2018-04-06,3500.0,3520.0,3455.0,3475.0,360900.0,3475.0,3496.0,3489.5,3505.0,3324.093333333333,2689.35,False,False,False,False,False,False,True,True,False,False,True,-0.0258992805755395,0.0,,,-0.0086330935251798,0.0434263788968826,0.2820143884892086,0.2633093525179856,0.0011832800523048,0.2488895257200171,3045.0,3150.0,0.9852579852579852,0.0034236804564907,0.0002172676308394,-0.00038290952892
2018-04-09,3465.0,3515.0,3455.0,3500.0,270700.0,3500.0,3480.0,3499.0,3520.2,3328.4933333333333,2696.85,False,False,False,False,False,False,True,True,False,False,False,-0.0285714285714285,0.0171428571428571,,,-0.0057714285714285,0.0490019047619047,0.2542857142857143,0.2785714285714286,0.0013219194270081,0.250357244927122,3100.0,3160.0,0.7500692712662788,0.0043179364808817,0.0008942560243909,0.0001386393747033
2018-04-10,3500.0,3650.0,3475.0,3590.0,352000.0,3590.0,3505.0,3513.5,3539.6,3336.16,2704.78,False,False,False,True,True,False,True,True,False,False,False,-0.0487465181058495,0.0125348189415041,,,0.0140389972144847,0.0707075208913649,0.2493036211699164,0.1991643454038997,0.0022980512525378,0.2443432474740287,3010.0,3085.0,1.3003324713705209,0.0054808452932535,0.0011629088123717,0.0009761318255296
2018-04-11,3545.0,3545.0,3305.0,3335.0,450500.0,3335.0,3478.0,3493.5,3541.8,3340.4933333333333,2711.44,False,False,False,False,False,False,True,True,False,True,False,0.0299850074962518,0.08095952023988,,,-0.0620089955022489,-0.0016471764117941,0.3733133433283358,0.2593703148425787,0.0012972135852189,0.2478889365965364,2912.0,3145.0,1.2798295454545454,0.0006211530860015,-0.0048596922072519,-0.0010008376673188
2018-04-12,3335.0,3450.0,3315.0,3400.0,197300.0,3400.0,3460.0,3486.5,3546.8,3346.0133333333333,2718.26,False,False,False,False,False,False,True,True,True,False,False,-0.0117647058823529,0.0647058823529411,,,-0.0431764705882353,0.015878431372549,0.3514705882352941,0.2441176470588235,0.001649724448199,0.245805248816865,2812.0,3290.0,0.4379578246392897,0.0014097214390436,0.000788568353042,0.00035251086298
2018-04-13,3415.0,3415.0,3350.0,3385.0,214900.0,3385.0,3442.0,3469.0,3545.0,3350.813333333333,2724.935,False,False,False,False,False,False,False,True,False,True,False,0.0265878877400295,0.0768094534711964,,,-0.0472673559822747,0.0100994583948794,0.3175775480059084,0.2333825701624815,0.0014324880327561,0.2447391179014125,2959.0,3245.0,1.089204257475925,-0.0005077574047955,-0.0019174788438391,-0.0002172364154429
2018-04-16,3385.0,3455.0,3380.0,3400.0,137500.0,3400.0,3422.0,3451.0,3539.8,3355.48,2731.615,False,False,False,False,False,False,False,True,False,True,False,0.0470588235294117,0.0735294117647058,,,-0.0411176470588235,0.0130941176470588,0.3426470588235294,0.2264705882352941,0.0013907597919424,0.2438423645320197,3065.0,3235.0,0.6398324802233597,-0.001469009548562,-0.0009612521437664,-4.172824081371965e-05
2018-04-17,3440.0,3465.0,3345.0,3415.0,200000.0,3415.0,3387.0,3446.0,3530.0,3360.7466666666664,2738.375,False,False,False,False,False,False,False,True,False,True,False,0.0644216691068814,0.0834553440702781,,,-0.0336749633967789,0.0158867740361152,0.3396778916544656,0.1976573938506588,0.0015671120703335,0.2392629135229251,3225.0,3325.0,1.4545454545454546,-0.0027762039660057,-0.0013071944174437,0.000176352278391
2018-04-18,3420.0,3455.0,3370.0,3435.0,213000.0,3435.0,3407.0,3442.5,3517.2,3366.0133333333333,2745.225,False,False,False,False,False,False,False,True,False,True,False,0.049490538573508,0.0902474526928675,,,-0.0239301310043667,0.0200834546336729,0.3085880640465793,0.1848617176128093,0.0015646600726478,0.2312273057371096,3180.0,3800.0,1.065,-0.0036392585010804,-0.0008630545350747,-2.451997685680267e-06
2018-04-19,3435.0,3435.0,3325.0,3360.0,191300.0,3360.0,3399.0,3429.5,3500.4,3370.346666666667,2751.365,False,False,False,False,False,False,False,True,False,True,False,0.0773809523809523,0.1324404761904762,,,-0.0417857142857143,-0.0030793650793651,0.3467261904761904,0.2157738095238095,0.0012857233281641,0.2302084852019244,3215.0,4045.0,0.8981220657276995,-0.004799451491258,-0.0011601929901776,-0.0002789367444837
2018-04-20,3345.0,3495.0,3335.0,3475.0,243600.0,3475.0,3417.0,3429.5,3487.0,3376.346666666667,2758.125,False,False,False,False,False,False,False,True,False,False,False,0.0489208633093525,0.0633093525179856,,,-0.0034532374100719,0.0283894484412469,0.2618705035971223,0.1467625899280575,0.0017770687054251,0.218399183554454,3185.0,3785.0,1.273392577104025,-0.0038428448523086,0.0009566066389494,0.000491345377261
2018-04-23,3495.0,3565.0,3450.0,3560.0,223900.0,3560.0,3449.0,3435.5,3478.6,3384.1066666666666,2765.51,False,False,False,False,True,False,False,True,False,False,False,0.0252808988764044,0.071629213483146,,,0.0228651685393258,0.0494082397003745,0.2808988764044944,0.1151685393258427,0.0022930719283867,0.2015718236064619,3220.0,3625.0,0.9191297208538588,-0.0024147645604553,0.0014280802918532,0.0005160032229615
2018-04-24,3595.0,3640.0,3535.0,3635.0,276900.0,3635.0,3493.0,3440.0,3478.0,3391.9066666666668,2773.04,False,False,False,False,False,False,False,True,False,False,False,0.0178817056396148,0.0674002751031636,,,0.043191196698762,0.0668757450710682,0.2861072902338377,0.0839064649243466,0.0022995915768123,0.1893895348837209,3240.0,3600.0,1.2367128182224207,-0.0001725129384703,0.002242251621985,6.519648425566248e-06
2018-04-25,3595.0,3640.0,3565.0,3605.0,179600.0,3605.0,3527.0,3467.0,3478.0,3398.9066666666668,2780.52,False,False,False,False,False,False,False,True,False,False,False,0.0388349514563106,0.1525658807212205,,,0.0352288488210818,0.0571687471104946,0.3287101248266297,0.0998613037447988,0.0020594857954322,0.1733487164695702,3235.0,3625.0,0.6486096063560852,0.0,0.0001725129384703,-0.00024010578138
2018-04-26,3630.0,3635.0,3580.0,3620.0,148000.0,3620.0,3579.0,3489.0,3479.8,3405.24,2788.08,False,False,False,False,False,False,True,True,False,False,False,0.0511049723756906,0.180939226519337,,,0.0387292817679557,0.0593259668508287,0.2845303867403315,0.0635359116022099,0.0018598786967535,0.1550587560905703,3210.0,3725.0,0.8240534521158129,0.0005172711075349,0.0005172711075349,-0.0001996070986787
2018-04-27,3625.0,3700.0,3620.0,3645.0,229300.0,3645.0,3613.0,3515.0,3490.2,3411.84,2795.825,False,False,False,False,False,False,True,True,True,False,False,0.0137174211248285,0.2222222222222222,,,0.0424691358024691,0.0639670781893003,0.2181069958847736,0.0438957475994513,0.0019344400675296,0.1359886201991465,3175.0,3630.0,1.5493243243243244,0.0029797719328404,0.0024625008253054,7.456137077610893e-05
2018-05-01,3635.0,3665.0,3565.0,3650.0,125800.0,3650.0,3631.0,3540.0,3500.0,3418.373333333333,2803.525,False,False,False,False,False,False,True,True,False,True,False,0.0452054794520547,0.2027397260273972,,,0.0410958904109589,0.0634593607305937,0.236986301369863,0.0684931506849315,0.0019112404340464,0.1203389830508474,3120.0,3630.0,0.5486262538159616,0.0028,-0.0001797719328403,-2.3199633483189305e-05
2018-05-02,3665.0,3720.0,3630.0,3700.0,197100.0,3700.0,3644.0,3568.5,3510.2,3426.5733333333333,2811.47,False,False,False,False,False,False,True,True,False,False,False,0.0486486486486486,0.2121621621621621,,,0.0512972972972973,0.0738990990990991,0.2378378378378378,0.0243243243243243,0.0023930612896071,0.1029844472467423,3105.0,3535.0,1.566772655007949,0.0029058173323456,0.0001058173323456,0.0004818208555607
2018-05-07,3715.0,3745.0,3675.0,3745.0,162800.0,3745.0,3672.0,3599.5,3518.6,3434.5733333333333,2819.835,False,False,False,False,False,False,True,True,False,True,False,0.1094793057409879,0.2229639519359145,,,0.0604539385847797,0.0828909657320872,0.2242990654205607,0.0053404539385847,0.0023292558415795,0.0850118071954438,3280.0,3545.0,0.8259766615930999,0.0023873131359063,-0.0005185041964393,-6.380544802764331e-05
2018-05-08,3750.0,3840.0,3730.0,3805.0,304400.0,3805.0,3709.0,3644.0,3532.0,3441.44,2828.325,False,False,False,False,False,False,True,True,False,False,False,0.1235216819973718,0.2076215505913272,,,0.0717477003942181,0.0955479632063074,0.1918528252299605,-0.0236530880420499,0.0019952887938382,0.0616081229418221,3275.0,3085.0,1.869778869778869,0.0037938844847112,0.0014065713488048,-0.0003339670477412
2018-05-09,3755.0,3795.0,3660.0,3695.0,343500.0,3695.0,3719.0,3666.0,3537.4,3447.44,2836.165,False,False,False,False,False,False,True,True,False,True,False,0.2056833558863328,0.2070365358592693,,,0.0426522327469553,0.066998646820027,0.2706359945872801,0.0230040595399188,0.0017404218782632,0.0496453900709219,3430.0,3045.0,1.128449408672799,0.0015265449199977,-0.0022673395647134,-0.0002548669155749
2018-05-10,3720.0,3820.0,3665.0,3815.0,233300.0,3815.0,3752.0,3691.5,3546.8,3455.173333333333,2844.71,False,False,False,False,False,False,True,True,False,False,False,0.1507208387942332,0.1965923984272608,,,0.0703014416775884,0.0943189165574487,0.2241153342070773,0.0222804718217562,0.0022381896904351,0.0404984423676012,3530.0,3100.0,0.6791848617176128,0.002650276305402,0.0011237313854043,0.0004977678121718
2018-05-11,3840.0,3880.0,3770.0,3880.0,281900.0,3880.0,3788.0,3716.0,3563.4,3462.5733333333333,2853.565,False,False,False,False,False,False,True,True,False,False,False,0.1559278350515464,0.1791237113402062,,,0.0815979381443298,0.1075841924398625,0.2280927835051546,0.0128865979381443,0.0021371388524142,0.0333692142088266,3660.0,3010.0,1.2083154736390913,0.0046584722456081,0.002008195940206,-0.0001010508380209
2018-05-14,3880.0,4165.0,3865.0,4155.0,979300.0,4155.0,3870.0,3771.0,3590.8,3467.306666666667,2863.795,False,False,False,False,False,False,True,True,False,False,False,0.1022864019253911,0.0818291215403128,,,0.1357882069795426,0.1655098275170476,0.1468110709987966,-0.0565583634175691,0.0013651325909063,0.0171042163882259,3755.0,2912.0,3.473926924441291,0.0076306115628829,0.0029721393172748,-0.0007720062615078
2018-05-15,4170.0,4445.0,4170.0,4275.0,701600.0,4275.0,3964.0,3836.5,3622.2,3470.373333333333,2874.63,False,False,False,False,False,False,True,True,False,False,False,0.0748538011695906,0.0584795321637426,,,0.1527017543859649,0.1882167641325537,0.0350877192982456,-0.071345029239766,0.0008836705368873,0.0028671966636257,3780.0,2812.0,0.7164301031348923,0.0086687648390479,0.001038153276165,-0.000481462054019
2018-05-16,4285.0,4505.0,4285.0,4455.0,439900.0,4455.0,4116.0,3917.5,3661.4,3479.306666666667,2886.305,False,False,False,False,False,False,True,True,False,False,False,0.0011223344556677,-0.015712682379349,,,0.1781369248035914,0.2190108492330714,0.0269360269360269,-0.1402918069584736,0.0025675613532199,-0.0172303765156349,3810.0,2959.0,0.6269954389965793,0.0107062872125417,0.0020375223734937,0.0016838908163326
2018-05-17,4420.0,4420.0,4315.0,4390.0,434100.0,4390.0,4231.0,3991.5,3697.0,3489.5066666666667,2897.48,False,False,False,False,False,False,True,True,False,True,False,0.0398633257403189,0.0387243735763098,,,0.1578587699316628,0.2051237661351556,0.0341685649202733,-0.1343963553530751,0.002923049294456,-0.037955655768508,3770.0,3065.0,0.9868151852693794,0.0096294292669731,-0.0010768579455685,0.0003554879412361
2018-05-18,4340.0,4540.0,4320.0,4485.0,396800.0,4485.0,4352.0,4070.0,3732.8,3501.306666666667,2909.055,False,False,False,False,False,False,True,True,False,True,False,0.020066889632107,0.0423634336677814,,,0.1677146042363433,0.2193296172426606,0.0,-0.1527313266443701,0.0033701703744888,-0.0562653562653562,3650.0,3225.0,0.9140750979037088,0.0095906558079726,-3.8773459000581226e-05,0.0004471210800327
2018-05-21,4525.0,4600.0,4515.0,4580.0,226700.0,4580.0,4437.0,4153.5,3782.6,3514.04,2921.27,False,False,False,False,False,False,True,True,False,False,False,-0.0185589519650655,0.0458515283842794,,,0.1741048034934498,0.2327423580786026,-0.0502183406113537,-0.1561135371179039,0.003623559587635,-0.0728301432526784,3605.0,3180.0,0.571320564516129,0.0131655475070056,0.003574891699033,0.0002533892131462
2018-05-22,4585.0,4615.0,4555.0,4595.0,163600.0,4595.0,4501.0,4232.5,3830.4,3525.64,2933.52,False,False,False,False,False,False,True,True,False,True,False,-0.015233949945593,0.0119695321001088,,,0.166398258977149,0.2327225244831338,-0.0729053318824809,-0.1958650707290533,0.0032901827753258,-0.0906083874778499,3575.0,3215.0,0.7216585796206441,0.0124791144527987,-0.0006864330542069,-0.0003333768123091
2018-05-23,4525.0,4550.0,4400.0,4460.0,420100.0,4460.0,4502.0,4309.0,3873.4,3536.7066666666665,2945.135,False,False,False,False,False,False,True,True,False,True,False,-0.0168161434977578,-0.0044843049327354,,,0.13152466367713,0.20701644245142,-0.0269058295964125,-0.2152466367713004,0.0031290880781744,-0.1132513344163379,3385.0,3185.0,2.567848410757946,0.0111013579800691,-0.0013777564727295,-0.0001610946971514
2018-05-24,4500.0,4600.0,4475.0,4565.0,310100.0,4565.0,4537.0,4384.0,3920.0,3549.173333333333,2957.275,False,False,False,False,False,False,True,True,False,False,False,-0.0010952902519167,-0.0109529025191675,,,0.1412924424972617,0.2225250091274188,-0.0580503833515881,-0.2519167579408543,0.0035125550362901,-0.1394844890510949,3405.0,3220.0,0.7381575815282075,0.0118877551020407,0.0007863971219716,0.0003834669581157
2018-05-25,4495.0,4585.0,4490.0,4575.0,106900.0,4575.0,4555.0,4453.5,3966.4,3563.04,2969.745,False,False,False,False,False,False,True,True,False,True,False,0.0218579234972677,0.0010928961748633,,,0.1330273224043715,0.2211934426229508,-0.0590163934426229,-0.2546448087431694,0.0038918077446974,-0.1645896485909958,3445.0,3240.0,0.344727507255724,0.0116982654296087,-0.000189489672432,0.0003792527084072
2018-05-28,4460.0,4550.0,4460.0,4495.0,142900.0,4495.0,4538.0,4487.5,4008.8,3575.7066666666665,2981.725,False,False,False,False,False,False,True,True,False,True,False,0.0656284760845383,0.0200222469410456,,,0.1081646273637374,0.204514645902855,-0.0667408231368186,-0.2369299221357063,0.0035424233158573,-0.1818384401114206,3535.0,3235.0,1.3367633302151545,0.0105767311913789,-0.0011215342382297,-0.0003493844288401
2018-05-29,4530.0,4565.0,4465.0,4525.0,120200.0,4525.0,4524.0,4512.5,4055.4,3594.9066666666668,2993.96,False,False,False,False,False,False,True,True,False,False,False,0.0276243093922651,0.0022099447513812,,,0.1037790055248618,0.2055454880294659,-0.0541436464088397,-0.2453038674033149,0.0053408897032098,-0.1986703601108033,3470.0,3210.0,0.841147655703289,0.0114908517039009,0.0009141205125219,0.0017984663873524
2018-05-30,4400.0,4485.0,4380.0,4385.0,187500.0,4385.0,4509.0,4505.5,4091.8,3612.7733333333335,3005.575,False,False,False,False,False,False,True,True,False,True,False,0.0125427594070695,0.0706955530216647,,,0.0668643101482325,0.1761064234131508,-0.0364880273660205,-0.2041049030786773,0.0049454158947143,-0.2049717012540228,3560.0,3175.0,1.559900166389351,0.0088958404614106,-0.0025950112424903,-0.0003954738084954
2018-05-31,4455.0,4610.0,4455.0,4560.0,375700.0,4560.0,4508.0,4522.5,4131.8,3632.24,3018.27,False,False,False,False,False,False,True,True,False,False,True,-0.0098684210526315,0.0241228070175438,,,0.0939035087719297,0.2034561403508772,-0.0986842105263157,-0.2467105263157894,0.0053594109052998,-0.2160309563294637,3580.0,3120.0,2.0037333333333334,0.0096810106975168,0.0007851702361061,0.0004139950105854
2018-06-01,4575.0,4685.0,4540.0,4675.0,296800.0,4675.0,4528.0,4541.5,4173.4,3654.44,3031.32,False,False,False,False,False,False,True,True,False,False,False,-0.0203208556149732,0.0192513368983957,,,0.1072941176470589,0.2183016042780748,-0.1016042780748663,-0.2438502673796791,0.0060748021584703,-0.2251458769129142,3465.0,3105.0,0.7899920149055097,0.0099678918867109,0.0002868811891941,0.0007153912531704
2018-06-04,4770.0,4815.0,4760.0,4790.0,315700.0,4790.0,4587.0,4562.5,4220.8,3679.48,3044.86,False,False,False,False,False,False,True,True,False,False,False,-0.0427974947807933,-0.0052192066805845,,,0.118830897703549,0.2318413361169102,-0.0991649269311064,-0.24321503131524,0.0068053094458999,-0.233972602739726,3470.0,3280.0,1.0636792452830188,0.0112300985595149,0.0012622066728039,0.0007305072874296
2018-06-05,4785.0,4790.0,4620.0,4650.0,244600.0,4650.0,4612.0,4568.0,4262.0,3703.986666666666,3057.58,False,False,False,False,False,False,True,True,False,True,False,-0.0247311827956989,-0.0483870967741935,,,0.0834408602150537,0.2034437275985664,-0.0623655913978494,-0.2376344086021505,0.0066162945150989,-0.2381786339754816,3490.0,3275.0,0.7747861894203357,0.0096668230877521,-0.0015632754717627,-0.000189014930801
2018-06-06,4600.0,4625.0,4430.0,4440.0,373800.0,4440.0,4623.0,4566.0,4293.8,3723.733333333333,3069.25,False,False,False,False,False,False,True,True,False,True,False,0.0574324324324324,0.0304054054054054,,,0.0329279279279278,0.1613213213213213,-0.0484234234234234,-0.1813063063063063,0.0053029217989115,-0.2348883048620236,3475.0,3430.0,1.5282093213409649,0.0074060272951698,-0.0022607957925823,-0.0013133727161873
2018-06-07,4460.0,4545.0,4460.0,4515.0,347800.0,4515.0,4614.0,4561.0,4328.4,3743.0666666666666,3081.54,False,False,False,False,False,False,True,True,False,False,False,0.0343300110741971,0.0055370985603543,,,0.0413289036544851,0.1709708379475821,-0.0465116279069767,-0.1882613510520487,0.0051651052612831,-0.2285682964262223,3500.0,3530.0,0.9304440877474586,0.0079937159227426,0.0005876886275728,-0.0001378165376284
2018-06-08,4445.0,4610.0,4445.0,4580.0,452800.0,4580.0,4595.0,4561.5,4363.6,3761.133333333333,3094.315,False,False,False,False,False,False,True,True,False,False,False,0.0403930131004366,-0.0207423580786026,,,0.0472489082969431,0.1787918486171761,-0.0534934497816593,-0.2085152838427947,0.0048035166705071,-0.2239394935876356,3590.0,3660.0,1.3018976423231745,0.0080667338894492,7.301796670655496e-05,-0.000361588590776
2018-06-11,4560.0,4615.0,4480.0,4585.0,172200.0,4585.0,4554.0,4570.5,4397.2,3779.866666666667,3107.085,False,False,False,False,False,False,True,True,False,True,False,0.0392584514721919,-0.0512540894220283,,,0.0409596510359869,0.1756015994183933,-0.0567066521264994,-0.2006543075245365,0.0049560831069879,-0.2203260037195055,3335.0,3755.0,0.3803003533568904,0.0076412262348766,-0.0004255076545726,0.0001525664364808
2018-06-12,4580.0,4585.0,4480.0,4535.0,225900.0,4535.0,4531.0,4571.5,4426.4,3797.466666666666,3119.305,False,False,False,False,False,False,True,True,False,True,False,-0.0242557883131201,-0.0606394707828004,,,0.0239470782800441,0.1626313855200294,-0.031973539140022,-0.1841234840132304,0.0046346687265192,-0.2142622771519195,3400.0,3780.0,1.3118466898954704,0.0065967829387312,-0.0010444432961454,-0.0003214143804686
2018-06-13,4560.0,4730.0,4545.0,4695.0,324200.0,4695.0,4582.0,4602.5,4466.4,3817.6,3132.02,False,False,False,False,False,False,True,True,False,False,True,-0.0255591054313099,-0.0756123535676251,,,0.0486900958466454,0.1868796592119276,-0.0564430244941427,-0.2055378061767838,0.0052738195026544,-0.2143400325909831,3385.0,3810.0,1.4351482957060646,0.0089557585527494,0.0023589756140182,0.0006391507761351
2018-06-14,4640.0,4740.0,4585.0,4670.0,254200.0,4670.0,4613.0,4613.5,4500.6,3836.933333333333,3144.815,False,False,False,False,False,False,True,True,False,True,False,-0.0278372591006423,-0.0792291220556745,,,0.0362740899357601,0.1783868665239115,-0.0524625267665952,-0.2066381156316916,0.0050387462209402,-0.2103608973664246,3400.0,3770.0,0.784083898827884,0.0075989868017599,-0.0013567717509894,-0.0002350732817142
2018-06-15,4620.0,4780.0,4615.0,4765.0,321200.0,4765.0,4650.0,4622.5,4536.0,3857.266666666667,3158.135,False,False,False,False,False,False,True,True,False,False,False,-0.0587618048268625,-0.0965372507869884,,,0.0480587618048268,0.1905001748863238,-0.0954879328436516,-0.2193074501573977,0.0052714357316927,-0.2078961600865332,3415.0,3650.0,1.2635719905586154,0.0078042328042327,0.0002052460024727,0.0002326895107524
2018-06-18,4710.0,4765.0,4650.0,4765.0,170100.0,4765.0,4686.0,4620.0,4560.4,3877.6666666666665,3171.52,False,False,False,False,False,False,True,True,False,True,False,-0.0870933892969569,-0.1196222455403987,,,0.0429380902413432,0.1862189576775096,-0.0786988457502623,-0.2770199370409234,0.0052608957276711,-0.2113636363636363,3435.0,3605.0,0.5295765877957659,0.0053504078589596,-0.002453824945273,-1.0540004021533827e-05
2018-06-19,4730.0,4840.0,4390.0,4425.0,609000.0,4425.0,4664.0,4597.5,4566.4,3893.866666666667,3183.15,False,False,False,False,False,False,True,True,False,True,False,-0.0372881355932203,-0.0327683615819209,,,-0.0319548022598869,0.1200301318267419,-0.0327683615819209,-0.231638418079096,0.0041603889878099,-0.210657966286025,3360.0,3575.0,3.580246913580247,0.0013139453398738,-0.0040364625190858,-0.0011005067398612
2018-06-20,4455.0,4590.0,4435.0,4575.0,403100.0,4575.0,4640.0,4611.0,4571.2,3912.533333333333,3195.445,False,False,False,False,False,False,True,True,False,True,True,-0.0513661202185792,-0.0765027322404371,,,0.0008306010928962,0.1448014571948999,-0.0404371584699453,-0.253551912568306,0.004770992366412,-0.2177401865105183,3475.0,3385.0,0.6619047619047619,0.0010500525026251,-0.0002638928372486,0.0006106033786021
2018-06-21,4530.0,4580.0,4470.0,4540.0,235800.0,4540.0,4614.0,4613.5,4577.2,3931.466666666666,3207.345,False,False,False,False,False,False,True,True,False,False,False,-0.052863436123348,-0.0947136563876652,,,-0.0081938325991189,0.1340381791483114,-0.01431718061674,-0.2422907488986784,0.0048158448077053,-0.2230410751056681,3560.0,3405.0,0.58496650955098,0.0013108450581141,0.0002607925554889,4.485244129330806e-05
2018-06-22,4445.0,4510.0,4395.0,4485.0,256700.0,4485.0,4558.0,4604.0,4577.2,3949.866666666667,3218.715,False,False,False,False,False,False,False,True,False,True,False,-0.040133779264214,-0.0635451505016722,,,-0.0205574136008918,0.1193162393162392,-0.040133779264214,-0.2764771460423634,0.0046583850931678,-0.2296915725456125,3635.0,3445.0,1.0886344359626805,0.0,-0.0013108450581141,-0.0001574597145375
2018-06-25,4420.0,4435.0,4330.0,4350.0,190100.0,4350.0,4475.0,4580.5,4568.0,3964.133333333333,3229.475,False,False,False,False,False,False,False,True,False,True,False,-0.0356321839080459,-0.0080459770114942,,,-0.0501149425287356,0.0887049808429119,-0.0344827586206896,-0.2482758620689655,0.0035989371363222,-0.2343630608012225,3605.0,3535.0,0.7405531749123491,-0.0020140105078808,-0.0020140105078808,-0.0010594479568455
2018-06-26,4210.0,4305.0,4165.0,4260.0,318000.0,4260.0,4442.0,4553.0,4554.6,3977.266666666667,3239.73,False,False,False,False,False,False,False,True,False,True,False,0.0046948356807511,0.0234741784037558,,,-0.0691549295774648,0.0663693270735523,-0.0070422535211267,-0.2453051643192488,0.0033021002698671,-0.2403909510213046,3620.0,3470.0,1.6728037874802737,-0.0029420805339655,-0.0009280700260847,-0.0002968368664551
2018-06-27,4215.0,4395.0,4215.0,4340.0,197500.0,4340.0,4395.0,4517.5,4549.8,3989.4,3250.46,False,False,False,False,False,False,False,True,False,False,False,-0.0264976958525345,-0.0264976958525345,,,-0.0483410138248848,0.0807834101382488,-0.0380184331797235,-0.2523041474654378,0.0030413930248491,-0.2451577199778638,3645.0,3560.0,0.6210691823899371,-0.0010549914281946,0.0018870891057708,-0.000260707245018
2018-06-28,4300.0,4330.0,4210.0,4300.0,157100.0,4300.0,4347.0,4480.5,4539.2,3999.6666666666665,3261.03,False,False,False,False,False,False,False,True,False,True,False,-0.0441860465116279,0.0011627906976744,,,-0.0556279069767441,0.0698449612403101,-0.0302325581395348,-0.2186046511627907,0.002566880573381,-0.2466242606851914,3650.0,3580.0,0.7954430379746835,-0.0023352132534368,-0.0012802218252421,-0.000474512451468
2018-06-29,4300.0,4335.0,4235.0,4305.0,170300.0,4305.0,4311.0,4434.5,4528.4,4008.266666666667,3271.875,False,False,False,False,False,False,False,True,False,True,False,-0.024390243902439,0.0069686411149825,,,-0.0518931475029035,0.0689276035617498,-0.0499419279907084,-0.2067363530778165,0.0021455658306168,-0.2456872251663096,3700.0,3465.0,1.0840229153405474,-0.0023849483261196,-4.9735072682831945e-05,-0.0004213147427642
2018-07-02,4260.0,4340.0,4180.0,4195.0,162100.0,4195.0,4280.0,4377.5,4516.4,4014.133333333333,3282.49,False,False,False,False,False,False,False,True,False,True,False,0.0286054827175208,0.0309892729439809,,,-0.0766150178784266,0.0431148192292411,-0.0297973778307508,-0.2085816448152562,0.0014615026904935,-0.2387207310108509,3745.0,3470.0,0.9518496770405168,-0.0026569834381365,-0.0002720351120169,-0.0006840631401233
2018-07-03,4175.0,4305.0,4175.0,4280.0,235100.0,4280.0,4284.0,4363.0,4506.6,4020.8,3293.45,False,False,False,False,False,False,False,True,False,False,False,0.0186915887850467,0.0257009345794392,,,-0.0529439252336449,0.0605607476635513,-0.0455607476635514,-0.2126168224299065,0.0016580448335323,-0.2368782947513179,3805.0,3490.0,1.4503392967304134,-0.0021745883814847,0.0004823950566517,0.0001965421430388
2018-07-04,4225.0,4275.0,4185.0,4225.0,123200.0,4225.0,4261.0,4328.0,4500.2,4026.3333333333335,3304.195,False,False,False,False,False,False,False,True,False,False,False,0.0,0.0485207100591716,,,-0.0651360946745561,0.0470216962524654,-0.0568047337278106,-0.2236686390532544,0.0013742859508237,-0.2338262476894639,3695.0,3475.0,0.5240323266695024,-0.001422159015155,0.0007524293663297,-0.0002837588827086
2018-07-05,4175.0,4230.0,4090.0,4110.0,128500.0,4110.0,4223.0,4285.0,4482.2,4030.866666666667,3314.485,False,False,False,False,False,False,False,True,False,True,False,0.0474452554744525,0.0766423357664233,,,-0.090559610705596,0.0192538523925384,-0.0340632603406326,-0.2080291970802919,0.0011246547475315,-0.2304550758459743,3815.0,3500.0,1.0430194805194806,-0.0040158850564454,-0.0025937260412904,-0.0002496312032921
2018-07-06,4145.0,4220.0,4090.0,4200.0,140400.0,4200.0,4202.0,4256.5,4463.2,4038.2,3325.1,False,False,False,False,False,False,False,True,False,True,False,0.0321428571428571,0.0261904761904761,,,-0.0626666666666666,0.0385238095238095,-0.0619047619047619,-0.2945238095238095,0.0018159906228847,-0.2319276400798778,3880.0,3590.0,1.0926070038910505,-0.0042570353109876,-0.0002411502545421,0.0006913358753531
2018-07-09,4235.0,4345.0,4210.0,4315.0,114300.0,4315.0,4226.0,4253.0,4444.2,4047.6666666666665,3336.255,False,False,False,False,False,False,False,True,False,True,False,0.0023174971031286,0.0173812282734646,,,-0.0299420625724217,0.0619544225569718,-0.0811123986095017,-0.3376593279258401,0.0023387960141645,-0.2409828356454267,4155.0,3335.0,0.8141025641025641,-0.0042752351379325,-1.8199826944954343e-05,0.0005228053912798
2018-07-10,4400.0,4415.0,4345.0,4360.0,200300.0,4360.0,4242.0,4263.0,4432.6,4058.133333333333,3347.26,False,False,False,False,False,False,False,True,False,False,True,0.0068807339449541,-0.018348623853211,,,-0.016651376146789,0.0692354740061162,-0.1169724770642201,-0.3722477064220184,0.0025791825469838,-0.2539760731878958,4275.0,3400.0,1.7524059492563429,-0.0026169742363397,0.0016582609015928,0.0002403865328192
2018-07-11,4290.0,4300.0,4195.0,4225.0,137000.0,4225.0,4242.0,4251.5,4424.0,4069.3333333333335,3357.7,False,False,False,False,False,False,False,True,False,False,False,0.0485207100591716,0.0390532544378698,,,-0.0471005917159763,0.036844181459566,-0.0994082840236686,-0.32,0.0027522935779817,-0.2607079854169117,4455.0,3385.0,0.6839740389415876,-0.0019439421338156,0.000673032102524,0.0001731110309978
2018-07-12,4235.0,4325.0,4210.0,4305.0,125200.0,4305.0,4281.0,4252.0,4415.6,4081.3333333333335,3368.56,False,False,False,False,False,False,False,True,False,False,False,0.0278745644599303,0.0394889663182346,,,-0.0256910569105691,0.0519550909794811,-0.0940766550522648,-0.2833914053426248,0.0029402156158118,-0.2672624647224835,4390.0,3400.0,0.9138686131386862,-0.0019023462270132,4.159590680240005e-05,0.0001879220378301
2018-07-13,4235.0,4395.0,4235.0,4335.0,216600.0,4335.0,4308.0,4255.0,4405.8,4093.2,3379.16,False,False,False,False,False,False,False,True,False,True,False,-0.0057670126874279,-0.0069204152249134,,,-0.0163321799307958,0.0557785467128028,-0.1257208765859284,-0.2756632064590542,0.002899117235089,-0.2742420681551116,4485.0,3415.0,1.7300319488817892,-0.0022243406418811,-0.0003219944148679,-4.1098380722816383e-05
2018-07-17,4270.0,4375.0,4265.0,4325.0,212300.0,4325.0,4310.0,4268.0,4395.4,4103.733333333334,3389.9,False,False,False,False,False,False,False,True,False,True,True,0.015028901734104,-0.0289017341040462,,,-0.0162774566473987,0.051159922928709,-0.1294797687861271,-0.2485549132947976,0.0025667684709858,-0.2780927835051546,4580.0,3435.0,0.9801477377654664,-0.0023661100241162,-0.000141769382235,-0.0003323487641031
2018-07-18,4380.0,4470.0,4350.0,4390.0,282800.0,4390.0,4316.0,4279.0,4389.6,4116.0,3400.97,False,False,False,False,True,False,False,True,False,False,False,-0.0250569476082004,-0.0364464692482915,,,9.111617312064606e-05,0.0624145785876993,-0.15375854214123,-0.2608200455580866,0.0029802397149335,-0.2828698293993924,4595.0,3360.0,1.3320772491756947,-0.0013213049024966,0.0010448051216196,0.0004134712439476
2018-07-19,4415.0,4450.0,4375.0,4430.0,201000.0,4430.0,4357.0,4299.5,4379.0,4127.6,3412.385,False,False,False,False,False,False,False,True,False,True,False,-0.0090293453724604,-0.0575620767494356,,,0.0115124153498871,0.0682618510158012,-0.146726862302483,-0.2516930022573363,0.0028103498401008,-0.2854750552389813,4460.0,3475.0,0.7107496463932107,-0.0024206439826445,-0.0010993390801478,-0.0001698898748326
2018-07-20,4410.0,4475.0,4385.0,4425.0,171700.0,4425.0,4381.0,4331.0,4369.2,4138.866666666667,3423.485,False,False,False,False,False,False,False,True,False,False,False,0.0112994350282485,-0.0576271186440678,,,0.0126101694915254,0.0646629001883239,-0.1186440677966101,-0.2644067796610169,0.0027221622666429,-0.2906719002539829,4565.0,3560.0,0.8542288557213931,-0.0022429735420672,0.0001776704405772,-8.818757345788924e-05
2018-07-23,4400.0,4425.0,4280.0,4310.0,182800.0,4310.0,4376.0,4342.0,4351.0,4150.133333333333,3434.085,False,False,False,False,False,True,False,True,False,True,False,-0.0011600928074245,-0.0510440835266821,,,-0.0095127610208816,0.037092034029389,-0.0881670533642691,-0.228538283062645,0.0027147722161536,-0.284131736526946,4575.0,3635.0,1.0646476412347117,-0.0041829464490921,-0.0019399729070248,-7.390050489343956e-06
2018-07-24,4345.0,4415.0,4265.0,4390.0,151200.0,4390.0,4389.0,4349.5,4336.0,4162.4,3444.975,False,False,False,False,False,False,False,True,False,False,False,-0.0432801822323462,-0.0728929384965831,,,0.0123006833712984,0.0518451025056948,-0.1070615034168565,-0.2437357630979499,0.002947017746172,-0.2747442234739625,4495.0,3605.0,0.8271334792122538,-0.0034594095940959,0.0007235368549961,0.0002322455300183
2018-07-25,4350.0,4360.0,4170.0,4280.0,231500.0,4280.0,4367.0,4341.5,4330.2,4172.933333333333,3454.8,False,False,False,False,False,False,False,True,False,False,False,-0.0116822429906542,-0.0455607476635514,,,-0.0117289719626167,0.0250155763239875,-0.072429906542056,-0.2546728971962617,0.002524203597789,-0.2629736266267418,4525.0,3620.0,1.531084656084656,-0.0013394300494203,0.0021199795446755,-0.0004228141483829
2018-07-26,4335.0,4405.0,4320.0,4390.0,173100.0,4390.0,4359.0,4358.0,4322.8,4185.133333333333,3464.795,False,False,False,False,False,False,False,True,False,True,True,-0.0489749430523918,-0.092255125284738,,,0.0153075170842824,0.0466666666666667,-0.1275626423690205,-0.3018223234624145,0.0029150803638274,-0.2613584212941716,4385.0,3645.0,0.7477321814254859,-0.0017118534283334,-0.000372423378913,0.0003908767660384
2018-07-27,4400.0,4570.0,4400.0,4475.0,367500.0,4475.0,4369.0,4375.0,4320.2,4198.133333333333,3475.415,False,False,False,False,False,False,False,True,False,False,False,-0.0681564245810055,-0.1128491620111731,,,0.0345921787709497,0.0618696461824953,-0.1508379888268156,-0.3083798882681564,0.0030966143682906,-0.264,4560.0,3650.0,2.123050259965338,-0.0006018239896301,0.0011100294387032,0.0001815340044631
2018-07-30,4435.0,4465.0,4290.0,4305.0,152100.0,4305.0,4368.0,4372.0,4313.0,4207.666666666667,3485.165,False,False,False,False,False,False,False,True,False,True,False,-0.0499419279907084,-0.0847851335656213,,,-0.0018583042973286,0.0226093689508322,-0.1173054587688734,-0.2764227642276423,0.0022657054582905,-0.2640667886550777,4675.0,3700.0,0.4138775510204082,-0.001669371667053,-0.0010675476774228,-0.0008309089100001
2018-07-31,4235.0,4245.0,4125.0,4200.0,251700.0,4200.0,4330.0,4359.5,4307.0,4219.2,3494.405,False,False,False,False,False,False,False,True,False,False,False,-0.0309523809523809,-0.0559523809523809,,,-0.0254761904761904,-0.0045714285714285,-0.0797619047619047,-0.294047619047619,0.0027335355833648,-0.2684940933593302,4790.0,3745.0,1.6548323471400397,-0.0013930810308799,0.000276290636173,0.0004678301250742
2018-08-01,4215.0,4315.0,4200.0,4230.0,194900.0,4230.0,4320.0,4343.5,4305.8,4230.266666666666,3503.785,False,False,False,False,False,False,False,True,False,False,False,-0.0342789598108747,-0.0898345153664302,,,-0.017919621749409,-6.304176516936741e-05,-0.1264775413711583,-0.2813238770685579,0.0026160683329655,-0.2705191665707379,4650.0,3805.0,0.7743345252284466,-0.0002786938548004,0.0011143871760795,-0.0001174672503992
2018-08-02,4240.0,4290.0,4175.0,4175.0,133200.0,4175.0,4277.0,4318.0,4299.2,4240.8,3512.9,False,False,False,False,False,False,False,True,False,True,False,-0.0455089820359281,-0.0886227544910179,,,-0.0297485029940119,-0.0157604790419162,-0.1616766467065868,-0.2991616766467065,0.0024838080865246,-0.2752200092635479,4440.0,3695.0,0.6834273986659826,-0.0015351693338296,-0.0012564754790291,-0.0001322602464409
2018-08-03,4175.0,4200.0,4135.0,4170.0,126900.0,4170.0,4216.0,4292.5,4294.0,4251.066666666667,3521.75,False,False,False,False,False,False,False,True,False,False,False,-0.0479616306954436,-0.0647482014388489,,,-0.029736211031175,-0.0194404476418864,-0.1810551558752997,-0.3175059952038369,0.0024150801367499,-0.280442632498544,4515.0,3815.0,0.9527027027027029,-0.0012109920819748,0.0003241772518548,-6.872794977472001e-05
2018-08-06,4180.0,4180.0,4075.0,4090.0,133200.0,4090.0,4173.0,4270.5,4285.4,4260.066666666667,3530.195,False,False,False,False,False,False,False,True,False,True,False,-0.0366748166259168,-0.0733496332518337,,,-0.0477750611246942,-0.0415810920945395,-0.1662591687041564,-0.284841075794621,0.0021126429946323,-0.2861023299379464,4580.0,3880.0,1.049645390070922,-0.0020068138330145,-0.0007958217510396,-0.0003024371421176
2018-08-07,4090.0,4125.0,4045.0,4070.0,100600.0,4070.0,4147.0,4238.5,4280.4,4268.533333333334,3538.53,False,False,False,False,False,False,False,True,False,False,False,-0.0257985257985257,-0.0749385749385749,,,-0.0516953316953316,-0.0487796887796888,-0.1572481572481572,-0.2828009828009828,0.0019835072155932,-0.2901734104046243,4585.0,4155.0,0.7552552552552553,-0.0011681151294271,0.0008386987035873,-0.000129135779039
2018-08-08,4070.0,4150.0,4065.0,4085.0,137100.0,4085.0,4118.0,4219.0,4272.6,4278.2,3546.92,False,False,True,False,False,False,False,True,False,True,False,-0.0575275397796817,-0.0905752753977968,,,-0.0459241126070992,-0.0472949816401468,-0.1640146878824969,-0.2869033047735618,0.0022595172424538,-0.2934581654420478,4535.0,4275.0,1.3628230616302186,-0.0018255862940596,-0.0006574711646324,0.0002760100268605
2018-08-09,4050.0,4050.0,3955.0,3985.0,248400.0,3985.0,4080.0,4178.5,4263.0,4285.0,3554.705,False,False,False,False,False,False,False,True,False,True,False,-0.0451693851944793,-0.0514429109159347,,,-0.0697616060225846,-0.0752823086574654,-0.124215809284818,-0.2459222082810539,0.0015869311551925,-0.2880459495034103,4695.0,4455.0,1.811816192560175,-0.0022519352568614,-0.0004263489628017,-0.0006725860872612
2018-08-10,3950.0,4080.0,3950.0,3970.0,229000.0,3970.0,4040.0,4128.0,4257.4,4290.466666666666,3562.52,False,False,False,False,False,False,False,True,False,False,False,-0.017632241813602,-0.017632241813602,,,-0.0723929471032744,-0.080722082283795,-0.1347607052896725,-0.2191435768261964,0.0012741426729026,-0.2792151162790697,4670.0,4390.0,0.9219001610305958,-0.0013153567905295,0.0009365784663319,-0.0003127884822899
2018-08-13,4005.0,4090.0,3935.0,3940.0,259200.0,3940.0,4010.0,4091.5,4247.0,4294.533333333334,3570.215,False,False,False,False,False,False,False,True,False,True,False,-0.0380710659898477,-0.0025380710659898,,,-0.0779187817258883,-0.0899830795262268,-0.1027918781725888,-0.2119289340101522,0.0009469402961907,-0.2730294513014786,4765.0,4485.0,1.131877729257642,-0.0024487873793264,-0.0011334305887969,-0.0003272023767119
2018-08-14,3970.0,3995.0,3940.0,3965.0,153400.0,3965.0,3989.0,4068.0,4233.0,4299.333333333333,3578.01,False,False,False,False,False,False,False,True,False,True,False,-0.0504413619167717,-0.0113493064312736,,,-0.0675914249684741,-0.0843211433375367,-0.0857503152585119,-0.2118537200504413,0.0011164521631258,-0.2648967551622418,4765.0,4580.0,0.591820987654321,-0.0033073470351996,-0.0008585596558731,0.0001695118669351
2018-08-15,3930.0,3940.0,3820.0,3850.0,157300.0,3850.0,3942.0,4030.0,4212.6,4302.4,3585.2,False,False,False,False,False,False,False,True,False,True,False,-0.035064935064935,0.0311688311688311,,,-0.0941818181818182,-0.1175064935064934,-0.0792207792207792,-0.2129870129870129,0.0007127804636171,-0.2582133995037221,4425.0,4595.0,1.0254237288135593,-0.0048426150121064,-0.0015352679769068,-0.0004036716995087
2018-08-16,3820.0,3830.0,3750.0,3805.0,169400.0,3805.0,3906.0,3993.0,4195.8,4304.533333333334,3592.065,False,False,False,False,False,False,False,True,False,False,False,-0.0065703022339027,0.0065703022339027,,,-0.1027069645203679,-0.1312833990363557,-0.0446780551905387,-0.1931668856767411,0.0004956015363649,-0.2477335336839468,4575.0,4460.0,1.0769230769230769,-0.004004004004004,0.0008386110081024,-0.0002171789272522
2018-08-17,3865.0,3905.0,3865.0,3900.0,144700.0,3900.0,3892.0,3966.0,4179.6,4307.866666666667,3599.525,False,False,False,False,False,False,False,True,False,False,False,0.0,-0.0256410256410256,,,-0.0716923076923077,-0.1045811965811966,-0.0602564102564102,-0.2561538461538462,0.0007737782042154,-0.2412254160363085,4540.0,4565.0,0.8541912632821723,-0.003875968992248,0.000128035011756,0.0002781766678505
2018-08-20,3835.0,3895.0,3780.0,3790.0,136400.0,3790.0,3862.0,3936.0,4157.8,4309.066666666667,3606.555,False,False,False,False,False,False,False,True,False,True,False,0.0369393139841688,0.0026385224274406,,,-0.0970448548812665,-0.1369569041336851,-0.0435356200527704,-0.2366754617414248,0.0002784825793674,-0.236255081300813,4485.0,4575.0,0.9426399447131996,-0.0052431574390303,-0.0013671884467822,-0.0004952956248479
2018-08-21,3735.0,3775.0,3710.0,3765.0,143900.0,3765.0,3822.0,3905.5,4135.4,4309.333333333333,3613.45,False,False,False,False,False,False,False,True,False,True,False,0.0411686586985391,0.0265604249667994,,,-0.0983798140770251,-0.1445772465692783,-0.0265604249667994,-0.2664010624169987,6.18811881187556e-05,-0.2343105876328254,4350.0,4495.0,1.0549853372434017,-0.005416646515452,-0.0001734890764217,-0.0002166013912487
2018-08-22,3720.0,3755.0,3610.0,3715.0,268600.0,3715.0,3795.0,3868.5,4108.4,4308.133333333333,3619.905,False,False,False,False,False,False,False,False,False,True,False,0.0686406460296096,-0.0053835800807537,,,-0.1058950201884252,-0.1596590399282189,-0.0040376850605652,-0.2885598923283984,-0.0002785429110828,-0.2339666537417603,4260.0,4525.0,1.8665740097289785,-0.0065719014701587,-0.0011552549547066,-0.0003404240992016
2018-08-23,3715.0,3810.0,3705.0,3780.0,105200.0,3780.0,3790.0,3848.0,4082.4,4309.266666666666,3626.59,False,False,False,False,False,False,False,True,False,False,False,0.0132275132275132,-0.074074074074074,,,-0.08,-0.1400176366843032,-0.0132275132275132,-0.285978835978836,0.0002629991181793,-0.2378378378378378,4340.0,4385.0,0.3916604616530156,-0.0063688026650988,0.0002030988050598,0.0005415420292622
2018-08-24,3830.0,3905.0,3815.0,3900.0,97000.0,3900.0,3790.0,3841.0,4061.4,4310.4,3633.925,False,False,False,False,False,False,False,True,False,False,False,-0.0256410256410256,-0.1243589743589743,,,-0.0413846153846154,-0.1052307692307691,-0.05,-0.302051282051282,0.0002629299678297,-0.2462900286383754,4300.0,4560.0,0.9220532319391636,-0.0051706308169596,0.0011981718481391,-6.915034968214221e-08
2018-08-27,3910.0,3950.0,3870.0,3930.0,95800.0,3930.0,3818.0,3840.0,4046.2,4311.066666666667,3641.475,False,False,False,False,False,False,False,True,False,False,False,-0.0330788804071246,-0.1323155216284987,,,-0.0295674300254452,-0.09696352841391,-0.0534351145038167,-0.2903307888040712,0.0001546407694925,-0.2543229166666666,4305.0,4675.0,0.9876288659793816,-0.0037566111413178,0.0014140196756418,-0.0001082891983371
2018-08-28,3955.0,3980.0,3885.0,3920.0,103600.0,3920.0,3849.0,3835.5,4027.4,4307.933333333333,3649.08,False,False,False,False,False,False,False,False,False,True,False,-0.0140306122448979,-0.125,,,-0.0273979591836734,-0.0989625850340136,-0.1211734693877551,-0.2826530612244898,-0.0007273402559618,-0.2616086559770564,4195.0,4790.0,1.081419624217119,-0.0046680240353577,-0.0009114128940398,-0.0008819810254543
2018-08-29,3935.0,3980.0,3900.0,3970.0,89200.0,3970.0,3900.0,3847.5,4015.0,4303.866666666667,3656.925,False,False,False,False,False,False,False,False,False,False,True,-0.0692695214105793,-0.1397984886649874,,,-0.0113350125944584,-0.0840973971452561,-0.1435768261964735,-0.3231738035264483,-0.0009448867684872,-0.2728265107212475,4280.0,4650.0,0.861003861003861,-0.0030884184308842,0.0015796056044735,-0.0002175465125253
2018-08-30,3915.0,3955.0,3825.0,3830.0,464500.0,3830.0,3910.0,3850.0,3992.6,4295.533333333334,3663.865,False,False,False,False,False,False,False,False,False,True,False,-0.0861618798955613,-0.0887728459530026,,,-0.0424543080939947,-0.1215491731940819,-0.108355091383812,-0.2911227154046997,-0.0019399996895999,-0.2825194805194804,4225.0,4440.0,5.207399103139013,-0.0056103792015228,-0.0025219607706386,-0.0009951129211127
2018-08-31,3750.0,3840.0,3725.0,3800.0,245700.0,3800.0,3890.0,3840.0,3965.6,4287.666666666667,3670.82,False,False,False,False,False,False,False,False,False,True,False,-0.1013157894736842,-0.0960526315789473,,,-0.043578947368421,-0.1283333333333334,-0.0947368421052631,-0.3378947368421052,-0.0018347197387856,-0.2906770833333333,4110.0,4515.0,0.5289558665231432,-0.0068085535606213,-0.0011981743590985,0.0001052799508142
2018-09-03,3835.0,3850.0,3785.0,3800.0,94300.0,3800.0,3864.0,3841.0,3945.4,4278.533333333334,3677.91,False,False,False,False,False,False,False,False,False,False,False,-0.1026315789473684,-0.0697368421052631,,,-0.0382631578947368,-0.1259298245614036,-0.1460526315789473,-0.3463157894736842,-0.00213468789928,-0.301510023431398,4200.0,4580.0,0.3838013838013838,-0.005119886450043,0.0016886671105783,-0.0002999681604944
2018-09-04,3795.0,3895.0,3755.0,3865.0,251600.0,3865.0,3853.0,3851.0,3932.0,4269.0,3685.47,False,False,False,False,False,False,False,False,False,False,True,-0.11254851228978,-0.0620957309184993,,,-0.0173350582147477,-0.1045278137128072,-0.1539456662354463,-0.4098318240620957,-0.0022331537440463,-0.3158140742664242,4315.0,4585.0,2.6680805938494165,-0.0034079348931841,0.0017119515568588,-9.846584476622556e-05
2018-09-05,3855.0,3855.0,3690.0,3695.0,153500.0,3695.0,3798.0,3849.0,3910.6,4257.0,3691.6,False,False,False,False,False,False,False,False,False,True,False,-0.0757780784844384,-0.040595399188092,,,-0.0583491204330175,-0.1520974289580514,-0.1299052774018944,-0.3650879566982408,-0.0028188865398167,-0.3231748506105482,4360.0,4535.0,0.6100953895071543,-0.0054723060399938,-0.0020643711468097,-0.0005857327957704
2018-09-06,3630.0,3645.0,3470.0,3500.0,237800.0,3500.0,3732.0,3821.0,3883.6,4244.2,3696.725,False,False,False,False,False,False,False,False,False,True,False,-0.0028571428571428,0.0385714285714285,,,-0.1095999999999999,-0.2126285714285714,-0.0728571428571428,-0.2754285714285714,-0.0030158804957353,-0.3224810259094477,4225.0,4695.0,1.549185667752443,-0.0069523122875682,-0.0014800062475743,-0.0001969939559186
2018-09-07,3455.0,3455.0,3385.0,3415.0,235600.0,3415.0,3655.0,3772.5,3853.4,4228.866666666667,3700.955,False,False,False,False,False,False,False,False,False,True,False,0.0058565153733528,0.0732064421669106,,,-0.1283748169838946,-0.2383211322596388,-0.0161054172767203,-0.2670571010248901,-0.0036258729683287,-0.3195758780649436,4305.0,4670.0,0.990748528174937,-0.0078372346499195,-0.0008849223623512,-0.0006099924725933
2018-09-10,3380.0,3445.0,3355.0,3410.0,153500.0,3410.0,3577.0,3720.5,3826.2,4213.333333333333,3704.92,False,False,False,False,False,False,False,False,False,False,False,0.0366568914956011,0.063049853372434,,,-0.1220527859237536,-0.2355816226783967,0.001466275659824,-0.2668621700879765,-0.0036867088607595,-0.3178336245128343,4335.0,4765.0,0.6515280135823429,-0.0071088808739742,0.0007283537759452,-6.083589243087873e-05
2018-09-11,3395.0,3475.0,3350.0,3430.0,193200.0,3430.0,3490.0,3671.5,3800.6,4199.133333333333,3708.535,False,False,False,False,False,False,False,False,False,False,False,0.0568513119533527,0.0685131195335276,,,-0.1080466472303206,-0.2242371234207968,-0.032069970845481,-0.2542274052478134,-0.0033816501817834,-0.3156475554950293,4325.0,4765.0,1.2586319218241042,-0.0067357785612797,0.0003731023126944,0.000305058678976
2018-09-12,3405.0,3440.0,3375.0,3415.0,108400.0,3415.0,3434.0,3616.0,3773.8,4184.333333333333,3711.835,False,False,False,False,False,False,False,False,False,True,False,0.0380673499267935,0.0834553440702781,,,-0.1050658857979502,-0.225280624694973,-0.0131771595900439,-0.2345534407027818,-0.003537003106827,-0.307162610619469,4390.0,4425.0,0.5610766045548654,-0.007101595209073,-0.0003658166477932,-0.0001553529250435
2018-09-13,3415.0,3525.0,3400.0,3490.0,128700.0,3490.0,3432.0,3582.0,3754.0,4172.4,3715.035,False,False,False,False,False,False,False,False,False,False,False,0.0415472779369627,0.0687679083094555,,,-0.0756446991404011,-0.1955300859598852,-0.0601719197707736,-0.2527220630372492,-0.0028600645511775,-0.3035734226689001,4430.0,4575.0,1.187269372693727,-0.0052743740010655,0.0018272212080074,0.0006769385556495
2018-09-14,3490.0,3530.0,3410.0,3435.0,176800.0,3435.0,3436.0,3545.5,3732.6,4157.4,3718.28,False,False,False,False,False,False,False,False,False,True,False,0.0669577874818049,0.0786026200873362,,,-0.0866375545851528,-0.2103056768558951,-0.0524017467248908,-0.2622998544395924,-0.0036080242459229,-0.2958962064588915,4425.0,4540.0,1.3737373737373737,-0.005733269034989,-0.0004588950339234,-0.0007479596947453
2018-09-18,3380.0,3555.0,3380.0,3535.0,155100.0,3535.0,3461.0,3519.0,3716.4,4142.2,3722.105,False,False,False,False,False,False,False,False,False,False,False,0.0254596888260254,0.0523338048090523,,,-0.0513154172560113,-0.1717680339462517,-0.1618104667609618,-0.2888260254596888,-0.0036695475834097,-0.2897414038078999,4310.0,4485.0,0.877262443438914,-0.0043590571520826,0.0013742118829064,-6.152333748680539e-05
2018-09-19,3575.0,3645.0,3545.0,3625.0,173200.0,3625.0,3500.0,3495.0,3702.8,4126.666666666667,3726.525,False,False,False,False,False,False,False,False,False,False,False,0.0110344827586206,-0.0496551724137931,,,-0.0214620689655172,-0.1383908045977012,-0.2115862068965517,-0.2899310344827586,-0.0037641357027462,-0.276480686695279,4390.0,4350.0,1.1166989039329465,-0.0036728961866695,0.000686160965413,-9.45881193365086e-05
2018-09-20,3595.0,3610.0,3515.0,3545.0,173500.0,3545.0,3526.0,3480.0,3690.6,4111.933333333333,3730.405,False,False,False,False,False,False,False,False,False,False,False,0.0437235543018335,-0.0409026798307475,,,-0.0410719322990126,-0.159924776680771,-0.2279266572637517,-0.2899858956276446,-0.0035830671703497,-0.2684482758620689,4280.0,4260.0,1.001732101616628,-0.003305695550859,0.0003672006358105,0.0001810685323964
2018-09-21,3615.0,3675.0,3600.0,3635.0,141200.0,3635.0,3555.0,3493.5,3683.8,4101.2,3734.125,False,False,False,False,False,False,False,False,False,False,True,0.0261348005502063,-0.0605226960110041,,,-0.0134250343878955,-0.1282530949105914,-0.2096286107290234,-0.299312242090784,-0.002617120192464,-0.2709603549448976,4390.0,4340.0,0.8138328530259366,-0.0018459199739398,0.0014597755769191,0.0009659469778857
2018-09-25,3635.0,3680.0,3575.0,3665.0,172800.0,3665.0,3601.0,3518.5,3674.4,4089.866666666667,3737.96,False,False,False,False,False,False,False,False,False,True,False,0.0109140518417462,-0.0613915416098226,,,-0.0025648021828103,-0.1159254206457481,-0.1582537517053206,-0.303137789904502,-0.0027710764817108,-0.2746909194258917,4475.0,4300.0,1.2237960339943343,-0.0025582408012192,-0.0007123208272793,-0.0001539562892467
2018-09-26,3695.0,3735.0,3615.0,3625.0,247000.0,3625.0,3619.0,3540.0,3667.8,4077.133333333333,3741.62,False,False,False,False,False,False,False,False,False,False,False,0.0262068965517241,-0.1048275862068965,,,-0.0118068965517241,-0.1247264367816091,-0.1337931034482758,-0.2764137931034482,-0.0031231093742335,-0.2756214689265536,4305.0,4305.0,1.429398148148148,-0.0017994438082774,0.0007587969929418,-0.0003520328925227
2018-09-27,3630.0,3735.0,3630.0,3665.0,368400.0,3665.0,3627.0,3563.5,3663.8,4064.866666666667,3745.515,False,False,False,False,True,False,False,False,False,False,False,-0.0600272851296043,-0.1077762619372442,,,0.0003274215552523,-0.1091041382446567,-0.1132332878581173,-0.3096862210095498,-0.0030177291588079,-0.2811842289883541,4200.0,4195.0,1.491497975708502,-0.0010917626507997,0.0007076811574777,0.0001053802154256
2018-09-28,3700.0,3725.0,3655.0,3700.0,168200.0,3700.0,3658.0,3592.0,3663.2,4053.733333333333,3749.41,False,False,False,False,False,False,False,False,False,False,False,-0.081081081081081,-0.131081081081081,,,0.0099459459459459,-0.0956036036036035,-0.1229729729729729,-0.3121621621621621,-0.0027464394961024,-0.2888084632516704,4230.0,4280.0,0.4565689467969598,-0.0001637912207906,0.000927971430009,0.0002712896627054
2018-10-01,3700.0,3750.0,3690.0,3730.0,167900.0,3730.0,3677.0,3616.0,3661.2,4040.866666666667,3752.96,False,False,False,False,False,False,False,False,False,True,False,-0.0844504021447721,-0.1300268096514745,,,0.0184450402144772,-0.0833422698838248,-0.1112600536193029,-0.3150134048257372,-0.0031841354164947,-0.2949944690265486,4175.0,4225.0,0.9982164090368608,-0.0005462689828471,-0.0003824777620564,-0.0004376959203922
2018-10-02,3765.0,3785.0,3650.0,3705.0,202300.0,3705.0,3685.0,3643.0,3653.4,4028.0,3756.085,False,False,False,False,False,False,False,False,False,True,False,-0.0715249662618083,-0.0931174089068826,,,0.0139271255060728,-0.0871794871794871,-0.1214574898785425,-0.3071524966261808,-0.0031943065210195,-0.2993137524018666,4170.0,4110.0,1.204883859440143,-0.0021349975365412,-0.001588728553694,-1.017110452483129e-05
2018-10-03,3705.0,3780.0,3700.0,3720.0,191100.0,3720.0,3704.0,3661.5,3645.0,4014.0666666666666,3759.185,False,False,False,False,False,False,False,False,False,True,False,-0.1276881720430107,-0.0819892473118279,,,0.0201612903225806,-0.0790501792114695,-0.1061827956989247,-0.3131720430107527,-0.0034711265383401,-0.3017342619145159,4090.0,4200.0,0.944636678200692,-0.0023045267489712,-0.0001695292124299,-0.0002768200173206
2018-10-04,3730.0,3750.0,3415.0,3445.0,526300.0,3445.0,3660.0,3643.5,3626.0,3996.466666666666,3760.685,False,False,False,False,False,True,False,False,False,True,False,-0.0507982583454281,-0.0362844702467343,,,-0.0525399129172714,-0.1600774068698595,-0.0362844702467343,-0.2513788098693759,-0.0044038901029243,-0.2981473857554549,4070.0,4315.0,2.7540554683411824,-0.0052399338113623,-0.0029354070623911,-0.0009327635645841
2018-10-05,3395.0,3465.0,3385.0,3400.0,137300.0,3400.0,3600.0,3629.0,3603.2,3982.8,3762.185,False,False,False,False,False,False,False,False,False,True,False,-0.0544117647058823,-0.0088235294117647,,,-0.0597647058823528,-0.1714117647058824,-0.0617647058823529,-0.2497058823529411,-0.0034314217803218,-0.2944061724993111,4085.0,4360.0,0.26087782633479,-0.0063277087033748,-0.0010877748920124,0.0009724683226024
2018-10-09,3365.0,3495.0,3365.0,3415.0,217700.0,3415.0,3537.0,3607.0,3586.6,3967.3333333333335,3763.36,False,False,False,False,False,False,False,False,False,False,False,-0.0497803806734992,-0.0395314787701317,,,-0.0502489019033674,-0.1617374328940947,-0.1024890190336749,-0.2354319180087847,-0.0038985044530331,-0.2883282506237871,3985.0,4225.0,1.58557902403496,-0.0046283388167066,0.0016993698866682,-0.0004670826727112
2018-10-10,3480.0,3535.0,3410.0,3440.0,171400.0,3440.0,3484.0,3584.5,3572.2,3952.6666666666665,3764.71,False,False,False,False,False,False,False,False,False,False,False,-0.0232558139534883,-0.0537790697674418,,,-0.0384302325581394,-0.1490310077519379,-0.1002906976744186,-0.2645348837209302,-0.0037105751391466,-0.2845306179383456,3970.0,4305.0,0.7873220027560863,-0.0040311292760763,0.0005972095406302,0.0001879293138864
2018-10-11,3310.0,3420.0,3225.0,3245.0,254800.0,3245.0,3389.0,3546.5,3550.0,3936.133333333333,3765.86,False,False,False,False,False,False,False,False,False,True,False,0.0523882896764252,-0.0869029275808936,,,-0.0939907550077041,-0.2129840780688238,-0.0400616332819722,-0.1959938366718027,-0.0042003997154567,-0.2772592697025237,3940.0,4335.0,1.4865810968494748,-0.0062535211267605,-0.0022223918506841,-0.0004898245763101
2018-10-12,3225.0,3305.0,3210.0,3270.0,209100.0,3270.0,3354.0,3507.0,3526.2,3921.733333333333,3767.16,False,False,False,False,False,False,False,False,False,True,False,0.0152905198776758,-0.1259938837920489,,,-0.0783486238532109,-0.1993068297655452,-0.0932721712538226,-0.1773700305810397,-0.0036718457824771,-0.2645566010835472,3965.0,4325.0,0.8206436420722135,-0.0067494753559072,-0.0004959542291467,0.0005285539329796
2018-10-15,3245.0,3305.0,3215.0,3215.0,175600.0,3215.0,3317.0,3458.5,3507.0,3907.8,3768.305,False,False,False,False,False,False,False,False,False,False,False,0.0482115085536547,-0.1486780715396578,,,-0.0908242612752721,-0.2154898911353033,-0.0544323483670295,-0.1032659409020217,-0.0035655185355783,-0.2444701460170594,3850.0,4390.0,0.839789574366332,-0.0054747647562018,0.0012747105997054,0.0001063272468988
2018-10-16,3225.0,3300.0,3205.0,3245.0,142500.0,3245.0,3283.0,3410.0,3496.8,3893.2,3769.405,False,False,False,False,False,False,False,False,False,False,False,0.0107858243451463,-0.1146379044684129,,,-0.0775963020030817,-0.1997534668721108,-0.0983050847457627,-0.1229583975346687,-0.0037501284290558,-0.2251906158357771,3805.0,4430.0,0.8115034168564921,-0.0029169526424158,0.0025578121137859,-0.0001846098934775
2018-10-17,3315.0,3380.0,3315.0,3360.0,178600.0,3360.0,3267.0,3375.5,3494.6,3880.6666666666665,3770.955,False,False,False,False,False,False,False,False,False,False,False,-0.03125,-0.0818452380952381,,,-0.0400595238095237,-0.1549603174603174,-0.1529761904761905,-0.175297619047619,-0.0032296856210273,-0.2112279662272256,3900.0,4425.0,1.2533333333333334,-0.0006295427230585,0.0022874099193573,0.0005204428080285
2018-10-18,3385.0,3490.0,3340.0,3415.0,242800.0,3415.0,3301.0,3345.0,3494.8,3868.8,3772.93,False,False,False,False,False,False,True,False,False,False,False,-0.1323572474377745,-0.0805270863836017,,,-0.0233674963396779,-0.1328843338213763,-0.1434846266471449,-0.1783308931185944,-0.0030672732285634,-0.1965321375186846,3790.0,4310.0,1.3594624860022395,5.722788142390776e-05,0.0006867706044824,0.0001624123924638
2018-10-19,3365.0,3390.0,3300.0,3320.0,197800.0,3320.0,3311.0,3332.5,3490.4,3857.133333333333,3774.33,False,False,False,False,False,False,False,False,False,True,False,-0.1391566265060241,-0.0210843373493975,,,-0.0513253012048193,-0.1617871485943774,-0.1207831325301204,-0.1355421686746988,-0.0030246988264169,-0.1847861965491373,3765.0,4390.0,0.814662273476112,-0.0012606005042402,-0.0013178283856641,4.257440214653057e-05
2018-10-22,3300.0,3390.0,3240.0,3370.0,154900.0,3370.0,3342.0,3329.5,3488.6,3845.0,3776.005,False,False,False,False,False,False,False,False,False,False,False,-0.187833827893175,-0.0370919881305637,,,-0.0351928783382789,-0.1409495548961424,-0.1356083086053412,-0.157566765578635,-0.0031556133506718,-0.175401711968764,3715.0,4280.0,0.7831142568250758,-0.0005159662902024,0.0007446342140378,-0.0001309145242549
2018-10-23,3360.0,3365.0,3275.0,3280.0,100900.0,3280.0,3349.0,3316.0,3480.2,3832.4,3777.28,False,False,False,False,False,False,False,False,False,True,False,-0.1240853658536585,0.010670731707317,,,-0.0610365853658536,-0.1684146341463415,-0.0838414634146341,-0.1463414634146341,-0.0032877570191002,-0.1663449939686369,3780.0,4390.0,0.6513879922530665,-0.0024136543876788,-0.0018976880974764,-0.0001321436684284
2018-10-24,3300.0,3320.0,3195.0,3255.0,116900.0,3255.0,3328.0,3297.5,3473.0,3821.0,3778.665,False,False,False,False,False,False,False,False,False,False,False,-0.0522273425499231,0.0,,,-0.066973886328725,-0.1738863287250384,-0.0476190476190476,-0.0961597542242703,-0.0029835121695891,-0.1491736163760424,3900.0,4475.0,1.1585728444003964,-0.0020731356176216,0.0003405187700572,0.0003042448495111
2018-10-25,3160.0,3180.0,2956.0,2963.0,343400.0,2963.0,3237.6,3269.3,3450.12,3804.506666666666,3778.23,False,False,False,False,False,False,False,False,False,True,False,0.0597367532905838,0.1221734728315896,,,-0.1644009449881876,-0.2840049499381256,0.0479244009449881,-0.0023624704691191,-0.0043352094708732,-0.1312207506193986,3930.0,4305.0,2.9375534644995724,-0.0066316533917661,-0.0045585177741445,-0.0013516973012841
2018-10-26,3005.0,3010.0,2839.0,2858.0,274600.0,2858.0,3145.2,3228.1,3419.44,3785.08,3777.12,False,False,False,False,False,False,False,False,False,True,False,0.1371588523442967,0.1616515045486354,,,-0.196445066480056,-0.3243806857942617,0.0934219734079776,0.0178446466060181,-0.0051324322515419,-0.1133484092810012,3920.0,4200.0,0.7996505532906232,-0.008972229370891,-0.0023405759791249,-0.0007972227806686
2018-10-29,2858.0,2879.0,2724.0,2737.0,298200.0,2737.0,3018.6,3180.3,3387.12,3763.44,3775.08,False,False,False,False,False,False,False,False,False,True,False,0.18560467665327,0.165509682133723,,,-0.2375301424917792,-0.3750237486298867,0.1070515162586773,0.0610157106320789,-0.0057500584571561,-0.0993616954375373,3970.0,4230.0,1.0859431900946832,-0.0095420298070337,-0.0005698004361426,-0.0006176262056142
2018-10-30,2739.0,2955.0,2739.0,2873.0,635300.0,2873.0,2937.2,3143.1,3356.64,3745.413333333333,3773.695,False,False,False,False,False,False,False,False,False,False,False,0.1538461538461538,0.0668290985033066,,,-0.1683397145840584,-0.3036593572340177,0.0685694396101636,0.0375913679081099,-0.0048129979423722,-0.0844071139957366,3830.0,4175.0,2.130449362843729,-0.009080509080509,0.0004615207265246,0.0009370605147838
2018-10-31,2948.0,3105.0,2938.0,3085.0,318000.0,3085.0,2903.2,3115.6,3333.44,3729.1466666666665,3773.32,False,False,False,False,False,False,False,False,False,False,False,0.0551053484602917,0.0032414910858995,,,-0.0805316045380875,-0.2087995678011885,-0.059643435980551,-0.012965964343598,-0.0043620345673361,-0.0675311336500193,3800.0,4170.0,0.5005509208248072,-0.0069597772871267,0.0021207317933823,0.0004509633750361
2018-11-01,3095.0,3180.0,3070.0,3140.0,220300.0,3140.0,2938.6,3088.1,3314.04,3713.213333333333,3773.595,False,False,False,False,False,False,False,False,False,False,False,0.0589171974522293,-0.0079617834394904,,,-0.0554267515923566,-0.1825520169851379,-0.0786624203821656,-0.0429936305732484,-0.0042909824734013,-0.0527832647906479,3800.0,4090.0,0.6927672955974843,-0.0058538822705821,0.0011058950165446,7.105209393485062e-05
2018-11-02,3175.0,3260.0,3135.0,3250.0,212200.0,3250.0,3017.0,3081.1,3297.44,3698.88,3774.12,False,False,False,False,False,False,False,False,False,False,False,0.0215384615384615,-0.0876923076923077,,,-0.014596923076923,-0.1381169230769231,-0.1501538461538461,-0.0772307692307692,-0.0038750468610317,-0.0464444516568757,3865.0,4070.0,0.9632319564230596,-0.0050342083555727,0.0008196739150093,0.0004159356123695
2018-11-05,3205.0,3290.0,3175.0,3245.0,172100.0,3245.0,3118.6,3068.6,3279.24,3683.613333333333,3773.895,False,False,False,False,False,False,False,False,False,True,False,-0.0169491525423728,-0.0631741140215716,,,-0.0105516178736517,-0.1351658962506418,-0.1855161787365177,-0.0724191063174114,-0.0041444813244967,-0.0369875513263377,3695.0,4085.0,0.8110273327049953,-0.0055500664788183,-0.0005158581232455,-0.000269434463465
2018-11-06,3245.0,3340.0,3195.0,3315.0,236000.0,3315.0,3207.0,3072.1,3262.64,3668.7466666666655,3774.245,False,False,False,False,True,False,False,False,False,False,False,-0.0754147812971342,-0.1173453996983408,,,0.0157948717948718,-0.1067109100050273,-0.1858220211161387,-0.0980392156862745,-0.004052246725494,-0.0319000032551023,3500.0,3985.0,1.3712957582800698,-0.0050879042738395,0.0004621622049787,9.223459900272162e-05
2018-11-07,3300.0,3330.0,3210.0,3255.0,193100.0,3255.0,3241.0,3072.1,3244.64,3653.1466666666665,3774.345,False,False,False,False,False,False,False,False,False,True,False,-0.0491551459293394,-0.125652841781874,,,0.0031827956989247,-0.1223184843830004,-0.1637480798771121,-0.0737327188940092,-0.0042702911827608,-0.0295237785228344,3415.0,3970.0,0.8182203389830508,-0.0055476108289363,-0.0004597065550967,-0.0002180444572668
2018-11-08,3325.0,3350.0,3290.0,3325.0,79700.0,3325.0,3278.0,3108.3,3228.84,3640.013333333333,3774.345,False,False,False,False,False,False,False,False,False,False,True,-0.0631578947368421,-0.1203007518796992,,,0.0289203007518796,-0.0947408521303256,-0.161203007518797,-0.0962406015037594,-0.0036080453917752,-0.0392497506675674,3410.0,3940.0,0.4127395132055929,-0.0048933982482872,0.0006542125806491,0.0006622457909856
2018-11-09,3330.0,3345.0,3260.0,3320.0,153700.0,3320.0,3292.0,3154.5,3223.84,3625.7466666666655,3771.945,False,False,False,False,False,False,False,False,False,False,False,-0.1069277108433734,-0.1207831325301204,,,0.0289638554216867,-0.0920923694779113,-0.1530120481927711,-0.0873493975903614,-0.0039348217010934,-0.0494848628942779,3430.0,3965.0,1.928481806775408,-0.0015509454563501,0.003342452791937,-0.0003267763093182
2018-11-12,3450.0,3500.0,3180.0,3190.0,321300.0,3190.0,3281.0,3199.8,3215.44,3611.213333333333,3767.67,False,False,False,False,False,True,False,False,False,True,False,-0.0470219435736677,-0.086833855799373,,,-0.007974921630094,-0.1320417972831765,-0.157680250783699,-0.0595611285266457,-0.004024501460266,-0.0599412463278955,3415.0,3850.0,2.0904359141184123,-0.0026123951931928,-0.0010614497368426,-8.96797591726185e-05
2018-11-13,3070.0,3130.0,3020.0,3065.0,248800.0,3065.0,3231.0,3219.0,3201.44,3593.5466666666666,3764.07,False,False,False,False,False,False,False,False,False,True,False,-0.0453507340946166,-0.0195758564437194,,,-0.0445154975530179,-0.1724458945078847,-0.1141924959216965,-0.0460032626427406,-0.0049162201872986,-0.067319043181112,3490.0,3805.0,0.774354186118892,-0.004373032135539,-0.0017606369423461,-0.0008917187270325
2018-11-14,3095.0,3170.0,3075.0,3095.0,279500.0,3095.0,3199.0,3220.0,3187.64,3575.1466666666665,3761.42,False,False,False,False,False,False,False,False,False,False,False,-0.0804523424878836,0.0016155088852988,,,-0.0299321486268174,-0.1551362412493268,-0.187075928917609,-0.0617124394184168,-0.0051466420025658,-0.0719875776397516,3435.0,3900.0,1.1233922829581993,-0.0043292216185015,4.381051703748837e-05,-0.0002304218152672
2018-11-15,3070.0,3135.0,3040.0,3115.0,150700.0,3115.0,3157.0,3217.5,3182.44,3559.28,3758.995,False,False,False,False,False,False,False,False,False,False,False,-0.0609951845906902,-0.0032102728731942,,,-0.0216500802568218,-0.1426260032102729,-0.2025682182985553,-0.0484751203852327,-0.0044578304226321,-0.0725407925407925,3535.0,3790.0,0.5391771019677997,-0.0016339663905681,0.0026952552279333,0.0006888115799336
2018-11-16,3115.0,3125.0,2941.0,2965.0,250100.0,2965.0,3086.0,3189.0,3170.24,3542.813333333333,3755.695,False,False,False,False,False,False,False,False,False,True,False,-0.0155143338954468,0.0539629005059021,,,-0.0692209106239459,-0.1948780213603146,-0.2306913996627318,-0.0138279932546374,-0.0046479069364837,-0.0666039510818438,3625.0,3765.0,1.659588586595886,-0.0038482890885233,-0.0022143226979551,-0.0001900765138515
2018-11-19,2975.0,3070.0,2966.0,3040.0,152200.0,3040.0,3056.0,3168.5,3163.24,3526.9466666666667,3752.27,False,False,False,False,False,False,False,False,False,False,False,-0.0417763157894736,-0.0032894736842105,,,-0.0405394736842104,-0.1601798245614035,-0.2282894736842105,-0.04375,-0.0044986976459334,-0.0638156856556729,3545.0,3715.0,0.6085565773690523,-0.0022129209291738,0.0016353681593494,0.0001492092905502
2018-11-20,2986.0,3025.0,2910.0,2926.0,82700.0,2926.0,3028.2,3129.6,3150.48,3510.293333333333,3748.75,False,False,False,False,False,False,False,False,False,True,False,0.0269993164730006,0.049213943950786,,,-0.0767190704032809,-0.1996901344269764,-0.1332877648667122,0.0109364319890635,-0.0047441429396214,-0.0532016871165644,3635.0,3780.0,0.5433639947437582,-0.004050176481044,-0.0018372555518701,-0.0002454452936879
2018-11-21,2826.0,2899.0,2787.0,2846.0,385700.0,2846.0,2978.4,3088.7,3129.92,3492.64,3744.83,False,False,False,False,False,False,False,False,False,True,False,0.0892480674631061,0.0193253689388615,,,-0.0997610681658468,-0.227210119465917,-0.1205200281096275,0.0664089950808151,-0.0050544382854611,-0.0400168355618868,3665.0,3900.0,4.663845223700121,-0.0065688579899805,-0.0025186815089364,-0.0003102953458397
2018-11-22,2894.0,2937.0,2846.0,2925.0,139300.0,2925.0,2940.4,3048.7,3110.32,3477.1066666666666,3741.78,False,False,False,False,False,False,False,False,False,False,False,0.0615384615384615,-0.0109401709401709,,,-0.063357264957265,-0.1887544159544159,-0.1452991452991453,0.0242735042735042,-0.0044673157376055,-0.0277167317217174,3625.0,3930.0,0.3611615245009074,-0.0063016024074692,0.0002672555825112,0.0005871225478556
2018-11-26,2918.0,2961.0,2878.0,2919.0,146200.0,2919.0,2931.2,3008.6,3094.28,3461.76,3738.65,False,False,False,False,False,False,False,False,False,False,False,0.0705721137375813,-0.053785542994176,,,-0.0600479616306955,-0.1859403905447071,-0.1236724905789654,0.0654333675916409,-0.0044331977568249,-0.0120986505351326,3665.0,3920.0,1.0495333811916727,-0.0051837584187597,0.0011178439887095,3.4117980780633966e-05
2018-11-27,2933.0,2957.0,2871.0,2913.0,158900.0,2913.0,2905.8,2980.9,3076.0,3446.133333333333,3737.79,False,False,False,False,False,False,False,False,False,True,False,0.0401647785787847,-0.0926879505664263,,,-0.0559560590456574,-0.1830186520196818,-0.1026433230346721,0.0899416409200137,-0.0045345508008977,0.0029521285517795,3700.0,3970.0,1.0868673050615596,-0.0059427828348505,-0.0007590244160907,-0.0001013530440727
2018-11-28,2930.0,3020.0,2930.0,3005.0,98900.0,3005.0,2921.6,2974.9,3065.0,3433.0666666666666,3737.59,False,False,False,False,False,False,False,False,False,False,False,0.021630615640599,-0.1018302828618968,,,-0.0199667221297836,-0.1424514697726012,-0.1321131447587354,0.0099833610648918,-0.0038061208637563,0.0087061749974789,3730.0,3830.0,0.6224040276903713,-0.0035889070146818,0.0023538758201686,0.0007284299371413
2018-11-29,3070.0,3145.0,3040.0,3100.0,116200.0,3100.0,2972.4,2975.4,3058.8,3421.4666666666667,3737.59,False,False,False,False,True,False,False,False,False,False,False,-0.0641935483870967,-0.1219354838709677,,,0.0132903225806451,-0.1036989247311828,-0.1825806451612903,0.0290322580645161,-0.0033903589104087,0.0181488203266787,3705.0,3800.0,1.1749241658240648,-0.0020269386687589,0.0015619683459229,0.0004157619533476
2018-11-30,3080.0,3135.0,3050.0,3105.0,119900.0,3105.0,3008.4,2974.4,3064.48,3410.333333333333,3738.065,False,False,False,False,False,False,True,False,True,False,False,-0.0682769726247987,-0.1017713365539452,,,0.013049919484702,-0.0983360171765967,-0.1903381642512077,0.0402576489533011,-0.0032645880168117,0.0274341043571812,3720.0,3800.0,1.03184165232358,0.0018534955359473,0.0038804342047062,0.000125770893597
2018-12-03,3155.0,3170.0,3110.0,3125.0,106900.0,3125.0,3049.6,2990.4,3075.16,3399.133333333333,3739.13,False,False,False,False,False,False,True,False,False,False,True,-0.11616,-0.10016,,,0.0159488,-0.0877226666666666,-0.17632,0.0352,-0.0032949575381959,0.0323368111289458,3445.0,3865.0,0.8915763135946623,0.0034729900232832,0.0016194944873359,-3.036952138420852e-05
2018-12-04,3100.0,3155.0,3030.0,3030.0,119400.0,3030.0,3073.0,2989.4,3086.88,3388.2,3740.22,False,False,False,False,False,False,True,False,False,False,False,-0.1277227722772277,-0.1132013201320132,,,-0.0187722772277228,-0.1182178217821781,-0.1693069306930693,0.0709570957095709,-0.0032268854652421,0.043988760286345,3400.0,3695.0,1.116931711880262,0.0037967138340331,0.0003237238107498,6.807207295382459e-05
2018-12-05,2970.0,3090.0,2954.0,3070.0,153700.0,3070.0,3086.0,3003.8,3094.76,3378.4,3740.775,False,False,False,False,False,False,True,False,False,True,True,-0.1208469055374592,-0.1156351791530944,,,-0.0080651465798046,-0.1004560260586319,-0.170358306188925,0.0749185667752443,-0.0029007814349987,0.0503695319262266,3415.0,3500.0,1.2872696817420437,0.0025462394499089,-0.0012504743841242,0.0003261040302433
2018-12-06,3005.0,3030.0,2883.0,2901.0,163100.0,2901.0,3046.2,3009.3,3087.4,3365.08,3739.955,False,False,False,False,False,False,False,False,False,True,False,-0.0617028610823853,-0.1327128576352981,,,-0.0642537056187521,-0.1599724233023095,-0.1196139262323336,0.1409858669424336,-0.0039583011399432,0.0575881434220581,3440.0,3415.0,1.0611581001951855,-0.0023838828787977,-0.0049301223287066,-0.0010575197049444
2018-12-07,2925.0,2955.0,2876.0,2893.0,100200.0,2893.0,3003.8,3006.1,3077.52,3353.12,3738.295,False,False,False,False,False,False,False,False,False,True,False,-0.0359488420324922,-0.141375734531628,,,-0.063781541652264,-0.1590459730383684,-0.0933287245074317,0.1424127203594884,-0.0035668273130696,0.068993047470144,3245.0,3410.0,0.6143470263641937,-0.0032103771868257,-0.000826494308028,0.0003914738268736
2018-12-10,2843.0,2876.0,2729.0,2762.0,142900.0,2762.0,2931.2,2990.4,3058.0,3339.7466666666664,3736.205,False,False,False,False,False,False,False,False,False,True,False,0.0181028240405503,-0.1741491672700941,,,-0.1071687183200579,-0.2091769249336229,-0.0839971035481535,0.1965966690803765,-0.0040042957350058,0.0811262707330122,3270.0,3430.0,1.4261477045908184,-0.006383257030739,-0.0031728798439132,-0.0004374684219362
2018-12-11,2739.0,2756.0,2634.0,2643.0,291800.0,2643.0,2853.8,2963.4,3033.92,3325.4533333333334,3733.345,False,False,False,False,False,False,False,False,False,True,False,0.0166477487703367,-0.1123723041997729,,,-0.1479076806659099,-0.2582116282002775,-0.037079076806659,0.2107453651153991,-0.0042981608522546,0.0918202065195383,3215.0,3415.0,2.0419874037788666,-0.007936926484548,-0.0015536694538089,-0.0002938651172487
2018-12-12,2663.0,2717.0,2639.0,2699.0,154300.0,2699.0,2779.6,2932.8,3009.28,3311.04,3730.915,False,False,False,False,False,False,False,False,False,True,False,0.0059281215264912,-0.06039273805113,,,-0.1149610967024824,-0.2267654686921081,-0.0533530937384216,0.18377176732123,-0.0043531136239167,0.1086674849972721,3245.0,3490.0,0.5287868403015764,-0.0081880051042109,-0.0002510786196629,-5.4952771662128766e-05
2018-12-13,2724.0,2785.0,2706.0,2722.0,139300.0,2722.0,2743.8,2895.0,2987.96,3295.333333333333,3728.425,False,False,False,False,False,False,False,False,False,False,False,-0.0756796473181484,-0.0804555473916238,,,-0.0977075679647318,-0.2106294391378887,-0.0569434239529757,0.1517266715650257,-0.0047663362330569,0.1212435233160621,3360.0,3435.0,0.9027867790019444,-0.0071353030161046,0.0010527020881062,-0.0004132226091401
2018-12-14,2772.0,2845.0,2747.0,2789.0,358100.0,2789.0,2723.0,2863.4,2966.52,3280.12,3726.17,False,False,False,False,False,False,False,False,False,True,False,-0.1093581929006812,-0.1036213696665471,,,-0.0636500537827178,-0.1760917891717461,-0.0839010397992111,0.1419863750448189,-0.0046380416976614,0.1320458196549556,3415.0,3535.0,2.570710696338837,-0.0072273235980205,-9.20205819159069e-05,0.0001282945353955
2018-12-17,2820.0,2884.0,2805.0,2812.0,224600.0,2812.0,2733.0,2832.1,2946.2,3265.346666666667,3724.055,False,False,False,False,False,False,False,False,False,False,False,-0.1888335704125177,-0.0903271692745377,,,-0.0477240398293029,-0.1612185870080607,-0.0828591749644381,0.1415362731152205,-0.0045242771568918,0.1436743052858303,3320.0,3625.0,0.6271991063948618,-0.0068970198900278,0.0003303037079927,0.0001137645407695
2018-12-18,2762.0,2780.0,2684.0,2687.0,225300.0,2687.0,2741.8,2797.8,2926.08,3248.24,3721.44,False,False,False,False,False,False,False,False,False,False,False,-0.1269073315965761,-0.0271678451804987,,,-0.0889765537774469,-0.2088723483438778,-0.0506140677335318,0.1853368068477856,-0.005266441724339,0.1555507899063549,3370.0,3545.0,1.0031166518254675,-0.0068760936132983,2.0926276729587263e-05,-0.0007421645674471
2018-12-19,2691.0,2740.0,2626.0,2715.0,165700.0,2715.0,2745.0,2762.3,2912.08,3233.373333333333,3719.14,False,False,False,False,False,False,False,False,False,False,False,-0.0659300184162062,-0.0394106813996316,,,-0.0725893186003683,-0.190929404542664,-0.038305709023941,0.1933701657458563,-0.0045978812633246,0.1682293740723309,3280.0,3635.0,0.7354638260097648,-0.0048075602318617,0.0020685333814365,0.0006685604610144
2018-12-20,2647.0,2676.0,2502.0,2516.0,313000.0,2516.0,2703.8,2723.8,2888.92,3216.2533333333336,3716.12,False,False,False,False,False,False,False,False,False,True,False,-0.0051669316375198,0.0071542130365659,,,-0.1482193958664547,-0.2783200847906731,0.005564387917329,0.2539745627980922,-0.0053229637798015,0.1790513253542843,3255.0,3665.0,1.888955944477972,-0.0080168367417581,-0.0032092765098963,-0.0007250825164769
2018-12-21,2543.0,2579.0,2415.0,2484.0,281900.0,2484.0,2642.8,2682.9,2863.68,3198.7066666666665,3713.015,False,False,False,False,False,False,False,False,False,True,False,0.0064412238325281,0.0120772946859903,,,-0.1528502415458936,-0.2877241009125066,0.0503220611916264,0.2640901771336554,-0.0054855504099574,0.1908755451190875,2963.0,3625.0,0.9006389776357827,-0.0088138339479272,-0.0007969972061691,-0.0001625866301559
2018-12-25,2372.0,2420.0,2273.0,2281.0,284300.0,2281.0,2536.6,2634.8,2836.32,3177.5866666666666,3708.02,False,False,False,False,False,False,False,False,False,True,False,0.1214379658044717,0.1284524331433581,,,-0.2434546251644016,-0.3930673681134005,0.1793073213502849,0.3634370889960543,-0.0066465535689558,0.2052148170639136,2858.0,3665.0,1.0085136573252926,-0.0096463022508037,-0.0008324683028765,-0.0011610031589983
2018-12-26,2350.0,2413.0,2301.0,2346.0,220000.0,2346.0,2468.4,2605.1,2808.56,3159.6,3703.375,False,False,False,False,False,False,False,False,False,True,False,0.114236999147485,0.0728900255754475,,,-0.1971696504688831,-0.3468030690537084,0.2289002557544757,0.329923273657289,-0.0056927037177701,0.2158842270930099,2737.0,3700.0,0.7738304607808653,-0.009884068704247,-0.0002377664534433,0.0009538498511856
2018-12-27,2495.0,2571.0,2474.0,2536.0,224100.0,2536.0,2432.6,2588.8,2792.96,3146.7466666666664,3698.905,False,False,False,False,False,False,False,False,False,False,False,0.028391167192429,0.0043375394321766,,,-0.1013249211356467,-0.2408307045215561,0.1222397476340694,0.2184542586750788,-0.0040846419158835,0.2194839307787391,2873.0,3730.0,1.0186363636363636,-0.0055854720439963,0.0042985966602507,0.0016080618018866
2018-12-28,2529.0,2596.0,2471.0,2503.0,125600.0,2503.0,2430.0,2566.9,2779.24,3134.5866666666666,3693.77,False,False,False,False,False,False,False,False,False,False,False,0.0123851378345984,0.020375549340791,,,-0.1103635637235316,-0.2523318684245572,0.1070715141829804,0.2524970035956851,-0.0038792993440921,0.229888191982547,3085.0,3705.0,0.5604640785363677,-0.0049366013730373,0.0006488706709589,0.0002053425717914
2019-01-04,2453.0,2512.0,2395.0,2500.0,189700.0,2500.0,2433.2,2538.0,2762.24,3122.4533333333334,3687.97,False,False,False,False,False,False,False,False,False,True,False,0.0056,0.0492,,,-0.1048959999999999,-0.2489813333333333,0.1224,0.254,-0.0038858333618009,0.2419227738376674,3140.0,3720.0,1.5103503184713376,-0.0061544253938832,-0.0012178240208458,-6.534017708834279e-06
2019-01-07,2590.0,2620.0,2550.0,2558.0,148400.0,2558.0,2488.6,2512.6,2747.8,3110.826666666667,3681.985,False,False,False,False,False,False,False,False,False,False,False,0.0062548866301798,-0.0109460516028147,,,-0.0741985926505082,-0.2161167578837634,0.1219702892885066,0.2392494136043784,-0.0037374845700177,0.2528854572952321,3250.0,3445.0,0.7822878228782287,-0.0052551131814541,0.0008993122124291,0.0001483487917831
2019-01-08,2590.0,2659.0,2590.0,2614.0,133400.0,2614.0,2542.2,2505.3,2735.84,3100.1466666666665,3676.155,False,False,False,False,False,False,False,False,False,False,False,-0.0371078806426931,-0.0263963274674827,,,-0.046610558530987,-0.1859780668196888,0.0860749808722264,0.2356541698546289,-0.0034449983011557,0.2583323354488483,3245.0,3400.0,0.898921832884097,-0.0043716006784022,0.0008835125030518,0.000292486268862
2019-01-09,2643.0,2684.0,2605.0,2608.0,105900.0,2608.0,2556.6,2494.6,2719.96,3088.3866666666668,3670.145,False,False,False,False,False,False,False,False,False,True,False,-0.0233895705521472,-0.0203220858895705,,,-0.0429294478527607,-0.1841973415132924,0.0736196319018405,0.236579754601227,-0.0038078133567039,0.2631283572516636,3315.0,3415.0,0.7938530734632684,-0.0058383211517816,-0.0014667204733794,-0.0003628150555482
2019-01-10,2600.0,2600.0,2515.0,2534.0,200200.0,2534.0,2562.8,2496.4,2697.32,3076.373333333333,3663.965,False,False,False,False,False,False,False,False,False,True,False,0.0078926598263614,0.0130228887134964,,,-0.0644514601420679,-0.2140384109444881,0.1610102604577742,0.245067087608524,-0.0039050310322112,0.2622175933344015,3255.0,3440.0,1.8904627006610009,-0.0083935165275161,-0.0025551953757344,-9.721767550726962e-05
2019-01-11,2540.0,2555.0,2495.0,2514.0,163400.0,2514.0,2565.6,2499.4,2673.68,3062.76,3658.285,False,False,False,False,False,False,False,False,False,True,False,0.043357199681782,0.0163086714399363,,,-0.0635163086714398,-0.2182816229116946,0.1758154335719968,0.2151949085123309,-0.0044447927141965,0.2573017524205809,3325.0,3245.0,0.8161838161838162,-0.0088417462074744,-0.0004482296799583,-0.0005397616819853
2019-01-15,2506.0,2599.0,2501.0,2574.0,129900.0,2574.0,2568.8,2528.7,2651.64,3048.7466666666664,3653.13,False,False,False,False,False,False,False,False,False,False,False,-0.017094017094017,0.0019425019425019,,,-0.0301631701631701,-0.1844392644392643,0.1301476301476301,0.2665112665112665,-0.0045964243230006,0.248665322102266,3320.0,3270.0,0.7949816401468788,-0.0083118372026368,0.0005299090048376,-0.000151631608804
2019-01-16,2574.0,2574.0,2510.0,2517.0,121700.0,2517.0,2549.4,2545.8,2631.12,3035.04,3647.84,False,False,False,False,False,False,False,False,False,False,False,0.011124354390147,0.013508144616607,,,-0.0453396901072705,-0.2058164481525625,0.1537544696066746,0.3090981326976559,-0.0045161403693745,0.2471521722052006,3190.0,3215.0,0.936874518860662,-0.0077989601386481,0.0005128770639886,8.0283953626103e-05
2019-01-17,2534.0,2568.0,2513.0,2547.0,94700.0,2547.0,2537.2,2546.9,2610.2,3020.5333333333333,3643.65,False,False,False,False,False,False,False,False,False,True,False,0.0031409501374165,0.0251276010993325,,,-0.0248135060855908,-0.1859180735505823,0.1703965449548488,0.2720848056537102,-0.0048026838527412,0.2525030429149161,3065.0,3245.0,0.7781429745275267,-0.0080147115163589,-0.0002157513777107,-0.0002865434833667
2019-01-18,2547.0,2580.0,2511.0,2554.0,96500.0,2554.0,2541.2,2552.0,2596.32,3005.72,3639.395,False,False,False,False,False,False,False,False,False,False,False,0.0050900548159749,-0.009397024275646,,,-0.0165700861393892,-0.1768676585747845,0.192247454972592,0.2803445575567737,-0.0049283809980082,0.2552899686520376,3095.0,3360.0,1.0190073917634637,-0.0053460282245638,0.002668683291795,-0.000125697145267
2019-01-21,2598.0,2666.0,2585.0,2623.0,180400.0,2623.0,2563.0,2564.3,2585.52,2992.36,3635.285,False,False,False,False,True,False,False,False,False,False,False,-0.025924513915364,-0.0053373999237514,,,0.0142889820815859,-0.1408158597026306,0.1456347693480747,0.3457872664887533,-0.0044647034447725,0.2646726202082439,3115.0,3415.0,1.869430051813472,-0.0041771094402674,0.0011689187842964,0.0004636775532357
2019-01-22,2623.0,2623.0,2503.0,2530.0,138000.0,2530.0,2554.2,2561.5,2576.24,2977.2266666666665,3630.26,False,False,False,False,False,False,False,False,False,False,False,0.0193675889328063,0.0632411067193675,,,-0.0182766798418971,-0.1767694334650855,0.1853754940711462,0.4980237154150198,-0.0050830302921735,0.2902596135077103,2965.0,3320.0,0.7649667405764967,-0.0036021488681179,0.0005749605721494,-0.000618326847401
2019-01-23,2510.0,2570.0,2510.0,2545.0,138700.0,2545.0,2559.8,2554.6,2572.32,2961.826666666667,3625.635,False,False,False,False,False,False,False,False,False,False,False,0.0023575638506876,0.1328094302554027,,,-0.0107347740667977,-0.1637825802226588,0.1827111984282907,0.5206286836935167,-0.0051994940059511,0.318797463399358,3040.0,3370.0,1.005072463768116,-0.001523916153511,0.0020782327146068,-0.0001164637137775
2019-01-24,2525.0,2557.0,2512.0,2555.0,86600.0,2555.0,2561.4,2549.3,2566.56,2946.16,3620.61,False,False,False,False,False,False,False,False,False,True,False,0.021917808219178,0.1138943248532289,,,-0.0045244618395303,-0.1530958904109588,0.1702544031311154,0.4931506849315068,-0.0053176564296124,0.3446828541168162,2926.0,3280.0,0.6243691420331651,-0.0022442491116514,-0.0007203329581403,-0.0001181624236612
2019-01-25,2563.0,2642.0,2550.0,2567.0,160000.0,2567.0,2564.0,2552.6,2560.36,2930.9866666666667,3615.545,False,False,False,False,True,False,False,False,False,True,False,-0.0144137125048694,0.0794701986754966,,,0.0025866770549278,-0.1417945721334891,0.1745227892481496,0.5037008180755747,-0.0051768687677414,0.370563347175429,2846.0,3255.0,1.8475750577367205,-0.0024215344717148,-0.0001772853600633,0.000140787661871
2019-01-28,2587.0,2601.0,2555.0,2555.0,76400.0,2555.0,2550.4,2556.7,2551.0,2915.4533333333334,3610.995,False,False,False,False,False,False,False,False,False,True,False,0.0211350293542074,0.098238747553816,,,0.0015655577299412,-0.1410776255707762,0.1761252446183953,0.5244618395303327,-0.0053279307048875,0.401220323072711,2925.0,2963.0,0.4775,-0.0036691493531948,-0.00124761488148,-0.000151061937146
2019-01-29,2555.0,2587.0,2529.0,2579.0,101600.0,2579.0,2560.2,2557.2,2541.68,2903.9066666666668,3606.54,False,False,False,False,False,False,False,False,False,False,False,0.0430399379604497,0.1128344319503683,,,0.0144707250872431,-0.1259816466330619,0.1748739821636293,0.4908879410624273,-0.0039762526802973,0.4238229313311435,2919.0,2858.0,1.3298429319371727,-0.0036668660098832,2.283343311583648e-06,0.0013516780245901
2019-01-30,2565.0,2593.0,2524.0,2551.0,155400.0,2551.0,2561.4,2560.6,2536.24,2892.5866666666666,3601.845,False,False,False,False,False,False,False,False,False,False,False,0.1301450411603293,0.1128969031752254,,,0.0057859662877303,-0.1339030445576897,0.1760094080752646,0.4719717757742062,-0.0039134523194926,0.4398968991642584,2913.0,2737.0,1.529527559055118,-0.0021449074220105,0.0015219585878727,6.280036080468735e-05
2019-01-31,2570.0,2670.0,2570.0,2611.0,183100.0,2611.0,2572.6,2567.0,2532.08,2881.866666666667,3597.525,False,False,False,False,False,False,False,False,False,False,False,0.0900038299502106,0.0723860589812332,,,0.0302259670624282,-0.1037405847057322,0.1198774415932592,0.4515511298353121,-0.0037198112334597,0.4577327619789638,3005.0,2873.0,1.1782496782496783,-0.0016429180752582,0.0005019893467523,0.0001936410860329
2019-02-01,2611.0,2625.0,2527.0,2530.0,147800.0,2530.0,2565.2,2564.6,2532.64,2869.733333333333,3592.675,False,False,False,False,False,False,True,False,False,False,False,0.0952569169960474,0.1628458498023715,,,-0.0010434782608695,-0.1342819499341237,0.1478260869565217,0.4822134387351778,-0.004228035125215,0.4778133042189815,3100.0,3085.0,0.807209175314036,0.0002211131467559,0.0018640312220141,-0.0005082238917552
2019-02-04,2543.0,2630.0,2535.0,2609.0,142400.0,2609.0,2576.0,2563.2,2537.64,2861.2533333333336,3587.77,False,False,False,False,False,False,True,False,True,False,False,0.0755078574166347,0.133001149865849,,,0.0273514756611729,-0.0966858310974831,0.1360674587964737,0.3990034495975469,-0.002963736171561,0.4833021223470662,3105.0,3140.0,0.9634641407307172,0.0019703346416355,0.0017492214948796,0.0012642989536539
2019-02-05,2661.0,2716.0,2635.0,2690.0,273000.0,2690.0,2598.2,2579.2,2554.0,2853.52,3584.545,False,False,False,False,False,False,True,False,False,False,True,0.0669144981412639,0.0814126394052044,,,0.0505576208178438,-0.0607881040892193,0.0869888475836431,0.3141263940520446,-0.0027101030773688,0.4642137096774195,3125.0,3250.0,1.9171348314606744,0.0064056382145654,0.0044353035729299,0.0002536330941921
2019-02-06,2760.0,2895.0,2752.0,2883.0,370900.0,2883.0,2664.6,2613.0,2575.48,2849.093333333333,3581.96,False,False,False,False,False,False,True,False,False,False,False,-0.0152618799861255,0.0072840790842872,,,0.1066666666666666,0.0117608972135508,0.0083246618106139,0.1463753035032951,-0.0015537106541498,0.4236509758897818,3030.0,3245.0,1.3586080586080589,0.0083401928960815,0.001934554681516,0.001156392423219
2019-02-07,2875.0,2880.0,2804.0,2846.0,296300.0,2846.0,2711.6,2642.1,2587.88,2843.773333333333,3579.265,False,False,False,False,False,False,True,False,False,True,False,-0.0161630358397751,0.0474349964862965,,,0.0906957132817989,0.0007823846334036,0.0393534785664089,0.0910049191848208,-0.0018707538809936,0.3810983687218501,3070.0,3315.0,0.7988676193043948,0.0047915668423574,-0.003548626053724,-0.0003170432268438
2019-02-08,2779.0,2810.0,2733.0,2771.0,241600.0,2771.0,2759.8,2662.5,2598.6,2835.92,3576.12,False,False,False,False,False,False,True,False,False,True,False,0.0617105738000721,0.0988812702995308,,,0.062215806568026,-0.0234283652111151,0.0952724648141465,0.1584265608083724,-0.002769236555803,0.3461032863849765,2901.0,3255.0,0.8153898076274047,0.0041252982375124,-0.000666268604845,-0.0008984826748093
2019-02-12,2830.0,2873.0,2775.0,2806.0,236100.0,2806.0,2799.2,2687.6,2610.84,2827.8,3573.075,False,False,False,False,False,False,True,False,False,False,False,0.0534568781183178,0.070919458303635,,,0.069550962223806,-0.0077690662865289,0.0677120456165359,0.1528866714183891,-0.0028714902043991,0.3089745497841941,2893.0,3325.0,0.9772350993377484,0.0046881463437055,0.0005628481061931,-0.000102253648596
2019-02-13,2856.0,2937.0,2823.0,2870.0,185400.0,2870.0,2835.2,2716.7,2623.32,2821.8,3570.25,False,False,False,False,False,False,True,False,False,False,False,0.013588850174216,0.0449477351916376,,,0.085951219512195,0.0167944250871079,0.0836236933797909,0.1306620209059233,-0.0021263023601956,0.2728678175727906,2762.0,3320.0,0.7852604828462516,0.0047573304057453,6.918406203983325e-05,0.0007451878442035
2019-02-14,2857.0,2891.0,2824.0,2839.0,126400.0,2839.0,2826.4,2745.5,2632.32,2814.72,3567.645,False,False,False,False,False,False,True,False,False,True,False,0.0228953856991898,0.0602324762240225,,,0.0728002817893623,0.0085523071504051,0.1183515322296583,0.1729482212046495,-0.0025153478854025,0.2440356947732653,2643.0,3190.0,0.6817691477885652,0.0034190371991247,-0.0013382932066206,-0.0003890455252069
2019-02-15,2805.0,2843.0,2764.0,2800.0,112600.0,2800.0,2817.2,2764.4,2640.0,2808.32,3564.27,False,False,False,False,False,False,True,False,False,True,False,0.0646428571428571,0.0678571428571428,,,0.0571428571428571,-0.0029714285714286,0.0839285714285714,0.2160714285714285,-0.002278942570647,0.2216032412096657,2699.0,3065.0,0.8908227848101266,0.0029090909090908,-0.0005099462900338,0.0002364053147555
2019-02-18,2900.0,2943.0,2861.0,2942.0,188500.0,2942.0,2851.4,2805.6,2656.32,2804.1466666666665,3561.18,False,False,False,False,False,False,True,False,False,False,False,0.0350101971447994,0.0248130523453433,,,0.0971040108769544,0.0468570133695898,0.0842963970088375,0.1471787899388171,-0.0014882721303213,0.1902979754776162,2722.0,3095.0,1.6740674955595027,0.0061438380917962,0.0032347471827053,0.0007906704403256
2019-02-19,2938.0,2959.0,2911.0,2956.0,132800.0,2956.0,2881.4,2840.3,2674.0,2804.0533333333333,3557.785,False,False,False,False,False,False,True,False,False,False,False,0.0165764546684709,0.0165764546684709,,,0.0953991880920162,0.051402796571944,0.0926928281461434,0.1383626522327469,-3.3285149117437776e-05,0.1657219307819595,2789.0,3115.0,0.7045092838196286,0.0066118175018697,0.0004679794100735,0.0014549869812039
2019-02-20,2957.0,2957.0,2880.0,2909.0,143100.0,2909.0,2889.2,2862.2,2687.4,2804.733333333333,3554.305,False,False,False,False,False,False,True,True,False,True,False,0.0309384668270883,0.0415950498453076,,,0.0761773805431419,0.0358427867537528,0.1120660020625644,0.1859745617050532,0.0002424472914833,0.1538327160925163,2812.0,2965.0,1.0775602409638554,0.0049862320458436,-0.0016255854560261,0.0002757324406008
2019-02-21,2890.0,2934.0,2864.0,2904.0,171600.0,2904.0,2902.2,2864.3,2702.88,2806.96,3550.725,False,False,False,False,False,False,True,True,False,False,False,0.0365013774104683,0.0330578512396694,,,0.0692561983471074,0.0334159779614324,0.1174242424242424,0.1845730027548209,0.0007932662619584,0.1576999615962014,2687.0,3040.0,1.19916142557652,0.0057272242940863,0.0007409922482427,0.000550818970475
2019-02-22,2904.0,2982.0,2903.0,2981.0,203500.0,2981.0,2938.4,2877.8,2720.24,2808.4,3547.405,False,False,False,False,False,False,True,True,False,False,True,0.0030191211003019,-0.0191211003019121,,,0.0874740020127474,0.0579000335457899,0.1070110701107011,0.1422341496142234,0.0005127474718701,0.1626937243727847,2715.0,2926.0,1.185897435897436,0.0063817898420726,0.0006545655479863,-0.0002805187900883
2019-02-25,3000.0,3070.0,2988.0,3045.0,190800.0,3045.0,2959.0,2905.2,2739.88,2807.866666666667,3544.38,False,False,False,False,False,False,True,False,False,False,False,-0.0098522167487684,-0.0463054187192118,,,0.1002036124794745,0.0778762999452654,0.0870279146141215,0.1576354679802955,-0.0001899425423809,0.162570563128184,2516.0,2846.0,0.9375921375921376,0.0071681971473204,0.0007864073052478,-0.000702690014251
2019-02-26,3055.0,3060.0,2978.0,3005.0,130200.0,3005.0,2968.8,2925.1,2755.16,2806.0666666666666,3540.905,False,False,False,False,False,False,True,False,False,True,False,0.0,-0.0136439267886855,,,0.0831414309484193,0.0662007764836384,0.0998336106489184,0.1930116472545757,-0.0006414672970469,0.1666267819903593,2484.0,2925.0,0.6823899371069182,0.0055459574035626,-0.0016222397437577,-0.000451524754666
2019-02-27,3000.0,3030.0,2986.0,2999.0,111700.0,2999.0,2986.8,2938.0,2773.92,2802.72,3537.175,False,False,False,False,False,False,True,False,False,False,False,0.0103367789263087,-0.0250083361120373,,,0.0750516838946315,0.0654484828276092,0.1020340113371123,0.1753917972657552,-0.0011940781336226,0.1710347174948945,2281.0,2919.0,0.857910906298003,0.0067629924439061,0.0012170350403434,-0.0005526108365756
2019-02-28,3005.0,3030.0,2984.0,3010.0,153100.0,3010.0,3008.0,2955.1,2792.52,2799.5866666666666,3533.2,False,False,False,False,False,False,True,False,False,True,False,-0.0033222591362126,-0.03421926910299,,,0.0722524916943521,0.0699047619047619,0.0631229235880398,0.1594684385382059,-0.0011192128361805,0.1696727691110284,2346.0,2913.0,1.370635631154879,0.0066606505951613,-0.0001023418487448,7.48652974420904e-05
2019-03-01,2997.0,3030.0,2985.0,2990.0,129300.0,2990.0,3009.8,2974.1,2809.92,2795.2533333333336,3529.675,False,True,False,False,False,False,True,False,False,True,False,-0.0220735785953177,-0.0107023411371237,,,0.0602274247491638,0.0651326644370121,0.0685618729096989,0.1371237458193979,-0.0015502470855353,0.1620322114253051,2536.0,3005.0,0.8445460483344219,0.0061923471130851,-0.0004683034820762,-0.0004310342493548
2019-03-04,3015.0,3035.0,2979.0,3015.0,140200.0,3015.0,3003.8,2981.4,2827.84,2792.0533333333333,3525.675,False,False,False,False,False,False,True,False,False,False,False,-0.0368159203980099,0.0066334991708126,,,0.0620762852404642,0.0739458264234383,0.0398009950248756,0.132669983416252,-0.0011461099119406,0.160528610719796,2503.0,3100.0,1.0843000773395204,0.0063369921919203,0.0001446450788352,0.0004041371735947
2019-03-05,2993.0,3015.0,2967.0,3005.0,105700.0,3005.0,3003.8,2986.3,2845.84,2787.786666666667,3521.3,False,False,False,False,False,False,True,False,False,True,False,-0.0136439267886855,-0.0029950083194675,,,0.0529650582362728,0.072283971159179,0.059900166389351,0.1414309484193011,-0.0015304853551681,0.1608009911931151,2500.0,3105.0,0.753922967189729,0.0063250217861861,-1.197040573420842e-05,-0.0003843754432275
2019-03-06,3005.0,3035.0,2984.0,3030.0,79700.0,3030.0,3010.0,2998.4,2863.88,2783.92,3515.675,False,False,False,False,False,False,True,False,False,True,False,-0.0349834983498349,0.0264026402640264,,,0.0548250825082507,0.0812145214521452,0.0594059405940594,0.1254125412541254,-0.001388928800636,0.1547825506937032,2558.0,3125.0,0.7540208136234626,0.0062991466122882,-2.587517389794017e-05,0.000141556554532
2019-03-07,2990.0,3025.0,2984.0,3000.0,117900.0,3000.0,3008.0,3008.0,2881.84,2781.3866666666668,3509.3,False,False,False,False,False,False,True,False,False,True,False,-0.031,0.0583333333333333,,,0.0393866666666666,0.072871111111111,0.0616666666666666,0.19,-0.0009108166669862,0.1554188829787234,2614.0,3030.0,1.479297365119197,0.0062321294728368,-6.701713945140089e-05,0.0004781121336498
2019-03-08,2945.0,2979.0,2905.0,2924.0,208800.0,2924.0,2994.8,3002.3,2894.36,2779.5066666666667,3501.645,False,False,False,False,False,False,True,False,False,True,False,0.0116279069767441,0.0379616963064295,,,0.0101367989056087,0.0494163246694026,0.1080711354309165,0.2739398084815321,-0.0006763790216969,0.1682709922392831,2608.0,3070.0,1.7709923664122138,0.0043256540305974,-0.0019064754422393,0.0002344376452893
2019-03-11,2931.0,2964.0,2860.0,2904.0,135700.0,2904.0,2972.6,2988.2,2909.32,2776.96,3494.215,False,False,False,False,False,False,True,False,False,False,False,0.0451101928374655,0.0984848484848484,,,-0.001831955922865,0.0437465564738291,0.0864325068870523,0.2775482093663912,-0.0009170699854036,0.1799745666287397,2534.0,2901.0,0.649904214559387,0.005142095060014,0.0008164410294166,-0.0002406909637067
2019-03-12,2946.0,2978.0,2939.0,2964.0,110800.0,2964.0,2964.4,2984.1,2923.52,2774.9466666666667,3486.61,False,False,False,False,False,False,True,False,False,True,False,0.0107962213225371,0.0897435897435897,,,0.0136572199730094,0.063783175888439,0.0593792172739541,0.2601214574898785,-0.0007255394698276,0.1866224322241212,2514.0,2893.0,0.8165070007369197,0.0048571584938703,-0.0002849365661436,0.000191530515576
2019-03-13,2966.0,2980.0,2897.0,2924.0,132000.0,2924.0,2943.2,2976.6,2932.88,2774.4,3478.33,False,False,False,False,False,False,True,False,False,True,False,0.0636114911080711,0.1063611491108071,,,-0.0030369357045144,0.0511627906976743,0.0636114911080711,0.2551299589603283,-0.0001970396001537,0.1944836390512666,2574.0,2762.0,1.1913357400722022,0.0031914023076294,-0.0016657561862409,0.0005284998696738
2019-03-14,2937.0,2955.0,2899.0,2907.0,132400.0,2907.0,2924.6,2966.3,2933.84,2772.6266666666666,3469.89,False,False,False,False,False,False,True,False,False,True,False,0.0921912624699002,0.1162710698314413,,,-0.0092328861369109,0.0462240568742117,0.0732714138286893,0.2504299965600275,-0.0006395860483681,0.203519536122442,2517.0,2643.0,1.003030303030303,0.0003272162081095,-0.0028641860995198,-0.0004425464482143
2019-03-15,2980.0,3020.0,2938.0,2958.0,225000.0,2958.0,2931.4,2963.1,2938.32,2773.0533333333333,3462.38,False,False,False,False,False,False,True,True,True,False,False,0.0260311020960108,0.1156186612576064,,,0.0066531440162271,0.0625242280820374,0.0446247464503042,0.2102772143340094,0.0001538616879589,0.2108939961526779,2547.0,2699.0,1.6993957703927491,0.0015246807699637,0.0011974645618542,0.000793447736327
2019-03-18,2996.0,3040.0,2970.0,3035.0,140800.0,3035.0,2957.6,2965.1,2948.88,2775.5733333333333,3454.73,False,False,False,False,False,False,True,True,False,False,False,0.0510708401976935,0.0906095551894563,,,0.0283756177924217,0.0854783086216364,0.0329489291598023,0.2042833607907743,0.0009079205257292,0.2181713938821625,2554.0,2722.0,0.6257777777777778,0.0035810205908683,0.0020563398209045,0.0007540588377703
2019-03-19,3055.0,3055.0,2966.0,2996.0,141100.0,2996.0,2964.0,2964.2,2956.48,2776.52,3446.835,False,False,False,False,False,False,True,True,False,True,False,0.0781041388518024,0.1031375166889185,,,0.0131909212283044,0.0732576769025367,0.0463951935914552,0.2316421895861148,0.0003409543841451,0.2273125969907564,2623.0,2789.0,1.002130681818182,0.0025706245264638,-0.0010103960644045,-0.000566966141584
2019-03-20,3035.0,3125.0,2985.0,3110.0,240900.0,3110.0,3001.2,2972.2,2966.08,2779.0666666666666,3439.91,False,False,False,False,False,False,True,True,False,False,True,0.040192926045016,0.062700964630225,,,0.0462765273311897,0.1064094319399785,0.0192926045016077,0.1784565916398713,0.0009163748020918,0.2325886548684476,2530.0,2812.0,1.7072997873848337,0.0032365951019527,0.0006659705754888,0.0005754204179466
2019-03-22,3110.0,3180.0,3000.0,3175.0,300200.0,3175.0,3054.8,2989.7,2979.52,2782.56,3433.16,False,False,False,False,False,False,True,True,False,False,False,0.0220472440944881,0.0078740157480314,,,0.0615685039370078,0.1236031496062992,0.0173228346456692,0.1307086614173228,0.0012554386368428,0.2260427467638894,2545.0,2687.0,1.2461602324616023,0.0045107936848888,0.0012741985829361,0.0003390638347509
2019-03-25,3070.0,3070.0,3005.0,3035.0,188000.0,3035.0,3070.2,3000.8,2988.92,2782.96,3426.41,False,False,False,False,False,False,True,True,False,True,False,0.0873146622734761,0.0527182866556836,,,0.0151828665568368,0.0830444810543657,0.0626029654036243,0.1795716639209225,0.0001437318538534,0.216675553185817,2555.0,2715.0,0.6262491672218521,0.0031449486771141,-0.0013658450077746,-0.0011117067829893
2019-03-26,3075.0,3190.0,3070.0,3190.0,283300.0,3190.0,3101.2,3029.4,2998.84,2784.16,3419.56,False,False,False,False,False,False,True,True,False,False,False,0.0376175548589341,-0.0172413793103448,,,0.059924764890282,0.1272225705329154,-0.0109717868338558,0.1191222570532915,0.0004310097120854,0.2005677691952201,2567.0,2516.0,1.5069148936170214,0.0033079457390191,0.0001629970619049,0.0002872778582319
2019-03-27,3220.0,3245.0,3195.0,3230.0,219900.0,3230.0,3148.0,3056.0,3009.8,2785.826666666667,3412.335,False,False,False,False,False,False,True,True,False,False,False,0.023219814241486,-0.0139318885448916,,,0.068173374613003,0.1375149638802889,-0.0541795665634674,0.1346749226006192,0.0005982664630966,0.18782722513089,2555.0,2484.0,0.7762089657606778,0.0036414379693002,0.0003334922302811,0.0001672567510111
2019-03-28,3195.0,3240.0,3130.0,3235.0,240400.0,3235.0,3173.0,3087.1,3022.84,2787.293333333333,3404.56,False,False,False,False,False,False,True,True,False,False,False,0.0216383307573415,-0.0077279752704791,,,0.065582689335394,0.1383946419371458,0.0077279752704791,0.1143740340030912,0.0005261974579877,0.1737553043309255,2579.0,2281.0,1.0932241928149158,0.0043138240859588,0.0006723861166585,-7.20690051088759e-05
2019-03-29,3265.0,3360.0,3205.0,3245.0,259600.0,3245.0,3187.0,3120.9,3036.48,2790.16,3397.535,False,False,False,False,False,False,True,True,False,False,False,-0.0138674884437596,-0.0184899845916795,,,0.0642588597842835,0.1401664098613251,0.0154083204930662,0.1155624036979969,0.001027420171842,0.1605626582075683,2551.0,2346.0,1.0798668885191347,0.0044920434186952,0.0001782193327364,0.0005012227138542
2019-04-01,3280.0,3325.0,3270.0,3300.0,254100.0,3300.0,3240.0,3155.1,3049.24,2793.2266666666665,3391.835,False,False,False,False,False,False,True,True,False,True,False,-0.0318181818181818,-0.0181818181818181,,,0.0759878787878788,0.1535676767676768,-0.0181818181818181,0.0924242424242424,0.001097893952991,0.1487749992076321,2611.0,2536.0,0.9788135593220338,0.0041846492896589,-0.0003073941290363,7.047378114898267e-05
2019-04-02,3345.0,3355.0,3270.0,3310.0,294600.0,3310.0,3264.0,3182.6,3059.84,2798.68,3385.81,False,False,False,False,False,False,True,True,False,True,False,-0.052870090634441,-0.0468277945619335,,,0.0755770392749244,0.1544773413897281,-0.0120845921450151,0.1042296072507553,0.0019485376439369,0.1388487400238798,2530.0,2503.0,1.1593860684769777,0.0034642334239699,-0.0007204158656889,0.0008506436909458
2019-04-03,3310.0,3325.0,3275.0,3305.0,214000.0,3305.0,3279.0,3213.5,3071.84,2804.173333333333,3379.435,False,False,False,False,False,False,True,True,False,False,False,-0.0363086232980332,-0.0499243570347957,,,0.0705476550680786,0.1515360564800807,0.0680786686838124,0.1270801815431164,0.0019589849414919,0.1289870857320678,2609.0,2500.0,0.7264086897488119,0.0039064534611177,0.0004422200371477,1.044729755505006e-05
2019-04-04,3330.0,3350.0,3305.0,3305.0,192600.0,3305.0,3293.0,3233.0,3084.08,2811.4133333333334,3373.035,False,False,False,False,False,False,True,True,False,False,False,-0.0287443267776096,-0.059001512859304,,,0.0668441754916793,0.149345436207766,0.1467473524962178,0.1331316187594553,0.0025752172098494,0.12465202598206,2690.0,2558.0,0.9,0.0039687686441336,6.231518301590827e-05,0.0006162322683574
2019-04-05,3290.0,3310.0,3175.0,3200.0,196800.0,3200.0,3284.0,3235.5,3091.68,2818.84,3366.36,False,False,False,False,False,False,True,True,False,True,False,-0.0046875,-0.025,,,0.03385,0.1191124999999999,0.209375,0.1625,0.0026346534981292,0.1278009581208468,2883.0,2614.0,1.0218068535825544,0.0024582104228121,-0.0015105582213215,5.9436288279817936e-05
2019-04-08,3235.0,3235.0,3155.0,3195.0,187300.0,3195.0,3263.0,3251.5,3099.88,2825.4533333333334,3358.86,False,False,False,False,False,False,True,True,False,False,True,0.0140845070422535,-0.0328638497652582,,,0.02977151799687,0.1156640584246218,0.1940532081377151,0.1815336463223787,0.0023406273447564,0.1282485006919883,2846.0,2608.0,0.9517276422764228,0.0026452636876267,0.0001870532648145,-0.0002940261533728
2019-04-09,3155.0,3175.0,3105.0,3135.0,152900.0,3135.0,3228.0,3246.0,3104.68,2830.96,3351.185,False,False,False,False,False,False,True,True,False,True,False,0.0063795853269537,0.0,,,0.0096714513556619,0.0969824561403508,0.2312599681020733,0.2073365231259968,0.0019451587682859,0.1367837338262477,2771.0,2534.0,0.816337426588361,0.0015460530553872,-0.0010992106322394,-0.0003954685764705
2019-04-10,3105.0,3205.0,3075.0,3185.0,253800.0,3185.0,3204.0,3241.5,3111.88,2836.24,3343.285,False,False,False,False,False,False,True,True,False,False,False,-0.0141287284144427,-0.0156985871271585,,,0.0229576138147566,0.1095007849293564,0.2229199372056514,0.152276295133438,0.0018616196090597,0.1385161190806725,2806.0,2514.0,1.6599084368868542,0.0023137138964228,0.0007676608410355,-8.353915922611069e-05
2019-04-11,3235.0,3280.0,3180.0,3210.0,252200.0,3210.0,3185.0,3239.0,3119.08,2841.5466666666666,3335.51,False,False,False,False,False,False,True,True,False,True,False,-0.0311526479750778,-0.0124610591900311,,,0.0283239875389408,0.1147829698857736,0.1978193146417445,0.1074766355140186,0.0018675275436851,0.1378511886384686,2870.0,2574.0,0.9936958234830576,0.0023083729817766,-5.340914646209411e-06,5.90793462539865e-06
2019-04-12,3200.0,3215.0,3140.0,3185.0,117800.0,3185.0,3182.0,3233.0,3126.48,2848.1866666666665,3329.31,False,False,False,False,False,False,True,True,False,False,False,-0.0204081632653061,0.0141287284144427,,,0.0183736263736263,0.1057498691784406,0.1789638932496075,0.1114599686028257,0.0023313078730794,0.1374884008660686,2839.0,2517.0,0.4670896114195083,0.0023668790460838,5.850606430718441e-05,0.0004637803293942
2019-04-15,3185.0,3255.0,3180.0,3240.0,159500.0,3240.0,3191.0,3227.0,3139.12,2855.1866666666665,3322.635,False,False,False,False,False,False,True,True,False,False,False,-0.0462962962962962,-0.0046296296296296,,,0.0311358024691358,0.1187695473251029,0.1697530864197531,0.1126543209876543,0.0024516785826028,0.1396033467616981,2800.0,2547.0,1.3539898132427843,0.0040266061826243,0.0016597271365405,0.0001203707095234
2019-04-16,3190.0,3215.0,3150.0,3155.0,128900.0,3155.0,3195.0,3211.5,3149.16,2863.7066666666665,3315.71,False,False,False,False,False,False,True,True,False,True,False,-0.0063391442155309,0.0,,,0.001851030110935,0.0923275224511358,0.1885895404120443,0.1299524564183835,0.0029751650541489,0.1423011054024599,2942.0,2554.0,0.8081504702194358,0.0031881517611045,-0.0008384544215198,0.000523486471546
2019-04-17,3155.0,3160.0,3100.0,3140.0,134200.0,3140.0,3186.0,3195.0,3156.2,2872.4533333333334,3308.985,False,False,False,False,False,False,True,True,False,True,False,-0.001592356687898,-0.0270700636942675,,,-0.0051592356687897,0.0852059447983014,0.1624203821656051,0.1560509554140127,0.0030450161070212,0.1452269170579029,2956.0,2623.0,1.0411171450737005,0.0022305303846397,-0.0009576213764647,6.985105287232729e-05
2019-04-18,3150.0,3175.0,3085.0,3110.0,135600.0,3110.0,3166.0,3175.5,3163.64,2883.5066666666667,3302.785,False,False,False,False,False,False,True,True,False,False,False,0.0192926045016077,0.0482315112540192,,,-0.0172475884244372,0.0728274383708467,0.1366559485530546,0.0578778135048231,0.0038332955706708,0.1379310344827586,2909.0,2530.0,1.0104321907600595,0.0023517214348029,0.0001211910501632,0.0007882794636496
2019-04-19,3140.0,3170.0,3120.0,3120.0,61300.0,3120.0,3153.0,3167.5,3172.16,2893.826666666667,3297.085,False,False,False,False,False,False,True,True,False,False,False,0.0352564102564102,0.0560897435897435,,,-0.0167179487179486,0.0724914529914529,0.0592948717948717,0.094551282051282,0.0035662122126642,0.1311760063141278,2904.0,2545.0,0.4520648967551622,0.0026858670432764,0.0003341456084735,-0.0002670833580066
2019-04-22,3110.0,3145.0,3075.0,3090.0,69800.0,3090.0,3123.0,3157.0,3177.44,2901.213333333333,3290.835,False,False,False,False,False,False,True,True,False,True,False,0.0436893203883495,0.0485436893203883,,,-0.0282977346278317,0.0610960086299892,0.0048543689320388,0.0841423948220064,0.0025460611881924,0.121476084890719,2981.0,2555.0,1.138662316476346,0.0016617150913943,-0.0010241519518821,-0.0010201510244718
2019-04-23,3130.0,3145.0,3085.0,3135.0,88900.0,3135.0,3119.0,3157.0,3181.44,2909.64,3285.01,False,False,False,False,False,False,True,True,False,True,False,0.0063795853269537,0.0430622009569378,,,-0.0148133971291866,0.0718851674641148,0.0239234449760765,0.0558213716108452,0.0028961200240121,0.106430155210643,3045.0,2567.0,1.2736389684813754,0.0012572922953128,-0.0004044227960815,0.0003500588358197
2019-04-24,3150.0,3190.0,3125.0,3135.0,89100.0,3135.0,3118.0,3152.0,3187.0,2918.1066666666666,3279.16,False,False,False,False,False,False,True,True,False,False,False,-0.0255183413078149,0.1259968102073365,,,-0.0165869218500797,0.0691844763423711,0.0318979266347687,0.0542264752791068,0.0029014246680496,0.0966053299492385,3005.0,2555.0,1.0022497187851518,0.0017445873862566,0.0004872950909438,5.30464403745599e-06
2019-04-25,3140.0,3180.0,3140.0,3170.0,89300.0,3170.0,3130.0,3148.0,3189.4,2926.266666666667,3274.035,False,False,False,False,False,False,True,True,False,True,False,0.028391167192429,0.195583596214511,,,-0.0061198738170347,0.076887486855941,0.0236593059936908,0.0662460567823343,0.0027885360185903,0.0924396442185514,2999.0,2579.0,1.0022446689113356,0.000752492631843,-0.0009920947544136,-0.0001128886494592
2019-04-26,3180.0,3240.0,3140.0,3230.0,131100.0,3230.0,3152.0,3152.5,3191.6,2934.48,3268.785,False,False,False,True,True,False,True,True,False,True,False,0.0201238390092879,0.1981424148606811,,,0.0118885448916408,0.0914922600619195,0.0309597523219814,0.0371517027863777,0.0027989058822459,0.084853291038858,3010.0,2551.0,1.4680851063829787,0.0006893094372727,-6.318319457022416e-05,1.0369863655619331e-05
2019-05-07,3200.0,3260.0,3170.0,3225.0,150000.0,3225.0,3179.0,3151.0,3199.2,2942.7066666666665,3263.785,False,False,False,False,False,False,True,True,True,False,False,0.0046511627906976,0.1829457364341085,,,0.008,0.0875328165374677,0.055813953488372,0.027906976744186,0.0027956122028245,0.0761662964138368,2990.0,2611.0,1.1441647597254003,0.0023755938984745,0.0016862844612018,-3.2936794214246355e-06
2019-05-08,3135.0,3170.0,3095.0,3155.0,159800.0,3155.0,3183.0,3151.0,3197.8,2950.9866666666667,3259.01,False,False,False,False,False,False,False,True,False,True,False,0.0364500792393026,0.2234548335974643,,,-0.0135657686212361,0.0646634970945589,0.0697305863708399,0.0855784469096671,0.0028058412101715,0.071723262456363,3015.0,2530.0,1.0653333333333332,-0.0004378009881792,-0.0028133948866538,1.0229007347040565e-05
2019-05-09,3125.0,3135.0,3040.0,3055.0,191700.0,3055.0,3167.0,3142.5,3190.8,2958.2,3253.285,False,False,False,False,False,False,False,True,False,True,False,0.1554828150572831,0.2749590834697217,,,-0.0444517184942717,0.0316857610474632,0.1014729950900163,0.072013093289689,0.0024384197597637,0.0633253778838504,3005.0,2609.0,1.199624530663329,-0.0021938071956876,-0.0017560062075083,-0.0003674214504078
2019-05-10,3180.0,3300.0,3155.0,3260.0,508600.0,3260.0,3185.0,3157.5,3191.8,2967.346666666667,3248.01,False,False,False,False,False,False,True,True,False,False,True,0.1625766871165644,0.1794478527607362,,,0.0209202453987729,0.0897709611451942,0.058282208588957,0.0184049079754601,0.0030824395307144,0.059224069675376,3030.0,2690.0,2.6531038080333853,0.0003133028385237,0.0025071100342113,0.0006440197709506
2019-05-13,3330.0,3360.0,3280.0,3295.0,348600.0,3295.0,3198.0,3175.0,3193.8,2977.72,3242.685,False,False,False,False,False,False,True,True,False,False,False,0.1745068285280728,0.1396054628224582,,,0.0307132018209407,0.0962913505311078,0.0440060698027314,0.0121396054628224,0.0034836496827549,0.0508661417322834,3000.0,2883.0,0.685410931970114,0.0006262132882459,0.0003129104497222,0.0004012101520405
2019-05-14,3170.0,3255.0,3125.0,3240.0,314400.0,3240.0,3201.0,3190.0,3191.4,2986.96,3237.76,False,False,False,False,False,False,False,True,False,True,False,0.1774691358024691,0.1697530864197531,,,0.0149999999999999,0.0780987654320987,0.0509259259259259,0.0246913580246913,0.0030934461793931,0.0449843260188087,2924.0,2846.0,0.9018932874354562,-0.0007520210565896,-0.0013782343448355,-0.0003902035033617
2019-05-15,3260.0,3275.0,3185.0,3270.0,318300.0,3270.0,3224.0,3203.5,3189.8,2996.5066666666667,3232.585,False,False,False,False,False,False,False,True,False,False,False,0.1804281345565749,0.146788990825688,,,0.0245259938837919,0.0836371049949031,0.0779816513761468,0.0596330275229357,0.0031859320631134,0.0454190728890276,2904.0,2771.0,1.0124045801526718,-0.0005015988463226,0.0002504222102669,9.248588372030332e-05
2019-05-16,3600.0,3610.0,3495.0,3530.0,1029800.0,3530.0,3319.0,3243.0,3198.8,3008.6,3228.56,False,False,False,False,False,False,True,True,True,False,False,0.103399433427762,0.0339943342776204,,,0.0938243626062322,0.1477053824362606,0.0155807365439093,-0.0212464589235127,0.0040195882913425,0.0373111316682084,2964.0,2806.0,3.23531259817782,0.0028135550831561,0.0033151539294788,0.000833656228229
2019-05-17,3650.0,3825.0,3620.0,3790.0,1147900.0,3790.0,3425.0,3305.0,3218.2,3025.4,3225.885,False,False,False,False,False,False,True,True,False,False,False,0.0145118733509234,-0.0672823218997361,,,0.1508707124010554,0.2017414248021108,-0.0699208443271767,-0.0514511873350923,0.005552984729292,0.0243570347957639,2924.0,2870.0,1.1146824626141,0.0060282145298613,0.0032146594467051,0.0015333964379494
2019-05-20,3890.0,3925.0,3830.0,3870.0,608700.0,3870.0,3540.0,3369.0,3245.0,3043.0666666666666,3223.285,False,False,False,False,False,False,True,True,False,False,False,-0.0297157622739018,-0.1459948320413436,,,0.1614987080103359,0.213677863910422,-0.0981912144702842,-0.0749354005167958,0.0058055470358848,0.0117245473434253,2907.0,2839.0,0.5302726718355257,0.0082588597842835,0.0022306452544222,0.0002525623065927
2019-05-21,3840.0,3855.0,3755.0,3815.0,600800.0,3815.0,3655.0,3428.0,3269.8,3059.866666666667,3220.21,False,False,False,False,False,False,True,True,False,True,False,-0.0065530799475753,-0.1861074705111402,,,0.1429095674967234,0.1979379641764962,-0.1087811271297509,-0.055045871559633,0.0054904353130855,0.0027712952158693,2958.0,2800.0,0.987021521274848,0.0075845617468958,-0.0006742980373876,-0.0003151117227992
2019-05-22,3865.0,3895.0,3825.0,3860.0,319800.0,3860.0,3773.0,3498.5,3298.8,3077.1066666666666,3217.385,False,False,False,False,False,False,True,True,False,False,False,-0.0284974093264248,-0.1683937823834196,,,0.1453886010362693,0.2028221070811744,-0.1152849740932642,-0.0880829015544041,0.0056026657076127,-0.0147205945405173,3035.0,2942.0,0.5322902796271638,0.0087910755426215,0.0012065137957256,0.0001122303945271
2019-05-23,3860.0,3915.0,3800.0,3895.0,327400.0,3895.0,3846.0,3582.5,3327.2,3094.9733333333334,3215.31,False,False,False,False,False,False,True,True,False,True,False,-0.0629011553273427,-0.1694480102695763,,,0.1457766367137356,0.2053983739837398,-0.1193838254172015,-0.0641848523748395,0.0057728014888658,-0.0274947662247034,2996.0,2956.0,1.0237648530331458,0.0085357056984851,-0.0002553698441364,0.0001701357812531
2019-05-24,3840.0,3880.0,3820.0,3845.0,242900.0,3845.0,3857.0,3641.0,3352.6,3111.853333333333,3212.585,False,False,False,False,False,False,True,True,False,True,False,-0.0806241872561768,-0.1560468140442132,,,0.1280624187256177,0.1906753359341136,-0.1131339401820546,-0.0884265279583875,0.005424420174044,-0.0380390002746498,3110.0,2909.0,0.741905925473427,0.0075762095090377,-0.0009594961894473,-0.0003483813148217
2019-05-27,3830.0,3830.0,3715.0,3755.0,288400.0,3755.0,3834.0,3687.0,3375.4,3127.9066666666668,3209.96,False,False,False,False,False,False,True,True,False,True,False,-0.1198402130492676,-0.1131824234354194,,,0.101091877496671,0.1670022192632046,-0.0492676431424767,-0.0972037283621837,0.0051322929499176,-0.0485489557906156,3175.0,2904.0,1.1873198847262247,0.006754754992001,-0.0008214545170367,-0.0002921272241264
2019-05-28,3775.0,3805.0,3740.0,3790.0,313700.0,3790.0,3829.0,3742.0,3397.4,3143.6266666666666,3206.96,False,False,False,False,False,False,True,True,False,True,False,-0.1807387862796833,-0.1015831134564643,,,0.1035883905013192,0.170547053649956,-0.0171503957783641,-0.1424802110817942,0.0050005937940043,-0.064404061998931,3035.0,2981.0,1.087725381414702,0.0064755401189144,-0.0002792148730865,-0.0001316991559133
2019-05-29,3750.0,3790.0,3685.0,3750.0,402200.0,3750.0,3807.0,3790.0,3421.2,3159.893333333333,3203.335,False,False,False,False,False,False,True,True,False,False,False,-0.144,-0.1,,,0.08768,0.1573617777777778,-0.0106666666666666,-0.1346666666666666,0.0051478530920874,-0.0820580474934036,3190.0,3045.0,1.2821166719795984,0.0069566234069916,0.0004810832880771,0.0001472592980831
2019-05-30,3650.0,3675.0,3585.0,3650.0,310900.0,3650.0,3758.0,3802.0,3441.6,3173.773333333333,3200.06,False,False,False,False,False,False,True,True,False,True,False,-0.1136986301369863,-0.0780821917808219,,,0.0570958904109589,0.1304730593607306,0.0232876712328767,-0.0794520547945205,0.0043733431919104,-0.0874539715938979,3230.0,3005.0,0.7729985082048731,0.0059274755927475,-0.001029147814244,-0.000774509900177
2019-05-31,3600.0,3640.0,3520.0,3535.0,435000.0,3535.0,3696.0,3776.5,3458.6,3185.04,3196.735,False,False,False,False,False,False,True,True,False,True,False,-0.082036775106082,-0.024045261669024,,,0.0216124469589816,0.098998585572843,0.0381895332390381,-0.0622347949080622,0.0035373705406107,-0.0887064742486429,3235.0,2999.0,1.3991637182373753,0.0049152836407795,-0.001012191951968,-0.0008359726512996
2019-06-03,3425.0,3425.0,3280.0,3305.0,670400.0,3305.0,3606.0,3720.0,3466.0,3190.6666666666665,3192.11,False,False,False,False,False,False,True,True,False,True,False,0.0075642965204236,0.0408472012102874,,,-0.0487140695915279,0.0345940494200706,0.0998487140695915,0.0181543116490166,0.0017634768073547,-0.0806451612903225,3245.0,3010.0,1.5411494252873563,0.002135025966532,-0.0027802576742474,-0.001773893733256
2019-06-04,3275.0,3275.0,3085.0,3105.0,612000.0,3105.0,3469.0,3649.0,3466.6,3194.12,3186.76,False,False,False,False,False,False,True,True,False,True,False,0.0966183574879227,0.0966183574879227,,,-0.1164573268921094,-0.0287020933977455,0.1529790660225443,0.1062801932367149,0.0010811532858293,-0.0674157303370786,3300.0,2990.0,0.9128878281622912,0.0001730802515432,-0.0019619457149887,-0.0006823235215253
2019-06-05,3200.0,3235.0,3150.0,3210.0,530800.0,3210.0,3361.0,3584.0,3469.6,3199.9733333333334,3181.96,False,False,False,False,False,False,True,True,False,False,False,0.0514018691588785,0.0981308411214953,,,-0.0808722741433021,0.0031235721703011,0.1386292834890965,0.0919003115264797,0.0018291819098492,-0.0509207589285714,3310.0,3015.0,0.8673202614379085,0.0008646529859349,0.0006915727343917,0.0007480286240198
2019-06-06,3245.0,3285.0,3225.0,3235.0,340900.0,3235.0,3278.0,3518.0,3473.6,3205.693333333333,3177.685,False,False,False,False,False,False,True,True,False,False,False,0.0401854714064915,0.1081916537867078,,,-0.0737557959814528,0.009059247810407,0.1406491499227202,0.0401854714064915,0.0017843253877475,-0.0410744741330301,3305.0,3005.0,0.6422381311228335,0.0011515430677107,0.0002868900817757,-4.485652210172038e-05
2019-06-07,3290.0,3290.0,3200.0,3245.0,233600.0,3245.0,3220.0,3458.0,3476.6,3210.693333333333,3173.56,False,False,False,False,False,False,True,True,False,True,False,0.0631741140215716,0.086286594761171,,,-0.0713713405238828,0.0105721623009759,0.1294298921417565,0.0600924499229583,0.0015572960357472,-0.0263157894736842,3305.0,3030.0,0.6852449398650631,0.0008629120404993,-0.0002886310272113,-0.0002270293520003
2019-06-10,3250.0,3370.0,3215.0,3330.0,391300.0,3330.0,3225.0,3415.5,3480.6,3217.24,3169.785,False,False,False,False,False,False,True,True,False,False,False,0.033033033033033,0.048048048048048,,,-0.0452252252252252,0.0338618618618619,0.078078078078078,0.0375375375375375,0.0020348704686832,-0.0122968818620992,3200.0,3000.0,1.675085616438356,0.0011492271447451,0.0002863151042458,0.000477574432936
2019-06-11,3330.0,3440.0,3305.0,3405.0,344100.0,3405.0,3285.0,3377.0,3487.8,3225.306666666667,3166.885,False,False,False,False,False,False,True,True,False,False,False,0.0,-0.0014684287812041,,,-0.0243171806167401,0.0527733724914341,0.0513950073421439,0.0088105726872246,0.0025010541633251,0.0044418122594018,3195.0,2924.0,0.8793764375159724,0.0020643385515225,0.0009151114067773,0.0004661836946418
2019-06-12,3390.0,3455.0,3365.0,3375.0,208700.0,3375.0,3318.0,3339.5,3496.6,3231.08,3163.91,False,False,False,False,False,False,True,True,False,False,False,0.0444444444444444,0.0118518518518518,,,-0.0360296296296296,0.0426429629629629,0.0577777777777777,0.0474074074074074,0.0017868122526626,0.0244048510256026,3135.0,2904.0,0.6065097355419936,0.002516730538237,0.0004523919867145,-0.0007142419106625
2019-06-13,3370.0,3430.0,3355.0,3365.0,242700.0,3365.0,3344.0,3311.0,3509.0,3236.5333333333333,3161.035,False,False,False,False,False,False,True,True,False,False,False,0.0653789004457652,0.0193164933135215,,,-0.0427934621099554,0.0381773155027241,0.0891530460624071,0.0401188707280832,0.0016849303781824,0.0374509211718514,3185.0,2964.0,1.1629132726401534,0.0035337703049302,0.0010170397666931,-0.0001018818744801
2019-06-14,3370.0,3455.0,3345.0,3450.0,233600.0,3450.0,3385.0,3302.5,3516.6,3243.7466666666664,3158.46,False,False,False,False,False,False,True,True,False,True,False,0.0217391304347826,-0.0115942028985507,,,-0.0193043478260869,0.0597835748792271,0.044927536231884,-0.0014492753623188,0.0022237659332211,0.0440575321725965,3210.0,2924.0,0.9625051503914296,0.0021611784109651,-0.001372591893965,0.0005388355550387
2019-06-17,3450.0,3465.0,3410.0,3440.0,187100.0,3440.0,3407.0,3316.0,3522.4,3250.893333333333,3156.41,False,False,False,False,False,False,True,True,False,True,True,0.0145348837209302,0.0377906976744186,,,-0.023953488372093,0.0549728682170543,0.0523255813953488,0.0174418604651162,0.0021983700890421,0.0438781664656212,3185.0,2907.0,0.8009417808219178,0.0016466045877811,-0.000514573823184,-2.5395844179044048e-05
2019-06-18,3460.0,3520.0,3390.0,3405.0,355100.0,3405.0,3407.0,3346.0,3529.0,3256.5466666666666,3154.41,False,False,False,False,False,False,True,True,False,False,False,-0.0014684287812041,0.0939794419970631,,,-0.0364170337738619,0.0435986294664708,0.0587371512481644,0.0088105726872246,0.0017359902719036,0.0345188284518828,3240.0,2958.0,1.8979155531801173,0.0018702181921223,0.0002236136043412,-0.0004623798171384
2019-06-19,3500.0,3535.0,3485.0,3525.0,229600.0,3525.0,3437.0,3377.5,3539.2,3262.9466666666667,3152.535,False,False,False,False,False,False,True,True,False,False,False,-0.0312056737588652,0.0524822695035461,,,-0.0040283687943261,0.0743413711583924,0.0368794326241134,-0.0099290780141843,0.0019614172874416,0.0244263508512213,3155.0,3035.0,0.6465784286116587,0.002882007233273,0.0010117890411506,0.0002254270155379
2019-06-20,3550.0,3605.0,3540.0,3585.0,339200.0,3585.0,3481.0,3412.5,3541.4,3270.68,3151.51,False,False,False,True,True,False,True,True,False,True,False,-0.0432357043235704,0.0418410041841004,,,0.0121617852161784,0.087676429567643,0.0390516039051603,-0.0223152022315202,0.0023644420528248,0.018021978021978,3140.0,2996.0,1.4773519163763067,0.0006212232450444,-0.0022607839882285,0.0004030247653831
2019-06-21,3610.0,3620.0,3515.0,3525.0,278800.0,3525.0,3496.0,3440.5,3530.8,3277.693333333333,3150.31,False,False,False,False,False,False,False,True,False,True,False,-0.0326241134751773,0.0411347517730496,,,-0.001645390070922,0.0701579196217494,0.0624113475177304,-0.0397163120567375,0.0021397161418395,0.0081383519837232,3110.0,3110.0,0.8219339622641509,-0.0030021524866885,-0.0036233757317329,-0.0002247259109852
2019-06-24,3475.0,3490.0,3420.0,3490.0,161900.0,3490.0,3506.0,3456.5,3515.6,3284.093333333333,3149.185,False,False,False,False,False,False,False,True,False,True,False,0.0229226361031518,0.0415472779369627,,,-0.0073352435530085,0.0589990448901625,0.0659025787965616,-0.0229226361031518,0.0019487874887842,0.0021698249674526,3120.0,3175.0,0.580703012912482,-0.0043235863010582,-0.0013214338143696,-0.0001909286530553
2019-06-25,3470.0,3485.0,3365.0,3400.0,250500.0,3400.0,3505.0,3456.0,3499.0,3289.56,3147.285,False,False,False,False,False,False,False,True,False,True,False,0.0955882352941176,0.0529411764705882,,,-0.0291176470588235,0.0324823529411764,0.1102941176470588,0.013235294117647,0.0016618230604297,0.0026041666666666,3090.0,3035.0,1.5472513897467572,-0.0047442126321805,-0.0004206263311223,-0.0002869644283545
2019-06-26,3360.0,3435.0,3315.0,3415.0,164500.0,3415.0,3483.0,3460.0,3481.2,3294.893333333333,3144.86,False,False,False,False,False,False,False,True,False,True,False,0.0863836017569546,0.0702781844802342,,,-0.0193850658857978,0.0351703269887751,0.1083455344070278,-0.0014641288433382,0.0016186664616354,-0.0021676300578034,3135.0,3190.0,0.656686626746507,-0.0051131793634379,-0.0003689667312573,-4.315659879421878e-05
2019-06-27,3405.0,3490.0,3405.0,3430.0,167000.0,3430.0,3452.0,3466.5,3462.6,3300.56,3142.36,False,False,False,False,False,False,False,True,False,True,False,0.0889212827988338,0.075801749271137,,,-0.0095043731778425,0.037737609329446,0.0699708454810495,-0.0204081632653061,0.001716880367776,-0.0080773114092023,3135.0,3230.0,1.0151975683890575,-0.0053716860162883,-0.0002585066528503,9.821390614057554e-05
2019-06-28,3425.0,3460.0,3400.0,3410.0,142600.0,3410.0,3429.0,3462.5,3445.2,3305.6266666666666,3139.81,False,False,False,False,False,False,False,True,False,False,False,0.0762463343108504,0.0747800586510264,,,-0.0103225806451612,0.0306080156402737,0.0425219941348973,0.0073313782991202,0.0015327401360105,-0.0072202166064981,3170.0,3235.0,0.8538922155688623,-0.005050505050505,0.0003211809657832,-0.0001841402317655
2019-07-01,3500.0,3590.0,3445.0,3570.0,343400.0,3570.0,3445.0,3475.5,3437.8,3313.2266666666665,3137.81,False,False,False,False,True,False,False,True,False,False,True,0.0182072829131652,0.0056022408963585,,,0.0370308123249299,0.0719253034547152,-0.0084033613445378,-0.0294117647058823,0.0022938364212932,-0.0119407279528125,3230.0,3245.0,2.408134642356241,-0.0021525394147418,0.0028979656357631,0.0007610962852827
2019-07-02,3555.0,3735.0,3550.0,3725.0,552000.0,3725.0,3510.0,3507.5,3435.2,3323.9066666666668,3137.285,False,False,False,False,False,False,False,True,False,False,False,-0.0389261744966442,-0.0389261744966442,,,0.0777986577181208,0.107676062639821,-0.0322147651006711,-0.0416107382550335,0.0032130866089301,-0.0171062009978617,3225.0,3300.0,1.6074548631333725,-0.0007568700512343,0.0013956693635074,0.0009192501876369
2019-07-03,3795.0,3830.0,3685.0,3710.0,380500.0,3710.0,3569.0,3526.0,3433.6,3334.653333333333,3136.835,False,False,False,False,False,False,False,True,False,False,False,-0.0148247978436657,-0.0377358490566037,,,0.0745013477088949,0.1011716082659479,-0.0390835579514824,-0.036388140161725,0.0032227238013745,-0.0198525241066364,3155.0,3310.0,0.6893115942028986,-0.0004659832246038,0.0002908868266304,9.637192444446935e-06
2019-07-04,3770.0,3770.0,3685.0,3735.0,140500.0,3735.0,3630.0,3541.0,3437.0,3344.9333333333334,3136.51,False,False,False,False,False,False,True,True,False,False,False,-0.0120481927710843,-0.0187416331994645,,,0.0797858099062918,0.1044355198572065,-0.0281124497991967,-0.038821954484605,0.0030733048989517,-0.0216040666478395,3055.0,3305.0,0.3692509855453351,0.0009892347977887,0.0014552180223926,-0.0001494189024228
2019-07-05,3700.0,3715.0,3585.0,3670.0,241700.0,3670.0,3682.0,3555.5,3442.4,3354.88,3135.535,False,False,False,False,False,False,True,True,True,False,False,-0.0013623978201634,-0.0177111716621253,,,0.0620163487738419,0.0858637602179836,-0.103542234332425,-0.0272479564032697,0.0029648353045911,-0.0203909436084938,3260.0,3305.0,1.7202846975088968,0.0015686730188241,0.0005794382210353,-0.0001084695943605
2019-07-08,3700.0,3730.0,3625.0,3635.0,199800.0,3635.0,3695.0,3570.0,3455.6,3364.5866666666666,3135.235,False,False,False,False,False,False,True,True,False,False,False,-0.0123796423658872,-0.0041265474552957,,,0.049353507565337,0.0743915635029803,-0.0605226960110041,-0.0137551581843191,0.0028849507022159,-0.0194677871148459,3295.0,3200.0,0.8266446007447249,0.0038198865609445,0.0022512135421203,-7.98846023751707e-05
2019-07-09,3615.0,3635.0,3560.0,3580.0,143200.0,3580.0,3666.0,3588.0,3474.6,3372.88,3135.635,False,False,False,False,False,False,True,True,False,False,False,0.0,0.0069832402234636,,,0.0294413407821229,0.0578547486033519,-0.0642458100558659,0.0069832402234636,0.0024588284591605,-0.019927536231884,3240.0,3195.0,0.7167167167167167,0.005468255338744,0.0016483687777995,-0.0004261222430553
2019-07-10,3575.0,3675.0,3560.0,3655.0,183600.0,3655.0,3655.0,3612.0,3492.4,3381.1466666666665,3136.835,False,False,False,False,False,False,True,True,False,True,False,-0.0232558139534883,0.0,,,0.0444870041039671,0.0749256725946192,-0.094391244870041,-0.0205198358413132,0.0024449299251535,-0.0217331118493909,3270.0,3135.0,1.282122905027933,0.0050967815828657,-0.0003714737558783,-1.3898534007049986e-05
2019-07-11,3695.0,3730.0,3675.0,3690.0,192400.0,3690.0,3646.0,3638.0,3510.6,3390.4,3138.235,False,False,False,False,False,False,True,True,False,False,False,-0.0067750677506775,0.0094850948509485,,,0.0486178861788618,0.0811924119241192,-0.1043360433604336,-0.032520325203252,0.0027292748151644,-0.0229521715228147,3530.0,3185.0,1.0479302832244008,0.0051842989802312,8.751739736554461e-05,0.0002843448900109
2019-07-12,3700.0,3735.0,3650.0,3665.0,188900.0,3665.0,3645.0,3663.5,3527.4,3397.8,3139.41,False,False,False,False,False,False,True,True,False,True,False,-0.0163710777626193,0.0218281036834924,,,0.037544338335607,0.0729058663028648,-0.077762619372442,-0.0218281036834924,0.0021778798045794,-0.0256585232700969,3790.0,3210.0,0.9818087318087318,0.004762714747406,-0.0004215842328251,-0.0005513950105849
2019-07-16,3630.0,3650.0,3565.0,3590.0,213900.0,3590.0,3636.0,3665.5,3537.8,3403.333333333333,3140.285,False,False,False,False,False,False,True,True,False,True,False,0.0083565459610027,0.0362116991643454,,,0.0145403899721447,0.0519962859795729,-0.0668523676880222,-0.0208913649025069,0.0016258570029381,-0.0248260810257809,3870.0,3185.0,1.1323451561672844,0.0029396800271355,-0.0018230347202705,-0.0005520228016413
2019-07-17,3555.0,3595.0,3485.0,3580.0,272200.0,3580.0,3636.0,3651.0,3544.8,3410.6,3140.735,False,False,False,False,False,False,True,True,False,True,False,0.0069832402234636,0.0544692737430167,,,0.0098324022346368,0.0473184357541899,-0.074022346368715,-0.0013966480446927,0.0021306124044645,-0.0208162147356888,3815.0,3240.0,1.2725572697522207,0.0019747235387045,-0.0009649564884309,0.0005047554015264
2019-07-18,3580.0,3745.0,3565.0,3570.0,467000.0,3570.0,3619.0,3637.0,3552.6,3415.6666666666665,3141.41,False,False,False,False,False,False,True,True,False,False,False,0.0238095238095238,0.0602240896358543,,,0.0048739495798319,0.0432306255835668,-0.0406162464985994,0.0014005602240896,0.0014833609837025,-0.0170470167720648,3860.0,3155.0,1.71565025716385,0.0021955750717783,0.0002208515330737,-0.000647251420762
2019-07-19,3580.0,3690.0,3540.0,3665.0,301600.0,3665.0,3614.0,3630.0,3564.6,3421.4666666666667,3142.06,False,False,False,False,False,False,True,True,False,False,False,0.0163710777626193,0.0013642564802182,,,0.0273942701227831,0.0664483856298317,-0.1064120054570259,-0.0190995907230559,0.0016951794552044,-0.0150137741046831,3895.0,3140.0,0.6458244111349036,0.0033664366268305,0.0011708615550521,0.0002118184715019
2019-07-22,3630.0,3635.0,3585.0,3605.0,191200.0,3605.0,3602.0,3623.5,3570.8,3426.4,3141.96,False,False,False,False,False,False,True,True,False,True,False,0.0388349514563106,-0.0138696255201109,,,0.0094868238557558,0.0495423023578363,-0.0790568654646324,0.0194174757281553,0.0014398007627052,-0.010349109976542,3845.0,3110.0,0.6339522546419099,0.0017363055897838,-0.0016301310370466,-0.0002553786924991
2019-07-23,3600.0,3665.0,3600.0,3620.0,176900.0,3620.0,3608.0,3622.0,3578.0,3431.4,3142.335,False,False,False,False,False,False,True,True,False,False,False,0.0276243093922651,-0.0220994475138121,,,0.0116022099447513,0.0520994475138121,-0.0787292817679558,0.042817679558011,0.0014571312000932,-0.0046935394809497,3755.0,3120.0,0.9252092050209204,0.0020122973728339,0.00027599178305,1.733043738796989e-05
2019-07-24,3655.0,3655.0,3570.0,3605.0,244500.0,3605.0,3613.0,3624.5,3586.0,3435.4666666666667,3142.185,False,False,False,False,False,False,True,True,False,False,False,0.0471567267683772,0.0,,,0.0052704576976421,0.0470272769301895,-0.0790568654646324,0.0388349514563106,0.0011837304975548,-0.0015174506828528,3790.0,3090.0,1.382136800452233,0.0022308979364194,0.0002186005635854,-0.0002734007025383
2019-07-25,3600.0,3710.0,3540.0,3655.0,338300.0,3655.0,3630.0,3624.5,3591.2,3440.0666666666666,3142.135,False,False,False,False,False,False,True,True,False,True,False,0.0355677154582763,-0.0246238030095759,,,0.0174555403556772,0.0588052895576835,-0.0519835841313269,0.0164158686730506,0.0013371833879188,0.0022072009932404,3750.0,3135.0,1.383640081799591,0.0014479839607929,-0.0007829139756264,0.0001534528903639
2019-07-26,3620.0,3735.0,3620.0,3725.0,250900.0,3725.0,3642.0,3628.0,3596.8,3445.6666666666665,3142.635,False,False,False,False,False,False,True,True,False,False,False,-0.0147651006711409,-0.0255033557046979,,,0.0344161073825502,0.0749888143176734,-0.07248322147651,0.0040268456375838,0.0016252297571829,0.0059261300992282,3650.0,3135.0,0.7416494235885309,0.0015569395017794,0.0001089555409864,0.000288046369264
2019-07-29,3745.0,3795.0,3710.0,3745.0,251700.0,3745.0,3670.0,3636.0,3605.6,3451.5333333333333,3143.035,False,False,False,False,False,False,True,True,False,False,True,-0.0507343124165554,-0.1214953271028037,,,0.0372229639519359,0.0783622607921673,-0.0400534045393858,0.0400534045393858,0.0016997276572731,0.0122387238723872,3535.0,3170.0,1.0031885213232363,0.0024406478810738,0.0008837083792943,7.449790009022238e-05
2019-07-30,3740.0,3755.0,3690.0,3720.0,205500.0,3720.0,3690.0,3649.0,3614.8,3458.4666666666667,3143.135,False,False,False,False,False,False,True,True,False,False,False,-0.0483870967741935,-0.0819892473118279,,,0.028279569892473,0.0703046594982078,-0.0376344086021505,0.0591397849462365,0.0020047419858511,0.020279528637983,3305.0,3230.0,0.8164481525625745,0.0025450923979197,0.0001044445168459,0.000305014328578
2019-07-31,3700.0,3820.0,3685.0,3775.0,356000.0,3775.0,3724.0,3668.5,3629.8,3466.2,3143.36,False,False,False,False,False,False,True,True,False,False,False,-0.0450331125827814,-0.1125827814569536,,,0.0384635761589403,0.0818013245033113,-0.0450331125827814,0.0569536423841059,0.002231069567057,0.0261687338149107,3105.0,3225.0,1.732360097323601,0.004132459088655,0.0015873666907352,0.0002263275812058
2019-08-01,3725.0,3800.0,3690.0,3785.0,213000.0,3785.0,3750.0,3690.0,3644.6,3474.866666666667,3143.76,False,False,False,False,False,False,True,True,False,True,False,-0.0581241743725231,-0.1254953764861294,,,0.0370937912813738,0.081937472479084,-0.0700132100396301,0.0488771466314399,0.0024941004930645,0.0308943089430894,3210.0,3155.0,0.598314606741573,0.0040608022828293,-7.165680582570545e-05,0.0002630309260075
2019-08-02,3695.0,3735.0,3655.0,3670.0,259600.0,3670.0,3739.0,3690.5,3654.2,3481.333333333333,3143.51,False,False,False,False,False,False,True,True,False,True,False,-0.0108991825613079,-0.0994550408719346,,,0.0043051771117166,0.0514078110808356,-0.0068119891008174,0.1049046321525885,0.0018575258521638,0.0432190760059612,3235.0,3055.0,1.2187793427230047,0.0026271140058015,-0.0014336882770277,-0.0006365746409007
2019-08-05,3620.0,3620.0,3475.0,3555.0,274300.0,3555.0,3701.0,3685.5,3660.0,3485.9333333333334,3144.06,False,False,False,False,False,False,True,True,False,True,False,-0.0745428973277074,-0.0492264416315049,,,-0.0295358649789029,0.0194280356305672,-0.0140646976090014,0.1392405063291139,0.0013195892061428,0.0548093881427214,3245.0,3260.0,1.0566255778120184,0.0015846994535519,-0.0010424145522495,-0.0005379366460209
2019-08-06,3405.0,3540.0,3395.0,3540.0,290100.0,3540.0,3665.0,3677.5,3658.8,3490.6666666666665,3144.76,False,False,False,False,False,False,False,True,False,True,False,-0.0353107344632768,-0.0536723163841807,,,-0.0335593220338983,0.0139359698681733,-0.0423728813559322,0.1426553672316384,0.0013559969442321,0.0644459551325628,3330.0,3295.0,1.057601166605906,-0.0003279763857001,-0.0019126758392521,3.640773808929001e-05
2019-08-07,3535.0,3615.0,3490.0,3605.0,250000.0,3605.0,3631.0,3677.5,3654.0,3495.5333333333333,3145.71,False,False,False,False,False,False,False,True,False,True,False,-0.0707350901525658,-0.0804438280166435,,,-0.0135922330097087,0.0303652334720295,-0.0984743411927877,0.1442441054091539,0.0013922529704575,0.0747790618626784,3405.0,3240.0,0.8617718028266115,-0.0013136288998358,-0.0009856525141356,3.62560262253933e-05
2019-08-08,3580.0,3645.0,3535.0,3565.0,287900.0,3565.0,3587.0,3668.5,3648.2,3501.0,3146.335,False,False,False,False,False,False,False,True,False,True,False,-0.0715287517531556,-0.0392706872370266,,,-0.0233380084151472,0.0179523141654978,-0.0897615708274894,0.1669004207573632,0.0015614586308673,0.0895461360228976,3375.0,3270.0,1.1516,-0.0015898251192369,-0.000276196219401,0.0001692056604098
2019-08-09,3635.0,3680.0,3585.0,3630.0,333500.0,3630.0,3579.0,3659.0,3644.0,3507.5333333333333,3148.26,False,False,False,False,False,False,False,True,False,False,False,-0.0895316804407713,-0.0977961432506887,,,-0.0038567493112947,0.0337373737373737,-0.0743801652892562,0.1391184573002754,0.0018626575181038,0.103170265099754,3365.0,3530.0,1.1583883292810004,-0.0011525795828759,0.000437245536361,0.0003011988872365
2019-08-13,3350.0,3400.0,3245.0,3290.0,534900.0,3290.0,3526.0,3613.5,3628.8,3509.9333333333334,3148.36,False,False,False,False,False,False,False,True,False,True,False,0.0273556231003039,0.0091185410334346,,,-0.1029787234042553,-0.0668490374873353,0.0075987841945288,0.2553191489361702,0.0006837736709149,0.1235644112356441,3450.0,3790.0,1.6038980509745129,-0.0041887125220458,-0.0030361329391698,-0.0011788838471889
2019-08-14,3390.0,3510.0,3385.0,3415.0,495700.0,3415.0,3501.0,3583.0,3620.0,3513.866666666667,3149.36,False,False,False,False,False,False,False,True,False,False,False,-0.0190336749633967,-0.0234260614934114,,,-0.0600292825768667,-0.0289507076622743,-0.0146412884333821,0.2108345534407028,0.0011193746679821,0.1385710298632431,3440.0,3870.0,0.9267152738829688,-0.0024309392265193,0.0017577732955264,0.0004356009970671
2019-08-15,3300.0,3360.0,3160.0,3350.0,603800.0,3350.0,3450.0,3540.5,3610.8,3517.333333333333,3149.885,False,False,False,False,False,False,False,True,False,True,False,-0.0104477611940298,-0.008955223880597,,,-0.0778507462686567,-0.0499502487562188,0.0253731343283582,0.2283582089552238,0.0009855951478391,0.1557689591865555,3405.0,3815.0,1.2180754488601977,-0.0025479118200952,-0.0001169725935758,-0.0001337795201429
2019-08-16,3285.0,3400.0,3270.0,3310.0,385300.0,3310.0,3399.0,3493.0,3597.0,3519.6666666666665,3149.635,False,False,False,False,False,False,False,True,False,True,False,0.0347432024169184,0.0468277945619335,,,-0.0867069486404833,-0.0633434038267874,0.0589123867069486,0.2250755287009063,0.0006629415664362,0.1739192671056398,3525.0,3860.0,0.6381252070221928,-0.003836530442035,-0.0012886186219398,-0.0003226535814028
2019-08-19,3355.0,3390.0,3290.0,3305.0,241100.0,3305.0,3334.0,3456.5,3581.6,3521.9333333333334,3149.085,False,False,False,False,False,False,False,True,False,True,False,-0.0090771558245083,0.0453857791225416,,,-0.0836913767019666,-0.065637922339889,0.0181543116490166,0.2420574886535552,0.0006435859092544,0.1877621871835672,3585.0,3895.0,0.6257461718141708,-0.0042997542997543,-0.0004632238577192,-1.9355657181811666e-05
2019-08-20,3340.0,3400.0,3325.0,3380.0,306900.0,3380.0,3352.0,3439.0,3570.2,3524.733333333333,3149.385,False,False,False,False,False,False,False,True,False,False,False,-0.0177514792899408,0.0636094674556213,,,-0.0562721893491123,-0.0428205128205127,0.0177514792899408,0.2337278106508875,0.0007943863365549,0.1972957255015993,3525.0,3845.0,1.272915802571547,-0.0031930984258585,0.0011066558738958,0.0001508004273004
2019-08-21,3325.0,3415.0,3325.0,3350.0,286500.0,3350.0,3339.0,3420.0,3560.6,3526.333333333333,3149.285,False,False,False,False,False,False,False,True,False,False,False,-0.0044776119402985,0.0686567164179104,,,-0.062865671641791,-0.0526368159203979,0.0313432835820895,0.2597014925373134,0.0004537290859249,0.2090643274853801,3490.0,3755.0,0.9335288367546432,-0.0026961748019996,0.0004969236238588,-0.00034065725063
2019-08-22,3340.0,3365.0,3305.0,3315.0,203700.0,3315.0,3332.0,3391.0,3550.0,3527.5333333333333,3149.46,False,False,False,False,False,False,False,True,False,True,False,0.0015082956259426,0.0874811463046757,,,-0.0708898944193061,-0.064112619406737,0.0361990950226244,0.3197586726998491,0.0003401810519154,0.2267767620171041,3400.0,3790.0,0.7109947643979058,-0.0029859154929577,-0.000289740690958,-0.0001135480340094
2019-08-23,3325.0,3430.0,3320.0,3425.0,223200.0,3425.0,3355.0,3377.0,3544.2,3531.133333333333,3150.31,False,False,False,False,False,False,False,True,False,False,False,0.0116788321167883,0.0277372262773722,,,-0.0348029197080291,-0.0309878345498783,0.0321167883211678,0.2963503649635036,0.001019502709234,0.2401539828249926,3415.0,3750.0,1.0957290132547866,-0.0016364764968117,0.0013494389961459,0.0006793216573185
2019-08-26,3295.0,3355.0,3270.0,3275.0,299200.0,3275.0,3349.0,3341.5,3528.6,3534.0666666666666,3151.87,False,False,True,False,False,False,False,True,False,True,False,0.0549618320610687,0.1129770992366412,,,-0.0774351145038167,-0.0791043256997455,0.0687022900763358,0.349618320610687,0.0008300164116881,0.2618584468053269,3430.0,3650.0,1.3405017921146951,-0.0044210168338717,-0.00278454033706,-0.0001894862975458
2019-08-27,3345.0,3355.0,3295.0,3320.0,238800.0,3320.0,3337.0,3344.5,3517.2,3534.866666666667,3154.18,False,False,False,False,False,False,False,True,False,False,False,0.0828313253012048,0.055722891566265,,,-0.0593975903614457,-0.064718875502008,0.0376506024096385,0.3192771084337349,0.0002263168813534,0.2682015248916131,3410.0,3535.0,0.7981283422459893,-0.0032412146025247,0.001179802231347,-0.0006036995303347
2019-08-28,3350.0,3400.0,3315.0,3335.0,281600.0,3335.0,3334.0,3336.5,3505.8,3535.4,3157.17,False,False,False,False,False,False,False,True,False,True,False,0.0734632683658171,0.0164917541229385,,,-0.0512143928035982,-0.0600899550224887,0.0494752623688155,0.3313343328335832,0.0001508551601893,0.2803836355462311,3570.0,3305.0,1.1792294807370185,-0.0032517542358376,-1.0539633312889058e-05,-7.546172116411175e-05
2019-08-29,3360.0,3380.0,3300.0,3320.0,553000.0,3320.0,3335.0,3333.5,3494.4,3536.4666666666667,3159.405,False,False,False,False,False,False,False,True,False,True,False,0.0858433734939759,-0.0210843373493975,,,-0.0525301204819277,-0.0652008032128514,0.0346385542168674,0.3177710843373494,0.0003016193187173,0.2893355332233388,3725.0,3105.0,1.9637784090909087,-0.0032623626373626,-1.060840152501295e-05,0.000150764158528
2019-08-30,3420.0,3475.0,3405.0,3465.0,334600.0,3465.0,3343.0,3349.0,3486.8,3539.0666666666666,3161.305,False,False,False,False,False,False,False,True,False,False,True,0.0158730158730158,-0.0634920634920634,,,-0.0062914862914863,-0.0213756613756613,0.0072150072150072,0.2958152958152958,0.0007346569717062,0.2963571215288145,3710.0,3210.0,0.6050632911392405,-0.0021796489617987,0.0010827136755639,0.0004330376529889
2019-09-02,3445.0,3480.0,3415.0,3455.0,191900.0,3455.0,3379.0,3364.0,3476.0,3538.0666666666666,3162.88,False,False,False,False,False,False,False,False,False,True,False,0.0549927641099855,-0.0274963820549927,,,-0.0060781476121562,-0.0240424505547515,0.0144717800289435,0.2908827785817655,-0.000282640236664,0.3011296076099881,3735.0,3235.0,0.5735206216377764,-0.0031070195627158,-0.000927370600917,-0.0010172972083703
2019-09-03,3495.0,3630.0,3465.0,3595.0,318800.0,3595.0,3434.0,3385.5,3470.0,3535.4666666666667,3164.605,False,False,False,False,True,False,False,False,False,False,False,-0.0250347705146036,-0.0778859527121001,,,0.0347705146036161,0.0165600370885489,-0.0584144645340751,0.2559109874826147,-0.0007354050384673,0.3030571555161719,3670.0,3245.0,1.6612819176654507,-0.001729106628242,0.0013779129344737,-0.0004527648018032
2019-09-04,3565.0,3600.0,3540.0,3580.0,181900.0,3580.0,3483.0,3408.5,3464.4,3531.6,3166.28,False,False,False,False,False,False,False,False,False,False,False,-0.053072625698324,-0.0600558659217877,,,0.032290502793296,0.0135195530726257,-0.047486033519553,0.2541899441340782,-0.0010948767319817,0.302185712190113,3635.0,3330.0,0.570577164366374,-0.001616441519455,0.000112665108787,-0.0003594716935144
2019-09-05,3595.0,3630.0,3580.0,3605.0,241800.0,3605.0,3540.0,3437.5,3457.6,3528.8,3167.73,False,False,False,False,False,False,False,False,False,True,False,-0.0984743411927877,-0.0471567267683772,,,0.0408876560332871,0.021137309292649,-0.044382801664355,0.260748959778086,-0.0007934708682837,0.2961454545454545,3580.0,3405.0,1.3293018141836177,-0.0019666820916243,-0.0003502405721692,0.000301405863698
2019-09-06,3565.0,3580.0,3505.0,3520.0,329600.0,3520.0,3551.0,3447.0,3447.0,3524.266666666667,3169.055,False,False,False,False,False,False,False,False,False,True,False,-0.078125,-0.0042613636363636,,,0.0207386363636363,-0.0012121212121212,-0.03125,0.2954545454545454,-0.0012863196125907,0.2960545401798665,3655.0,3375.0,1.3631100082712986,-0.0030751378009863,-0.001108455709362,-0.000492848744307
2019-09-09,3530.0,3650.0,3505.0,3645.0,281300.0,3645.0,3589.0,3484.0,3446.0,3520.9333333333334,3170.655,False,False,False,False,False,False,False,False,False,False,False,-0.0781893004115226,-0.0768175582990397,,,0.0545953360768175,0.0340374942844078,-0.0781893004115226,0.2578875171467764,-0.0009467186730791,0.2870264064293915,3690.0,3365.0,0.8534587378640777,-0.0002901915264074,0.0027849462745789,0.0003396009395116
2019-09-10,3520.0,3560.0,3500.0,3505.0,347900.0,3505.0,3571.0,3502.5,3444.0,3516.4,3171.58,False,False,False,False,False,False,False,False,False,True,False,-0.0542082738944365,-0.0185449358059914,,,0.0174037089871611,-0.0032524964336662,-0.0199714693295292,0.2838801711840228,-0.0012891972851021,0.2836545324768023,3665.0,3450.0,1.2367579097049413,-0.0005807200929152,-0.0002905285665077,-0.000342478612023
2019-09-11,3450.0,3450.0,3330.0,3390.0,378900.0,3390.0,3533.0,3508.0,3438.0,3511.5333333333333,3172.58,False,False,False,False,False,True,False,False,False,True,False,-0.0073746312684365,0.0191740412979351,,,-0.0141592920353982,-0.035850540806293,0.0221238938053097,0.2935103244837758,-0.0013859092893892,0.2800741163055872,3590.0,3440.0,1.0891060649611957,-0.0017452006980802,-0.001164480605165,-9.671200428710593e-05
2019-09-12,3395.0,3400.0,3250.0,3250.0,339800.0,3250.0,3462.0,3501.0,3423.8,3504.333333333333,3173.505,False,False,False,False,False,False,False,False,False,True,False,0.0569230769230769,0.0569230769230769,,,-0.0534769230769231,-0.0782564102564101,0.0984615384615384,0.3646153846153846,-0.0020545990678208,0.2843473293344759,3580.0,3405.0,0.8968065452626023,-0.004147438518605,-0.0024022378205247,-0.0006686897784315
2019-09-13,3255.0,3310.0,3220.0,3245.0,289200.0,3245.0,3407.0,3479.0,3411.0,3497.6,3174.255,False,False,False,False,False,False,False,False,False,False,False,0.0801232665639445,0.0893682588597842,,,-0.0511556240369799,-0.0778428351309706,0.1016949152542373,0.3713405238828968,-0.0019251296126867,0.2913193446392642,3570.0,3525.0,0.8510888758092996,-0.0037525652301378,0.0003948732884671,0.0001294694551341
2019-09-17,3265.0,3390.0,3255.0,3360.0,233400.0,3360.0,3350.0,3469.5,3400.2,3493.733333333333,3175.48,False,False,False,False,False,False,False,False,False,False,False,0.0014880952380952,0.0416666666666666,,,-0.0119642857142856,-0.0398015873015872,0.0684523809523809,0.3333333333333333,-0.0011067435026524,0.2954316183888168,3665.0,3585.0,0.8070539419087137,-0.0031762837480148,0.0005762814821229,0.0008183861100343
2019-09-18,3330.0,3350.0,3270.0,3315.0,223400.0,3315.0,3312.0,3441.5,3401.2,3490.8,3177.23,False,False,False,False,False,False,True,False,False,False,False,0.0377073906485671,0.0392156862745098,,,-0.0260030165912518,-0.0530316742081448,0.0769230769230769,0.3755656108597285,-0.0008403040372788,0.3072788028475955,3605.0,3525.0,0.9571550985432732,0.000294013877455,0.0034702976254698,0.0002664394653735
2019-09-19,3350.0,3445.0,3345.0,3365.0,401700.0,3365.0,3307.0,3420.0,3399.2,3491.6,3178.855,False,False,False,False,False,False,False,True,False,True,False,0.0267459138187221,0.0401188707280832,,,-0.0101634472511143,-0.0376225854383357,0.0653789004457652,0.3566121842496285,0.0002291213197387,0.3176900584795322,3620.0,3490.0,1.798119964189794,-0.0005883737349964,-0.0008823876124514,0.0010694253570175
2019-09-20,3410.0,3465.0,3360.0,3435.0,284200.0,3435.0,3344.0,3403.0,3402.6,3496.0,3181.4,False,False,False,True,True,False,True,True,False,False,False,0.0,0.0,,,0.0094323144104803,-0.0177583697234352,0.049490538573508,0.3056768558951965,0.0012585812356979,0.3225095503967088,3605.0,3400.0,0.7074931540950958,0.0009992358784459,0.0015876096134423,0.0010294599159592
2019-09-24,3410.0,3540.0,3410.0,3505.0,262600.0,3505.0,3396.0,3401.5,3410.4,3499.9333333333334,3184.695,False,False,False,False,False,False,True,True,True,False,False,0.0085592011412268,-0.0042796005706134,,,0.0269900142653352,0.0014455539705182,0.021398002853067,0.2653352353780314,0.0011238309301129,0.3194179038659415,3655.0,3415.0,0.9239971850809288,0.0022871217452498,0.0012878858668039,-0.0001347503055849
2019-09-25,3415.0,3440.0,3355.0,3365.0,235600.0,3365.0,3397.0,3373.5,3412.8,3501.6666666666665,3186.895,False,False,False,False,False,False,True,True,False,True,False,0.0401188707280832,0.0416047548291233,,,-0.0142050520059435,-0.0406141654284298,0.0609212481426448,0.2986627043090639,0.000495002379819,0.3239958500074107,3725.0,3430.0,0.8971820258948972,0.00070323488045,-0.0015838868647997,-0.0006288285502938
2019-09-26,3425.0,3515.0,3420.0,3440.0,245500.0,3440.0,3422.0,3367.0,3415.2,3504.266666666667,3189.5,False,False,False,False,False,False,True,True,False,True,False,0.001453488372093,-0.0159883720930232,,,0.0072093023255814,-0.0186821705426357,0.0421511627906976,0.251453488372093,0.0007419526672248,0.3207603207603207,3745.0,3410.0,1.042020373514431,0.0007027406886857,-4.941917643284553e-07,0.0002469502874057
2019-09-27,3415.0,3475.0,3390.0,3455.0,276200.0,3455.0,3440.0,3373.5,3419.4,3505.9333333333334,3192.21,False,False,False,False,False,False,True,True,True,False,False,0.0130246020260492,-0.0130246020260492,,,0.0103039073806077,-0.0147419199228171,0.0173661360347322,0.2749638205499276,0.0004753845861301,0.318808359270787,3720.0,3570.0,1.125050916496945,0.0012282856641516,0.0005255449754659,-0.0002665680810946
2019-09-30,3410.0,3495.0,3405.0,3435.0,161000.0,3435.0,3440.0,3392.0,3424.2,3506.333333333333,3194.36,False,False,False,False,False,False,True,True,False,False,False,0.0,0.0029112081513828,,,0.0031441048034935,-0.0207666181465307,0.0407569141193595,0.2794759825327511,0.000114079285103,0.310436320754717,3775.0,3725.0,0.5829109341057205,0.0014017872787803,0.0001735016146286,-0.000361305301027
2019-10-01,3460.0,3555.0,3455.0,3535.0,182900.0,3535.0,3446.0,3421.0,3428.6,3508.4666666666667,3196.535,False,False,False,False,False,False,True,True,False,True,False,-0.0127298444130127,-0.0353606789250353,,,0.0300990099009901,0.0075058934464874,0.0113154172560113,0.2404526166902404,0.0006080529006024,0.297427652733119,3785.0,3710.0,1.1360248447204968,0.001283322638978,-0.0001184646398023,0.0004939736154994
2019-10-02,3460.0,3530.0,3455.0,3500.0,186700.0,3500.0,3473.0,3435.0,3437.6,3510.266666666667,3198.51,False,False,False,False,False,False,True,True,False,False,False,0.0014285714285714,-0.04,,,0.0178285714285714,-0.0029333333333333,0.0271428571428571,0.2042857142857143,0.0005127815550575,0.2844250363901019,3670.0,3735.0,1.020776380535812,0.0026181056551082,0.0013347830161301,-9.527134554485018e-05
2019-10-03,3450.0,3475.0,3400.0,3445.0,180100.0,3445.0,3474.0,3448.0,3442.6,3510.2,3200.11,False,False,False,False,False,False,True,False,False,True,False,-0.0174165457184325,-0.0029027576197387,,,0.0006966618287373,-0.0189259796806966,0.0667634252539912,0.204644412191582,-1.8992270146162835e-05,0.267691415313225,3555.0,3670.0,0.9646491697911088,0.0014523906349851,-0.001165715020123,-0.0005317738252037
2019-10-04,3455.0,3510.0,3430.0,3500.0,107000.0,3500.0,3483.0,3461.5,3449.2,3511.0,3202.46,False,False,False,False,False,False,True,True,False,False,False,-0.0257142857142857,-0.01,,,0.0145142857142857,-0.0031428571428571,0.0785714285714285,0.1814285714285714,0.000227855311877,0.2503250036111512,3540.0,3635.0,0.5941143808995003,0.0019134871854342,0.000461096550449,0.0002468475820231
2019-10-07,3505.0,3505.0,3410.0,3435.0,126800.0,3435.0,3483.0,3461.5,3453.8,3511.4,3204.285,False,False,False,False,False,False,True,True,False,True,False,0.0029112081513828,0.0393013100436681,,,-0.0054730713245997,-0.0222416302765648,0.0902474526928675,0.1746724890829694,0.0001139146779062,0.2373248591651018,3605.0,3580.0,1.1850467289719626,0.0013318663501072,-0.000581620835327,-0.0001139406339707
2019-10-08,3470.0,3525.0,3455.0,3490.0,117000.0,3490.0,3474.0,3460.0,3454.8,3510.9333333333334,3207.23,False,False,False,False,False,False,True,False,False,True,False,-0.0229226361031518,0.0243553008595988,,,0.0100859598853867,-0.0059980897803247,0.0644699140401146,0.164756446991404,-0.0001329181224365,0.2271676300578034,3565.0,3655.0,0.9227129337539433,0.0002894523561421,-0.001042413993965,-0.0002468328003428
2019-10-09,3440.0,3515.0,3425.0,3505.0,184600.0,3505.0,3475.0,3474.0,3456.8,3509.866666666667,3210.29,False,False,False,False,False,False,True,False,False,False,True,-0.0413694721825962,0.0242510699001426,,,0.0137517831669043,-0.0013884926295768,0.0670470756062767,0.1455064194008559,-0.0003039051815833,0.2120034542314335,3630.0,3690.0,1.5777777777777775,0.0005785697755149,0.0002891174193727,-0.0001709870591467
2019-10-10,3470.0,3475.0,3375.0,3385.0,244700.0,3385.0,3463.0,3468.5,3448.4,3508.0,3213.405,False,False,False,False,False,False,False,False,False,True,False,0.0147710487444608,0.0546528803545051,,,-0.0187296898079763,-0.0363367799113737,0.1506646971935007,0.2171344165435746,-0.0005321170657545,0.2085916102061409,3290.0,3665.0,1.3255687973997834,-0.0024359123071569,-0.0030144820826718,-0.0002282118841711
2019-10-11,3405.0,3415.0,3365.0,3410.0,113200.0,3410.0,3445.0,3464.0,3441.6,3506.9333333333334,3217.24,False,False,False,False,False,False,False,False,False,False,False,0.0161290322580645,0.0513196480938416,,,-0.0092668621700879,-0.0284261974584555,0.1554252199413489,0.2404692082111437,-0.0003041593795148,0.2051096997690531,3415.0,3590.0,0.4626072742133224,-0.0019758251975825,0.0004600871095743,0.0002279576862396
2019-10-15,3450.0,3480.0,3440.0,3445.0,130300.0,3445.0,3447.0,3465.0,3435.2,3507.5333333333333,3220.97,False,False,False,False,False,False,False,True,False,False,False,0.0362844702467343,0.04644412191582,,,0.002844702467344,-0.0181519109820996,0.1582002902757619,0.2423802612481857,0.0001710603843156,0.2014430014430014,3350.0,3580.0,1.151060070671378,-0.0018630647414997,0.0001127604560827,0.0004752197638304
2019-10-16,3490.0,3510.0,3395.0,3410.0,180900.0,3410.0,3431.0,3452.5,3430.8,3507.4666666666667,3224.41,False,False,False,False,False,False,False,False,False,False,False,0.0483870967741935,0.0498533724340175,,,-0.006099706744868,-0.0285826001955034,0.1642228739002932,0.2448680351906158,-1.9007070630257176e-05,0.2017378711078928,3310.0,3570.0,1.3883346124328473,-0.0012824997085226,0.0005805650329771,-0.0001900674549458
2019-10-17,3395.0,3395.0,3330.0,3360.0,162300.0,3360.0,3402.0,3438.5,3419.4,3506.5333333333333,3227.265,False,False,False,False,False,False,False,False,False,True,False,0.0684523809523809,0.0625,,,-0.0176785714285714,-0.0436111111111111,0.206845238095238,0.2470238095238095,-0.0002661698163428,0.2059037370946633,3305.0,3665.0,0.8971807628524047,-0.0033339182312686,-0.0020514185227459,-0.0002471627457125
2019-10-18,3380.0,3490.0,3370.0,3435.0,210200.0,3435.0,3412.0,3437.5,3416.6,3506.866666666667,3230.38,False,False,False,False,False,False,False,True,False,False,False,0.0393013100436681,0.0436681222707423,,,0.0053566229985444,-0.0209218825812712,0.1790393013100436,0.2896652110625909,9.505161302591628e-05,0.2144,3380.0,3605.0,1.29513247073321,-0.0008195281859158,0.0025143900453527,0.0003612214293687
2019-10-21,3430.0,3515.0,3430.0,3465.0,148600.0,3465.0,3423.0,3434.0,3419.6,3505.4666666666667,3234.27,False,False,False,False,False,False,True,False,False,False,False,0.0346320346320346,0.0144300144300144,,,0.0131024531024531,-0.0116786916786916,0.1673881673881674,0.2972582972582973,-0.000399376212392,0.2261211415259173,3350.0,3620.0,0.7069457659372027,0.0008772955901275,0.0016968237760433,-0.000494427825418
2019-10-23,3490.0,3570.0,3465.0,3570.0,214500.0,3570.0,3448.0,3447.5,3432.4,3503.4,3238.545,False,False,False,False,False,False,True,False,True,False,True,0.0098039215686274,0.0014005602240896,,,0.0385434173669467,0.0186554621848739,0.1554621848739495,0.2226890756302521,-0.0005899031417099,0.230891950688905,3315.0,3605.0,1.443472409152086,0.0037291690945111,0.0028518735043836,-0.0001905269293178
2019-10-24,3560.0,3590.0,3540.0,3575.0,194500.0,3575.0,3481.0,3456.0,3445.6,3501.6,3243.84,False,False,False,False,False,False,True,False,False,False,False,0.0013986013986013,0.0,,,0.0361958041958042,0.0205314685314685,0.1636363636363636,0.144055944055944,-0.000514050719671,0.2285879629629629,3425.0,3655.0,0.9067599067599068,0.0038309728349198,0.0001018037404086,7.585242203888122e-05
2019-10-25,3590.0,3625.0,3555.0,3590.0,202700.0,3590.0,3527.0,3464.5,3454.8,3499.6666666666665,3249.37,False,False,False,False,False,False,True,False,False,True,False,-0.0055710306406685,0.0013927576601671,,,0.0376601671309191,0.0251624883936862,0.1518105849582172,0.0863509749303621,-0.0005524335651014,0.2222542935488526,3275.0,3725.0,1.042159383033419,0.0026629616765081,-0.0011680111584117,-3.838284543039616e-05
2019-10-28,3620.0,3620.0,3560.0,3570.0,116500.0,3570.0,3554.0,3483.0,3465.0,3498.333333333333,3255.815,False,False,False,False,False,False,True,False,False,False,False,0.0042016806722689,0.0294117647058823,,,0.0294117647058823,0.0200746965452848,0.1568627450980392,0.1330532212885154,-0.000381133873273,0.2136089577950043,3320.0,3745.0,0.5747409965466206,0.0029437229437228,0.0002807612672147,0.0001712996918284
2019-10-29,3615.0,3650.0,3585.0,3585.0,183500.0,3585.0,3578.0,3500.5,3473.8,3497.6666666666665,3262.01,False,False,False,False,False,False,True,False,False,True,False,-0.0195258019525801,0.0529986052998605,,,0.031018131101813,0.0243607624360762,0.1534170153417015,0.1366806136680613,-0.0001906032593156,0.2031138408798743,3335.0,3720.0,1.5751072961373391,0.0025332488917036,-0.0004104740520192,0.0001905306139573
2019-10-30,3565.0,3610.0,3540.0,3605.0,257000.0,3605.0,3585.0,3516.5,3480.6,3498.0,3267.355,False,False,False,False,False,False,True,True,False,True,False,-0.0083217753120665,0.0388349514563106,,,0.034507628294036,0.0296809986130374,0.1414701803051317,0.1095700416088765,9.529254812278014e-05,0.1896772358879567,3320.0,3775.0,1.4005449591280654,0.0019536861460666,-0.0005795627456369,0.0002858958074384
2019-10-31,3610.0,3645.0,3580.0,3580.0,156800.0,3580.0,3586.0,3533.5,3483.6,3497.0,3272.74,False,False,False,False,False,False,True,False,False,True,False,-0.0013966480446927,0.0377094972067039,,,0.026927374301676,0.0231843575418994,0.13268156424581,0.0600558659217877,-0.000285959393766,0.1712183387576057,3465.0,3785.0,0.6101167315175098,0.0008611780916293,-0.0010925080544373,-0.0003812519418888
2019-11-01,3540.0,3575.0,3525.0,3570.0,132600.0,3570.0,3582.0,3554.5,3491.8,3495.4,3278.09,False,False,False,False,False,False,True,False,True,False,False,0.0070028011204481,0.0476190476190476,,,0.0219047619047618,0.0208963585434173,0.149859943977591,0.0546218487394958,-0.0004577444641528,0.152342101561401,3455.0,3670.0,0.8456632653061225,0.0023483590125437,0.0014871809209144,-0.0001717850703867
2019-11-05,3610.0,3615.0,3540.0,3585.0,233300.0,3585.0,3585.0,3569.5,3497.6,3494.333333333333,3283.225,False,True,False,False,False,False,True,False,False,True,False,0.0251046025104602,0.0864714086471408,,,0.0243793584379358,0.0252905625290563,0.1631799163179916,-0.00418410041841,-0.0003052561289708,0.1234066395853761,3595.0,3555.0,1.7594268476621415,0.0016582799634033,-0.0006900790491403,0.000152488335182
2019-11-06,3600.0,3600.0,3510.0,3515.0,175700.0,3515.0,3571.0,3574.5,3500.0,3493.333333333333,3287.73,False,False,False,False,False,False,True,False,False,True,False,0.0739687055476529,0.1209103840682788,,,0.0042674253200568,0.0061640587956378,0.2005689900426742,-0.0398293029871977,-0.0002862595419847,0.0905021681354035,3580.0,3540.0,0.7531075867981141,0.0006857142857143,-0.000972565677689,1.899658698609446e-05
2019-11-07,3525.0,3610.0,3515.0,3575.0,244700.0,3575.0,3565.0,3575.0,3505.6,3493.266666666667,3292.565,False,False,False,False,False,False,True,False,True,False,False,0.0475524475524475,0.116083916083916,,,0.0194125874125874,0.0228624708624708,0.2237762237762237,-0.0153846153846153,-1.908433367034236e-05,0.0667132867132867,3605.0,3605.0,1.3927148548662494,0.0015974440894568,0.0009117298037425,0.0002671752083143
2019-11-08,3615.0,3620.0,3525.0,3575.0,191100.0,3575.0,3564.0,3575.0,3507.2,3493.333333333333,3297.77,False,False,False,False,False,False,True,True,False,True,False,0.0391608391608391,0.1104895104895104,,,0.018965034965035,0.0228438228438229,0.2419580419580419,-0.0209790209790209,1.9083969465501323e-05,0.0502097902097902,3520.0,3565.0,0.7809562729873314,0.000456204379562,-0.0011412397098948,3.816830313584368e-05
2019-11-11,3610.0,3680.0,3540.0,3595.0,242000.0,3595.0,3569.0,3575.5,3511.0,3492.4,3303.175,False,False,False,False,False,False,True,False,True,False,False,0.0403337969401947,0.1279554937413073,,,0.02336578581363,0.028539638386648,0.2294853963838664,-0.019471488178025,-0.0002672469743823,0.03957488463152,3645.0,3630.0,1.2663526949241235,0.0010823127314156,0.0006261083518535,-0.0002863309438478
2019-11-12,3735.0,3900.0,3645.0,3675.0,1359500.0,3675.0,3587.0,3586.0,3520.2,3493.333333333333,3308.68,False,False,False,False,False,False,True,True,False,False,True,0.0598639455782312,0.1020408163265306,,,0.0421224489795918,0.0494331065759638,0.1918367346938775,-0.0326530612244898,0.0002671755725189,0.0228667038482989,3505.0,3290.0,5.617768595041323,0.0026134878700073,0.0015311751385917,0.0005344225469013
2019-11-13,3650.0,3795.0,3630.0,3775.0,458100.0,3775.0,3639.0,3605.0,3531.2,3495.4,3314.97,False,False,False,False,False,False,True,True,False,False,False,0.0437086092715231,0.071523178807947,,,0.0645827814569536,0.0740662251655629,0.176158940397351,-0.086092715231788,0.0005912532661975,0.0001386962552011,3390.0,3415.0,0.3369621184258918,0.0031150883552333,0.000501600485226,0.0003240776936786
2019-11-14,3770.0,3850.0,3730.0,3745.0,260200.0,3745.0,3673.0,3619.0,3543.6,3497.266666666667,3320.96,False,False,False,False,False,False,True,True,False,False,False,0.0654205607476635,0.1014686248331108,,,0.0537783711615487,0.0661504227859367,0.1682242990654205,-0.1562082777036048,0.0005337501667969,-0.0269411439624205,3250.0,3350.0,0.5679982536564069,0.0034992662828761,0.0003841779276428,-5.750309940062953e-05
2019-11-15,3705.0,3750.0,3640.0,3715.0,201900.0,3715.0,3701.0,3632.5,3552.6,3498.0666666666666,3326.765,False,False,False,False,False,False,True,True,False,True,False,0.0686406460296096,0.1197846567967698,,,0.04371467025572,0.0583938986092418,0.2086137281292059,-0.1211305518169582,0.000228697756856,-0.0451479697178251,3245.0,3310.0,0.7759415833973866,0.002533355852052,-0.0009659104308241,-0.0003050524099408
2019-11-18,3715.0,3775.0,3710.0,3740.0,142800.0,3740.0,3730.0,3649.5,3562.0,3498.266666666667,3332.35,False,False,False,False,False,False,True,True,False,False,False,0.0842245989304812,0.105614973262032,,,0.0475935828877005,0.0646345811051692,0.1925133689839572,-0.1577540106951871,5.717117048450838e-05,-0.0664474585559665,3360.0,3305.0,0.7072808320950966,0.0026389668725435,0.0001056110204915,-0.0001715265863715
2019-11-19,3760.0,3900.0,3760.0,3895.0,368700.0,3895.0,3774.0,3680.5,3582.4,3500.266666666667,3339.175,False,False,False,False,False,False,True,True,False,False,False,0.0397946084724005,0.0603337612323491,,,0.0802567394094993,0.1013436029097132,0.159178433889602,-0.2677792041078305,0.0005713850373304,-0.0938187746230132,3315.0,3380.0,2.581932773109244,0.0056945064761054,0.0030555396035618,0.0005142138668459
2019-11-20,3900.0,4000.0,3900.0,3940.0,402200.0,3940.0,3807.0,3723.0,3603.6,3503.2,3346.15,False,False,False,False,False,False,True,True,False,False,False,0.0266497461928934,0.049492385786802,,,0.0853807106598985,0.1108629441624366,0.1395939086294416,-0.3253807106598985,0.0008373296795309,-0.1234219715283373,3365.0,3350.0,1.0908597775969624,0.0058830058830058,0.0001884994069004,0.0002659446422004
2019-11-21,3935.0,3995.0,3850.0,3990.0,155200.0,3990.0,3856.0,3764.5,3625.4,3506.0666666666666,3353.325,False,False,False,False,False,False,True,True,False,False,False,0.0338345864661654,0.031328320802005,,,0.0913784461152882,0.1212865497076023,0.1390977443609022,-0.3180451127819549,0.000817630393033,-0.1543100013281976,3435.0,3315.0,0.3858776727996021,0.0060131295857009,0.0001301237026951,-1.969928649791988e-05
2019-11-22,3995.0,4025.0,3945.0,3970.0,138600.0,3970.0,3907.0,3804.0,3647.8,3508.5333333333333,3360.34,False,False,False,False,False,False,True,True,False,False,False,0.0478589420654911,0.0214105793450881,,,0.0811586901763223,0.1162384550797649,0.1486146095717884,-0.2750629722921914,0.0007030478072509,-0.1794426919032597,3505.0,3425.0,0.8930412371134021,0.0061406875376939,0.000127557951993,-0.0001145825857821
2019-11-25,4000.0,4060.0,4000.0,4055.0,151700.0,4055.0,3970.0,3850.0,3675.6,3513.6666666666665,3367.84,False,False,False,False,False,False,True,True,False,False,False,0.0197287299630086,0.0123304562268803,,,0.0935635018495684,0.1334977394163584,0.1307028360049321,-0.3168927250308261,0.0014609619580684,-0.2088571428571428,3365.0,3275.0,1.0945165945165944,0.0075633910109913,0.0014227034732973,0.0007579141508175
2019-11-26,4070.0,4095.0,4040.0,4050.0,192800.0,4050.0,4001.0,3887.5,3700.2,3520.266666666667,3375.195,False,False,False,False,False,False,True,True,False,True,False,0.019753086419753,0.0296296296296296,,,0.0863703703703704,0.1307983539094649,0.1111111111111111,-0.3501234567901234,0.0018748579653057,-0.2402315112540193,3440.0,3320.0,1.2709294660514172,0.0066482892816604,-0.0009151017293309,0.0004138960072373
2019-11-27,4050.0,4090.0,4020.0,4045.0,112400.0,4045.0,4022.0,3914.5,3723.4,3527.0,3382.665,False,False,False,False,False,False,True,True,False,True,False,0.0222496909765142,0.0432632880098887,,,0.0795055624227441,0.1280593325092707,0.0840543881334981,-0.3475896168108776,0.0019090823173612,-0.266189807127347,3455.0,3335.0,0.58298755186722,0.0062308642638449,-0.0004174250178154,3.422435205548591e-05
2019-11-28,4065.0,4135.0,4045.0,4125.0,206500.0,4125.0,4049.0,3952.5,3745.6,3533.9333333333334,3390.235,False,False,False,False,False,False,True,True,False,True,False,-0.0024242424242424,0.0606060606060606,,,0.0919757575757576,0.1432888888888888,0.0751515151515151,-0.2998787878787878,0.0019619309928502,-0.2801265022137887,3435.0,3320.0,1.837188612099644,0.0059269542930371,-0.0003039099708078,5.284867548904001e-05
2019-11-29,4200.0,4240.0,4145.0,4160.0,215000.0,4160.0,4087.0,3997.0,3769.0,3541.866666666667,3398.385,False,False,False,False,False,False,True,True,False,False,False,-0.0252403846153846,0.0673076923076923,,,0.0939903846153846,0.1485897435897435,0.0697115384615384,-0.2067307692307692,0.0022398735130251,-0.287265449086815,3535.0,3465.0,1.0411622276029056,0.0062085433802069,0.0002815890871698,0.0002779425201748
2019-12-02,4140.0,4190.0,4120.0,4135.0,171400.0,4135.0,4103.0,4036.5,3790.8,3548.6,3406.015,False,False,False,False,False,False,True,True,False,True,False,-0.0072551390568319,0.0689238210399032,,,0.0832406287787182,0.141813784764208,0.0834340991535671,-0.2103990326481257,0.0018974619098611,-0.2913910566084479,3500.0,3455.0,0.7972093023255814,0.0057507650100243,-0.0004577783701826,-0.000342411603164
2019-12-03,4090.0,4165.0,4075.0,4130.0,234200.0,4130.0,4119.0,4060.0,3813.2,3559.8,3413.215,False,False,False,False,False,False,True,True,False,False,False,0.009685230024213,0.0605326876513317,,,0.0767070217917676,0.1380629539951573,0.1041162227602905,-0.1815980629539951,0.0031462441710209,-0.282487684729064,3445.0,3595.0,1.366394399066511,0.005874331270324,0.0001235662602997,0.0012487822611598
2019-12-04,4100.0,4160.0,4095.0,4135.0,180500.0,4135.0,4137.0,4079.5,3835.2,3569.4,3419.475,False,False,False,False,False,False,True,True,False,True,False,0.0205562273276904,0.0737605804111245,,,0.072503022974607,0.1367835550181378,0.1039903264812575,-0.1717049576783555,0.0026895276517061,-0.267116068145606,3500.0,3580.0,0.7707087959009393,0.0057363370880267,-0.0001379941822973,-0.0004567165193147
2019-12-05,4135.0,4135.0,4075.0,4115.0,150800.0,4115.0,4135.0,4092.0,3855.6,3579.6,3425.82,False,False,False,False,False,False,True,True,False,True,False,0.06318347509113,0.06318347509113,,,0.0630376670716889,0.1301093560145808,0.0899149453219927,-0.1603888213851761,0.0028494803888702,-0.2514173998044966,3435.0,3605.0,0.8354570637119113,0.0052910052910053,-0.0004453317970213,0.000159952737164
2019-12-06,4070.0,4125.0,4020.0,4055.0,192800.0,4055.0,4114.0,4100.5,3874.6,3589.5333333333333,3432.24,False,False,False,False,False,False,True,True,False,True,False,0.094944512946979,0.1072749691738594,,,0.0444882860665844,0.1147883271681052,0.093711467324291,-0.1911220715166461,0.0027673049421466,-0.2431654676258992,3490.0,3520.0,1.2785145888594165,0.0049037319981417,-0.0003872732928635,-8.217544672358551e-05
2019-12-09,4085.0,4125.0,4065.0,4105.0,146200.0,4105.0,4108.0,4105.5,3896.0,3600.2,3438.735,False,False,False,False,False,False,True,True,False,False,False,0.07673568818514,0.0864799025578562,,,0.0509135200974421,0.1229719853836784,0.0645554202192448,-0.2241169305724726,0.0029627983630538,-0.2339788089148702,3505.0,3645.0,0.758298755186722,0.0054928131416838,0.000589081143542,0.0001954934209072
2019-12-10,4100.0,4200.0,4100.0,4170.0,166300.0,4170.0,4116.0,4117.5,3919.4,3610.733333333333,3445.235,False,False,False,False,False,False,True,True,False,False,False,0.0503597122302158,0.0827338129496402,,,0.0600959232613908,0.1341167066346923,0.0323741007194244,-0.2338129496402877,0.0029172282638799,-0.2225379477838494,3385.0,3505.0,1.137482900136799,0.0059703015767719,0.0004774884350881,-4.5570099173957226e-05
2019-12-11,4200.0,4250.0,4185.0,4220.0,194300.0,4220.0,4133.0,4135.0,3947.6,3622.3333333333335,3452.14,False,False,False,False,False,False,True,True,False,False,False,0.0521327014218009,0.0639810426540284,,,0.0645497630331753,0.1416271721958925,0.0438388625592417,-0.2156398104265403,0.0032023557559585,-0.2096009673518742,3410.0,3390.0,1.1683704149128082,0.0071435809099199,0.0011732793331479,0.0002851274920786
2019-12-12,4285.0,4445.0,4285.0,4375.0,492600.0,4375.0,4185.0,4160.0,3979.6,3636.466666666666,3460.015,False,False,False,False,False,False,True,True,False,False,False,0.0,0.0388571428571428,,,0.0903771428571428,0.1688076190476191,0.0045714285714285,-0.2114285714285714,0.0038865565475643,-0.2008413461538461,3445.0,3250.0,2.535254760679362,0.0080410091466479,0.0008974282367279,0.0006842007916058
2019-12-13,4440.0,4500.0,4400.0,4440.0,387200.0,4440.0,4262.0,4188.0,4014.2,3650.0,3467.505,False,False,False,False,False,False,True,True,False,False,False,0.0112612612612612,0.027027027027027,,,0.0959009009009009,0.1779279279279279,-0.0123873873873873,-0.2094594594594594,0.0037077625570777,-0.2011700095510983,3410.0,3245.0,0.7860332927324402,0.0086194011260026,0.0005783919793547,-0.0001787939904865
2019-12-16,4375.0,4460.0,4365.0,4420.0,227600.0,4420.0,4325.0,4216.5,4047.2,3665.266666666667,3474.825,False,False,False,False,False,False,True,True,False,True,False,0.0090497737556561,0.0373303167420814,,,0.0843438914027149,0.1707541478129713,-0.0463800904977375,-0.1934389140271493,0.0041652267229306,-0.199454523894225,3360.0,3360.0,0.5878099173553719,0.0081537853330697,-0.0004656157929328,0.0004574641658528
2019-12-17,4430.0,4450.0,4350.0,4380.0,263800.0,4380.0,4367.0,4241.5,4075.4,3679.4,3482.18,False,False,False,False,False,False,True,True,False,True,False,0.0308219178082191,0.0273972602739726,,,0.0695433789954337,0.1599543378995433,-0.0525114155251141,-0.1678082191780822,0.0038412059937308,-0.1979252622892844,3435.0,3315.0,1.1590509666080844,0.0069195661775531,-0.0012342191555165,-0.0003240207291998
2019-12-18,4420.0,4510.0,4410.0,4440.0,216800.0,4440.0,4411.0,4272.0,4102.0,3694.133333333333,3489.86,False,False,False,False,False,False,True,True,False,True,False,0.0112612612612612,-0.0123873873873873,,,0.0761261261261261,0.167987987987988,-0.0686936936936937,-0.2015765765765765,0.0039883057821409,-0.2008426966292134,3465.0,3365.0,0.8218347232752085,0.0064846416382252,-0.0004349245393279,0.0001470997884101
2019-12-19,4410.0,4450.0,4370.0,4375.0,171800.0,4375.0,4411.0,4298.0,4127.2,3708.2,3496.83,False,False,False,False,False,False,True,True,False,True,False,0.0388571428571428,0.0137142857142857,,,0.05664,0.1524114285714286,-0.0777142857142857,-0.1897142857142857,0.00379339481869,-0.2035830618892508,3570.0,3435.0,0.7924354243542435,0.0061058344640433,-0.0003788071741818,-0.0001949109634509
2019-12-20,4425.0,4525.0,4420.0,4490.0,205100.0,4490.0,4421.0,4341.5,4158.2,3721.866666666667,3504.055,False,False,False,False,False,False,True,True,False,False,False,0.0155902004454342,-0.0089086859688195,,,0.0738975501113586,0.1710764662212323,-0.0946547884187082,-0.2082405345211581,0.003671992548542,-0.205228607624093,3575.0,3505.0,1.1938300349243307,0.0074551488624885,0.0013493143984452,-0.000121402270148
2019-12-23,4510.0,4510.0,4440.0,4460.0,206800.0,4460.0,4429.0,4377.0,4187.0,3735.266666666667,3511.33,False,False,False,False,False,False,True,True,False,True,False,0.0280269058295964,0.0044843049327354,,,0.0612107623318385,0.1624962630792226,-0.0997757847533632,-0.1905829596412556,0.0035874279391029,-0.2019648160840758,3590.0,3365.0,1.0082886396879571,0.0068784332457607,-0.0005767156167278,-8.456460943904271e-05
2019-12-24,4480.0,4545.0,4480.0,4515.0,113600.0,4515.0,4456.0,4411.5,4211.8,3747.533333333333,3518.91,False,False,False,False,False,False,True,True,False,True,False,-0.0033222591362126,0.0099667774086378,,,0.0671539313399778,0.1699815430047989,-0.0874861572535991,-0.1849390919158361,0.0032732641915569,-0.1972118327099626,3570.0,3440.0,0.5493230174081238,0.0058882188138088,-0.0009902144319518,-0.000314163747546
2019-12-25,4510.0,4520.0,4480.0,4490.0,51200.0,4490.0,4466.0,4438.5,4233.8,3759.6666666666665,3526.31,False,False,False,False,False,False,True,True,False,True,False,-0.0233853006681514,0.0167037861915367,,,0.0570601336302894,0.1626577579806978,-0.0579064587973273,-0.1603563474387528,0.0032272364571328,-0.1917314408020727,3585.0,3455.0,0.4507042253521127,0.0051962775757003,-0.0006919412381085,-4.6027734424114106e-05
2019-12-26,4510.0,4550.0,4475.0,4545.0,128200.0,4545.0,4500.0,4455.5,4256.0,3772.2,3534.085,False,False,False,False,False,False,True,True,False,False,False,-0.0242024202420242,-0.0132013201320132,,,0.0635863586358635,0.17003300330033,-0.0583058305830583,-0.2024202420242024,0.0033225527101779,-0.1908876669285153,3605.0,3435.0,2.50390625,0.0052161654135337,1.9887837833475024e-05,9.531625304514714e-05
2019-12-27,4545.0,4630.0,4545.0,4560.0,187700.0,4560.0,4514.0,4467.5,4279.6,3786.0666666666666,3541.81,False,False,False,False,False,False,True,True,False,False,False,-0.0241228070175438,-0.0274122807017543,,,0.0614912280701753,0.1697222222222222,-0.069078947368421,-0.2203947368421052,0.0036625521649557,-0.1920537213206491,3580.0,3535.0,1.4641185647425896,0.0055145340686046,0.0002983686550708,0.0003399994547777
2019-12-30,4580.0,4590.0,4535.0,4585.0,126100.0,4585.0,4539.0,4484.0,4300.8,3798.6,3549.71,False,False,False,False,False,False,True,True,False,True,False,-0.0229007633587786,-0.0468920392584514,,,0.0619847328244274,0.171515812431843,-0.0861504907306434,-0.1984732824427481,0.0032994612050053,-0.1925735950044603,3570.0,3500.0,0.6718167288225892,0.0049293154761904,-0.0005852185924141,-0.0003630909599504
2020-01-06,4535.0,4560.0,4475.0,4500.0,158600.0,4500.0,4536.0,4496.0,4318.8,3811.866666666667,3557.06,False,False,False,False,False,False,True,True,False,True,False,0.0133333333333333,-0.0433333333333333,,,0.0402666666666666,0.1529185185185184,-0.0155555555555555,-0.1733333333333333,0.003480359578859,-0.1930604982206405,3585.0,3445.0,1.2577319587628866,0.0041678243956654,-0.0007614910805249,0.0001808983738537
2020-01-07,4385.0,4430.0,4335.0,4385.0,313600.0,4385.0,4515.0,4490.5,4332.4,3825.133333333333,3563.985,False,False,False,False,False,False,True,True,False,True,False,0.041049030786773,0.0045610034207525,,,0.0119954389965793,0.1276776890916001,0.0250855188141391,-0.1356898517673888,0.0034682886871045,-0.1866161897338826,3515.0,3500.0,1.9773013871374527,0.003139137660419,-0.0010286867352464,-1.207089175453164e-05
2020-01-08,4365.0,4490.0,4335.0,4435.0,350700.0,4435.0,4493.0,4496.5,4344.8,3840.933333333333,3571.54,False,False,False,False,False,False,True,True,False,True,False,0.0112739571589627,-0.0090191657271702,,,0.0203382187147688,0.1339496429913567,-0.0157835400225479,-0.1375422773393461,0.0041135835040093,-0.1814744801512287,3575.0,3435.0,1.1183035714285714,0.0028539863745167,-0.0002851512859022,0.0006452948169048
2020-01-09,4455.0,4520.0,4435.0,4450.0,215300.0,4450.0,4471.0,4492.5,4356.4,3857.0,3579.27,False,False,False,False,False,False,True,True,False,True,False,-0.0033707865168539,-0.0146067415730337,,,0.0210337078651686,0.1332584269662921,-0.0808988764044943,-0.1235955056179775,0.0041655863797425,-0.1730662214802448,3575.0,3490.0,0.6139150270886797,0.0026627490588558,-0.0001912373156609,5.20028757331906e-05
2020-01-10,4420.0,4485.0,4400.0,4480.0,128200.0,4480.0,4450.0,4494.5,4370.2,3871.933333333333,3586.85,False,False,False,False,False,False,True,True,False,False,False,-0.0245535714285714,-0.0591517857142857,,,0.0245089285714286,0.1357291666666667,-0.1294642857142857,-0.1372767857142857,0.0038568157165239,-0.1677605962843475,3595.0,3505.0,0.5954482117974919,0.0031577502173813,0.0004950011585255,-0.0003087706632186
2020-01-14,4490.0,4585.0,4490.0,4560.0,176200.0,4560.0,4462.0,4499.0,4387.4,3888.533333333333,3595.03,False,False,False,False,False,False,True,True,False,False,False,-0.0559210526315789,-0.0899122807017543,,,0.0378508771929825,0.1472514619883042,-0.112938596491228,-0.1578947368421052,0.0042689617336441,-0.1650366748166259,3675.0,3385.0,1.374414976599064,0.0039203172721884,0.0007625670548071,0.0004121460171202
2020-01-15,4570.0,4575.0,4520.0,4565.0,130400.0,4565.0,4498.0,4506.5,4404.6,3904.533333333333,3603.32,False,False,False,False,False,False,True,True,False,True,False,-0.0350492880613362,-0.0941949616648411,,,0.0351369112814895,0.144680540343191,-0.1073384446878422,-0.1369112814895947,0.0040978008468788,-0.1626539443026739,3775.0,3410.0,0.7400681044267877,0.0039050084003089,-1.5308871879565842e-05,-0.0001711608867653
2020-01-16,4590.0,4610.0,4460.0,4485.0,130500.0,4485.0,4508.0,4500.5,4419.4,3918.533333333333,3610.955,False,False,False,False,False,False,True,True,False,True,False,-0.020066889632107,-0.1003344481605351,,,0.0146265328874025,0.1263024897807507,-0.1081382385730211,-0.1092530657748049,0.0035727653203579,-0.1533162981890901,3745.0,3445.0,1.000766871165644,0.0033488708874506,-0.0005561375128583,-0.0005250355265208
2020-01-17,4520.0,4545.0,4415.0,4435.0,136800.0,4435.0,4505.0,4488.0,4434.6,3930.933333333333,3617.955,False,False,False,False,False,False,True,True,False,False,False,-0.0112739571589627,-0.0834272829763247,,,9.019165727162034e-05,0.1136565201052236,-0.1443066516347237,-0.0901916572717023,0.0031544671324876,-0.1402629233511586,3715.0,3410.0,1.0482758620689656,0.0034275921165382,7.872122908767496e-05,-0.0004182981878703
2020-01-20,4390.0,4415.0,4355.0,4370.0,100100.0,4370.0,4483.0,4466.5,4445.2,3944.3333333333335,3624.825,False,False,False,False,False,False,True,True,False,True,False,-0.0354691075514874,-0.0812356979405034,,,-0.0172082379862699,0.0974065598779557,-0.1384439359267734,-0.0560640732265446,0.0033972787965859,-0.1260494794581887,3740.0,3360.0,0.7317251461988304,0.0023845946189146,-0.0010429974976236,0.0002428116640983
2020-01-21,4350.0,4365.0,4285.0,4305.0,149100.0,4305.0,4432.0,4447.0,4450.6,3955.866666666667,3630.8,False,False,False,False,False,False,True,True,False,True,False,-0.0360046457607433,-0.0429732868757259,,,-0.0338211382113822,0.0810994967092527,-0.1707317073170731,-0.140534262485482,0.002915501028009,-0.1226669664942658,3895.0,3435.0,1.4895104895104896,0.00121331955242,-0.0011712750664946,-0.0004817777685769
2020-01-22,4275.0,4425.0,4270.0,4405.0,173800.0,4405.0,4400.0,4449.0,4458.0,3968.533333333333,3636.95,False,False,False,False,False,False,True,True,False,False,False,-0.061293984108967,-0.039727582292849,,,-0.0120317820658342,0.0990843738176315,-0.2338251986379114,-0.0885357548240635,0.0031917752990187,-0.1180040458530006,3940.0,3465.0,1.1656606304493629,0.0016599371915656,0.0004466176391456,0.0002762742710097
2020-01-23,4375.0,4450.0,4345.0,4395.0,101900.0,4395.0,4382.0,4445.0,4458.8,3981.3333333333335,3643.75,False,False,False,False,False,False,True,True,False,True,False,-0.0819112627986348,-0.0261660978384527,,,-0.0145164960182025,0.0941221084565794,-0.1990898748577929,-0.1080773606370876,0.0032150033489619,-0.1150731158605174,3990.0,3570.0,0.5863060989643268,0.0001794204718758,-0.0014805167196897,2.3228049943184708e-05
2020-01-24,4410.0,4445.0,4335.0,4385.0,106700.0,4385.0,4372.0,4438.5,4456.6,3992.6666666666665,3649.725,False,False,False,False,False,False,False,True,False,True,False,-0.072976054732041,-0.0319270239452679,,,-0.0163283922462942,0.0894716837704295,-0.201824401368301,-0.1356898517673888,0.002838537318417,-0.1162554917201757,3970.0,3575.0,1.0471050049067714,-0.000493649867612,-0.0006730703394879,-0.0003764660305449
2020-01-27,4270.0,4325.0,4215.0,4215.0,186600.0,4215.0,4341.0,4412.0,4448.4,4002.2,3654.65,False,False,False,False,False,False,False,True,False,True,False,-0.0474495848161328,-0.0059311981020166,,,-0.0553736654804269,0.0504863582443654,-0.1637010676156583,-0.0771055753262159,0.002382023220562,-0.1103807796917497,4055.0,3590.0,1.7488284910965324,-0.0018433594101251,-0.0013497095425131,-0.000456514097855
2020-01-28,4145.0,4180.0,4095.0,4150.0,244200.0,4150.0,4310.0,4371.0,4439.2,4011.6,3659.225,False,False,False,False,False,False,False,True,False,True,False,-0.0072289156626506,0.0674698795180722,,,-0.0696867469879517,0.0333493975903614,-0.1433734939759036,-0.0746987951807229,0.0023432047063516,-0.102036147334706,4050.0,3570.0,1.3086816720257235,-0.002072445485673,-0.0002290860755479,-3.881851421041333e-05
2020-01-29,4155.0,4170.0,4080.0,4135.0,154300.0,4135.0,4256.0,4328.0,4427.0,4020.0666666666666,3663.675,False,False,False,False,False,False,False,True,False,True,False,0.022974607013301,0.087061668681983,,,-0.0706166868198307,0.0277952438532849,-0.1656590084643289,-0.087061668681983,0.0021061010596839,-0.0969269870609981,4045.0,3585.0,0.6318591318591319,-0.0027558165800767,-0.0006833710944037,-0.0002371036466676
2020-01-30,4115.0,4130.0,3985.0,4035.0,242800.0,4035.0,4184.0,4283.0,4413.4,4028.0666666666666,3667.35,False,False,False,False,False,False,False,True,False,True,False,0.060718711276332,0.0817843866171003,,,-0.0937794299876083,0.0017182982238744,-0.2168525402726146,-0.0210656753407682,0.0019860644477913,-0.0884893766051832,4125.0,3605.0,1.5735580038885288,-0.0030815244482712,-0.0003257078681944,-0.0001200366118925
2020-01-31,4070.0,4110.0,4030.0,4065.0,170700.0,4065.0,4120.0,4246.0,4396.4,4035.733333333333,3671.125,False,False,False,False,False,False,False,True,False,True,False,0.044280442804428,0.006150061500615,,,-0.0815252152521524,0.00719967199672,-0.1968019680196802,0.014760147601476,0.0018996960486321,-0.0784267545925577,4160.0,3580.0,0.7030477759472817,-0.0038668001091802,-0.0007852756609089,-8.63683991591496e-05
2020-02-03,3925.0,4045.0,3920.0,4015.0,212500.0,4015.0,4080.0,4210.5,4378.6,4042.533333333333,3674.675,False,False,False,False,False,False,False,True,False,True,False,0.0435865504358655,-0.0286425902864259,,,-0.090560398505604,-0.006857617268576,-0.2154420921544209,-0.0136986301369863,0.0016821135261716,-0.0745754660966631,4135.0,3570.0,1.244874048037493,-0.0040652263280498,-0.0001984262188696,-0.0002175825224605
2020-02-04,4040.0,4145.0,4020.0,4120.0,183800.0,4120.0,4074.0,4192.0,4362.8,4052.3333333333335,3678.75,False,False,False,False,False,False,False,True,False,False,False,0.0752427184466019,-0.0182038834951456,,,-0.0589320388349515,0.0164239482200646,-0.3077669902912621,-0.0776699029126213,0.0024183597927121,-0.0681059160305343,4130.0,3585.0,0.8649411764705882,-0.0036215274594297,0.0004436988686201,0.0007362462665405
2020-02-05,4170.0,4275.0,4150.0,4230.0,289700.0,4230.0,4093.0,4174.5,4352.4,4063.266666666667,3683.9,False,False,False,False,False,False,False,True,False,False,False,0.0626477541371158,-0.0366430260047281,,,-0.0289361702127658,0.0394168636721827,-0.3716312056737588,-0.0957446808510638,0.0026907742538844,-0.0687507485926458,4135.0,3515.0,1.5761697497279652,-0.0023894862604541,0.0012320411989756,0.0002724144611722
2020-02-06,4285.0,4300.0,4235.0,4280.0,184800.0,4280.0,4142.0,4163.0,4341.8,4074.4,3689.325,False,False,False,False,False,False,False,True,False,True,False,0.0198598130841121,-0.0654205607476635,,,-0.0144392523364486,0.04803738317757,-0.3642523364485981,-0.1063084112149532,0.0027325086720334,-0.0684602450156137,4115.0,3575.0,0.637901277183293,-0.0024413837578883,-5.189749743417975e-05,4.173441814907036e-05
2020-02-07,4350.0,4350.0,4245.0,4245.0,101900.0,4245.0,4178.0,4149.0,4329.2,4085.533333333333,3694.875,False,False,False,False,False,False,False,True,False,True,False,-0.0365135453474676,-0.1060070671378091,,,-0.0198351001177855,0.0375657636435022,-0.3220259128386337,-0.094228504122497,0.0027250624153515,-0.0639913232104121,4055.0,3575.0,0.5514069264069265,-0.0029104684468262,-0.0004690846889379,-7.446256681892249e-06
2020-02-10,4200.0,4280.0,4180.0,4190.0,156200.0,4190.0,4213.0,4146.5,4313.4,4096.6,3699.9,False,False,False,False,False,False,False,True,False,True,False,-0.0692124105011933,-0.1014319809069212,,,-0.0294510739856801,0.0222911694510739,-0.3389021479713603,-0.094272076372315,0.0027014271997919,-0.0657180754853491,4105.0,3595.0,1.5328753680078508,-0.0036630036630037,-0.0007525352161774,-2.3635215559683967e-05
2020-02-12,4185.0,4440.0,4170.0,4430.0,315300.0,4430.0,4275.0,4174.5,4310.6,4109.866666666667,3706.0,False,False,False,False,True,False,False,True,False,False,True,-0.0869074492099322,-0.1941309255079006,,,0.0269525959367945,0.0722648607975921,-0.4058690744920993,-0.1534988713318284,0.0032280041526082,-0.0741406156425919,4170.0,3675.0,2.0185659411011523,-0.0006495615459563,0.0030134421170473,0.0005265769528163
2020-02-13,4450.0,4545.0,4425.0,4495.0,154600.0,4495.0,4328.0,4210.5,4315.0,4123.6,3712.55,False,False,False,False,False,False,True,True,True,False,False,-0.0934371523915461,-0.2491657397107897,,,0.0400444938820912,0.0826251390433814,-0.4129032258064516,-0.1557285873192436,0.0033304232547612,-0.0815817598859992,4220.0,3775.0,0.4903266730098319,0.0010196987253765,0.0016692602713328,0.0001024191021529
2020-02-14,4460.0,4470.0,4350.0,4365.0,112500.0,4365.0,4345.0,4243.5,4312.2,4134.2,3718.175,False,False,False,False,False,False,False,True,False,True,False,-0.0836197021764032,-0.1935853379152348,,,0.0120962199312715,0.0528751431844215,-0.3383734249713631,-0.127147766323024,0.0025639785206326,-0.0920230941439849,4375.0,3745.0,0.7276843467011643,-0.0006493205324428,-0.0016690192578193,-0.0007664447341286
2020-02-17,4315.0,4340.0,4075.0,4090.0,262300.0,4090.0,4314.0,4246.0,4297.8,4141.066666666667,3722.85,False,False,False,False,False,True,False,True,False,True,False,-0.0721271393643031,-0.1442542787286063,,,-0.0508068459657702,-0.0124857375713121,-0.1931540342298288,-0.069682151589242,0.0016581879064975,-0.1000942063118228,4440.0,3715.0,2.331555555555556,-0.0033505514449252,-0.0027012309124823,-0.000905790614135
2020-02-18,4020.0,4160.0,3885.0,3900.0,284500.0,3900.0,4256.0,4234.5,4274.6,4145.2,3726.65,False,False,False,False,False,False,False,True,False,True,False,-0.0346153846153846,-0.0961538461538461,,,-0.0960512820512821,-0.0628717948717948,-0.1628205128205128,-0.0128205128205128,0.0009971372511177,-0.1002479631597591,4420.0,3740.0,1.08463591307663,-0.0054274084124829,-0.0020768569675577,-0.0006610506553798
2020-02-19,4000.0,4090.0,3915.0,4045.0,256400.0,4045.0,4179.0,4227.0,4254.0,4151.533333333334,3731.325,False,False,False,False,False,False,False,True,False,False,False,-0.1174289245982694,-0.1211372064276885,,,-0.0516687268232385,-0.0263370416151628,-0.1644004944375772,-0.0519159456118665,0.0015255407640551,-0.0978235154956233,4380.0,3895.0,0.9012302284710018,-0.0048425011753644,0.0005849072371185,0.0005284035129374
2020-02-20,4075.0,4150.0,3995.0,4075.0,223300.0,4075.0,4095.0,4211.5,4234.4,4158.066666666667,3736.1,False,False,False,False,False,False,False,True,False,False,False,-0.1717791411042944,-0.1533742331288343,,,-0.0391165644171778,-0.0203844580777095,-0.1595092024539877,-0.0883435582822085,0.001571243045646,-0.0971150421465036,4440.0,3940.0,0.8709048361934477,-0.0046287549593804,0.000213746215984,4.570228159090327e-05
2020-02-21,4065.0,4120.0,3995.0,4000.0,98700.0,4000.0,4022.0,4183.5,4215.0,4163.333333333333,3740.65,False,False,False,False,False,False,False,True,False,False,False,-0.12,-0.21,,,-0.05375,-0.0408333333333332,-0.13625,-0.10375,0.0012650120096076,-0.0968088920760129,4375.0,3990.0,0.4420062695924764,-0.0046026097271648,2.6145232215599168e-05,-0.0003062310360384
2020-02-25,3800.0,3895.0,3770.0,3795.0,280300.0,3795.0,3963.0,4138.5,4189.4,4166.2,3743.95,False,False,False,False,False,False,False,True,False,True,False,-0.077733860342556,-0.13965744400527,,,-0.1039262187088273,-0.0978129117259551,-0.1357048748353096,-0.0210803689064558,0.0006880770646312,-0.0901292738915065,4490.0,3970.0,2.839918946301925,-0.0061106602377429,-0.0015080505105781,-0.0005769349449763
2020-02-26,3775.0,3850.0,3745.0,3765.0,214200.0,3765.0,3936.0,4096.0,4165.2,4168.8,3747.1,False,False,True,False,False,False,False,True,False,False,False,-0.0637450199203187,-0.1633466135458167,,,-0.1062948207171314,-0.1072509960159363,-0.1540504648074369,-0.0305444887118193,0.0006236806754942,-0.084228515625,4460.0,4055.0,0.7641812343917231,-0.0058100451358877,0.0003006151018551,-6.439638913703356e-05
2020-02-27,3715.0,3730.0,3540.0,3570.0,303700.0,3570.0,3841.0,4010.0,4135.8,4168.6,3749.1,False,False,False,False,False,False,False,False,False,True,False,-0.0042016806722689,-0.2011204481792717,,,-0.1584873949579832,-0.1676750700280113,-0.1050420168067226,0.0294117647058823,-4.797773832937151e-05,-0.0664588528678304,4515.0,4050.0,1.4178338001867414,-0.0071086609603945,-0.0012986158245067,-0.0006716584138236
2020-02-28,3355.0,3420.0,3320.0,3375.0,489100.0,3375.0,3701.0,3898.0,4094.6,4166.733333333334,3749.825,False,False,False,False,False,False,False,False,False,True,False,0.0222222222222222,-0.2124444444444444,,,-0.2132148148148148,-0.2345876543209877,-0.0192592592592592,0.0711111111111111,-0.0004479928321147,-0.0442534633145202,4490.0,4045.0,1.6104708594007244,-0.0100620329214087,-0.0029533719610142,-0.0004000150937853
2020-03-02,3375.0,3595.0,3365.0,3520.0,224700.0,3520.0,3605.0,3813.5,4059.6,4166.0,3751.3,False,False,False,False,False,False,False,False,False,False,False,-0.1022727272727272,-0.2269886363636363,,,-0.1532954545454545,-0.1835227272727272,-0.0198863636363636,0.0113636363636363,-0.0001760281645063,-0.0296315720466762,4545.0,4125.0,0.4594152525046003,-0.0086215390678884,0.0014404938535202,0.0002719646676083
2020-03-03,3660.0,3675.0,3460.0,3500.0,286700.0,3500.0,3546.0,3754.5,4024.2,4165.0,3753.025,False,False,False,False,False,False,False,False,False,True,False,-0.0671428571428571,-0.1777142857142857,,,-0.1497714285714285,-0.19,0.0028571428571428,0.04,-0.0002400960384153,-0.0187774670395525,4560.0,4160.0,1.2759234534935469,-0.008796779484121,-0.0001752404162326,-6.406787390898693e-05
2020-03-04,3440.0,3580.0,3430.0,3525.0,173700.0,3525.0,3498.0,3717.0,3996.6,4164.066666666667,3755.375,False,False,False,False,False,False,False,False,False,False,False,-0.1063829787234042,-0.2141843971631205,,,-0.1337872340425531,-0.1812955082742316,0.0113475177304964,0.026950354609929,-0.0002241398632746,-0.0150659133709981,4585.0,4135.0,0.6058597837460761,-0.006905869989491,0.00189090949463,1.5956175140668184e-05
2020-03-05,3585.0,3615.0,3515.0,3555.0,228600.0,3555.0,3495.0,3668.0,3972.8,4162.466666666666,3756.85,False,False,False,False,False,False,False,False,False,False,False,-0.1977496483825597,-0.2596343178621659,,,-0.1175246132208158,-0.1708766994842943,0.0253164556962025,0.0070323488045007,-0.0003843874625623,-0.0088604143947655,4500.0,4130.0,1.3160621761658031,-0.0059907370116793,0.0009151329778116,-0.0001602475992876
2020-03-06,3520.0,3545.0,3405.0,3450.0,181500.0,3450.0,3510.0,3605.5,3945.4,4158.133333333333,3757.625,False,False,False,False,False,False,False,False,False,True,False,-0.2295652173913043,-0.2350724637681159,,,-0.1435942028985507,-0.2052560386473429,0.0275362318840579,0.044927536231884,-0.0010421342910279,0.0052697268062682,4385.0,4135.0,0.7939632545931758,-0.0069447964718406,-0.0009540594601612,-0.0006577468284656
2020-03-09,3350.0,3370.0,3130.0,3160.0,212800.0,3160.0,3438.0,3521.5,3910.4,4150.333333333333,3757.225,False,False,False,False,False,False,False,False,False,True,False,-0.1389240506329113,-0.0860759493670886,,,-0.2374683544303797,-0.3133966244725737,0.1218354430379746,0.1028481012658227,-0.0018793671191069,0.0264092006247337,4435.0,4115.0,1.1724517906336087,-0.0089504909983633,-0.0020056945265226,-0.0008372328280789
2020-03-10,3065.0,3285.0,2981.0,3265.0,220000.0,3265.0,3391.0,3468.5,3878.4,4144.333333333333,3757.2,False,False,False,False,False,False,False,False,False,False,False,-0.1185298621745788,0.010719754977029,,,-0.1878713629402756,-0.269321082184788,0.0888208269525268,0.0505359877488514,-0.0014477599935655,0.0338763154101196,4450.0,4055.0,1.033834586466165,-0.0082508250825082,0.000699665915855,0.0004316071255414
2020-03-11,3250.0,3250.0,3105.0,3150.0,374500.0,3150.0,3316.0,3407.0,3843.8,4136.466666666666,3755.3,False,False,False,False,False,False,False,False,False,True,False,-0.1206349206349206,0.0365079365079365,,,-0.2202539682539683,-0.313164021164021,0.146031746031746,0.0619047619047619,-0.0019017841313843,0.0435867331963604,4480.0,4105.0,1.7022727272727274,-0.0090015089234611,-0.0007506838409528,-0.0004540241378187
2020-03-12,3025.0,3085.0,2824.0,2852.0,590500.0,2852.0,3175.4,3335.2,3793.08,4122.56,3750.61,False,False,False,False,False,False,False,False,False,True,False,-0.0771388499298737,0.185133239831697,,,-0.3299719495091164,-0.4454978962131838,0.2903225806451613,0.1640953716690042,-0.0033733084943981,0.0554089709762533,4560.0,4170.0,1.5767690253671562,-0.0133717190251722,-0.004370210101711,-0.0014715243630137
2020-03-13,2602.0,2774.0,2497.0,2658.0,402200.0,2658.0,3017.0,3263.5,3730.2,4105.466666666666,3744.55,False,False,False,False,False,False,False,False,False,True,False,-0.0071482317531978,0.2885628291948833,,,-0.4033860045146726,-0.5445698520190618,0.418359668924003,0.2810383747178329,-0.0041635542853433,0.0721617894898115,4565.0,4220.0,0.6811176968670618,-0.0168570049863278,-0.0034852859611556,-0.0007902457909452
2020-03-16,2700.0,2861.0,2660.0,2721.0,338400.0,2721.0,2929.2,3183.6,3667.84,4088.5466666666666,3739.08,False,False,False,False,False,False,False,False,False,True,False,0.0613744946710768,0.2697537669974274,,,-0.3479750091877986,-0.5025897341663604,0.3322307975009188,0.2936420433664094,-0.0041383898434976,0.0978137957029778,4485.0,4375.0,0.8413724515166584,-0.0170018321409875,-0.0001448271546596,2.516444184564367e-05
2020-03-17,2650.0,2955.0,2621.0,2878.0,529200.0,2878.0,2851.8,3121.4,3613.16,4073.986666666666,3734.17,False,False,False,False,False,False,False,False,False,False,False,0.1466296038915913,0.1396803335649756,,,-0.25544127866574,-0.4155617326847346,0.2352328005559416,0.273453787352328,-0.0035738948581079,0.1204908054078297,4435.0,4440.0,1.5638297872340423,-0.015133567292896,0.0018682648480914,0.0005644949853897
2020-03-18,2884.0,2914.0,2727.0,2770.0,339600.0,2770.0,2775.8,3045.9,3556.36,4056.8533333333335,3728.545,False,False,False,False,False,False,False,False,False,True,False,0.1787003610108303,0.1498194945848375,,,-0.283884476534296,-0.4645679903730446,0.3267148014440433,0.2761732851985559,-0.004223306076302,0.1454742440657933,4370.0,4420.0,0.6417233560090703,-0.0159713864738102,-0.0008378191809141,-0.000649411218194
2020-03-19,2864.0,2914.0,2598.0,2632.0,356600.0,2632.0,2731.8,2953.6,3484.44,4037.946666666666,3722.48,False,False,False,False,False,False,False,False,False,True,False,0.2841945288753799,0.2139057750759878,,,-0.3238753799392097,-0.534174265450861,0.4133738601823708,0.4057750759878419,-0.0046822477430774,0.1853331527627302,4305.0,4380.0,1.0500588928150765,-0.0206403324494036,-0.0046689459755934,-0.0004589416667754
2020-03-23,2602.0,2686.0,2481.0,2639.0,269200.0,2639.0,2728.0,2872.5,3410.2,4019.2,3716.9,False,False,False,False,False,False,False,False,False,True,False,0.2978400909435392,0.2542629784009094,,,-0.2922319060250094,-0.5230011367942402,0.436150056839712,0.3641530882910193,-0.0046642781316347,0.2186248912097476,4405.0,4440.0,0.754907459338194,-0.0217699841651516,-0.001129651715748,1.7969611442710323e-05
2020-03-24,2820.0,2908.0,2775.0,2888.0,187500.0,2888.0,2761.4,2845.3,3351.12,4002.7066666666665,3712.39,False,False,False,False,False,False,False,False,False,False,False,0.1963296398891967,0.1945983379501385,,,-0.160360110803324,-0.3859787626962142,0.3244459833795013,0.2828947368421052,-0.0041205450978171,0.2380065370962639,4395.0,4375.0,0.6965081723625557,-0.0176299267110697,0.0041400574540819,0.0005437330338176
2020-03-25,3305.0,3390.0,3175.0,3300.0,529600.0,3300.0,2845.8,2848.8,3319.52,3991.24,3710.14,False,False,False,False,False,False,False,False,False,False,False,-0.006060606060606,0.0636363636363636,,,-0.0059151515151515,-0.2094666666666666,0.1818181818181818,0.1121212121212121,-0.0028729584456626,0.2449101376017971,4385.0,4490.0,2.824533333333333,-0.0095194485949775,0.0081104781160921,0.0012475866521544
2020-03-26,3215.0,3315.0,3155.0,3265.0,376200.0,3265.0,2944.8,2860.3,3294.12,3979.64,3708.215,False,False,False,False,False,False,False,False,False,False,False,-0.0245022970903522,0.0918836140888208,,,-0.0089188361408881,-0.2188790199081163,0.1837672281776416,0.1362940275650842,-0.0029148365178759,0.2526658042862636,4215.0,4460.0,0.7103474320241692,-0.0077107087780651,0.0018087398169123,-4.187807221329044e-05
2020-03-27,3390.0,3420.0,3300.0,3380.0,430300.0,3380.0,3094.4,2913.1,3267.52,3969.64,3707.44,False,False,False,False,True,False,False,False,False,True,False,-0.0547337278106508,0.0784023668639053,,,0.0332781065088757,-0.1744497041420118,0.136094674556213,0.0991124260355029,-0.0025191201217238,0.2435206481068278,4150.0,4515.0,1.1438064859117492,-0.0081407305846635,-0.0004300218065983,0.000395716396152
2020-03-30,3285.0,3440.0,3270.0,3425.0,349800.0,3425.0,3251.6,2989.8,3241.52,3960.173333333333,3708.04,False,False,False,False,False,False,False,False,False,False,False,-0.0335766423357664,0.0350364963503649,,,0.053570802919708,-0.1562549878345498,0.1503649635036496,0.0642335766423357,-0.0023904677573035,0.2196467991169977,4135.0,4490.0,0.8129212177550547,-0.0080209284533181,0.0001198021313453,0.0001286523644203
2020-03-31,3410.0,3525.0,3375.0,3455.0,270100.0,3455.0,3365.0,3063.2,3219.72,3951.373333333333,3709.79,False,False,False,False,False,False,False,False,False,False,False,-0.0014471780028943,0.0260492040520984,,,0.0680984081041968,-0.1436681138446694,0.1562952243125904,0.0680173661360347,-0.0022270737937527,0.1959715330373466,4035.0,4545.0,0.7721555174385363,-0.0067707750984558,0.0012501533548623,0.0001633939635507
2020-04-01,3385.0,3515.0,3265.0,3280.0,250800.0,3280.0,3361.0,3103.4,3199.12,3941.04,3710.14,False,False,False,False,False,False,False,False,False,False,False,0.0701219512195122,0.0838414634146341,,,0.0246585365853658,-0.2015365853658536,0.2301829268292683,0.1570121951219512,-0.0026219813382591,0.1846684281755493,4065.0,4560.0,0.928544983339504,-0.0064392707994698,0.0003315042989859,-0.0003949075445064
2020-04-02,3240.0,3320.0,3135.0,3185.0,142900.0,3185.0,3345.0,3144.9,3175.92,3928.7733333333335,3709.89,False,False,False,False,False,False,False,False,False,True,False,0.119309262166405,0.1334379905808477,,,0.0028508634222919,-0.2335238095238095,0.2951334379905808,0.216640502354788,-0.0031222637769888,0.1798467359852459,4015.0,4585.0,0.5697767145135566,-0.007304969898486,-0.0008656990990162,-0.0005002824387296
2020-04-03,3205.0,3280.0,3125.0,3195.0,184200.0,3195.0,3308.0,3201.2,3160.92,3915.7733333333335,3709.64,False,False,False,False,False,False,False,False,False,False,False,0.1408450704225352,0.1517996870109546,,,0.0106666666666666,-0.2255941575378195,0.1580594679186228,0.1737089201877934,-0.0033199061573192,0.160658503061352,4120.0,4500.0,1.2890132960111966,-0.0047454538552067,0.0025595160432793,-0.0001976423803304
2020-04-06,3080.0,3320.0,3080.0,3310.0,196300.0,3310.0,3285.0,3268.3,3158.32,3903.64,3709.54,False,False,False,False,False,False,False,False,False,False,False,0.0709969788519637,0.1389728096676737,,,0.0458247734138972,-0.1793474320241691,0.2129909365558912,0.1253776435045317,-0.0031082101150038,0.140654162714561,4230.0,4385.0,1.0656894679695983,-0.0008232224727069,0.0039222313824997,0.0002116960423154
2020-04-07,3375.0,3545.0,3370.0,3450.0,261100.0,3450.0,3284.0,3324.5,3155.52,3891.306666666667,3709.765,False,False,False,False,False,False,False,False,False,True,False,0.0275362318840579,0.0507246376811594,,,0.0853565217391304,-0.1279149758454106,0.136231884057971,0.0652173913043478,-0.0031694580740658,0.1204692434952624,4280.0,4435.0,1.3301069791136015,-0.0008873339417909,-6.411146908397104e-05,-6.124795906201422e-05
2020-04-08,3440.0,3535.0,3345.0,3510.0,227900.0,3510.0,3330.0,3345.5,3155.92,3878.9066666666654,3710.44,False,False,False,False,False,False,True,False,False,False,False,0.0128205128205128,0.0128205128205128,,,0.1008774928774928,-0.1051016144349476,0.0797720797720797,0.0512820512820512,-0.0031967770987014,0.1140337767149902,4245.0,4450.0,0.872845653006511,0.0001267459251185,0.0010140798669094,-2.7319024635619107e-05
2020-04-09,3500.0,3580.0,3455.0,3565.0,168900.0,3565.0,3406.0,3375.5,3157.52,3867.506666666666,3711.44,False,False,False,False,False,False,True,False,False,False,False,0.0126227208976157,0.0308555399719495,,,0.1143001402524544,-0.0848546049555866,0.091164095371669,-0.0112201963534361,-0.0029476355136642,0.0986520515479188,4190.0,4480.0,0.7411145239139973,0.0005067267982466,0.0003799808731281,0.0002491415850371
2020-04-10,3610.0,3655.0,3510.0,3645.0,155500.0,3645.0,3496.0,3402.0,3161.12,3857.7066666666665,3712.415,False,False,False,False,False,False,True,False,True,False,False,0.0096021947873799,0.0205761316872428,,,0.1327517146776406,-0.0583557384545038,0.0534979423868312,-0.0233196159122085,-0.0025403694077309,0.0855379188712522,4430.0,4560.0,0.920663114268798,0.0011388368679455,0.0006321100696988,0.0004072661059333
2020-04-13,3580.0,3630.0,3540.0,3545.0,131700.0,3545.0,3543.0,3414.0,3164.92,3845.7733333333335,3712.94,False,False,False,False,False,False,True,False,False,False,False,0.0634696755994358,0.0691114245416079,,,0.107215796897038,-0.0848443817583451,0.0648801128349788,0.0253878702397743,-0.0031029736541934,0.0814294083186877,4495.0,4565.0,0.8469453376205788,0.0012006622600255,6.182539208007777e-05,-0.0005626042464624
2020-04-14,3550.0,3565.0,3495.0,3545.0,137700.0,3545.0,3562.0,3423.0,3180.32,3834.7066666666665,3713.64,False,False,False,False,False,False,True,False,False,False,False,0.0225669957686882,0.078984485190409,,,0.1028716502115655,-0.0817226140103431,0.1142454160789844,0.0253878702397743,-0.0028859226085959,0.076979257960853,4365.0,4485.0,1.0455580865603644,0.0048422800221361,0.0036416177621105,0.0002170510455974
2020-04-15,3570.0,3615.0,3525.0,3555.0,142700.0,3555.0,3571.0,3450.5,3191.92,3822.24,3713.79,False,False,False,False,False,False,True,False,False,True,False,0.0,0.0970464135021097,,,0.1021322081575245,-0.0751729957805906,0.160337552742616,0.0042194092827004,-0.0032616127366849,0.0618750905665845,4090.0,4435.0,1.0363108206245462,0.0036341762951452,-0.0012081037269909,-0.0003756901280889
2020-04-16,3515.0,3665.0,3515.0,3610.0,205400.0,3610.0,3580.0,3493.0,3210.32,3810.9066666666654,3713.915,False,False,False,False,False,False,True,False,False,False,False,0.0180055401662049,0.0706371191135734,,,0.1107146814404431,-0.0556528162511541,0.0969529085872576,-0.020775623268698,-0.0029739204668705,0.0392212997423418,3900.0,4370.0,1.4393833216538192,0.0057315158613471,0.0020973395662019,0.0002876922698143
2020-04-17,3665.0,3705.0,3600.0,3680.0,101700.0,3680.0,3587.0,3541.5,3243.44,3799.7733333333335,3714.69,False,False,False,False,False,False,True,False,False,False,False,0.0108695652173913,0.0434782608695652,,,0.1186304347826086,-0.0325471014492754,0.0326086956521739,-0.0394021739130434,-0.0029299993332934,0.0189185373429337,4045.0,4305.0,0.4951314508276533,0.0102113805095823,0.0044798646482352,4.392113357715296e-05
2020-04-20,3720.0,3775.0,3715.0,3770.0,185800.0,3770.0,3632.0,3587.5,3287.92,3790.173333333333,3716.09,False,False,False,False,False,False,True,False,False,False,False,0.0053050397877984,0.0450928381962864,,,0.1278726790450928,-0.0053510167992926,0.0145888594164456,-0.0477453580901856,-0.0025328656912789,0.0020905923344947,4075.0,4405.0,1.8269419862340217,0.0135283096912333,0.0033169291816509,0.0003971336420144
2020-04-21,3730.0,3745.0,3620.0,3625.0,119700.0,3625.0,3648.0,3605.0,3324.08,3777.9066666666654,3717.215,False,False,False,False,False,False,True,False,False,True,False,0.0551724137931034,0.1020689655172413,,,0.0830124137931034,-0.0421811494252872,0.0551724137931034,-0.0206896551724137,-0.003246948045302,-0.0062413314840499,4000.0,4395.0,0.6442411194833154,0.0108781978773073,-0.002650111813926,-0.000714082354023
2020-04-22,3595.0,3630.0,3530.0,3555.0,124300.0,3555.0,3648.0,3609.5,3351.16,3764.506666666666,3717.915,False,False,False,False,False,False,True,False,False,True,False,0.0970464135021097,0.1350210970464135,,,0.0573389592123769,-0.0589329582747302,0.0815752461322081,0.0014064697609001,-0.0035595633602278,-0.0110818672946391,3795.0,4385.0,1.0384294068504596,0.0080807839673426,-0.0027974139099647,-0.0003126153149257
2020-04-23,3565.0,3680.0,3565.0,3675.0,218200.0,3675.0,3661.0,3620.5,3387.36,3752.373333333333,3719.14,False,False,False,False,False,False,True,False,False,False,False,0.0517006802721088,0.1224489795918367,,,0.078269387755102,-0.0210539682539681,0.0326530612244898,-0.0435374149659863,-0.0032335091035717,-0.0143626570915619,3765.0,4215.0,1.755430410297667,0.0106867885314818,0.0026060045641391,0.000326054256656
2020-04-24,3670.0,3745.0,3610.0,3720.0,130800.0,3720.0,3669.0,3628.0,3430.88,3741.973333333333,3720.69,False,False,False,False,False,False,True,False,False,False,False,0.032258064516129,-0.0053763440860215,,,0.0777204301075268,-0.0059068100358421,0.0080645161290322,-0.0833333333333333,-0.0027792822325475,-0.020534729878721,3570.0,4150.0,0.5994500458295142,0.0126847922398918,0.0019980037084099,0.0004542268710241
2020-04-27,3790.0,3820.0,3760.0,3790.0,87900.0,3790.0,3673.0,3652.5,3476.92,3734.04,3721.79,False,False,False,False,False,False,True,False,False,False,False,0.0395778364116095,0.0593667546174142,,,0.0826068601583113,0.0147651715039577,0.0013192612137203,-0.0804749340369393,-0.0021245978439794,-0.0312114989733059,3375.0,4135.0,0.6720183486238532,0.0132416046385881,0.0005568123986963,0.0006546843885681
2020-04-28,3790.0,3840.0,3730.0,3825.0,135600.0,3825.0,3713.0,3680.5,3514.4,3725.9066666666654,3722.29,False,False,False,False,False,False,True,False,False,True,False,0.0444444444444444,0.0248366013071895,,,0.0812026143790849,0.0259067538126362,-0.0039215686274509,-0.1241830065359477,-0.0021829138679445,-0.0463252275506045,3520.0,4035.0,1.5426621160409557,0.0106646938310949,-0.0025769108074932,-5.831602396510951e-05
2020-04-30,4010.0,4010.0,3865.0,3900.0,268800.0,3900.0,3782.0,3715.0,3538.4,3718.573333333333,3723.24,False,False,False,False,False,False,True,False,False,True,False,0.0346153846153846,-0.0282051282051282,,,0.0927179487179487,0.0465196581196582,-0.0243589743589743,-0.123076923076923,-0.0019720824832463,-0.0592193808882907,3500.0,4065.0,1.982300884955752,0.0067827266561157,-0.0038819671749791,0.0002108313846982
2020-05-01,3870.0,3880.0,3810.0,3865.0,105300.0,3865.0,3820.0,3740.5,3562.4,3710.373333333333,3723.89,False,False,False,False,False,False,True,False,False,True,False,0.0672703751617076,0.0064683053040103,,,0.0782923673997412,0.0400068995256576,-0.0038809831824062,-0.1151358344113842,-0.0022100201956316,-0.068707392059885,3525.0,4015.0,0.3917410714285714,0.0067370312149112,-4.569544120446283e-05,-0.0002379377123853
2020-05-07,3870.0,3920.0,3805.0,3840.0,112100.0,3840.0,3844.0,3756.5,3580.8,3700.7733333333335,3724.74,False,False,False,False,False,False,True,False,False,True,False,-0.0364583333333333,0.0,,,0.0674999999999999,0.0362569444444443,-0.0013020833333333,-0.10546875,-0.00259405241427,-0.0753360841208571,3555.0,4120.0,1.0645773979107311,0.0051385165326184,-0.0015985146822928,-0.0003840322186383
2020-05-08,4000.0,4010.0,3915.0,3940.0,134000.0,3940.0,3874.0,3773.5,3601.4,3692.44,3726.265,False,False,False,False,False,False,True,False,False,False,False,0.0190355329949238,-0.0418781725888324,,,0.0859390862944162,0.0628324873096446,-0.0571065989847715,-0.1395939086294416,-0.0022568635734997,-0.0848019080429309,3450.0,4230.0,1.1953612845673507,0.0057199977786416,0.0005814812460231,0.0003371888407702
2020-05-11,3950.0,4000.0,3925.0,3995.0,63100.0,3995.0,3908.0,3810.5,3623.0,3685.9066666666654,3728.34,False,False,False,False,False,False,True,False,False,False,False,-0.0187734668335419,-0.0112640801001251,,,0.0931163954943679,0.0773700458906967,-0.1026282853566958,-0.1752190237797246,-0.0017725173001307,-0.1003805274898307,3160.0,4280.0,0.4708955223880597,0.0059619100193209,0.0002419122406793,0.000484346273369
2020-05-12,3960.0,4045.0,3935.0,4035.0,150600.0,4035.0,3935.0,3858.5,3653.2,3680.573333333333,3730.24,False,False,False,False,False,False,True,False,False,False,False,-0.060718711276332,0.0223048327137546,,,0.0946220570012392,0.0878380834365965,-0.0793060718711276,-0.2156133828996282,-0.0014490496045906,-0.1218089931320461,3265.0,4245.0,2.386687797147385,0.0082667250629584,0.0023048150436374,0.00032346769554
2020-05-13,4035.0,4140.0,3985.0,4125.0,204200.0,4125.0,3987.0,3903.5,3690.8,3677.306666666667,3732.415,False,True,False,False,False,False,True,False,False,False,False,-0.0569696969696969,-0.04,,,0.105260606060606,0.1085317171717171,-0.1151515151515151,-0.2181818181818181,-0.0008883313149477,-0.1393621109260919,3150.0,4190.0,1.3559096945551128,0.0101874932264008,0.0019207681634424,0.0005607182896429
2020-05-14,3915.0,3935.0,3650.0,3700.0,498000.0,3700.0,3959.0,3901.5,3711.0,3669.24,3732.59,False,False,False,False,False,False,True,False,False,True,False,0.0378378378378378,0.027027027027027,,,-0.0029729729729729,0.0083135135135135,-0.0067567567567567,-0.1189189189189189,-0.0021984570828474,-0.1427656029732154,2852.0,4430.0,2.438785504407444,0.0054432767448126,-0.0047442164815882,-0.0013101257678997
2020-05-15,3750.0,4055.0,3740.0,4015.0,540800.0,4015.0,3974.0,3924.0,3739.2,3664.04,3734.715,False,False,False,False,False,False,True,False,False,False,True,-0.0597758405977584,-0.0473225404732254,,,0.068692403486924,0.087412204234122,-0.099626400996264,-0.1942714819427148,-0.0014191984803658,-0.1540519877675841,2658.0,4495.0,1.0859437751004015,0.0075417201540435,0.0020984434092309,0.0007792586024815
2020-05-18,4025.0,4045.0,3905.0,3920.0,223600.0,3920.0,3959.0,3933.5,3758.0,3657.7066666666665,3736.415,False,False,False,False,False,False,True,False,False,True,False,0.0076530612244897,-0.024234693877551,,,0.0413265306122449,0.0669115646258503,-0.0918367346938775,-0.1823979591836734,-0.0017315038931498,-0.15978136519639,2721.0,4365.0,0.4134615384615384,0.0050026609898882,-0.0025390591641553,-0.0003123054127839
2020-05-19,3990.0,4005.0,3760.0,3790.0,303100.0,3790.0,3910.0,3922.5,3769.2,3649.7733333333335,3737.515,False,False,False,False,False,False,True,False,False,True,False,0.0883905013192612,0.0145118733509234,,,0.0054881266490765,0.0369991204925241,-0.0395778364116095,-0.1649076517150395,-0.0021736509664526,-0.1639260675589547,2878.0,4090.0,1.355545617173524,0.0029714528281863,-0.0020312081617019,-0.0004421470733027
2020-05-20,3795.0,3905.0,3740.0,3890.0,141200.0,3890.0,3863.0,3925.0,3782.2,3645.44,3738.64,False,False,False,False,False,False,True,False,False,False,False,0.0179948586118251,-0.0244215938303341,,,0.0277120822622108,0.0628688946015424,-0.0694087403598971,-0.1825192802056555,-0.0011886996722846,-0.1705732484076433,2770.0,3900.0,0.4658528538436159,0.0034371529797472,0.0004657001515609,0.0009849512941679
2020-05-21,3890.0,3925.0,3800.0,3840.0,98600.0,3840.0,3891.0,3925.0,3790.0,3641.306666666667,3739.815,False,False,False,False,False,False,True,False,False,True,False,-0.0104166666666666,-0.0234375,,,0.0130208333333333,0.0517430555555555,-0.0677083333333333,-0.1458333333333333,-0.0011351236552446,-0.1745222929936305,2632.0,4045.0,0.6983002832861189,0.0020580474934037,-0.0013791054863434,5.357601704008164e-05
2020-05-22,3895.0,3910.0,3765.0,3775.0,95100.0,3775.0,3843.0,3908.5,3799.2,3636.506666666666,3740.59,False,False,False,False,False,False,True,False,False,False,False,0.0132450331125827,0.0052980132450331,,,-0.00641059602649,0.0366869757174394,-0.0450331125827814,-0.1443708609271523,-0.0013199480820422,-0.1751311244723039,2639.0,4075.0,0.9645030425963488,0.0024215624341966,0.0003635149407928,-0.0001848244267976
2020-05-25,3860.0,3950.0,3840.0,3950.0,110400.0,3950.0,3849.0,3904.0,3815.4,3635.373333333333,3742.315,False,False,False,False,False,False,True,False,False,False,False,-0.0316455696202531,-0.0354430379746835,,,0.0340759493670885,0.0796523206751055,-0.1177215189873417,-0.170886075949367,-0.00031175156701,-0.1746926229508196,2888.0,4000.0,1.160883280757098,0.0042459506211669,0.0018243881869702,0.0010081965150322
2020-05-26,4000.0,4150.0,3920.0,4125.0,281200.0,4125.0,3916.0,3913.0,3838.2,3636.173333333333,3744.665,False,False,False,False,False,False,True,True,False,False,True,-0.0678787878787878,-0.0775757575757575,,,0.0695272727272727,0.1185034343434343,-0.1684848484848485,-0.183030303030303,0.0002200115139359,-0.1713519039100434,3300.0,3795.0,2.5471014492753623,0.0059402845083632,0.0016943338871963,0.0005317630809459
2020-05-27,4000.0,4060.0,3910.0,3960.0,221800.0,3960.0,3930.0,3896.5,3852.2,3635.44,3745.84,False,False,False,False,False,False,True,False,False,True,False,-0.0416666666666666,-0.0277777777777777,,,0.0272222222222222,0.0819595959595959,-0.1553030303030303,-0.1262626262626262,-0.0002017179030139,-0.1618118824586167,3265.0,3765.0,0.7887624466571835,0.0036342869009916,-0.0023059976073715,-0.0004217294169499
2020-05-28,3820.0,3870.0,3720.0,3800.0,494900.0,3800.0,3922.0,3906.5,3857.0,3631.173333333333,3746.115,False,False,False,False,False,False,True,False,False,True,True,-0.0131578947368421,0.0092105263157894,,,-0.015,0.0444280701754386,-0.1263157894736842,-0.0723684210526315,-0.001175010464937,-0.1571739408677844,3380.0,3570.0,2.2312894499549145,0.0012444905366865,-0.002389796364305,-0.000973292561923
2020-05-29,3795.0,3845.0,3755.0,3825.0,199500.0,3825.0,3932.0,3887.5,3859.2,3625.7733333333335,3746.64,False,False,False,False,False,False,True,False,False,True,False,-0.0078431372549019,-0.0287581699346405,,,-0.0089411764705881,0.0520854030501088,-0.1098039215686274,-0.0797385620915032,-0.0014893374470916,-0.1457234726688102,3425.0,3375.0,0.4031117397454031,0.0005700663349916,-0.0006744242016949,-0.0003143269821546
2020-06-01,3760.0,3840.0,3755.0,3825.0,111600.0,3825.0,3907.0,3878.0,3867.2,3619.7066666666665,3746.89,False,False,False,False,False,False,True,False,True,False,False,-0.0039215686274509,-0.0627450980392156,,,-0.011032679738562,0.0536714596949891,-0.0797385620915032,-0.0928104575163398,-0.0016760105791262,-0.1367973182052604,3455.0,3520.0,0.5593984962406015,0.0020686801820438,0.0014986138470521,-0.0001866731320345
2020-06-02,3860.0,3900.0,3825.0,3845.0,125900.0,3845.0,3851.0,3883.5,3878.8,3614.373333333333,3747.19,False,False,False,False,False,False,True,False,False,False,False,-0.0104031209362808,-0.0338101430429128,,,-0.0087906371911573,0.0599809276116169,-0.0468140442132639,-0.083224967490247,-0.0014755900515719,-0.1287498390627011,3280.0,3500.0,1.1281362007168458,0.0029906156543261,0.0009219354722823,0.0002004205275543
2020-06-03,3885.0,3900.0,3765.0,3795.0,138700.0,3795.0,3818.0,3874.0,3883.6,3609.1066666666666,3747.815,False,False,False,False,False,False,True,False,False,True,False,0.0144927536231884,-0.0382081686429512,,,-0.0233465085638998,0.0489837505489679,-0.0685111989459815,-0.0882740447957839,-0.0014592715464213,-0.1193856479091378,3185.0,3525.0,1.101667990468626,0.0012359666289009,-0.0017546490254252,1.6318505150521865e-05
2020-06-04,3855.0,3860.0,3705.0,3750.0,244400.0,3750.0,3808.0,3865.0,3884.8,3600.04,3748.79,False,False,False,False,False,False,True,False,False,True,False,0.0226666666666666,-0.02,,,-0.0359466666666667,0.0399893333333333,-0.0133333333333333,-0.0986666666666666,-0.0025184905352903,-0.1147477360931435,3195.0,3555.0,1.7620764239365536,0.0003088962108732,-0.0009270704180277,-0.0010592189888689
2020-06-05,3720.0,3810.0,3700.0,3795.0,121600.0,3795.0,3802.0,3867.0,3885.0,3590.7066666666665,3750.065,False,False,False,False,False,False,True,False,False,True,False,-0.0210803689064558,-0.0474308300395256,,,-0.0237154150197628,0.0538322353974528,-0.0513833992094861,-0.1040843214756258,-0.0025993026442334,-0.1108094129816395,3310.0,3450.0,0.497545008183306,5.148005148000466e-05,-0.0002574161593932,-8.081210894315743e-05
2020-06-08,3840.0,3840.0,3785.0,3810.0,92500.0,3810.0,3799.0,3853.0,3884.4,3583.306666666667,3751.09,False,False,False,False,False,False,False,False,False,True,False,-0.0590551181102362,-0.0656167979002624,,,-0.0195275590551181,0.0594995625546806,-0.0275590551181102,-0.0761154855643044,-0.0020651316474912,-0.1012198287049052,3450.0,3160.0,0.7606907894736842,-0.0001544640098856,-0.0002059440613656,0.0005341709967422
2020-06-09,3845.0,3895.0,3780.0,3805.0,171800.0,3805.0,3791.0,3821.0,3880.6,3579.5066666666667,3752.29,False,False,False,False,False,False,False,False,False,True,False,-0.0236530880420499,-0.0433639947437582,,,-0.0198685939553219,0.0592623740692071,-0.0354796320630749,-0.0512483574244415,-0.0010615988050495,-0.0874116723370845,3510.0,3265.0,1.8572972972972968,-0.0009792300159769,-0.0008247660060912,0.0010035328424416
2020-06-10,3760.0,3875.0,3745.0,3850.0,123200.0,3850.0,3802.0,3810.0,3880.0,3578.84,3753.39,False,False,False,False,False,False,False,False,False,False,False,-0.0519480519480519,-0.0597402597402597,,,-0.0077922077922077,0.0704311688311687,-0.0363636363636363,-0.0727272727272727,-0.0001862800982068,-0.0818897637795275,3565.0,3150.0,0.7171129220023282,-0.0001546391752577,0.0008245908407192,0.0008753187068427
2020-06-11,3840.0,3915.0,3790.0,3835.0,118000.0,3835.0,3819.0,3813.5,3879.8,3576.04,3756.115,False,False,False,False,False,False,False,False,False,False,False,-0.0417209908735332,-0.0664928292046936,,,-0.0116818774445893,0.0675254237288135,-0.0312907431551499,-0.0847457627118644,-0.0007829890045973,-0.0831257375114724,3645.0,2852.0,0.9577922077922078,-5.154904892000054e-05,0.0001030901263377,-0.0005967089063904
2020-06-12,3680.0,3750.0,3650.0,3715.0,156200.0,3715.0,3803.0,3802.5,3870.8,3571.24,3757.615,False,False,False,False,False,False,False,False,False,True,False,-0.0269179004037685,-0.0296096904441453,,,-0.0419380888290713,0.0386971736204576,-0.0188425302826379,-0.0148048452220726,-0.0013440709669471,-0.0767915844838921,3545.0,2658.0,1.323728813559322,-0.002325100754366,-0.002273551705446,-0.0005610819623497
2020-06-15,3685.0,3685.0,3580.0,3585.0,204400.0,3585.0,3758.0,3778.5,3854.4,3565.7066666666665,3758.79,False,False,False,False,False,False,False,False,False,True,False,-0.00697350069735,-0.0278940027894002,,,-0.0751464435146443,0.0053816829381683,0.0292887029288702,0.0390516039051603,-0.0015518195551699,-0.0641789069736668,3545.0,2721.0,1.3085787451984634,-0.0042548775425487,-0.0019297767881827,-0.0002077485882228
2020-06-16,3720.0,3740.0,3665.0,3715.0,215600.0,3715.0,3740.0,3765.5,3841.6,3564.64,3760.815,False,False,False,False,False,False,False,False,False,False,False,-0.0201884253028263,-0.0767160161507402,,,-0.0340780619111709,0.0404737550471063,0.0215343203230148,-0.0040376850605652,-0.0002992354534165,-0.0563006240871066,3555.0,2878.0,1.0547945205479452,-0.0033319450229071,0.0009229325196416,0.0012525841017534
2020-06-17,3650.0,3700.0,3635.0,3650.0,102600.0,3650.0,3700.0,3751.0,3822.6,3563.1066666666666,3762.54,False,False,False,False,False,False,False,False,False,True,False,-0.0082191780821917,-0.0835616438356164,,,-0.0472876712328766,0.0238063926940639,0.0616438356164383,0.0246575342465753,-0.0004303360737633,-0.0451879498800319,3610.0,2770.0,0.4758812615955473,-0.0049704389682415,-0.0016384939453343,-0.0001311006203468
2020-06-18,3615.0,3705.0,3605.0,3675.0,155900.0,3675.0,3668.0,3743.5,3821.6,3564.5066666666667,3764.015,False,False,False,False,False,False,False,True,False,False,False,-0.0258503401360544,-0.0965986394557823,,,-0.039891156462585,0.0300662131519274,0.0204081632653061,0.0299319727891156,0.0003927612236195,-0.0324562575130225,3680.0,2632.0,1.5194931773879143,-0.0002616705045007,0.0047087684637407,0.0008230972973828
2020-06-19,3710.0,3710.0,3615.0,3615.0,199700.0,3615.0,3648.0,3725.5,3805.6,3567.7066666666665,3765.34,False,False,False,False,False,False,False,True,False,True,False,-0.0027662517289073,-0.0580912863070539,,,-0.0527247579529737,0.0130825265099124,0.0304287690179806,0.0276625172890733,0.0008969347255752,-0.0193262649308817,3770.0,2639.0,1.2809493264913403,-0.0042043304603741,-0.0039426599558734,0.0005041735019557
2020-06-22,3560.0,3590.0,3515.0,3560.0,139500.0,3560.0,3643.0,3700.5,3791.2,3568.24,3766.565,False,False,False,False,False,False,False,True,False,False,False,-0.021067415730337,-0.0112359550561797,,,-0.064943820224719,-0.0023146067415729,0.0323033707865168,0.0505617977528089,0.000149466777272,-0.0067558438048912,3625.0,2888.0,0.6985478217325989,-0.0037982696771471,0.000406060783227,-0.0007474679483032
2020-06-23,3625.0,3675.0,3580.0,3640.0,120800.0,3640.0,3628.0,3684.0,3785.2,3570.1066666666666,3767.64,False,False,False,False,False,False,False,True,False,False,False,-0.0576923076923076,0.0068681318681318,,,-0.0398901098901098,0.0192014652014652,0.0137362637362637,0.0178571428571428,0.0005228601946534,0.000271444082519,3555.0,3300.0,0.8659498207885304,-0.0015851209975694,0.0022131486795776,0.0003733934173813
2020-06-24,3600.0,3640.0,3570.0,3620.0,86900.0,3620.0,3622.0,3661.0,3774.4,3571.373333333333,3769.365,False,False,False,False,False,False,False,True,False,True,False,-0.0759668508287292,-0.0234806629834254,,,-0.0426519337016574,0.0134327808471455,-0.0262430939226519,0.0138121546961325,0.0003546721522625,0.0092870800327779,3675.0,3265.0,0.7193708609271523,-0.0028613819415005,-0.001276260943931,-0.0001681880423908
2020-06-25,3605.0,3635.0,3570.0,3580.0,101200.0,3580.0,3603.0,3635.5,3764.0,3571.7066666666665,3770.665,False,False,False,False,False,False,False,True,False,False,False,-0.0726256983240223,0.0335195530726257,,,-0.0513966480446927,0.002316573556797,-0.0055865921787709,0.020949720670391,9.332606634367648e-05,0.0203548342731398,3720.0,3380.0,1.1645569620253164,-0.0027630180658873,9.836387561318544e-05,-0.0002613460859188
2020-06-26,3635.0,3650.0,3570.0,3605.0,98700.0,3605.0,3601.0,3624.5,3757.2,3573.773333333333,3772.015,False,False,False,False,False,False,False,True,False,False,False,-0.0554785020804438,-0.001386962552011,,,-0.0422191400832177,0.00866204345816,0.0083217753120665,0.0235783633841886,0.0005782870019736,0.0242792109256449,3790.0,3425.0,0.9752964426877472,-0.0018098584051954,0.0009531596606919,0.0004849609356299
2020-06-29,3550.0,3565.0,3470.0,3485.0,198300.0,3485.0,3586.0,3614.5,3738.6,3578.1066666666666,3772.84,False,False,False,False,False,False,False,True,False,True,False,0.0100430416068866,0.0631276901004304,,,-0.0727690100430415,-0.0267164036346245,0.0430416068866571,0.0717360114777618,0.0012110687961603,0.027389680453728,3825.0,3455.0,2.0091185410334345,-0.0049751243781094,-0.003165265972914,0.0006327817941867
2020-06-30,3550.0,3605.0,3415.0,3430.0,130300.0,3430.0,3544.0,3586.0,3710.8,3580.306666666667,3772.665,False,False,False,False,False,False,False,True,False,True,False,0.0685131195335276,0.0699708454810495,,,-0.081865889212828,-0.043821185617104,0.0408163265306122,0.1166180758017492,0.0006144725032865,0.0391801450083658,3900.0,3280.0,0.6570852244074634,-0.0074916460062519,-0.0025165216281425,-0.0005965962928738
2020-07-01,3410.0,3425.0,3345.0,3345.0,128400.0,3345.0,3489.0,3555.5,3686.2,3582.9066666666668,3772.115,False,False,False,False,False,False,False,True,False,False,False,0.05680119581464873,0.10911808669656203,,,-0.1020029895366217,-0.0711230692575984,0.05680119581464873,0.13452914798206278,0.000725667800445,0.04964140064688511,3865.0,3185.0,0.985418265541059,-0.0066735391460041,0.0008181068602478,0.0001111952971584
2020-07-02,3370.0,3390.0,3300.0,3320.0,107600.0,3320.0,3437.0,3520.0,3667.0,3589.1466666666665,3770.74,False,False,False,False,False,False,False,True,False,False,False,0.1144578313253012,0.11897590361445783,,,-0.1045180722891566,-0.0810682730923694,0.06475903614457831,0.1430722891566265,0.0017385748144405,0.060511363636363634,3840.0,3195.0,0.838006230529595,-0.0052358876465775,0.0014376514994265,0.0010129070139954
2020-07-03,3330.0,3420.0,3305.0,3405.0,118600.0,3405.0,3397.0,3499.0,3650.2,3599.1066666666666,3769.865,False,False,False,False,False,False,False,True,False,False,False,0.05726872246696035,0.07048458149779736,,,-0.0720117474302495,-0.0570063631913851,0.05433186490455213,0.1145374449339207,0.0027673533802832,0.06916261789082595,3940.0,3310.0,1.1022304832713754,-0.0046024875349296,0.0006334001116478,0.0010287785658427
2020-07-06,3410.0,3535.0,3405.0,3520.0,114700.0,3520.0,3404.0,3495.0,3638.0,3609.76,3769.44,False,False,False,False,False,False,False,True,False,False,False,0.052556818181818184,0.048295454545454544,,,-0.0335227272727272,-0.0255,0.008522727272727272,0.08948863636363637,0.002951258070712,0.07310443490701002,3995.0,3450.0,0.967116357504216,-0.0033534909290818,0.0012489966058477,0.0001839046904288
2020-07-07,3565.0,3675.0,3545.0,3665.0,216000.0,3665.0,3451.0,3497.5,3630.8,3620.2533333333336,3770.165,False,False,False,False,True,False,False,True,False,False,False,0.001364256480218281,0.03547066848567531,,,0.0093315143246929,0.0122091859936334,-0.0286493860845839,0.01637107776261937,0.0028985080233795,0.07290922087205147,4035.0,3510.0,1.883173496076722,-0.0019830340420843,0.0013704568869975,-5.275004733250191e-05
2020-07-08,3630.0,3630.0,3535.0,3535.0,175900.0,3535.0,3489.0,3489.0,3620.4,3630.453333333333,3769.615,False,False,True,False,False,False,False,True,False,True,False,0.04950495049504951,0.09618104667609619,,,-0.0241584158415841,-0.0270023573785948,-0.005657708628005658,0.033946251768033946,0.0028095664820553,0.07509314989968473,4125.0,3565.0,0.8143518518518519,-0.0028726107612418,-0.0008895767191575,-8.894154132425532e-05
2020-07-09,3540.0,3760.0,3525.0,3700.0,238200.0,3700.0,3565.0,3501.0,3618.4,3644.693333333333,3770.59,False,False,False,False,False,False,False,True,False,False,True,0.004054054054054054,0.013513513513513514,,,0.022054054054054,0.0149477477477477,-0.07837837837837838,0.0013513513513513514,0.0039070502502268,0.0728363324764353,3700.0,3645.0,1.3541785105173394,-0.0005527304886137,0.0023198802726281,0.0010974837681715
2020-07-10,3595.0,3640.0,3585.0,3600.0,133200.0,3600.0,3604.0,3500.5,3610.6,3657.506666666666,3771.64,False,False,False,False,False,False,False,True,False,True,False,0.0125,0.034722222222222224,,,-0.0029444444444444,-0.0159740740740739,-0.03194444444444444,0.013888888888888888,0.0035032973282344,0.07184687901728325,4015.0,3545.0,0.5591939546599496,-0.0021603057663546,-0.0016075752777409,-0.0004037529219924
2020-07-13,3670.0,3720.0,3625.0,3705.0,95100.0,3705.0,3641.0,3522.5,3606.4,3668.4,3773.915,False,False,False,False,False,False,False,True,False,False,True,-0.004048582995951417,-0.008097165991902834,,,0.0266126855600539,0.0098785425101214,-0.09581646423751687,0.021592442645074223,0.0029695053247557,0.06657203690560681,3920.0,3545.0,0.713963963963964,-0.0011645962732918,0.0009957094930627,-0.0005337920034787
2020-07-14,3645.0,3690.0,3615.0,3670.0,88100.0,3670.0,3642.0,3546.5,3601.0,3673.3333333333335,3776.04,False,False,False,False,False,False,False,True,False,True,False,0.0340599455040872,0.005449591280653951,,,0.0188010899182561,-0.0009082652134423,-0.0681198910081744,0.05449591280653951,0.0013430127041742,0.060482165515296775,3790.0,3555.0,0.9263932702418508,-0.0014995834490419,-0.00033498717575,-0.0016264926205814
2020-07-15,3735.0,3770.0,3670.0,3710.0,138600.0,3710.0,3677.0,3583.0,3595.4,3679.266666666667,3777.79,False,False,False,False,False,False,False,True,False,True,False,0.0444743935309973,-0.04986522911051213,,,0.0308894878706199,0.008283917340521,-0.07816711590296496,0.05390835579514825,0.0016126402000398,0.052888640803795704,3890.0,3610.0,1.5732122587968218,-0.0015575457529064,-5.796230386450837e-05,0.0002696274958656
2020-07-16,3720.0,3770.0,3700.0,3715.0,134900.0,3715.0,3680.0,3622.5,3590.6,3683.733333333333,3779.79,False,False,False,False,False,False,False,True,False,False,False,0.009421265141318977,-0.04172274562584118,,,0.033485868102288,0.0084163301929116,-0.07537012113055182,0.06864064602960969,0.0012125380049224,0.04623878536922015,3840.0,3680.0,0.9733044733044732,-0.0013368239291483,0.000220721823758,-0.0004001021951174
2020-07-17,3680.0,3700.0,3600.0,3645.0,97600.0,3645.0,3689.0,3646.5,3587.8,3686.6666666666665,3781.19,False,False,False,False,False,False,False,True,False,False,False,0.02194787379972565,-0.0027434842249657062,,,0.0156927297668037,-0.0114311842706904,-0.06995884773662552,0.08916323731138547,0.0007956600361663,0.04415192650486768,3775.0,3770.0,0.7234988880652335,-0.0007804225430625,0.0005564013860858,-0.000416877968756
2020-07-20,3650.0,3700.0,3615.0,3690.0,64400.0,3690.0,3686.0,3663.5,3592.0,3689.8,3782.465,False,False,False,False,False,False,True,True,True,False,False,-0.0040650406504065045,-0.014905149051490514,,,0.0265582655826558,5.420054200537076e-05,-0.1070460704607046,0.1043360433604336,0.0008491878511934,0.04585778626996042,3950.0,3625.0,0.6598360655737705,0.0011692650334075,0.00194968757647,5.352781502708851e-05
2020-07-21,3700.0,3815.0,3695.0,3795.0,164300.0,3795.0,3711.0,3676.5,3595.2,3696.6666666666665,3783.915,False,False,False,False,False,False,True,True,False,True,False,-0.02766798418972332,-0.05928853754940711,,,0.0526482213438735,0.025911286780852,-0.16600790513833993,0.07378129117259552,0.0018575293056807,0.05167958656330749,4125.0,3555.0,2.551242236024845,0.0008900756564307,-0.0002791893769767,0.0010083414544872
2020-07-22,3860.0,3900.0,3810.0,3875.0,243900.0,3875.0,3744.0,3710.5,3604.2,3705.866666666667,3786.465,False,False,False,False,False,False,True,True,True,False,False,-0.09032258064516129,-0.08774193548387096,,,0.0698838709677419,0.0436473118279569,-0.16774193548387098,0.03096774193548387,0.0024825501906887,0.05120603692224768,3960.0,3675.0,1.4844796104686548,0.0024970867321458,0.001607011075715,0.000625020885008
2020-07-27,3795.0,3805.0,3720.0,3750.0,118100.0,3750.0,3751.0,3715.5,3607.2,3713.266666666667,3788.015,False,False,False,False,False,False,True,True,False,True,False,-0.050666666666666665,-0.05733333333333333,,,0.03808,0.0097955555555554,-0.13066666666666665,0.11733333333333333,0.0019928544498106,0.0628448391871888,3800.0,3720.0,0.4842148421484215,0.0008316699933466,-0.0016654167387991,-0.000489695740878
2020-07-28,3755.0,3765.0,3715.0,3725.0,106900.0,3725.0,3767.0,3728.0,3611.6,3718.8,3789.365,False,False,False,False,False,False,True,True,False,False,False,-0.024161073825503355,-0.036241610738255034,,,0.0304429530201342,0.0016644295302012,-0.13154362416107382,0.10201342281879194,0.0014879351762217,0.07148605150214592,3825.0,3790.0,0.9051651143099068,0.0012182965998449,0.0003866266064983,-0.0005049192735889
2020-07-29,3710.0,3720.0,3660.0,3675.0,93600.0,3675.0,3764.0,3725.0,3616.2,3721.8,3790.565,False,False,False,False,False,False,True,True,False,False,False,-0.010884353741496598,-0.034013605442176874,,,0.016,-0.012734693877551,-0.12789115646258503,0.11020408163265306,0.0008060615831049,0.08026845637583893,3825.0,3825.0,0.8755846585594013,0.0012720535368618,5.3756937016904895e-05,-0.0006818735931167
2020-07-30,3695.0,3730.0,3665.0,3690.0,54700.0,3690.0,3743.0,3727.0,3618.2,3724.2,3791.34,False,False,False,False,False,False,True,True,False,True,False,-0.032520325203252036,-0.03523035230352303,,,0.0194579945799458,-0.0092682926829267,-0.14227642276422764,0.08536585365853659,0.0006444337038826,0.08331097397370539,3845.0,3900.0,0.5844017094017094,0.0005527610414018,-0.00071929249546,-0.0001616278792223
2020-07-31,3670.0,3685.0,3515.0,3525.0,166400.0,3525.0,3673.0,3708.5,3614.4,3723.6666666666665,3791.465,False,False,False,False,False,False,False,False,False,True,False,0.0028368794326241137,-0.0028368794326241137,,,-0.0253617021276596,-0.0563593380614656,-0.09787234042553192,0.13191489361702127,-0.0001432280010742,0.09087232034515302,3795.0,3865.0,3.0420475319926874,-0.0010513501549357,-0.0016041111963375,-0.0007876617049568
2020-08-03,3510.0,3580.0,3510.0,3560.0,74700.0,3560.0,3635.0,3693.0,3613.6,3722.533333333333,3792.04,False,False,False,False,False,False,False,False,False,False,False,-0.007022471910112359,-0.042134831460674156,,,-0.0150561797752808,-0.0456554307116103,-0.07865168539325842,0.1502808988764045,-0.0003044521651922,0.09883563498510696,3750.0,3840.0,0.4489182692307692,-0.0002213858755811,0.0008299642793545,-0.000161224164118
2020-08-04,3595.0,3700.0,3595.0,3635.0,163700.0,3635.0,3617.0,3692.0,3614.8,3723.733333333333,3792.715,False,False,False,False,False,False,True,True,False,False,False,-0.012379642365887207,-0.04126547455295736,,,0.0055570839064648,-0.0244108207244382,-0.11141678129298486,0.12379642365887207,0.0003222572328846,0.10224810400866739,3795.0,3940.0,2.191432396251673,0.0003319685736417,0.0005533544492229,0.0006267093980768
2020-08-05,3630.0,3655.0,3600.0,3635.0,131400.0,3635.0,3609.0,3686.5,3620.8,3724.933333333333,3793.715,False,False,False,False,False,False,True,True,True,False,False,-0.023383768913342505,-0.07840440165061899,,,0.0039064649243465,-0.0247409445208618,-0.09903713892709766,0.12929848693259974,0.0003221534166159,0.10470636104706361,3810.0,3995.0,0.8026878436163715,0.0016570923552806,0.0013251237816388,-1.0381626872502537e-07
2020-08-06,3590.0,3600.0,3540.0,3570.0,101600.0,3570.0,3585.0,3664.0,3626.4,3725.133333333333,3794.115,False,False,False,False,False,False,True,True,False,True,False,-0.0028011204481792717,-0.04201680672268908,,,-0.0157983193277311,-0.043454715219421,-0.056022408963585436,0.16806722689075632,5.368935340129378e-05,0.11408296943231441,3805.0,4035.0,0.7732115677321156,0.00154423119347,-0.0001128611618105,-0.0002684640632146
2020-08-07,3550.0,3560.0,3500.0,3535.0,111600.0,3535.0,3587.0,3630.0,3634.0,3724.133333333333,3794.265,False,False,False,False,False,False,True,False,False,False,False,-0.005657708628005658,-0.03253182461103253,,,-0.028005657708628,-0.0535030645921734,-0.021216407355021217,0.19519094766619519,-0.0002685188500232,0.13085399449035812,3850.0,4125.0,1.0984251968503935,0.0020913593835993,0.0005471281901292,-0.0003222082034245
2020-08-11,3535.0,3565.0,3500.0,3535.0,136100.0,3535.0,3582.0,3608.5,3642.6,3722.2,3795.015,False,False,False,False,False,False,True,False,False,False,False,-0.03536067892503536,-0.028288543140028287,,,-0.0304384724186704,-0.0529561527581329,-0.002828854314002829,0.24893917963224893,-0.0005194060860064,0.14382707496189553,3835.0,3700.0,1.2195340501792116,0.0023609509690879,0.0002695915854886,-0.0002508872359832
2020-08-12,3555.0,3600.0,3530.0,3590.0,164900.0,3590.0,3573.0,3595.0,3650.0,3719.8,3795.915,False,False,False,False,False,False,True,False,False,True,False,-0.02924791086350975,-0.055710306406685235,,,-0.0167130919220055,-0.0361559888579387,-0.019498607242339833,0.233983286908078,-0.0006451959782783,0.1571627260083449,3715.0,4015.0,1.2116091109478324,0.0020273972602739,-0.0003335537088139,-0.0001257898922718
2020-08-13,3525.0,3570.0,3500.0,3550.0,155600.0,3550.0,3556.0,3582.5,3651.2,3718.8,3796.44,False,False,False,False,False,False,True,False,False,True,False,-0.056338028169014086,-0.07183098591549296,,,-0.028507042253521,-0.0475492957746479,-0.022535211267605635,0.22535211267605634,-0.0002689039475099,0.16873691556175854,3585.0,3920.0,0.9436021831412976,0.0003286590709903,-0.0016987381892836,0.0003762920307683
2020-08-14,3560.0,3660.0,3550.0,3560.0,280700.0,3560.0,3554.0,3569.5,3647.0,3718.866666666667,3797.19,False,False,False,False,False,False,False,True,False,True,False,-0.03932584269662921,-0.11095505617977527,,,-0.024438202247191,-0.044625468164794,-0.009831460674157303,0.20224719101123595,1.7926608464928213e-05,0.18069757669141337,3715.0,3790.0,1.803984575835476,-0.001151631477927,-0.0014802905489173,0.0002868305559748
2020-08-17,3435.0,3560.0,3435.0,3515.0,166400.0,3515.0,3550.0,3568.5,3646.2,3716.733333333333,3797.965,False,False,False,False,False,False,False,False,False,False,False,-0.02702702702702703,-0.08250355618776671,,,-0.0373257467994309,-0.0573921289710762,-0.015647226173541962,0.18492176386913228,-0.0005739807357716,0.18593246462098922,3650.0,3890.0,0.5928037050231564,-0.0002194065054029,0.000932224972524,-0.0005919073442365
2020-08-18,3500.0,3500.0,3405.0,3410.0,240000.0,3410.0,3525.0,3553.5,3634.6,3712.6,3797.84,False,False,False,False,False,False,False,False,False,True,False,0.007331378299120235,-0.04398826979472141,,,-0.0658651026392961,-0.0887390029325513,-0.008797653958944282,0.2316715542521994,-0.0011133257914489,0.193893344589841,3675.0,3840.0,1.4423076923076923,-0.0031915479007318,-0.0029721413953288,-0.0005393450556772
2020-08-19,3420.0,3540.0,3405.0,3485.0,119600.0,3485.0,3504.0,3538.5,3630.0,3708.533333333333,3797.94,False,False,False,False,False,False,False,False,False,False,False,-0.027259684361549498,-0.07173601147776183,,,-0.0416068866571018,-0.0641415590626493,-0.024390243902439025,0.20373027259684362,-0.0010965700726254,0.20206302105411897,3615.0,3775.0,0.4983333333333333,-0.0012672176308539,0.0019243302698778,1.6755718823504e-05
2020-08-20,3450.0,3450.0,3340.0,3350.0,212500.0,3350.0,3464.0,3510.0,3615.8,3702.2,3796.84,False,False,False,False,False,False,False,False,False,True,False,-0.016417910447761194,-0.04328358208955224,,,-0.0793432835820896,-0.1051343283582089,0.050746268656716415,0.23880597014925373,-0.0017106945419839,0.21310541310541312,3560.0,3950.0,1.7767558528428091,-0.0039272083632943,-0.0026599907324404,-0.0006141244693585
2020-08-21,3405.0,3455.0,3400.0,3420.0,110200.0,3420.0,3436.0,3495.0,3605.8,3695.8,3796.065,False,False,False,False,False,False,False,False,False,False,False,-0.07456140350877193,-0.07456140350877193,,,-0.054327485380117,-0.0806432748538012,0.05555555555555555,0.2222222222222222,-0.0017316954380647,0.21859799713876968,3640.0,4125.0,0.5185882352941177,-0.0027733096677575,0.0011538986955368,-2.100089608076793e-05
2020-08-24,3425.0,3435.0,3390.0,3420.0,101500.0,3420.0,3417.0,3483.5,3594.2,3689.866666666667,3795.215,False,False,False,False,False,False,False,False,False,True,False,-0.05701754385964912,-0.07017543859649122,,,-0.0509356725146198,-0.0789083820662768,0.043859649122807015,0.24561403508771928,-0.00160800751608,0.22362566384383523,3620.0,3960.0,0.9210526315789472,-0.0032274219575984,-0.0004541122898409,0.0001236879219846
2020-08-25,3445.0,3470.0,3430.0,3435.0,120500.0,3435.0,3422.0,3473.5,3583.0,3684.466666666666,3794.54,False,False,False,False,False,False,False,False,False,False,False,-0.050946142649199416,-0.04512372634643377,,,-0.0430858806404657,-0.07262493934983,0.021834061135371178,0.22561863173216884,-0.0014656123907577,0.221246581258097,3580.0,3800.0,1.187192118226601,-0.0031258721741556,0.0001015497834427,0.0001423951253223
2020-08-26,3400.0,3410.0,3365.0,3390.0,186900.0,3390.0,3403.0,3453.5,3572.8,3677.133333333333,3793.565,False,False,False,False,False,False,False,False,False,False,False,-0.045722713864306784,-0.0471976401179941,,,-0.0539233038348083,-0.0847000983284168,0.07964601769911504,0.23893805309734514,-0.0019943071595626,0.22165918633270595,3605.0,3825.0,1.5510373443983403,-0.0028549037169726,0.000270968457183,-0.0005286947688048
2020-08-27,3380.0,3395.0,3280.0,3295.0,179900.0,3295.0,3392.0,3428.0,3557.0,3667.8,3792.015,False,False,False,False,False,False,False,False,False,True,False,-0.027314112291350532,-0.006069802731411229,,,-0.0795144157814871,-0.1131411229135053,0.13050075872534142,0.330804248861912,-0.0025446680117053,0.23176779463243874,3485.0,3825.0,0.9625468164794008,-0.004441945459657,-0.0015870417426844,-0.0005503608521427
2020-08-28,3255.0,3270.0,3145.0,3165.0,192500.0,3165.0,3341.0,3388.5,3531.8,3656.2,3789.94,False,False,False,False,False,False,False,False,False,True,False,0.0,0.06477093206951026,,,-0.1158925750394945,-0.1551974723538704,0.16903633491311215,0.39178515007898895,-0.0031726929599038,0.24981555260439722,3430.0,3845.0,1.0700389105058363,-0.0071351718670365,-0.0026932264073795,-0.0006280249481984
2020-08-31,3225.0,3285.0,3195.0,3225.0,100500.0,3225.0,3302.0,3359.5,3505.8,3644.2,3788.215,False,False,False,False,False,False,False,False,False,True,False,-0.013953488372093023,0.07286821705426356,,,-0.0870697674418605,-0.1299844961240309,0.15968992248062017,0.3751937984496124,-0.0032929037923275,0.2686411668403036,3345.0,3795.0,0.522077922077922,-0.0074162815905071,-0.0002811097234705,-0.0001202108324237
2020-09-01,3225.0,3265.0,3190.0,3260.0,90300.0,3260.0,3267.0,3344.5,3486.2,3638.3333333333335,3786.59,False,False,False,False,False,False,False,False,False,False,False,0.006134969325153374,0.08128834355828221,,,-0.0693865030674846,-0.1160531697341513,0.16104294478527606,0.30368098159509205,-0.0016124599175445,0.27582598295709376,3320.0,3750.0,0.8985074626865671,-0.0056221674029029,0.0017941141876041,0.0016804438747829
2020-09-02,3265.0,3285.0,3205.0,3235.0,177600.0,3235.0,3236.0,3319.5,3466.6,3627.933333333333,3785.19,False,False,False,False,False,False,False,False,False,True,False,-0.0015455950540958269,0.08809891808346214,,,-0.0715919629057186,-0.1214631633178772,0.14837712519319937,0.32457496136012365,-0.0028666458406072,0.2881458050911282,3405.0,3795.0,1.966777408637873,-0.0056539548837477,-3.178748084475911e-05,-0.0012541859230627
2020-09-03,3300.0,3300.0,3195.0,3205.0,81000.0,3205.0,3218.0,3305.0,3447.8,3618.4,3783.34,False,False,False,False,False,False,False,False,False,False,False,0.0218408736349454,0.08268330733229329,,,-0.0757566302652106,-0.1289859594383775,0.1669266770670827,0.32605304212168484,-0.0026346819957254,0.2968229954614221,3520.0,3810.0,0.4560810810810811,-0.0054527524798421,0.0002012024039055,0.0002319638448818
2020-09-04,3135.0,3190.0,3125.0,3165.0,137100.0,3165.0,3218.0,3279.5,3426.8,3610.0666666666666,3781.29,False,False,False,False,False,False,False,False,False,True,False,0.06477093206951026,0.11374407582938388,,,-0.0827172195892575,-0.1406213796735123,0.17061611374407584,0.3285939968404423,-0.0023083599564182,0.3076688519591401,3665.0,3805.0,1.6925925925925926,-0.0061281662192132,-0.0006754137393711,0.0003263220393072
2020-09-07,3180.0,3225.0,3170.0,3180.0,123900.0,3180.0,3209.0,3255.5,3413.0,3600.6,3779.215,False,False,False,False,False,False,False,False,False,False,False,0.0880503144654088,0.0880503144654088,,,-0.0732704402515723,-0.1322641509433962,0.1540880503144654,0.3380503144654088,-0.0026291914310577,0.31715558285977574,3535.0,3850.0,0.9037199124726476,-0.0040433636097275,0.0020848026094856,-0.0003208314746395
2020-09-08,3200.0,3280.0,3190.0,3280.0,119500.0,3280.0,3213.0,3240.0,3401.8,3593.133333333333,3777.24,False,False,False,False,False,False,False,False,False,False,False,0.07469512195121951,0.03048780487804878,,,-0.0371341463414634,-0.0954674796747967,0.11432926829268293,0.2606707317073171,-0.0020780377386496,0.32114197530864197,3700.0,3835.0,0.9644874899112188,-0.0032923746251983,0.0007509889845291,0.0005511536924081
2020-09-09,3210.0,3255.0,3155.0,3230.0,208200.0,3230.0,3212.0,3224.0,3385.6,3585.866666666667,3774.515,False,False,False,False,False,False,False,False,False,True,False,0.08978328173374613,0.05263157894736842,,,-0.048173374613003,-0.1101754385964912,0.14241486068111456,0.28637770897832815,-0.0020264743065367,0.326302729528536,3600.0,3715.0,1.742259414225941,-0.0047849716446125,-0.0014925970194141,5.156343211294842e-05
2020-09-10,3245.0,3290.0,3235.0,3275.0,83800.0,3275.0,3226.0,3222.0,3371.2,3576.866666666667,3772.165,False,False,False,False,False,False,False,False,False,False,False,0.059541984732824425,0.07480916030534351,,,-0.0293740458015266,-0.0921730279898219,0.14045801526717558,0.23206106870229007,-0.0025161687137718,0.31626319056486657,3705.0,3585.0,0.4024975984630163,-0.0042714760322734,0.0005134956123391,-0.0004896944072351
2020-09-11,3295.0,3380.0,3255.0,3370.0,115500.0,3370.0,3267.0,3242.5,3363.2,3566.8,3770.44,False,False,False,False,True,False,False,False,False,False,True,0.04599406528189911,0.0712166172106825,,,0.0020178041543027,-0.0583976261127597,0.13649851632047477,0.18397626112759644,-0.0028223243990878,0.2951426368542791,3670.0,3715.0,1.3782816229116943,-0.0023786869647954,0.0018927890674779,-0.000306155685316
2020-09-14,3370.0,3465.0,3370.0,3460.0,125400.0,3460.0,3323.0,3266.0,3360.2,3560.133333333333,3769.04,False,False,False,False,False,False,False,False,False,False,False,0.0,0.031791907514450865,,,0.0288439306358382,-0.0289402697495182,0.0968208092485549,0.157514450867052,-0.001872589041609,0.2726576852418861,3710.0,3650.0,1.0857142857142856,-0.0008928039997619,0.0014858829650335,0.0009497353574788
2020-09-15,3455.0,3530.0,3450.0,3525.0,158800.0,3525.0,3372.0,3292.5,3359.8,3556.4666666666667,3767.19,False,False,False,False,False,False,False,False,False,False,False,-0.04113475177304964,-0.00425531914893617,,,0.0468652482269503,-0.0089267139479905,0.07659574468085106,0.13900709219858157,-0.0010309858098861,0.25527714502657556,3715.0,3675.0,1.266347687400319,-0.0001190547056371,0.0007737492941247,0.0008416032317228
2020-09-16,3505.0,3535.0,3490.0,3520.0,83800.0,3520.0,3430.0,3321.0,3357.0,3552.4,3765.09,False,False,False,False,False,False,False,False,False,True,False,-0.03409090909090909,0.03977272727272727,,,0.0463068181818181,-0.0092045454545454,0.078125,0.14488636363636365,-0.001144765979807,0.2368262571514604,3645.0,3615.0,0.5277078085642317,-0.0008340780458743,-0.0007150233402372,-0.0001137801699208
2020-09-17,3520.0,3520.0,3425.0,3470.0,78700.0,3470.0,3469.0,3347.5,3353.8,3547.6666666666665,3762.49,False,False,False,False,False,False,False,False,False,True,False,0.01440922190201729,0.07348703170028818,,,0.0334870317002881,-0.0223823246878001,0.10518731988472622,0.1930835734870317,-0.0013342102790567,0.22374906646751308,3690.0,3560.0,0.9391408114558472,-0.0009541415707555,-0.0001200635248811,-0.0001894442992496
2020-09-18,3470.0,3525.0,3455.0,3525.0,106800.0,3525.0,3500.0,3383.5,3352.4,3543.4,3760.265,False,False,False,False,False,False,False,False,False,False,False,0.024113475177304965,0.04964539007092199,,,0.0489645390070921,-0.0052198581560283,0.05673758865248227,0.1829787234042553,-0.0012041165735357,0.20969410373873207,3795.0,3640.0,1.3570520965692503,-0.0004176112635723,0.0005365303071831,0.000130093705521
2020-09-23,3410.0,3480.0,3410.0,3460.0,141400.0,3460.0,3500.0,3411.5,3350.2,3538.9333333333334,3757.29,False,False,False,False,False,False,False,False,False,True,False,0.031791907514450865,0.08092485549132948,,,0.0317341040462428,-0.0228131021194605,0.05635838150289017,0.18641618497109827,-0.0012621505538392,0.19536860618496263,3875.0,3620.0,1.3239700374531835,-0.0006566772133007,-0.0002390659497283,-5.803398030349992e-05
2020-09-24,3425.0,3440.0,3360.0,3380.0,125900.0,3380.0,3471.0,3421.5,3349.0,3534.0,3753.94,False,False,False,False,False,False,False,False,False,False,False,0.038461538461538464,0.11982248520710059,,,0.009171597633136,-0.0455621301775147,0.09615384615384616,0.1878698224852071,-0.0013959630258441,0.18836767499634663,3750.0,3580.0,0.8903818953323904,-0.0003583159151985,0.0002983612981022,-0.0001338124720049
2020-09-25,3390.0,3425.0,3365.0,3400.0,82100.0,3400.0,3447.0,3438.5,3345.6,3528.733333333333,3750.715,False,False,False,False,False,False,False,False,False,True,False,0.07647058823529412,0.09264705882352942,,,0.016,-0.0378627450980391,0.07352941176470588,0.15588235294117647,-0.0014925091156411,0.17594881489021374,3725.0,3605.0,0.6521048451151708,-0.0010162601626016,-0.0006579442474031,-9.654608979698049e-05
2020-09-28,3450.0,3525.0,3435.0,3520.0,145600.0,3520.0,3457.0,3463.0,3352.4,3524.866666666667,3747.69,False,False,False,False,False,False,True,False,True,False,False,0.05823863636363636,0.0625,,,0.0476136363636363,-0.0013825757575757,0.07528409090909091,0.14630681818181818,-0.0010969682068351,0.167629223216864,3675.0,3485.0,1.7734470158343485,0.0020283975659229,0.0030446577285246,0.000395540908806
2020-09-29,3585.0,3660.0,3535.0,3610.0,159900.0,3610.0,3474.0,3487.0,3360.0,3522.266666666667,3744.94,False,False,False,False,False,False,True,False,False,False,False,0.024930747922437674,0.02631578947368421,,,0.0692520775623268,0.0243028624192058,0.07202216066481995,0.07479224376731301,-0.0007381610326683,0.15643819902494982,3690.0,3430.0,1.0982142857142858,0.0022619047619047,0.0002335071959817,0.0003588071741668
2020-09-30,3540.0,3590.0,3505.0,3570.0,170900.0,3570.0,3496.0,3498.0,3366.0,3518.5333333333333,3742.115,False,False,False,False,False,False,True,False,False,True,False,0.047619047619047616,0.028011204481792718,,,0.0571428571428571,0.0144164332399626,0.09523809523809523,0.05742296918767507,-0.0010610481640077,0.14622641509433962,3525.0,3345.0,1.068792995622264,0.0017825311942959,-0.0004793735676088,-0.0003228871313394
2020-10-02,3605.0,3640.0,3485.0,3510.0,136100.0,3510.0,3522.0,3496.5,3369.0,3514.2,3739.015,False,False,False,False,False,False,True,False,False,True,False,0.07834757834757834,0.04131054131054131,,,0.0401709401709401,-0.0011965811965811,0.13105413105413105,0.042735042735042736,-0.0012330924060478,0.13656513656513655,3560.0,3320.0,0.7963721474546518,0.0008904719501335,-0.0008920592441623,-0.00017204424204
2020-10-05,3555.0,3685.0,3540.0,3660.0,137300.0,3660.0,3574.0,3510.5,3379.8,3513.4666666666667,3736.64,False,False,False,False,False,False,True,False,True,False,True,0.015027322404371584,0.00819672131147541,,,0.0765573770491802,0.0400364298724954,0.08469945355191257,-0.009562841530054645,-0.0002087207316609,0.12049565588947443,3635.0,3405.0,1.008817046289493,0.0031954553523877,0.0023049834022541,0.0010243716743869
2020-10-06,3710.0,3735.0,3665.0,3725.0,144500.0,3725.0,3615.0,3536.0,3397.0,3515.333333333333,3734.69,False,False,False,False,False,False,True,True,False,False,False,0.004026845637583893,0.0026845637583892616,,,0.0880536912751677,0.0562863534675616,0.09395973154362416,-0.03355704697986577,0.0005310070168783,0.09714366515837104,3635.0,3520.0,1.0524399126001456,0.0050632911392404,0.0018678357868526,0.0007397277485393
2020-10-07,3680.0,3710.0,3625.0,3700.0,152000.0,3700.0,3633.0,3553.5,3418.4,3515.133333333333,3732.915,False,False,False,False,False,False,True,False,False,False,False,0.0013513513513513514,0.03513513513513514,,,0.076108108108108,0.049963963963964,0.10135135135135136,-0.031081081081081083,-5.689684601811732e-05,0.07527789503306599,3570.0,3665.0,1.0519031141868511,0.0062602387081675,0.0011969475689271,-0.0005879038628964
2020-10-08,3720.0,3740.0,3660.0,3740.0,98500.0,3740.0,3667.0,3581.5,3439.0,3516.333333333333,3731.09,False,False,False,False,False,False,True,True,False,True,False,-0.01871657754010695,0.014705882352941176,,,0.0804812834224598,0.0598039215686275,0.06818181818181818,-0.020053475935828877,0.0003412645748411,0.05458606729024152,3535.0,3535.0,0.6480263157894737,0.0059901134050595,-0.000270125303108,0.0003981614208592
2020-10-09,3750.0,3790.0,3725.0,3785.0,125200.0,3785.0,3722.0,3622.0,3460.0,3517.8,3729.165,False,False,False,False,False,False,True,True,False,False,False,-0.034346103038309116,0.002642007926023778,,,0.0858652575957727,0.0705944517833553,0.10700132100396301,-0.022457067371202115,0.0004169272461956,0.03409718387631143,3535.0,3700.0,1.2710659898477157,0.0060693641618497,7.925075679012655e-05,7.566267135451126e-05
2020-10-12,3740.0,3740.0,3690.0,3715.0,73300.0,3715.0,3733.0,3653.5,3479.2,3519.133333333333,3726.64,False,False,False,False,False,False,True,True,False,True,False,-0.006729475100942127,0.021534320323014805,,,0.0634724091520861,0.0527231942575146,0.10497981157469717,0.04979811574697174,0.0003788811639228,0.02436020254550431,3590.0,3600.0,0.5854632587859425,0.0055185100022993,-0.0005508541595503,-3.80460822728273e-05
2020-10-13,3695.0,3740.0,3670.0,3740.0,65900.0,3740.0,3736.0,3675.5,3500.6,3521.5333333333333,3723.465,False,False,False,False,False,False,True,True,False,False,False,-0.001336898395721925,0.02540106951871658,,,0.0640106951871658,0.0584135472370766,0.09090909090909091,0.022727272727272728,0.0006815213070064,0.01251530404026663,3550.0,3705.0,0.8990450204638472,0.0061132377306747,0.0005947277283754,0.0003026401430835
2020-10-14,3725.0,3730.0,3680.0,3705.0,77200.0,3705.0,3737.0,3685.0,3522.2,3522.4,3719.79,False,False,False,False,False,False,True,True,False,False,False,0.033738191632928474,0.005398110661268556,,,0.0493387314439946,0.0492847503373818,0.08097165991902834,0.07827260458839407,0.0002460443636914,0.013025780189959294,3560.0,3670.0,1.1714719271623673,0.0061325308046107,1.9293073935961608e-05,-0.0004354769433149
2020-10-15,3655.0,3675.0,3615.0,3670.0,89800.0,3670.0,3723.0,3695.0,3541.8,3523.0666666666666,3716.04,True,True,False,False,False,False,True,True,False,True,False,0.0340599455040872,-0.0040871934604904,,,0.0349318801089917,0.0400363306085377,0.0871934604904632,0.1008174386920981,0.000189229080725,0.0174560216508795,3515.0,3710.0,1.1632124352331603,0.0055339093116495,-0.0005986214929611,-5.681528296637412e-05
2020-10-16,3625.0,3710.0,3620.0,3655.0,81300.0,3655.0,3697.0,3709.5,3556.8,3524.0666666666666,3712.415,False,False,False,False,False,False,True,True,False,True,False,0.038303693570451436,0.013679890560875513,,,0.0268673050615594,0.0358230734154126,0.12038303693570451,0.11901504787961696,0.0002837630767484,0.02507076425394258,3410.0,3715.0,0.9053452115812918,0.004217273954116,-0.0013166353575334,9.453399602337066e-05
2020-10-19,3665.0,3705.0,3655.0,3690.0,40700.0,3690.0,3692.0,3712.5,3575.2,3525.2,3708.665,False,False,False,False,False,False,True,True,False,False,False,0.028455284552845527,-0.01084010840108401,,,0.0311111111111111,0.0446612466124661,0.1070460704607046,0.13008130081300814,0.0003214947615264,0.03892255892255892,3485.0,3645.0,0.5006150061500615,0.00514656522712,0.000929291273004,3.773168477804492e-05
2020-10-20,3710.0,3735.0,3670.0,3735.0,72800.0,3735.0,3691.0,3713.5,3593.6,3528.5333333333333,3705.465,False,False,False,False,False,False,True,True,False,True,False,0.02677376171352075,0.013386880856760375,,,0.0378580990629183,0.0552788933511825,0.09906291834002677,0.1459170013386881,0.0009446795646916,0.05695435572909654,3350.0,3690.0,1.7886977886977886,0.005120213713268,-2.635151385200173e-05,0.0006231848031652
2020-10-21,3750.0,3845.0,3735.0,3830.0,110600.0,3830.0,3716.0,3726.5,3612.0,3533.866666666667,3702.165,False,False,False,False,False,False,True,True,False,True,True,-0.02741514360313316,0.010443864229765013,,,0.0569190600522193,0.0773194081810269,0.08877284595300261,0.08093994778067885,0.0015092061575611,0.06816047229303636,3420.0,3795.0,1.5192307692307692,0.005094130675526,-2.6083037742007965e-05,0.0005645265928694
2020-10-22,3830.0,3830.0,3760.0,3795.0,121800.0,3795.0,3741.0,3732.0,3625.4,3539.866666666667,3698.84,False,False,False,False,False,False,True,True,False,True,False,-0.03689064558629776,0.030303030303030304,,,0.0446903820816864,0.0672288098375054,0.11330698287220026,0.1251646903820817,0.0016949790952578,0.08279742765273312,3420.0,3875.0,1.1012658227848102,0.0036961438737794,-0.0013979868017465,0.0001857729376966
2020-10-23,3795.0,3845.0,3775.0,3795.0,170200.0,3795.0,3769.0,3733.0,3636.2,3546.2,3695.24,False,False,False,False,False,False,True,True,False,True,False,-0.023715415019762844,0.0461133069828722,,,0.0418445322793149,0.0655599472990777,0.16337285902503293,0.1383399209486166,0.0017859492790403,0.0991159924993303,3435.0,3750.0,1.3973727422003284,0.0029701336560144,-0.000726010217765,9.097018378256458e-05
2020-10-26,3860.0,3910.0,3775.0,3795.0,127400.0,3795.0,3790.0,3741.0,3647.2,3551.4,3691.765,False,False,False,False,False,False,True,True,False,False,True,-0.03820816864295125,0.0461133069828722,,,0.0389459815546772,0.064189723320158,0.1673254281949934,0.1422924901185771,0.0014642112969533,0.10839347767976477,3390.0,3725.0,0.7485311398354877,0.0030160122833954,4.587862738103608e-05,-0.0003217379820869
2020-10-27,3790.0,3840.0,3695.0,3835.0,110400.0,3835.0,3810.0,3750.5,3661.8,3555.6,3688.215,False,False,False,False,False,False,True,True,False,False,False,-0.01303780964797914,0.06258148631029987,,,0.0451629726205996,0.0728552803129074,0.13428943937418514,0.14732724902216426,0.0011812352345595,0.12091721103852819,3295.0,3675.0,0.8665620094191523,0.0039871101644001,0.0009710978810046,-0.0002829760623938
2020-10-28,3770.0,3810.0,3700.0,3725.0,150600.0,3725.0,3789.0,3752.5,3669.8,3556.4,3684.04,False,False,False,False,False,False,True,True,False,True,False,0.038926174496644296,0.09395973154362416,,,0.0148187919463086,0.0452617449664429,0.14899328859060404,0.19328859060402684,0.0002249465751884,0.13231179213857427,3165.0,3690.0,1.3641304347826086,0.0021799553109161,-0.0018071548534839,-0.000956288659371
2020-10-29,3670.0,3720.0,3625.0,3655.0,93900.0,3655.0,3761.0,3751.0,3677.6,3558.0,3679.39,False,False,False,False,False,False,True,True,False,True,False,0.06976744186046512,0.09302325581395349,,,-0.0061833105335157,0.0265389876880984,0.13953488372093023,0.12448700410396717,0.0004496908375491,0.13463076512929886,3225.0,3525.0,0.6235059760956175,0.0021209484446377,-5.900686627839311e-05,0.0002247442623607
2020-10-30,3655.0,3725.0,3655.0,3705.0,138800.0,3705.0,3743.0,3756.0,3690.6,3558.0666666666666,3675.415,False,False,False,False,False,False,True,True,False,False,False,0.07152496626180836,0.13090418353576247,,,0.0038866396761133,0.0396581196581196,0.13360323886639677,0.13360323886639677,1.8736767158177483e-05,0.13604898828541,3260.0,3560.0,1.478168264110756,0.0035224624722267,0.001401514027589,-0.0004309540703909
2020-11-02,3710.0,3755.0,3630.0,3650.0,87000.0,3650.0,3714.0,3752.0,3700.6,3558.733333333333,3671.74,False,False,False,False,False,False,True,True,False,True,False,0.08767123287671233,0.12465753424657534,,,-0.0138630136986301,0.0250045662100457,0.14931506849315068,0.11506849315068493,0.0001873325715141,0.13459488272921108,3235.0,3635.0,0.6268011527377522,0.002702264497649,-0.0008201979745777,0.0001685958043559
2020-11-04,3720.0,3795.0,3685.0,3785.0,77400.0,3785.0,3704.0,3757.0,3711.2,3559.8,3668.49,False,False,False,False,False,False,True,True,False,False,False,0.07661822985468957,0.07793923381770146,,,0.0194980184940555,0.0594980184940554,0.0964332892998679,0.10435931307793923,0.000299642302002,0.1304232100079851,3205.0,3635.0,0.8896551724137931,0.0028562190127182,0.0001539545150692,0.0001123097304879
2020-11-05,3800.0,3885.0,3760.0,3870.0,104400.0,3870.0,3733.0,3761.0,3721.6,3562.4666666666667,3665.59,False,False,False,False,False,False,True,True,False,True,False,0.05297157622739018,0.03488372093023256,,,0.0383462532299741,0.0794659776055124,0.08010335917312661,0.06847545219638243,0.0007485450156258,0.12908800850837543,3165.0,3570.0,1.3488372093023255,0.0027944969905417,-6.172202217650689e-05,0.0004489027136237
2020-11-06,3870.0,3930.0,3860.0,3910.0,93800.0,3910.0,3784.0,3772.5,3735.2,3565.133333333333,3662.74,False,False,False,False,False,False,True,True,False,False,False,0.021739130434782608,0.020460358056265986,,,0.0447058823529412,0.0882011935208866,0.08951406649616368,0.023017902813299233,0.0007479851150961,0.11848906560636183,3180.0,3535.0,0.8984674329501916,0.0036410366245448,0.0008465396340031,-5.599005296674569e-07
2020-11-09,3915.0,3970.0,3890.0,3970.0,117000.0,3970.0,3837.0,3790.0,3753.6,3568.5333333333333,3659.79,False,False,False,False,False,False,True,True,False,False,False,0.055415617128463476,0.031486146095717885,,,0.0545088161209068,0.1011251049538203,0.060453400503778336,0.0,0.00095277238081,0.10408970976253298,3280.0,3535.0,1.2473347547974414,0.0049019607843137,0.0012609241597689,0.0002047872657139
2020-11-10,3920.0,3980.0,3880.0,3970.0,156900.0,3970.0,3901.0,3807.5,3766.0,3572.866666666667,3656.815,False,False,False,False,False,False,True,True,False,True,False,0.03400503778337532,0.028967254408060455,,,0.0513853904282115,0.100033585222502,0.05793450881612091,-0.006297229219143577,0.0012128449610957,0.08877216021011163,3230.0,3590.0,1.341025641025641,0.0032926181625066,-0.001609342621807,0.0002600725802856
2020-11-11,3970.0,4075.0,3950.0,4075.0,183600.0,4075.0,3959.0,3831.5,3780.0,3578.0,3654.765,False,False,False,False,False,False,True,True,False,False,False,0.001226993865030675,0.007361963190184049,,,0.0723926380368098,0.121963190184049,0.07607361963190185,-0.05889570552147239,0.0014346934972982,0.067206055069816,3275.0,3550.0,1.1701720841300192,0.0037037037037037,0.000411085541197,0.0002218485362025
2020-11-12,4080.0,4105.0,3995.0,4075.0,136000.0,4075.0,4000.0,3866.5,3795.0,3581.733333333333,3652.965,False,False,False,False,False,False,True,True,False,False,False,-0.01717791411042945,0.023312883435582823,,,0.0687116564417178,0.1210470347648262,0.08098159509202454,-0.024539877300613498,0.0010423258757398,0.04538988749515065,3370.0,3560.0,0.7407407407407407,0.0039525691699604,0.0002488654662567,-0.0003923676215584
2020-11-13,4040.0,4040.0,3920.0,3995.0,108100.0,3995.0,4017.0,3900.5,3805.2,3583.333333333333,3651.09,False,False,False,False,False,False,True,True,False,True,False,-0.0012515644555694619,0.057571964956195244,,,0.0475093867334168,0.1030454735085524,0.11013767209011265,0.007509386733416771,0.0004465116279069,0.034098192539418024,3460.0,3515.0,0.7948529411764705,0.0026805424156417,-0.0012720267543187,-0.0005958142478328
2020-11-16,4065.0,4200.0,4010.0,4190.0,230800.0,4190.0,4061.0,3949.0,3821.4,3589.2,3650.515,False,False,False,False,False,False,True,True,False,False,False,-0.022673031026252982,0.05369928400954654,,,0.0879713603818615,0.1433890214797136,0.014319809069212411,-0.01909307875894988,0.0016345332293176,0.019118764244112435,3525.0,3410.0,2.1350601295097134,0.0042392840320302,0.0015587416163885,0.0011880216014106
2020-11-17,4200.0,4245.0,4095.0,4105.0,148200.0,4105.0,4088.0,3994.5,3837.0,3594.266666666667,3649.015,False,False,False,False,False,False,True,True,False,True,False,-0.0048721071863581,0.07917174177831912,,,0.0652862362971985,0.1244173771822979,0.0438489646772229,0.04506699147381242,0.0014096524093928,0.013017899611966454,3520.0,3485.0,0.6421143847487002,0.0040656763096168,-0.0001736077224133,-0.0002248808199247
2020-11-18,4075.0,4120.0,4005.0,4080.0,65000.0,4080.0,4089.0,4024.0,3850.6,3599.6666666666665,3647.44,False,False,False,False,False,False,True,True,False,True,False,0.006127450980392157,0.0661764705882353,,,0.0562254901960784,0.1177287581699346,0.041666666666666664,0.0428921568627451,0.00150013890175,0.007455268389662028,3470.0,3350.0,0.4385964912280701,0.0035319171038279,-0.0005337592057889,9.048649235721476e-05
2020-11-19,3985.0,4040.0,3955.0,4005.0,156800.0,4005.0,4075.0,4037.5,3862.6,3603.866666666667,3645.54,False,False,False,False,False,False,True,True,False,True,False,0.04119850187265917,0.0686641697877653,,,0.0355555555555555,0.1001581356637536,0.049937578027465665,0.08614232209737828,0.0011654149247105,0.009411764705882352,3525.0,3420.0,2.4123076923076923,0.0031067156837363,-0.0004252014200916,-0.0003347239770394
2020-11-20,4005.0,4045.0,3950.0,3990.0,93600.0,3990.0,4074.0,4045.5,3875.4,3610.0666666666666,3644.415,False,False,False,False,False,False,True,True,False,False,False,0.05889724310776942,0.043859649122807015,,,0.0287218045112781,0.0952213868003341,0.06641604010025062,0.08646616541353383,0.001717419807575,0.015696452848844394,3460.0,3420.0,0.5969387755102041,0.003302884863498,0.0001961691797616,0.0005520048828644
2020-11-24,4120.0,4165.0,4075.0,4095.0,175300.0,4095.0,4055.0,4058.0,3893.0,3617.2,3644.14,False,False,False,False,False,False,True,True,False,False,False,0.07814407814407814,0.02564102564102564,,,0.0493284493284493,0.1166788766788767,0.009768009768009768,0.07692307692307693,0.001972059419809,0.023410547067520947,3380.0,3435.0,1.872863247863248,0.0045209350115591,0.0012180501480611,0.0002546396122339
2020-11-25,4130.0,4185.0,4070.0,4085.0,126900.0,4085.0,4051.0,4069.5,3908.8,3623.2,3643.89,False,False,False,False,False,False,True,True,False,True,False,0.08445532435740515,0.02692778457772338,,,0.0431334149326805,0.1130477356181151,0.017135862913096694,0.04895960832313342,0.0016559947008169,0.028873325961420324,3400.0,3390.0,0.7239018824871648,0.0040421612771183,-0.0004787737344408,-0.000316064718992
2020-11-26,4080.0,4145.0,4040.0,4105.0,85300.0,4105.0,4056.0,4072.5,3923.6,3629.466666666666,3644.24,False,False,False,False,False,False,True,True,False,True,False,0.05968331303288672,0.010962241169305725,,,0.0441900121802679,0.1158424685343078,-0.01705237515225335,0.04263093788063337,0.0017266081334263,0.039042357274401474,3520.0,3295.0,0.6721828211189913,0.0037720460801304,-0.0002701151969879,7.061343260937472e-05
2020-11-27,4110.0,4180.0,4060.0,4170.0,129700.0,4170.0,4089.0,4082.0,3937.2,3637.466666666666,3644.765,False,False,False,False,False,False,True,True,False,True,True,0.026378896882494004,0.002398081534772182,,,0.0558273381294964,0.1277058353317347,-0.04316546762589928,0.0539568345323741,0.0021993328690297,0.04691327780499755,3610.0,3165.0,1.5205158264947245,0.003454231433506,-0.0003178146466244,0.0004727247356033
2020-11-30,4170.0,4270.0,4140.0,4225.0,140200.0,4225.0,4136.0,4105.0,3954.4,3646.6666666666665,3645.815,False,False,False,False,False,False,True,True,False,False,False,-0.014201183431952662,0.008284023668639054,,,0.0640473372781064,0.1368836291913215,-0.05207100591715976,0.040236686390532544,0.0025228519195613,0.050060901339829475,3570.0,3225.0,1.0809560524286816,0.004349585272102,0.000895353838596,0.0003235190505315
2020-12-01,4260.0,4440.0,4260.0,4415.0,194800.0,4415.0,4200.0,4127.5,3979.2,3658.4,3647.29,False,False,False,False,False,False,True,True,False,False,False,-0.04869762174405436,-0.0464326160815402,,,0.0987089467723669,0.171370328425821,-0.09060022650056625,-0.004530011325028313,0.0032072308477294,0.05124167171411266,3510.0,3260.0,1.3894436519258202,0.0062324085243264,0.0018828232522243,0.0006843789281681
2020-12-02,4405.0,4455.0,4370.0,4430.0,146500.0,4430.0,4269.0,4160.0,4004.6,3669.6,3648.29,False,False,False,False,False,False,True,True,False,False,False,-0.05304740406320542,-0.05191873589164785,,,0.0960270880361174,0.171647855530474,-0.09029345372460497,0.001128668171557562,0.0030521037715281,0.04651442307692308,3660.0,3235.0,0.752053388090349,0.0063427058882285,0.0001102973639021,-0.0001551270762013
2020-12-03,4430.0,4455.0,4310.0,4350.0,95300.0,4350.0,4318.0,4187.0,4025.2,3680.266666666667,3648.64,False,False,False,False,False,False,True,True,False,True,False,-0.04597701149425287,0.008045977011494253,,,0.0746666666666667,0.1539616858237547,-0.04827586206896552,0.03218390804597701,0.0028983406999493,0.045378552663004536,3725.0,3205.0,0.6505119453924915,0.0051177581238199,-0.0012249477644086,-0.0001537630715788
2020-12-04,4310.0,4320.0,4240.0,4280.0,127200.0,4280.0,4340.0,4214.5,4047.4,3689.866666666667,3648.815,False,False,False,False,False,False,True,True,False,False,False,-0.02336448598130841,0.029205607476635514,,,0.0543457943925233,0.1378816199376946,-0.02570093457943925,0.0455607476635514,0.0026017200260171,0.04152331237394709,3700.0,3165.0,1.3347324239244491,0.0054850027177942,0.0003672445939742,-0.0002966206739321
2020-12-07,4285.0,4320.0,4150.0,4165.0,136000.0,4165.0,4328.0,4232.0,4067.8,3698.533333333333,3648.69,False,False,False,False,False,False,True,True,False,True,False,0.022809123649459785,0.06482593037214886,,,0.0233373349339735,0.1119967987194879,-0.014405762304921969,0.08163265306122448,0.0023432712066042,0.04123345935727788,3740.0,3180.0,1.069182389937107,0.0050149958208368,-0.0004700068969573,-0.0002584488194129
2020-12-08,4145.0,4215.0,4125.0,4200.0,61700.0,4200.0,4285.0,4242.5,4087.6,3709.0666666666666,3647.54,False,False,False,False,False,False,True,True,False,True,False,0.002380952380952381,0.011904761904761904,,,0.0267619047619047,0.1168888888888889,-0.04404761904761905,0.09166666666666666,0.0028398878424043,0.04278137890394814,3785.0,3280.0,0.4536764705882353,0.0048439181916038,-0.000171077629233,0.0004966166358
2020-12-09,4200.0,4225.0,4165.0,4195.0,49500.0,4195.0,4238.0,4253.5,4109.4,3718.533333333333,3646.04,False,False,False,False,False,False,True,True,False,False,False,0.0011918951132300357,0.021454112038140644,,,0.0204052443384983,0.1135796583234009,-0.0631704410011919,0.08462455303933254,0.0025458065904118,0.04631479957681909,3715.0,3230.0,0.8022690437601296,0.0053049106925584,0.0004609925009546,-0.0002940812519924
2020-12-10,4175.0,4190.0,4140.0,4150.0,68700.0,4150.0,4198.0,4258.0,4124.0,3729.2,3644.965,False,False,False,False,False,False,True,True,False,True,False,0.056626506024096385,0.024096385542168676,,,0.0062650602409638,0.1013975903614458,-0.027710843373493974,0.1216867469879518,0.0028603096285173,0.054015969938938466,3740.0,3275.0,1.387878787878788,0.0035402521823473,-0.0017646585102111,0.0003145030381054
2020-12-11,4160.0,4190.0,4145.0,4180.0,65400.0,4180.0,4178.0,4259.0,4136.4,3739.3333333333335,3645.415,False,False,False,False,False,False,True,True,False,True,False,0.05382775119617225,0.005980861244019139,,,0.0104306220095694,0.1054226475279106,-0.07177033492822966,0.10645933014354067,0.0027099304688893,0.05916881897158958,3705.0,3370.0,0.9519650655021834,0.0029977758437287,-0.0005424763386185,-0.0001503791596279
2020-12-14,4200.0,4295.0,4170.0,4260.0,87700.0,4260.0,4197.0,4262.5,4150.4,3750.533333333333,3647.215,False,False,False,False,False,False,True,True,False,False,False,0.04107981220657277,-0.0011737089201877935,,,0.0257276995305165,0.1195931142410016,-0.11384976525821597,0.08568075117370892,0.0029862419566993,0.0636950146627566,3670.0,3460.0,1.3409785932721712,0.003373168851195,0.0003753930074663,0.0002763114878099
2020-12-15,4260.0,4305.0,4190.0,4210.0,136600.0,4210.0,4199.0,4242.0,4160.0,3760.866666666667,3648.04,False,False,False,False,False,False,True,True,False,True,False,0.009501187648456057,-0.017814726840855107,,,0.01187648456057,0.106682501979414,-0.13064133016627077,0.11163895486935867,0.002747593639764,0.07555398396982556,3655.0,3525.0,1.557582668187001,0.0023076923076923,-0.0010654765435026,-0.0002386483169352
2020-12-16,4215.0,4240.0,4170.0,4200.0,80000.0,4200.0,4200.0,4219.0,4169.2,3771.6666666666665,3648.665,False,False,False,False,False,False,True,True,False,True,False,0.02023809523809524,-0.010714285714285714,,,0.0073333333333333,0.101984126984127,-0.13690476190476192,0.1357142857142857,0.0028634555899248,0.0893576676937663,3690.0,3520.0,0.5856515373352855,0.0022066583517221,-0.0001010339559702,0.0001158619501607
2020-12-17,4210.0,4405.0,4205.0,4385.0,99100.0,4385.0,4247.0,4222.5,4181.6,3786.2,3650.59,False,False,False,False,False,False,True,True,False,False,False,-0.03078677309007982,-0.07981755986316989,,,0.0463854047890535,0.1365564424173318,-0.1790193842645382,0.07753705815279362,0.0038385012237423,0.09402013025458851,3735.0,3470.0,1.23875,0.0029653721063708,0.0007587137546487,0.0009750456338175
2020-12-18,4365.0,4495.0,4360.0,4405.0,154200.0,4405.0,4292.0,4235.0,4194.8,3802.733333333333,3653.64,False,False,False,False,False,False,True,True,False,False,True,-0.04540295119182747,-0.094211123723042,,,0.0477185017026106,0.1367234203556565,-0.18615209988649262,0.09080590238365494,0.0043477498641328,0.09858323494687131,3830.0,3525.0,1.5560040363269425,0.003146753122914,0.0001813810165431,0.0005092486403904
2020-12-21,4425.0,4480.0,4380.0,4435.0,152100.0,4435.0,4327.0,4262.0,4212.4,3818.866666666667,3656.99,False,False,False,False,False,False,True,True,False,False,False,-0.040586245772266064,-0.09695603156708005,,,0.0501916572717024,0.1389252160841788,-0.17361894024802707,0.0935738444193912,0.0042246390726743,0.0997184420459878,3795.0,3460.0,0.9863813229571984,0.0041781407273761,0.0010313876044621,-0.0001231107914584
2020-12-22,4330.0,4380.0,4225.0,4250.0,135700.0,4250.0,4335.0,4267.0,4214.8,3832.0666666666666,3660.39,False,False,False,False,False,False,True,True,False,True,False,-0.027058823529411764,-0.05529411764705883,,,0.0082823529411764,0.0983372549019608,-0.12941176470588237,0.15294117647058825,0.0034446164819679,0.10581204593391141,3795.0,3380.0,0.8921761998685076,0.0005694220366329,-0.0036087186907432,-0.0007800225907064
2020-12-24,4365.0,4365.0,4265.0,4285.0,61200.0,4285.0,4352.0,4276.0,4222.0,3846.0666666666666,3664.94,False,False,False,False,False,False,True,True,True,False,False,-0.030338389731621937,-0.059509918319719954,,,0.0147024504084014,0.1024348502528199,-0.08984830805134189,0.13652275379229872,0.0036400825085368,0.11096819457436857,3795.0,3400.0,0.4509948415622697,0.0017053529133111,0.0011359308766782,0.0001954660265689
2020-12-25,4285.0,4290.0,4225.0,4250.0,31200.0,4250.0,4325.0,4286.0,4228.8,3860.0,3668.59,False,False,False,False,False,False,True,True,False,True,False,-0.05058823529411765,-0.02588235294117647,,,0.0049882352941176,0.0917647058823529,-0.1,0.19294117647058823,0.0036096718480138,0.11805879608026132,3835.0,3520.0,0.5098039215686274,0.0016080211880439,-9.73317252672514e-05,-3.041066052302758e-05
2020-12-28,4275.0,4275.0,4145.0,4205.0,93000.0,4205.0,4285.0,4288.5,4236.8,3873.866666666667,3672.115,False,False,False,False,False,False,True,True,False,False,False,-0.05112960760998811,-0.008323424494649227,,,-0.0075624256837099,0.0787475227903289,-0.04994054696789536,0.15695600475624258,0.0035795415433331,0.1230033811355952,3725.0,3610.0,2.980769230769231,0.0018882175226586,0.0002801963346146,-3.0130304680697943e-05
2020-12-30,4260.0,4295.0,4215.0,4255.0,66800.0,4255.0,4249.0,4288.0,4247.4,3888.2,3675.765,False,False,False,False,False,False,True,True,False,False,False,-0.05875440658049354,-0.03525264394829612,,,0.001786133960047,0.0862044653349001,-0.05052878965922444,0.08578143360752057,0.00368636729935,0.12301772388059702,3655.0,3570.0,0.7182795698924731,0.0024956443942175,0.0006074268715589,0.0001068257560169
2021-01-04,4185.0,4205.0,4125.0,4135.0,78900.0,4105.5302734375,4226.0,4280.5,4249.0,3899.6,3678.665,False,False,False,False,False,False,True,True,False,True,False,-0.02902055622732769,-0.02902055622732769,-0.1051995163240628,-0.0399032648125755,-0.0275695284159613,0.0569286577992745,-0.010882708585247884,0.1124546553808948,0.0029233767565904,0.12311645835766849,3705.0,3510.0,1.1811377245508985,0.0003765591903978,-0.0021190852038196,-0.0007629905427596
2021-01-05,4125.0,4155.0,4065.0,4155.0,101900.0,4125.3876953125,4200.0,4276.0,4251.8,3911.933333333333,3682.19,False,False,False,False,False,False,True,True,False,False,False,-0.030084235860409144,-0.05415162454873646,-0.0613718411552346,-0.0505415162454873,-0.0232972322503008,0.0584997994384276,0.0036101083032490976,0.09386281588447654,0.0031527462976532,0.11903648269410665,3650.0,3660.0,1.291508238276299,0.0006585446163978,0.0002819854259999,0.0002293695410628
2021-01-06,4085.0,4125.0,3985.0,4035.0,131200.0,4006.242919921875,4157.0,4241.0,4249.0,3922.0666666666666,3686.565,False,False,False,False,False,False,False,True,False,True,False,0.026022304832713755,0.0,-0.0520446096654275,-0.0495662949194547,-0.0530359355638166,0.0279884345311854,0.06071871127633209,0.14002478314745972,0.0025836718736721,0.12532421598679558,3785.0,3725.0,1.2875368007850834,-0.000658978583196,-0.0013175231995938,-0.0005690744239811
2021-01-07,4070.0,4070.0,3970.0,3990.0,167900.0,3961.5634765625,4114.0,4199.5,4241.8,3930.3333333333335,3690.19,False,False,False,False,False,False,False,True,False,True,False,0.045112781954887216,-0.02756892230576441,0.0012531328320802,-0.0037593984962406,-0.0631077694235589,0.014954051796157,0.03759398496240601,0.13283208020050125,0.0021032991264524,0.12965829265388737,3870.0,3700.0,1.2797256097560976,-0.001697392616342,-0.0010384140331459,-0.0004803727472196
2021-01-08,3965.0,4055.0,3965.0,4005.0,173900.0,3976.45654296875,4064.0,4156.5,4233.0,3937.6,3694.465,False,False,False,False,False,False,False,True,False,True,False,0.024968789013732832,-0.05742821473158552,0.0087390761548064,0.0049937578027465,-0.0569288389513108,0.0168289637952559,0.066167290886392,0.132334581772784,0.0018454557767844,0.13376638999157944,3910.0,3740.0,1.035735556879095,-0.0020789038506969,-0.0003815112343548,-0.0002578433496679
2021-01-12,4005.0,4175.0,4000.0,4015.0,275700.0,3986.385498046875,4040.0,4133.0,4217.0,3944.133333333333,3700.28,False,False,False,False,False,False,False,True,False,True,False,0.0,-0.08841843088418432,0.0186799501867995,0.0236612702366127,-0.0503113325031133,0.0176504773765048,0.0759651307596513,0.12204234122042341,0.0016564686792197,0.13065569804016453,3970.0,3785.0,1.585393904542841,-0.0037941664690538,-0.0017152626183568,-0.0001889870975646
2021-01-13,3935.0,4035.0,3915.0,4030.0,225000.0,4001.278564453125,4015.0,4107.5,4201.0,3950.933333333333,3707.14,False,False,False,False,False,False,False,True,False,True,False,-0.02481389578163772,-0.10049627791563276,0.0347394540942928,0.064516129032258,-0.0424317617866005,0.0196195202646816,0.07568238213399504,0.13895781637717122,0.001721112311015,0.13085818624467438,3970.0,3715.0,0.8161044613710555,-0.0038086169959533,-1.4450526899514524e-05,6.464363179528826e-05
2021-01-14,4020.0,4165.0,4020.0,4140.0,145800.0,4110.49462890625,4036.0,4096.5,4192.6,3959.866666666667,3714.235,False,False,False,False,False,False,False,True,False,False,False,-0.025362318840579712,-0.13043478260869565,0.0338164251207729,0.0277777777777777,-0.0127053140096619,0.0435104669887278,0.06280193236714976,0.1111111111111111,0.0022559682144181,0.12242157939704626,4075.0,3740.0,0.648,-0.0020035300290988,0.0018050869668545,0.000534855903403
2021-01-15,4130.0,4180.0,4050.0,4170.0,161000.0,4140.28076171875,4072.0,4093.0,4188.2,3968.466666666666,3720.695,False,False,False,False,False,False,False,True,False,False,False,-0.06954436450839328,-0.14028776978417265,-0.0071942446043165,0.0431654676258992,-0.0043645083932853,0.0483293365307754,0.06594724220623502,0.10431654676258993,0.0021670838443058,0.11702907402882971,4075.0,3705.0,1.1042524005486969,-0.0010505706508764,0.0009529593782223,-8.888437011231624e-05
2021-01-18,4150.0,4185.0,4090.0,4105.0,60400.0,4075.743896484375,4092.0,4078.0,4185.8,3977.0666666666666,3727.37,False,False,False,False,False,False,False,True,False,False,False,-0.08038976857490865,-0.1071863580998782,0.0401948842874543,0.0560292326431181,-0.0196833130328867,0.0311652456354039,0.001218026796589525,0.09744214372716199,0.0021623977470833,0.11831780284453164,3995.0,3670.0,0.3751552795031055,-0.0005733670982845,0.0004772035525918,-4.6860972224387065e-06
2021-01-19,4105.0,4140.0,4000.0,4015.0,102200.0,3986.385498046875,4092.0,4066.0,4178.4,3985.533333333333,3734.285,False,False,False,False,False,False,False,True,False,True,False,-0.08841843088418432,-0.0784557907845579,0.0759651307596513,0.0983810709838107,-0.0406973848069737,0.0073391448733915,0.0460772104607721,0.1095890410958904,0.0021243497315289,0.11805213969503198,4190.0,3655.0,1.6920529801324504,-0.0017710128278768,-0.0011976457295922,-3.804801555444548e-05
2021-01-20,3995.0,4005.0,3910.0,3930.0,127500.0,3901.9912109375,4072.0,4043.5,4167.8,3992.6,3740.74,False,False,False,False,False,False,False,True,False,True,False,-0.07760814249363868,-0.007633587786259542,0.1030534351145038,0.0903307888040712,-0.0605089058524173,-0.0159287531806615,0.035623409669211195,0.09287531806615776,0.0017699410576233,0.11809076295288735,4105.0,3690.0,1.2475538160469668,-0.0025433082201639,-0.0007722953922871,-0.0003544086739055
2021-01-21,3915.0,4050.0,3885.0,4035.0,144000.0,4006.242919921875,4051.0,4043.5,4163.2,3999.466666666666,3746.475,False,False,False,False,False,False,False,True,False,False,False,-0.10780669144981413,-0.05204460966542751,0.0904584882280049,0.060718711276332,-0.0317719950433704,0.0088062783973565,0.03593556381660471,0.10037174721189591,0.001716895586078,0.11413379497959689,4080.0,3735.0,1.1294117647058823,-0.0011049192928517,0.0014383889273122,-5.304547154530784e-05
2021-01-22,3985.0,4020.0,3880.0,3880.0,180700.0,3852.347412109375,3993.0,4032.5,4151.2,4003.0666666666666,3749.375,False,False,False,False,False,False,False,True,False,True,False,-0.07603092783505154,0.029639175257731958,0.1456185567010309,0.1327319587628866,-0.0698969072164948,-0.0317182130584192,0.06572164948453608,0.11211340206185567,0.0008993105285948,0.11208927464352139,4005.0,3830.0,1.2548611111111112,-0.0028907303912121,-0.0017858110983604,-0.0008175850574832
2021-01-25,3885.0,3900.0,3765.0,3775.0,228400.0,3748.095947265625,3927.0,4009.5,4131.8,4005.8,3751.925,False,False,False,False,False,False,False,True,False,True,False,-0.02913907284768212,0.07019867549668875,0.0887417218543046,0.1642384105960264,-0.0945165562913907,-0.0611390728476821,0.059602649006622516,0.15894039735099338,0.0006823439346281,0.11447811447811448,3990.0,3795.0,1.263973436635307,-0.0046952901882955,-0.0018045597970833,-0.0002169665939666
2021-01-26,3720.0,3745.0,3660.0,3660.0,296700.0,3633.91552734375,3856.0,3974.0,4109.8,4007.8,3753.325,False,False,False,False,False,False,False,True,False,True,False,0.01092896174863388,0.11748633879781421,0.1475409836065573,0.2008196721311475,-0.122896174863388,-0.0950273224043716,0.08469945355191257,0.20491803278688525,0.0004990268975497,0.12204328132863614,4095.0,3795.0,1.2990367775831877,-0.0053530585429947,-0.0006577683546992,-0.0001833170370784
2021-01-27,3645.0,3680.0,3600.0,3625.0,258000.0,3599.164794921875,3795.0,3933.5,4086.8,4007.3333333333335,3754.325,False,False,False,False,False,False,False,False,False,True,False,0.07586206896551724,0.1503448275862069,0.1227586206896551,0.2234482758620689,-0.1273931034482759,-0.1054712643678161,0.08827586206896551,0.2317241379310345,-0.0001164531691898,0.13041820261853312,4085.0,3795.0,0.8695652173913043,-0.0056278751101105,-0.0002748165671158,-0.0006154800667396
2021-01-28,3545.0,3640.0,3525.0,3600.0,469600.0,3574.343017578125,3708.0,3879.5,4055.4,4005.6666666666665,3755.05,False,False,False,False,False,False,False,False,False,True,False,0.0625,0.18888888888888888,0.1611111111111111,0.2472222222222222,-0.1265,-0.1126851851851851,0.06527777777777778,0.24444444444444444,-0.0004160772239328,0.14305967263822658,4105.0,3835.0,1.8201550387596896,-0.0077427627361049,-0.0021148876259943,-0.000299624054743
2021-01-29,3615.0,3735.0,3560.0,3585.0,289800.0,3559.449951171875,3649.0,3821.0,4022.6,4004.133333333333,3756.575,False,False,False,False,False,False,False,False,False,True,False,0.11436541143654114,0.15481171548117154,0.1534170153417015,0.2482566248256625,-0.1220641562064156,-0.1169130636913063,0.1087866108786611,0.2524407252440725,-0.0003829376311145,0.15755037948181105,4170.0,3725.0,0.6171209540034072,-0.0081539302938398,-0.0004111675577348,3.313959281833013e-05
2021-02-01,3565.0,3700.0,3540.0,3665.0,146800.0,3638.8798828125,3627.0,3777.0,3991.8,4003.133333333333,3758.975,False,False,True,False,False,False,False,False,False,False,False,0.10231923601637108,0.165075034106412,0.0914051841746248,0.2291950886766712,-0.0891678035470669,-0.0922601182355615,0.09822646657571624,0.2373806275579809,-0.0002498043199493,0.17182949430765157,4225.0,3655.0,0.5065562456866805,-0.0077158174257226,0.0004381128681171,0.0001331333111651
2021-02-02,3710.0,3720.0,3665.0,3700.0,91200.0,3673.63037109375,3635.0,3745.5,3969.8,4002.0,3761.5,False,False,False,False,False,False,False,False,False,False,False,0.10540540540540541,0.16756756756756758,0.0729729729729729,0.2391891891891892,-0.0729189189189189,-0.0816216216216216,0.11081081081081082,0.23243243243243245,-0.0002831917374645,0.18448805232946203,4415.0,3705.0,0.6212534059945504,-0.0055418408987858,0.0021739765269368,-3.338741751519772e-05
2021-02-03,3800.0,3915.0,3800.0,3900.0,241100.0,3872.205078125,3690.0,3742.5,3954.4,4004.466666666666,3764.45,False,False,False,False,False,False,False,True,False,False,False,0.06923076923076923,0.11153846153846154,0.0115384615384615,0.1666666666666666,-0.0139487179487179,-0.0267863247863246,0.1,0.14358974358974358,0.0006159788236468,0.18984635938543754,4430.0,3650.0,2.643640350877193,-0.0038943961157192,0.0016474447830666,0.0008991705611113
2021-02-04,3870.0,3890.0,3810.0,3825.0,172100.0,3797.739501953125,3735.0,3721.5,3937.4,4005.6,3766.325,False,False,False,False,False,False,False,True,False,True,False,0.11895424836601307,0.1503267973856209,0.0026143790849673,0.2169934640522876,-0.0293856209150327,-0.0472156862745097,0.11241830065359477,0.19477124183006536,0.0002829372212237,0.20005374177079135,4350.0,3785.0,0.7138116963915387,-0.0043175699700309,-0.0004231738543117,-0.0003330416024231
2021-02-05,3930.0,4010.0,3905.0,3995.0,156200.0,3966.52783203125,3817.0,3733.0,3929.0,4009.466666666666,3768.75,False,False,False,False,True,False,False,True,False,False,True,0.03629536921151439,0.11264080100125157,-0.0050062578222778,0.1576971214017521,0.0165206508135168,-0.0036211931581142,0.08886107634543179,0.12265331664580725,0.0009643842905123,0.2009107956067506,4280.0,3870.0,0.9076118535735038,-0.0021379485874268,0.0021796213826041,0.0006814470692886
2021-02-08,3990.0,4040.0,3960.0,4040.0,151600.0,4011.207275390625,3892.0,3759.5,3920.4,4014.4,3771.125,False,False,False,False,False,False,False,True,False,True,False,0.05693069306930693,0.017326732673267328,-0.0037128712871287,0.1448019801980198,0.0296039603960395,0.0063366336633663,0.07301980198019802,0.12004950495049505,0.0012289092599974,0.19643569623620163,4165.0,3910.0,0.970550576184379,-0.0021936537088052,-5.570512137835146e-05,0.0002645249694851
2021-02-09,4030.0,4095.0,3985.0,4090.0,171000.0,4060.850830078125,3970.0,3802.5,3918.6,4020.2,3773.35,False,False,False,False,False,False,False,True,False,False,False,0.05623471882640587,0.02689486552567237,0.0048899755501222,0.1442542787286063,0.0419070904645477,0.0170660146699266,0.07823960880195599,0.1234718826405868,0.0014427142928211,0.18777120315581855,4200.0,3970.0,1.127968337730871,-0.0004593477262288,0.0017343059825763,0.0002138050328237
2021-02-10,4085.0,4210.0,4075.0,4170.0,169800.0,4140.28076171875,4024.0,3857.0,3919.2,4026.6,3776.475,False,False,False,False,False,False,True,True,False,False,False,0.039568345323741004,-0.023980815347721823,0.0287769784172661,0.1438848920863309,0.0601438848920863,0.0343884892086331,0.027577937649880094,0.1079136690647482,0.0015894302885809,0.17500648172154523,4195.0,3970.0,0.9929824561403509,0.0001530924678505,0.0006124401940793,0.0001467159957597
2021-02-12,4100.0,4280.0,4035.0,4280.0,177200.0,4249.49658203125,4115.0,3925.0,3929.0,4033.866666666667,3780.15,False,False,False,False,False,False,True,True,True,False,False,0.028037383177570093,-0.02336448598130841,-0.0058411214953271,0.1039719626168224,0.0820093457943925,0.0575077881619937,0.0,0.10046728971962617,0.0018014146889668,0.16050955414012738,4150.0,4075.0,1.043580683156655,0.002494273351998,0.0023411808841474,0.0002119844003858
2021-02-15,4270.0,4270.0,4140.0,4140.0,121000.0,4110.49462890625,4144.0,3980.5,3935.0,4038.0,3783.075,False,False,False,False,False,False,True,True,False,True,False,0.07367149758454106,-0.0012077294685990338,0.0507246376811594,0.1606280193236715,0.0495169082125603,0.0246376811594202,0.06159420289855073,0.14492753623188406,0.0010236090473831,0.1506092199472428,4180.0,4075.0,0.6828442437923251,0.0015247776365946,-0.0009694957154033,-0.0007778056415836
2021-02-16,4140.0,4290.0,4085.0,4270.0,149100.0,4239.56787109375,4190.0,4041.0,3945.6,4044.3333333333335,3786.375,False,False,False,False,False,False,True,True,False,False,False,-0.03747072599531616,-0.06323185011709602,0.0152224824355971,0.1358313817330211,0.0759718969555035,0.0528493364558938,0.02927400468384075,0.12060889929742388,0.0015659770872826,0.13956941351150706,4260.0,3995.0,1.2322314049586778,0.0026865369018653,0.0011617592652706,0.0005423680398994
2021-02-17,4270.0,4330.0,4200.0,4320.0,131400.0,4289.2119140625,4236.0,4103.0,3957.8,4051.3333333333335,3789.575,False,False,False,False,False,False,True,True,False,False,False,-0.027777777777777776,-0.08101851851851852,0.0208333333333333,0.1342592592592592,0.0838425925925925,0.0621913580246913,0.017361111111111112,0.0775462962962963,0.0017278262300477,0.12466487935656836,4210.0,4190.0,0.8812877263581489,0.0030825205922482,0.0003959836903829,0.000161849142765
2021-02-18,4320.0,4400.0,4280.0,4335.0,142700.0,4304.10498046875,4269.0,4146.5,3970.0,4058.533333333333,3792.4,False,False,False,False,False,False,True,True,False,True,False,-0.06113033448673587,-0.08996539792387544,-0.0115340253748558,0.1234140715109573,0.0841983852364475,0.0637754709727029,0.02306805074971165,0.08650519031141868,0.0017740398830446,0.11889545399734716,4200.0,4105.0,1.0859969558599696,0.003073047858942,-9.472733306267658e-06,4.62136529969005e-05
2021-02-19,4350.0,4445.0,4345.0,4400.0,104900.0,4368.6416015625,4293.0,4204.0,3980.4,4066.0666666666666,3796.275,False,False,False,False,False,False,True,True,False,True,False,-0.05,-0.12840909090909092,-0.0272727272727272,0.1522727272727272,0.0953636363636363,0.0758939393939394,0.020454545454545454,0.08295454545454546,0.0018527323703498,0.1082302568981922,4385.0,4080.0,0.7351086194814296,0.0026128027333936,-0.0004602451255483,7.869248730520682e-05
2021-02-22,4440.0,4470.0,4375.0,4445.0,134000.0,4413.32080078125,4354.0,4249.0,3991.4,4075.6666666666665,3800.725,False,False,False,False,False,False,True,True,False,False,False,-0.06974128233970754,-0.10573678290213723,-0.0112485939257592,0.0944881889763779,0.1020472440944881,0.0830896137982752,0.006749156355455568,0.06524184476940383,0.0023554428723317,0.10237702988938574,4405.0,4005.0,1.2774070543374645,0.0027559252392644,0.0001431225058707,0.0005027105019818
2021-02-24,4300.0,4305.0,4095.0,4110.0,289700.0,4080.708251953125,4322.0,4256.0,3991.6,4081.733333333333,3802.9,False,False,False,False,False,False,True,True,False,True,False,-0.0267639902676399,-0.02068126520681265,0.0693430656934306,0.1240875912408759,0.0288077858880778,0.0068775344687753,0.09610705596107055,0.15571776155717762,0.0014862966713487,0.10585056390977443,4435.0,3990.0,2.1619402985074627,5.010522096397888e-05,-0.0027058200183004,-0.0008691462009829
2021-02-25,4200.0,4250.0,4170.0,4200.0,128800.0,4170.06689453125,4298.0,4267.0,3999.0,4088.3333333333335,3805.3,False,False,False,False,False,False,True,True,True,False,False,-0.05476190476190476,-0.02142857142857143,0.0464285714285714,0.0952380952380952,0.0478571428571428,0.0265873015873015,0.09166666666666666,0.14047619047619048,0.0016143497757848,0.10756972111553785,4250.0,4095.0,0.4445978598550224,0.0018504626156539,0.0018003573946899,0.000128053104436
2021-02-26,4130.0,4220.0,4000.0,4070.0,221400.0,4040.993408203125,4245.0,4257.0,4004.6,4093.933333333333,3806.7,False,False,False,False,False,False,True,True,False,True,False,-0.030712530712530713,0.05405405405405406,0.0896805896805896,0.1167076167076167,0.016068796068796,-0.0058804258804257,0.11793611793611794,0.171990171990172,0.0013678776726537,0.11369509043927649,4285.0,4085.0,1.718944099378882,0.0013983918493731,-0.0004520707662807,-0.0002464721031311
2021-03-01,4105.0,4200.0,4070.0,4180.0,97800.0,4150.20947265625,4201.0,4247.0,4010.4,4099.2,3808.475,False,False,False,False,False,False,True,True,False,False,False,-0.08253588516746412,0.017942583732057416,0.0741626794258373,0.1004784688995215,0.0405741626794258,0.0193301435406699,0.11363636363636363,0.1303827751196172,0.0012848035389019,0.11667059100541559,4250.0,4105.0,0.4417344173441734,0.0014462397765809,4.784792720773676e-05,-8.307413375176101e-05
2021-03-02,4205.0,4225.0,4110.0,4135.0,101600.0,4105.5302734375,4139.0,4246.5,4020.6,4102.733333333334,3809.65,False,False,False,False,False,False,True,True,False,False,False,-0.03869407496977025,0.05199516324062878,0.0822249093107617,0.0931076178960096,0.0276662636033857,0.0078033051189036,0.1185006045949214,0.11970979443772672,0.000861214474903,0.11421170375603439,4205.0,4170.0,1.0388548057259714,0.0025369347858528,0.0010906950092718,-0.0004235890639989
2021-03-03,4090.0,4090.0,3945.0,4000.0,144500.0,3971.4921875,4117.0,4219.5,4029.6,4103.933333333333,3810.325,False,False,False,False,False,False,True,True,False,True,False,0.00625,0.08375,0.12625,0.13375,-0.0073999999999999,-0.0259833333333333,0.15625,0.17625,0.0002924024106953,0.11944543192321365,4255.0,4225.0,1.422244094488189,0.0022334723049434,-0.0003034624809093,-0.0005688120642076
2021-03-04,3965.0,4020.0,3895.0,3970.0,182300.0,3941.7060546875,4071.0,4184.5,4042.0,4103.933333333333,3810.975,False,False,False,False,False,False,True,False,False,False,False,0.03526448362720403,0.11083123425692695,0.1549118387909319,0.1347607052896725,-0.0181360201511335,-0.0337363560033585,0.17884130982367757,0.2141057934508816,0.0,0.1327518222009798,4135.0,4415.0,1.26159169550173,0.0030677882236516,0.0008343159187082,-0.0002924024106953
2021-03-05,3915.0,3955.0,3790.0,3945.0,144300.0,3916.88427734375,4046.0,4145.5,4054.8,4103.6,3811.0,False,False,False,False,False,False,True,False,False,False,False,0.08745247148288973,0.08618504435994931,0.1533586818757921,0.1634980988593156,-0.0278326996197719,-0.0402027883396705,0.20912547528517111,0.21166032953105196,-8.122948955381377e-05,0.14509709323362682,4155.0,4430.0,0.7915523861766319,0.003156752490875,8.896426722337708e-05,-8.122948955381377e-05
2021-03-08,4015.0,4035.0,3815.0,3835.0,117100.0,3807.668212890625,3977.0,4089.0,4064.2,4100.4,3810.2,False,False,False,False,False,False,True,False,False,True,False,0.10951760104302477,0.11603650586701435,0.2138200782268579,0.1994784876140808,-0.0597653194263363,-0.0692046936114731,0.2320730117340287,0.26597131681877445,-0.0007804116671546,0.16312056737588654,4035.0,4350.0,0.8115038115038115,0.002312878303233,-0.000843874187642,-0.0006991821776007
2021-03-09,3905.0,3995.0,3815.0,3975.0,131300.0,3946.67041015625,3945.0,4042.0,4079.8,4099.066666666667,3809.9,False,False,False,False,False,False,True,False,False,False,False,0.09433962264150944,0.10566037735849057,0.1635220125786163,0.1584905660377358,-0.0263647798742138,-0.0312117400419287,0.2088050314465409,0.23522012578616353,-0.0003252772988972,0.1809747649678377,3990.0,4280.0,1.121263877028181,0.0038237168488652,0.0015108385456322,0.0004551343682573
2021-03-10,3980.0,4035.0,3955.0,4025.0,69200.0,3996.314208984375,3950.0,4033.5,4094.2,4099.466666666666,3809.4,False,False,False,False,False,False,True,True,False,True,False,0.07701863354037267,0.09192546583850932,0.1490683229813664,0.1192546583850931,-0.0171925465838508,-0.0185010351966872,0.20496894409937888,0.20372670807453416,9.757366811934144e-05,0.1858187678195116,4005.0,4165.0,0.5270373191165271,0.0035171706316251,-0.00030654621724,0.0004228509670165
2021-03-11,4025.0,4110.0,3985.0,4110.0,108300.0,4080.708251953125,3978.0,4024.5,4110.6,4098.4,3811.45,False,True,False,False,False,False,True,False,False,False,False,0.072992700729927,0.06934306569343066,0.1386861313868613,0.083941605839416,-0.0001459854014599,0.0028223844282239,0.1922141119221411,0.21532846715328466,-0.0002602641681306,0.19356441794011678,4015.0,4200.0,1.565028901734104,0.0039896852041065,0.0004725145724814,-0.0003578378362499
2021-03-12,4160.0,4290.0,4115.0,4290.0,122200.0,4259.42529296875,4047.0,4046.5,4126.2,4100.866666666667,3812.825,False,False,False,True,True,False,True,True,False,True,True,-0.0011655011655011655,0.0337995337995338,0.1118881118881118,0.0011655011655011,0.0381818181818182,0.044087024087024,0.1351981351981352,0.14102564102564102,0.0006014988701576,0.19016433955269987,4030.0,4195.0,1.128347183748846,0.0037807183364837,-0.0002089668676227,0.0008617630382882
2021-03-15,4280.0,4280.0,4220.0,4255.0,48700.0,4224.6748046875,4131.0,4054.0,4143.4,4103.2,3814.5,False,False,False,False,False,False,True,True,False,False,False,0.005875440658049354,0.055229142185663924,0.1104582843713278,0.0434782608695652,0.0262279670975324,0.0356756756756757,0.19153936545240893,0.16803760282021152,0.000568661857412,0.19400592007893439,4140.0,4150.0,0.3985270049099836,0.0041511801901819,0.0003704618536981,-3.283701274561866e-05
2021-03-16,4285.0,4360.0,4250.0,4350.0,88800.0,4318.998046875,4206.0,4075.5,4157.6,4107.8,3817.3,False,False,False,False,False,False,True,True,False,True,False,0.010344827586206896,0.028735632183908046,0.1045977011494252,-0.0080459770114942,0.0442298850574711,0.0556781609195401,0.11839080459770115,0.13908045977011493,0.0011198208286675,0.19568151147098514,4170.0,4180.0,1.82340862422998,0.0034154319799886,-0.0007357482101933,0.0005511589712554
2021-03-17,4340.0,4360.0,4305.0,4335.0,60500.0,4304.10498046875,4268.0,4109.0,4169.4,4112.4,3819.525,False,False,False,False,False,False,True,True,False,True,False,0.01384083044982699,0.0392156862745098,0.1188004613610149,0.0092272202998846,0.0382006920415225,0.0513494809688582,0.0657439446366782,0.14994232987312572,0.001118568232662,0.1927476271598929,4105.0,4260.0,0.6813063063063063,0.0028301434259124,-0.0005852885540762,-1.2525960054418118e-06
2021-03-18,4350.0,4420.0,4335.0,4410.0,83300.0,4378.5703125,4328.0,4153.0,4182.2,4116.6,3822.375,False,False,False,False,False,False,True,True,False,False,False,-0.003401360544217687,0.03968253968253968,0.1111111111111111,0.0,0.0516553287981859,0.0665306122448978,0.04308390022675737,0.12471655328798185,0.0010202594373999,0.18348182037081628,4015.0,4210.0,1.3768595041322311,0.0030605901200325,0.0002304466941201,-9.830879526208738e-05
2021-03-19,4345.0,4380.0,4275.0,4285.0,199800.0,4254.4609375,4327.0,4187.0,4186.8,4119.266666666666,3824.925,False,False,False,False,False,False,True,True,False,True,False,0.03500583430571762,0.061843640606767794,0.1365227537922987,0.0420070011668611,0.0229171528588097,0.0386775573706729,0.060676779463243874,0.1295215869311552,0.0006473644176146,0.17530451397181754,3930.0,4200.0,2.398559423769508,0.0010986911244865,-0.0019618989955459,-0.0003728950197853
2021-03-22,4325.0,4360.0,4280.0,4280.0,91700.0,4249.49658203125,4332.0,4231.5,4186.8,4121.6,3826.575,False,False,False,False,False,False,False,True,False,True,False,0.04906542056074766,0.08761682242990654,0.1845794392523364,0.0467289719626168,0.0217757009345793,0.0370093457943924,0.07476635514018691,0.13317757009345793,0.0005661231884059,0.16282642089093702,4035.0,4385.0,0.4589589589589589,0.0,-0.0010986911244865,-8.124122920869447e-05
2021-03-23,4400.0,4470.0,4320.0,4395.0,207600.0,4363.67724609375,4341.0,4273.5,4197.0,4124.6,3827.925,False,False,False,False,False,False,True,True,True,False,False,0.01820250284414107,0.05233219567690557,0.1069397042093287,0.0216154721274175,0.0450511945392491,0.0615244596131967,0.02844141069397042,0.1353811149032992,0.000727343257528,0.15327015327015328,3880.0,4405.0,2.263904034896401,0.0024303073624016,0.0024303073624016,0.000161220069122
2021-03-24,4400.0,4460.0,4320.0,4395.0,155300.0,4363.67724609375,4353.0,4310.5,4202.0,4126.866666666667,3830.1,False,False,False,False,False,False,True,True,False,True,False,0.02502844141069397,0.05233219567690557,0.0511945392491467,0.0318543799772468,0.0439135381114903,0.0610087220326127,0.03185437997724687,0.12741751990898748,0.0005492464016282,0.1459227467811159,3775.0,4435.0,0.7480732177263969,0.0011899095668729,-0.0012403977955287,-0.0001780968558997
2021-03-25,4390.0,4440.0,4380.0,4395.0,117800.0,4363.67724609375,4350.0,4339.0,4205.0,4126.6,3833.075,False,False,False,False,False,False,True,False,False,True,False,0.04323094425483504,0.06484641638225255,0.0466439135381114,0.0375426621160409,0.043230944254835,0.0610693970420932,0.02502844141069397,0.12627986348122866,-6.462139937634472e-05,0.13735883844203733,3660.0,4250.0,0.7585318737926594,0.0007134363852556,-0.0004764731816172,-0.0006138678010046
2021-03-26,4400.0,4475.0,4390.0,4435.0,143600.0,4403.39208984375,4380.0,4353.5,4209.0,4126.666666666667,3836.125,False,False,False,False,False,False,True,True,False,False,False,0.02593010146561443,0.07553551296505073,0.0248027057497181,0.0056369785794813,0.0509582863585118,0.0695227358136038,0.03494926719278467,0.08568207440811725,1.6155088852973997e-05,0.13173308831974273,3625.0,4285.0,1.2190152801358234,0.0009503444998812,0.0002369081146255,8.077648822931871e-05
2021-03-29,4440.0,4545.0,4430.0,4490.0,186500.0,4458.0,4422.0,4377.0,4212.6,4128.533333333334,3839.45,False,False,False,False,False,False,True,True,False,True,False,0.036748329621380846,0.052338530066815145,0.0244988864142538,0.0178173719376391,0.0617817371937638,0.080504825538233,0.024498886414253896,0.08908685968819599,0.000452137966671,0.1238291066940827,3600.0,4250.0,1.2987465181058495,0.0008545791197835,-9.576538009761402e-05,0.000435982877818
2021-03-30,4455.0,4490.0,4420.0,4475.0,66700.0,4475.0,4438.0,4389.5,4213.8,4131.133333333333,3842.6,False,False,False,False,False,False,True,True,False,True,False,0.0335195530726257,0.07374301675977654,0.0100558659217877,0.0022346368715083,0.0583687150837988,0.0768417132216015,0.02905027932960894,0.07039106145251396,0.0006293672438554,0.1168698029388313,3585.0,4205.0,0.3576407506702413,0.0002847785846503,-0.0005698005351332,0.0001772292771844
2021-03-31,4355.0,4525.0,4355.0,4505.0,116400.0,4505.0,4460.0,4406.5,4229.6,4135.666666666667,3846.15,False,False,False,False,False,False,True,True,True,False,False,0.026637069922308545,0.07658157602663707,0.0066592674805771,0.004439511653718,0.061132075471698,0.081982981871994,0.0,0.05771365149833518,0.0010961553961474,0.10756836491546579,3665.0,4255.0,1.7451274362818592,0.0037355778324191,0.0034507992477687,0.0004667881522919
2021-04-01,4545.0,4605.0,4545.0,4585.0,100900.0,4585.0,4498.0,4424.0,4245.0,4140.8,3850.325,False,False,False,False,False,False,True,True,False,True,False,0.020719738276990186,0.06870229007633588,-0.0174482006543075,0.0021810250817884,0.0741548527808069,0.0968811341330424,-0.028353326063249727,0.05452562704471101,0.0012396960329726,0.1003616636528029,3700.0,4135.0,0.8668384879725086,0.003627797408716,-0.0001077804237031,0.0001435406368252
2021-04-02,4630.0,4635.0,4535.0,4550.0,69100.0,4550.0,4521.0,4450.5,4264.2,4145.533333333334,3854.1,False,False,False,False,False,False,True,True,False,False,False,0.04835164835164835,0.07032967032967033,0.0087912087912087,0.0153846153846153,0.0628131868131868,0.0888937728937728,-0.056043956043956046,0.05054945054945055,0.0011417911647878,0.0924615211773958,3900.0,4155.0,0.6848364717542121,0.0045026030673982,0.0008748056586822,-9.790486818480312e-05
2021-04-05,4555.0,4665.0,4525.0,4655.0,88100.0,4655.0,4554.0,4488.0,4283.2,4152.266666666666,3858.325,False,False,False,False,False,False,True,True,False,True,False,0.015037593984962405,0.08915145005370569,-0.0118152524167561,0.0118152524167561,0.0798711063372717,0.1079985678481919,-0.04618689581095596,0.04833512352309345,0.0016216042643373,0.0840017825311943,3825.0,4035.0,1.2749638205499276,0.0044359357489727,-6.666731842556572e-05,0.0004798130995495
2021-04-06,4725.0,4765.0,4620.0,4625.0,85500.0,4625.0,4584.0,4511.0,4302.8,4158.2,3862.425,False,False,False,False,False,False,True,True,False,False,False,0.03891891891891892,0.05189189189189189,-0.0043243243243243,0.0248648648648648,0.0696648648648648,0.1009297297297297,-0.06702702702702702,0.032432432432432434,0.0014268994597021,0.0737087120372423,3995.0,3990.0,0.970488081725312,0.0045551733754765,0.0001192376265037,-0.0001947048046352
2021-04-07,4660.0,4675.0,4570.0,4625.0,132000.0,4625.0,4608.0,4534.0,4327.8,4163.066666666667,3866.3,False,False,False,False,False,False,True,True,False,False,False,0.04864864864864865,-0.001081081081081081,-0.0259459459459459,0.0345945945945945,0.0642594594594594,0.0998774774774775,-0.05405405405405406,0.00972972972972973,0.0011690100246613,0.0619761799735333,4040.0,4005.0,1.543859649122807,0.0057766070520818,0.0012214336766053,-0.0002578894350407
2021-04-08,4630.0,4685.0,4605.0,4680.0,66900.0,4680.0,4627.0,4562.5,4356.2,4169.333333333333,3870.525,False,False,False,False,False,False,True,True,False,False,False,0.04700854700854701,-0.017094017094017096,-0.048076923076923,-0.0053418803418803,0.0691880341880342,0.1091168091168091,-0.057692307692307696,-0.03205128205128205,0.0015030380556443,0.046136986301369864,4090.0,4015.0,0.5068181818181818,0.0065194435517193,0.0007428364996374,0.0003340280309829
2021-04-09,4750.0,4820.0,4730.0,4770.0,107000.0,4770.0,4671.0,4596.0,4389.2,4176.933333333333,3875.8,False,False,False,False,False,False,True,True,False,False,False,0.020964360587002098,-0.04716981132075472,-0.0995807127882599,-0.0125786163522012,0.079832285115304,0.1243326345213137,-0.0639412997903564,-0.005241090146750524,0.0018195167108246,0.03698868581375109,4170.0,4030.0,1.5994020926756354,0.0075184543880433,0.000999010836324,0.0003164786551802
2021-04-12,4780.0,4805.0,4690.0,4725.0,55600.0,4725.0,4685.0,4619.5,4424.8,4181.466666666666,3881.5,False,False,False,False,False,False,True,True,False,False,False,0.07301587301587302,-0.026455026455026454,-0.0603174603174603,0.0084656084656084,0.0635343915343915,0.1150335097001764,-0.05185185185185185,0.022222222222222223,0.0010841491023882,0.03041454702889923,4280.0,4140.0,0.5196261682242991,0.0080455613813054,0.000527106993262,-0.0007353676084364
2021-04-13,4750.0,4825.0,4695.0,4805.0,72900.0,4805.0,4721.0,4652.5,4458.0,4186.8,3886.95,False,False,False,False,False,False,True,True,False,True,False,0.012486992715920915,-0.05931321540062435,-0.1019771071800208,-0.0145681581685744,0.0722164412070759,0.1286576482830384,-0.06555671175858481,-0.015608740894901144,0.0012738447820134,0.021816227834497583,4140.0,4170.0,1.3111510791366907,0.0074472857783759,-0.0005982756029295,0.0001896956796252
2021-04-14,4805.0,4860.0,4790.0,4850.0,71900.0,4850.0,4766.0,4687.0,4491.0,4192.333333333333,3892.95,False,False,False,False,False,False,True,True,False,True,False,-0.04742268041237113,-0.06494845360824743,-0.0979381443298969,-0.0206185567010309,0.074020618556701,0.1356013745704468,-0.06494845360824743,-0.03711340206185567,0.0013198696032439,0.012267975250693407,4270.0,4105.0,0.9862825788751716,0.0073480293921175,-9.925638625834458e-05,4.602482123044474e-05
2021-04-15,4850.0,4985.0,4820.0,4900.0,177600.0,4900.0,4810.0,4718.5,4522.6,4201.0,3899.075,False,False,False,False,False,False,True,True,False,True,False,-0.061224489795918366,-0.08061224489795918,-0.1,-0.0224489795918367,0.0770204081632652,0.1426530612244897,-0.06938775510204082,-0.04897959183673469,0.0020630008728081,0.0018014199427784253,4320.0,4015.0,2.47009735744089,0.0069871312961571,-0.0003608980959604,0.0007431312695642
2021-04-16,4930.0,4950.0,4840.0,4870.0,67000.0,4870.0,4830.0,4750.5,4545.8,4208.8,3905.35,False,False,False,False,False,False,True,True,False,True,False,-0.06673511293634497,-0.057494866529774126,-0.0831622176591375,-0.0205338809034907,0.066570841889117,0.1357700205338808,-0.08418891170431211,,0.001853259836533,,4335.0,3930.0,0.3772522522522522,0.0051036121254784,-0.0018835191706787,-0.0002097410362751
2021-04-19,4940.0,5070.0,4885.0,5070.0,256900.0,5070.0,4899.0,4792.0,4578.4,4219.733333333334,3912.9,False,False,False,False,False,False,True,True,False,False,False,-0.09270216962524655,-0.09270216962524655,-0.1163708086785009,-0.0680473372781065,0.0969625246548324,0.1677054569362261,-0.09861932938856016,,0.0025910010111223,,4400.0,4035.0,3.834328358208955,0.0071203914031101,0.0020167792776317,0.0007377411745893
2021-04-20,4970.0,4970.0,4835.0,4865.0,172600.0,4865.0,4911.0,4816.0,4599.0,4228.533333333334,3919.025,False,False,False,False,False,False,True,True,False,True,False,-0.07091469681397738,-0.05344295991778006,-0.0770811921891058,-0.0483042137718396,0.0546762589928057,0.1308256252141143,-0.07810894141829394,,0.0020810998297282,,4445.0,3880.0,0.6718567536006228,0.0044792346162209,-0.0026411567868891,-0.0005099011813941
2021-04-21,4765.0,4810.0,4585.0,4620.0,207600.0,4620.0,4865.0,4815.5,4610.4,4233.4,3924.025,False,False,False,False,False,False,True,True,False,True,False,-0.0183982683982684,-0.024891774891774892,-0.0183982683982684,0.0183982683982684,0.0020779220779221,0.0836796536796537,-0.020562770562770564,,0.0011495881954613,,4110.0,3775.0,1.2027809965237544,0.0024726704841227,-0.0020065641320982,-0.0009315116342669
2021-04-22,4575.0,4650.0,4555.0,4600.0,160900.0,4600.0,4805.0,4807.5,4618.0,4239.6,3929.125,False,False,False,False,False,False,True,True,False,True,False,-0.020652173913043477,-0.03152173913043478,-0.008695652173913,0.0478260869565217,-0.0039130434782608,0.0783478260869564,-0.0010869565217391304,,0.001462402113407,,4200.0,3660.0,0.7750481695568401,0.0016457340840191,-0.0008269364001036,0.0003128139179457
2021-04-23,4550.0,4620.0,4540.0,4545.0,105000.0,4545.0,4740.0,4785.0,4628.4,4244.8,3933.825,False,False,False,False,False,False,True,True,False,False,False,0.009900990099009901,-0.05500550055005501,-0.0187018701870187,0.0517051705170517,-0.0183498349834982,0.066050605060506,0.0165016501650165,,0.0012250282698831,,4070.0,3625.0,0.6525792417650714,0.0022469968023506,0.0006012627183314,-0.0002373738435239
2021-04-26,4585.0,4635.0,4565.0,4600.0,89500.0,4600.0,4646.0,4772.5,4641.2,4252.333333333333,3939.4,False,False,False,False,False,False,True,True,False,False,False,0.0,-0.034782608695652174,-0.0065217391304347,0.0554347826086956,-0.0089565217391303,0.0755797101449276,0.02391304347826087,,0.0017715763894331,,4180.0,3600.0,0.8523809523809524,0.0027579074377316,0.000510910635381,0.00054654811955
2021-04-27,4585.0,4605.0,4490.0,4520.0,87500.0,4520.0,4577.0,4744.0,4646.2,4259.4,3944.85,False,False,False,False,False,False,True,True,False,True,False,0.018805309734513276,-0.04535398230088496,-0.0077433628318584,0.0862831858407079,-0.0279203539823008,0.0576548672566372,0.048672566371681415,,0.0016590756131536,,4135.0,3585.0,0.9776536312849162,0.0010761482501829,-0.0016817591875487,-0.0001125007762795
2021-04-28,4480.0,4560.0,4465.0,4535.0,88900.0,4535.0,4560.0,4712.5,4651.8,4266.466666666666,3950.8,False,False,False,False,False,False,True,True,False,False,False,-0.006615214994487321,-0.03528114663726571,-0.0022050716648291,0.0683572216097023,-0.025755237045204,0.0592135244395443,0.05512679162072767,,0.0016563276403581,,4000.0,3665.0,1.016,0.0012038350745948,0.0001276868244119,-2.7479727955103707e-06
2021-04-30,4485.0,4580.0,4475.0,4505.0,136000.0,4505.0,4541.0,4673.0,4656.2,4273.0,3956.725,False,False,False,False,False,False,True,True,False,True,False,-0.011098779134295227,-0.021087680355160933,0.0199778024417314,0.1087680355160932,-0.0335627081021087,0.0514983351831298,0.033296337402885685,,0.0015289804196896,,3970.0,3700.0,1.5298087739032622,0.0009449765903525,-0.0002588584842422,-0.0001273472206685
2021-05-06,4515.0,4640.0,4515.0,4590.0,102600.0,4590.0,4550.0,4645.0,4662.4,4280.466666666666,3962.65,False,False,False,False,False,False,True,True,False,False,False,-0.06427015250544663,-0.027233115468409588,0.0065359477124183,0.0664488017429194,-0.0157734204793027,0.0674364560639071,0.026143790849673203,,0.0017443580917967,,3945.0,3900.0,0.7544117647058823,0.0013297872340425,0.0003848106436899,0.0002153776721071
2021-05-07,4600.0,4645.0,4595.0,4600.0,51800.0,4600.0,4550.0,4598.0,4666.8,4286.6,3968.05,False,False,False,False,False,False,True,True,False,True,False,-0.034782608695652174,-0.02608695652173913,0.0239130434782608,0.0804347826086956,-0.0145217391304348,0.0681304347826086,0.035869565217391305,,0.00143081540926,,3835.0,3825.0,0.5048732943469786,0.0009428302048514,-0.0003869570291911,-0.0003135426825366
2021-05-10,4590.0,4625.0,4535.0,4605.0,96500.0,4605.0,4567.0,4572.0,4672.0,4292.4,3972.75,False,False,False,False,False,False,True,True,False,False,False,-0.06297502714440825,-0.0249728555917481,0.0293159609120521,0.0760043431053203,-0.0145494028230184,0.0678827361563518,0.02823018458197611,,0.0013512254216753,,3975.0,3995.0,1.8629343629343629,0.00111301369863,0.0001701834937786,-7.958998758469775e-05
2021-05-11,4580.0,4585.0,4470.0,4505.0,122800.0,4505.0,4561.0,4560.5,4672.0,4297.733333333334,3977.6,False,False,False,False,False,False,False,True,False,True,False,-0.02885682574916759,0.006659267480577136,0.0621531631520532,0.1065482796892341,-0.037069922308546,0.0460081391046984,0.05438401775804662,,0.0012409642292062,,4025.0,4040.0,1.272538860103627,0.0,-0.00111301369863,-0.0001102611924691
2021-05-12,4480.0,4505.0,4380.0,4455.0,113700.0,4455.0,4551.0,4546.0,4666.8,4303.6,3981.375,False,False,False,False,False,False,False,True,False,True,False,-0.010101010101010102,0.02356902356902357,0.0448933782267115,0.1133557800224466,-0.0475420875420875,0.0339842873176205,0.07519640852974187,,0.0013631998017164,,4110.0,4090.0,0.9258957654723128,-0.0011142538784605,-0.0011142538784605,0.0001222355725101
2021-05-13,4435.0,4465.0,4295.0,4295.0,89600.0,4295.0,4492.0,4521.0,4656.6,4308.466666666666,3984.85,False,False,False,False,False,False,False,True,False,True,False,0.03958090803259604,0.03841676367869616,0.0966239813736903,0.1268917345750873,-0.0841909196740396,-0.0031354287931702,0.11059371362048893,,0.0011295588531107,,4290.0,4170.0,0.7880386983289358,-0.0021904393763689,-0.0010761854979084,-0.0002336409486056
2021-05-14,4465.0,4480.0,4330.0,4440.0,175400.0,4440.0,4460.0,4505.0,4648.0,4313.866666666667,3988.525,False,False,False,False,False,False,False,True,False,False,False,0.009009009009009009,0.02927927927927928,0.0731981981981982,0.0923423423423423,-0.0468468468468468,0.0284084084084083,0.06418918918918919,,0.001251777214564,,4255.0,4280.0,1.9575892857142856,-0.0018502581755594,0.0003401812008095,0.0001222183614532
2021-05-17,4455.0,4470.0,4300.0,4315.0,121600.0,4315.0,4402.0,4484.5,4635.6,4319.666666666667,3991.75,False,False,False,False,False,False,False,True,False,True,False,0.04055619930475087,0.039397450753186555,0.097334878331402,0.1564310544611819,-0.0742989571263036,-0.0010814986481267,0.07300115874855156,,0.0013426961956941,,4350.0,4140.0,0.69327251995439,-0.0026749503839847,-0.0008246922084252,9.091898113014084e-05
2021-05-18,4245.0,4395.0,4225.0,4375.0,76000.0,4375.0,4376.0,4468.5,4625.6,4327.666666666667,3995.075,False,False,False,False,False,False,False,True,False,False,False,0.036571428571428574,0.03428571428571429,0.0857142857142857,0.1325714285714285,-0.05728,0.0108190476190475,0.07542857142857143,,0.0018485712085034,,4335.0,4270.0,0.625,-0.0021618817018332,0.0005130686821514,0.0005058750128092
2021-05-19,4370.0,4490.0,4370.0,4410.0,95500.0,4410.0,4367.0,4459.0,4614.8,4337.666666666667,3998.55,False,False,False,False,False,False,False,True,False,True,False,0.034013605442176874,0.04195011337868481,0.0861678004535147,,-0.0464399092970522,0.0164021164021163,0.09297052154195011,,0.0023053869207715,,4410.0,4320.0,1.256578947368421,-0.0023402964375487,-0.0001784147357155,0.0004568157122681
2021-05-20,4350.0,4480.0,4350.0,4465.0,57100.0,4465.0,4401.0,4446.5,4602.6,4348.866666666667,4002.65,False,False,False,False,False,False,False,True,False,True,False,-0.0011198208286674132,0.03471444568868981,0.0683090705487122,,-0.0308174692049272,0.0260097051138484,0.07054871220604703,,0.0025753836248524,,4285.0,4335.0,0.5979057591623037,-0.0026506757050362,-0.0003103792674874,0.0002699967040808
2021-05-21,4465.0,4500.0,4440.0,4480.0,53200.0,4480.0,4409.0,4434.5,4592.8,4360.6,4006.6,False,False,False,False,False,False,False,True,False,False,False,0.020089285714285716,0.05133928571428571,0.0546875,,-0.0251785714285714,0.0266517857142856,0.08370535714285714,,0.002690761210231,,4280.0,4400.0,0.9316987740805605,-0.0021337746037276,0.0005169011013086,0.0001153775853786
2021-05-24,4460.0,4535.0,4460.0,4490.0,40500.0,4490.0,4444.0,4423.0,4580.2,4372.666666666667,4010.075,False,False,False,False,False,False,False,True,False,True,False,-0.0011135857461024498,0.0556792873051225,0.0311804008908685,,-0.0200890868596881,0.0261321455085374,0.0935412026726058,,0.0027595670071657,,4395.0,4445.0,0.7612781954887218,-0.0027509715732938,-0.0006171969695662,6.880579693464926e-05
2021-05-25,4535.0,4545.0,4485.0,4535.0,44600.0,4535.0,4476.0,4426.0,4567.6,4384.266666666666,4013.375,False,False,False,False,False,False,False,True,False,True,False,-0.002205071664829107,0.05512679162072767,0.0374862183020948,,-0.0071885336273429,0.0332377802278574,0.06835722160970231,,0.002645824463232,,4395.0,4110.0,1.1012345679012343,-0.0027585602942463,-7.588720952489327e-06,-0.0001137425439336
2021-05-26,4560.0,4635.0,4525.0,4560.0,87200.0,4560.0,4506.0,4436.5,4554.0,4395.733333333334,4017.425,False,False,False,False,True,False,False,True,False,True,True,0.007675438596491228,0.020833333333333332,0.0570175438596491,,0.0013157894736842,0.0360233918128654,0.09539473684210527,,0.0026085901480224,,4395.0,4200.0,1.9551569506726456,-0.0029863855950813,-0.000227825300835,-3.7234315209604216e-05
2021-05-27,4555.0,4575.0,4460.0,4460.0,109200.0,4460.0,4505.0,4453.0,4537.6,4403.2,4021.1,False,False,False,False,False,False,False,True,False,True,False,0.03587443946188341,0.05605381165919283,0.0717488789237668,,-0.0173991031390135,0.0127354260089686,0.09753363228699552,,0.0016957364341084,,4435.0,4070.0,1.2522935779816513,-0.0036142454160789,-0.0006278598209975,-0.000912853713914
2021-05-28,4530.0,4600.0,4530.0,4570.0,58900.0,4570.0,4523.0,4466.0,4517.6,4413.133333333333,4025.575,False,False,False,False,False,False,False,True,False,True,False,0.030634573304157548,0.04266958424507659,0.062363238512035,,0.0114660831509846,0.034325309992706,0.087527352297593,,0.0022508572896052,,4490.0,4180.0,0.5393772893772893,-0.004427129449265,-0.0008128840331861,0.0005551208554968
2021-05-31,4540.0,4570.0,4465.0,4485.0,41200.0,4485.0,4522.0,4483.0,4502.4,4419.666666666667,4029.55,False,False,False,False,False,False,False,True,False,False,False,0.056856187290969896,0.055741360089186176,0.0947603121516165,,-0.0038795986622072,0.0145670754366405,0.10479375696767002,,0.0014782411946603,,4475.0,4135.0,0.6994906621392191,-0.0033759772565744,0.0010511521926906,-0.0007726160949449
2021-06-01,4515.0,4560.0,4470.0,4525.0,31600.0,4525.0,4520.0,4498.0,4498.6,4426.133333333333,4034.55,False,False,False,False,False,False,False,True,False,False,False,0.057458563535911604,0.049723756906077346,0.0707182320441989,,0.0058342541436463,0.0218489871086556,0.10165745856353592,,0.0014610193999276,,4505.0,4000.0,0.7669902912621359,-0.0008447072422529,0.0025312700143214,-1.7221794732720378e-05
2021-06-02,4545.0,4635.0,4535.0,4595.0,75000.0,4595.0,4527.0,4516.5,4498.4,4432.866666666667,4039.725,False,False,False,False,False,False,False,True,False,False,False,0.013057671381936888,0.042437431991294884,0.0870511425462459,,0.0210228509249184,0.0352847297787449,0.0794341675734494,,0.0015189568826794,,4585.0,3970.0,2.373417721518988,-4.446025253439614e-05,0.0008002469897185,5.793748275182819e-05
2021-06-03,4650.0,4690.0,4615.0,4620.0,56000.0,4620.0,4559.0,4532.0,4501.4,4438.866666666667,4044.65,False,False,False,False,False,False,True,True,False,False,False,0.01948051948051948,0.032467532467532464,0.0595238095238095,,0.0256709956709957,0.0392063492063491,0.047619047619047616,,0.0013516963789555,,4550.0,3945.0,0.7466666666666667,0.0006664593237659,0.0007109195763003,-0.0001672605037238
2021-06-04,4645.0,4725.0,4615.0,4710.0,90900.0,4710.0,4587.0,4555.0,4505.8,4444.6,4050.025,False,False,False,False,False,False,True,True,False,False,False,0.01167728237791932,0.0031847133757961785,0.0552016985138004,,0.0433545647558386,0.0563481953290869,0.029723991507430998,,0.0012899548515802,,4655.0,3835.0,1.6232142857142855,0.0009765191530916,0.0003100598293257,-6.174152737534015e-05
2021-06-07,4790.0,4800.0,4730.0,4740.0,54800.0,4740.0,4638.0,4580.0,4514.6,4452.6,4055.875,False,False,False,False,False,False,True,True,True,False,False,-0.0010548523206751054,-0.023206751054852322,0.0453586497890295,,0.0475527426160336,0.0606329113924049,0.052742616033755275,,0.0017967030499034,,4625.0,3975.0,0.6028602860286029,0.0019492313826253,0.0009727122295336,0.0005067481983231
2021-06-08,4745.0,4815.0,4725.0,4785.0,91400.0,4785.0,4690.0,4605.0,4524.6,4459.466666666666,4062.125,False,False,False,False,False,False,True,True,False,False,False,-0.0073145245559038665,-0.01671891327063741,0.0417972831765935,,0.0544200626959246,0.0680320445837688,0.035527690700104496,,0.0015397954912394,,4625.0,4025.0,1.667883211678832,0.0022101401228837,0.0002609087402584,-0.0002569075586639
2021-06-09,4785.0,4810.0,4645.0,4655.0,57800.0,4655.0,4702.0,4614.5,4530.6,4463.933333333333,4067.725,False,False,False,False,False,False,True,True,False,True,False,0.02900107411385607,0.03544575725026853,0.0655209452201933,,0.0267239527389902,0.0410454708199069,0.06337271750805586,,0.0010006123149988,,4680.0,4110.0,0.6323851203501094,0.0013243279035889,-0.0008858122192948,-0.0005391831762405
2021-06-10,4655.0,4715.0,4650.0,4710.0,47300.0,4710.0,4720.0,4639.5,4535.4,4468.933333333333,4073.325,False,False,False,False,False,False,True,True,False,True,False,0.012738853503184714,0.014861995753715499,0.0276008492569002,,0.0370700636942675,0.0511818825194621,0.022292993630573247,,0.0011188352179491,,4770.0,4290.0,0.8183391003460208,0.0010583410504033,-0.0002659868531855,0.0001182229029502
2021-06-11,4735.0,4780.0,4700.0,4765.0,81900.0,4765.0,4731.0,4659.0,4542.0,4473.8,4079.4,False,False,False,False,False,False,True,True,False,False,False,-0.008394543546694649,0.01888772298006296,0.0178384050367261,,0.0467995802728226,0.061112277019937,0.026232948583420776,,0.0010878149820436,,4725.0,4255.0,1.7315010570824525,0.0014531043593131,0.0003947633089098,-3.1020235905471465e-05
2021-06-14,4790.0,4795.0,4715.0,4735.0,49200.0,4735.0,4730.0,4684.0,4547.2,4477.666666666667,4085.275,False,False,False,False,False,False,True,True,False,True,False,-0.022175290390707498,0.03695881731784583,0.0538542766631467,,0.039662090813094,0.0543470608940513,0.011615628299894404,,0.0008635450011166,,4805.0,4350.0,0.6007326007326007,0.0011435608726248,-0.0003095434866882,-0.0002242699809269
2021-06-15,4715.0,4775.0,4710.0,4750.0,36700.0,4750.0,4723.0,4706.5,4557.0,4486.2,4091.45,False,False,False,False,False,False,True,True,False,False,False,-0.009473684210526316,0.02,0.0431578947368421,,0.0406315789473684,0.0555368421052632,0.003157894736842105,,0.0019021294934093,,4850.0,4335.0,0.7459349593495935,0.0021505376344086,0.0010069767617837,0.0010385844922926
2021-06-16,4740.0,4795.0,4715.0,4790.0,90300.0,4790.0,4750.0,4726.0,4570.4,4494.066666666667,4098.35,False,False,False,False,False,False,True,True,False,False,False,0.006263048016701462,0.04279749478079332,,,0.0458455114822547,0.0617814892136395,0.009394572025052192,,0.001750456157007,,4900.0,4410.0,2.4604904632152587,0.0029319096796778,0.0007813720452692,-0.0001516733364022
2021-06-17,4790.0,4860.0,4750.0,4770.0,49800.0,4770.0,4762.0,4741.0,4589.4,4503.4,4104.775,False,False,False,False,False,False,True,True,False,False,False,0.0020964360587002098,0.02620545073375262,,,0.0378616352201258,0.0558909853249476,0.0020964360587002098,,0.0020725081790054,,4870.0,4285.0,0.5514950166112956,0.0041399747243648,0.0012080650446869,0.0003220520219983
2021-06-18,4850.0,4875.0,4700.0,4725.0,115700.0,4725.0,4754.0,4742.5,4600.8,4510.666666666667,4111.65,False,False,False,False,False,False,True,True,False,True,False,0.027513227513227514,0.05185185185185185,,,0.0262857142857142,0.0453615520282186,0.0328042328042328,,0.001610996157257,,5070.0,4280.0,2.323293172690763,0.0024778299426187,-0.001662144781746,-0.0004615120217484
2021-06-21,4650.0,4705.0,4575.0,4630.0,115600.0,4630.0,4733.0,4731.5,4613.4,4517.266666666666,4117.7,False,False,False,False,False,False,True,True,False,False,False,0.06047516198704104,0.07019438444924406,,,0.003585313174946,0.0243484521238301,0.03131749460043196,,0.0014610605233251,,4865.0,4395.0,0.9991356957649092,0.002731174404994,0.0002533444623752,-0.0001499356339318
2021-06-22,4700.0,4725.0,4660.0,4705.0,59900.0,4705.0,4724.0,4723.5,4626.6,4526.666666666667,4124.125,False,False,False,False,False,False,True,True,False,False,False,0.02975557917109458,0.05951115834218916,,,0.0166631243358128,0.0379029401346085,-0.007438894792773645,,0.0020765832106039,,4620.0,4395.0,0.5181660899653979,0.0028530670470757,0.0001218926420817,0.0006155226872787
2021-06-23,4750.0,4830.0,4730.0,4820.0,99000.0,4820.0,4730.0,4740.0,4643.0,4538.0,4131.05,False,False,False,False,False,False,True,True,False,False,True,0.03630705394190872,0.029045643153526972,,,0.0367219917012448,0.05850622406639,-0.06016597510373444,,0.0024974291170852,,4600.0,4395.0,1.652754590984975,0.0035321990092611,0.0006791319621854,0.0004208459064813
2021-06-24,4780.0,4880.0,4765.0,4780.0,82200.0,4780.0,4732.0,4747.0,4655.6,4549.133333333333,4138.0,False,False,False,False,False,False,True,True,False,True,False,0.02405857740585774,0.012552301255230125,,,0.0260251046025103,0.0482984658298466,-0.007322175732217573,,0.0024473526092881,,4545.0,4435.0,0.8303030303030303,0.0027064180771544,-0.0008257809321067,-5.007650779709693e-05
2021-06-25,4860.0,4880.0,4820.0,4855.0,70600.0,4855.0,4758.0,4756.0,4670.6,4562.733333333334,4145.8,False,False,False,False,False,False,True,True,False,False,False,0.02368692070030896,-0.0010298661174047373,,,0.0379814624098866,0.0601991074493648,-0.005149330587023687,,0.0029806694817434,,4600.0,4490.0,0.8588807785888077,0.003211578812144,0.0005051607349895,0.0005333168724552
2021-06-28,4930.0,4950.0,4895.0,4910.0,56300.0,4910.0,4814.0,4773.5,4687.4,4575.2,4154.525,False,False,False,False,False,False,True,True,False,False,False,0.009164969450101833,0.016293279022403257,,,0.0453360488798371,0.0681873727087576,-0.03665987780040733,,0.0027248353441742,,4520.0,4475.0,0.7974504249291785,0.0035840764602976,0.0003724976481536,-0.0002558341375691
2021-06-29,4945.0,4945.0,4830.0,4845.0,44200.0,4845.0,4842.0,4783.0,4699.8,4586.133333333333,4162.625,False,False,False,False,False,False,True,True,False,True,False,0.02889576883384933,0.022703818369453045,,,0.0299690402476779,0.0534296525627795,-0.03611971104231166,,0.0023839981393185,,4535.0,4505.0,0.7850799289520426,0.0026384101451126,-0.0009456663151849,-0.0003408372048557
2021-06-30,4915.0,5010.0,4860.0,4995.0,171700.0,4995.0,4877.0,4803.5,4717.2,4597.933333333333,4171.3,False,False,False,False,False,False,True,True,False,False,False,-0.007007007007007007,-0.009009009009009009,,,0.0556156156156156,0.0794928261594928,-0.06706706706706707,,0.0025663703982949,,4505.0,4585.0,3.8846153846153846,0.0036886288476213,0.0010502187025087,0.0001823722589763
2021-07-01,5020.0,5020.0,4885.0,4895.0,68100.0,4895.0,4900.0,4816.0,4734.6,4606.0,4179.6,False,False,False,False,False,False,True,True,False,True,False,-0.011235955056179775,-0.01634320735444331,,,0.0327681307456587,0.0590398365679264,,,0.0017513388334056,,4590.0,4550.0,0.3966220151426907,0.0036750728678242,-1.3555979797174982e-05,-0.0008150315648892
2021-07-02,4930.0,5000.0,4895.0,4970.0,74400.0,4970.0,4923.0,4840.5,4750.6,4615.533333333334,4188.425,False,False,False,False,False,False,True,True,False,True,False,-0.02414486921529175,-0.01609657947686117,,,0.0441448692152916,0.0713212608987256,,,0.00206548900091,,4600.0,4655.0,1.092511013215859,0.0033679956216056,-0.0003070772462185,0.0003141501675043
2021-07-05,4920.0,4995.0,4900.0,4955.0,87400.0,4955.0,4932.0,4873.0,4769.4,4623.6,4197.375,False,False,False,False,False,False,True,True,False,False,False,0.007063572149344097,-0.033299697275479316,,,0.0374571140262362,0.0668819374369323,,,0.0017446722611529,,4605.0,4625.0,1.174731182795699,0.0039417956137038,0.0005737999920981,-0.0003208167397571
2021-07-06,4965.0,4985.0,4925.0,4985.0,27500.0,4985.0,4960.0,4901.0,4787.8,4632.266666666666,4206.4,False,False,False,False,False,False,True,True,False,True,False,-0.006018054162487462,-0.044132397191574725,,,0.0395586760280842,0.0707589434971582,,,0.0018709343158135,,4505.0,4625.0,0.3146453089244851,0.0038431012155897,-9.869439811414004e-05,0.0001262620546606
2021-07-07,4925.0,5000.0,4915.0,4960.0,57100.0,4960.0,4953.0,4915.0,4802.4,4639.6,4214.8,False,False,False,False,False,False,True,True,False,True,False,-0.0020161290322580645,-0.025201612903225805,,,0.0317741935483871,0.0645967741935483,,,0.0015805960283933,,4455.0,4680.0,2.076363636363636,0.0030401465933698,-0.0008029546222198,-0.0002903382874201
2021-07-08,4925.0,5010.0,4840.0,4840.0,93300.0,4840.0,4942.0,4921.0,4811.2,4647.0,4222.85,False,False,False,False,False,False,True,True,False,True,False,-0.005165289256198347,-0.012396694214876033,,,0.0059504132231405,0.0398760330578512,,,0.0015924252205723,,4295.0,4770.0,1.6339754816112084,0.0018290655138011,-0.0012110810795686,1.1829192178951233e-05
2021-07-09,4770.0,4850.0,4750.0,4850.0,86900.0,4850.0,4918.0,4920.5,4816.8,4654.6,4230.725,False,False,False,False,False,False,True,True,False,True,False,0.008247422680412371,0.006185567010309278,,,0.0068453608247422,0.0402886597938143,,,0.0016327933657028,,4440.0,4725.0,0.9314040728831724,0.0011625975751537,-0.0006664679386474,4.03681451304897e-05
2021-07-12,4980.0,5020.0,4930.0,4990.0,59200.0,4990.0,4925.0,4928.5,4826.8,4662.533333333334,4238.825,False,False,False,False,False,False,True,True,False,False,False,-0.04008016032064128,-0.04308617234468938,,,0.0327054108216432,0.0656245824983299,,,0.0017015070491006,,4315.0,4805.0,0.6812428078250863,0.0020717659733156,0.0009091683981619,6.871368339782117e-05
2021-07-13,5000.0,5020.0,4935.0,4955.0,69600.0,4955.0,4919.0,4939.5,4833.6,4670.0,4246.3,False,False,False,False,False,False,True,True,False,True,False,-0.03834510595358224,-0.05751765893037336,,,0.0245005045408677,0.0575176589303733,,,0.0015988579586009,,4375.0,4850.0,1.1756756756756757,0.0014068189341278,-0.0006649470391878,-0.0001026490904997
2021-07-14,4935.0,4995.0,4915.0,4950.0,48800.0,4950.0,4917.0,4935.0,4845.4,4677.4,4253.425,False,False,False,False,False,False,True,True,False,False,False,-0.023232323232323233,-0.08484848484848485,,,0.0211313131313132,0.0550707070707071,,,0.0015820755120365,,4410.0,4900.0,0.7011494252873564,0.0024352994592808,0.001028480525153,-1.6782446564384554e-05
2021-07-15,4880.0,4910.0,4800.0,4815.0,88300.0,4815.0,4912.0,4927.0,4849.6,4682.466666666666,4259.9,False,False,False,False,False,False,True,True,False,True,False,-0.007268951194184839,-0.014537902388369679,,,-0.0071858774662513,0.0275250951886466,,,0.0010820507709611,,4465.0,4870.0,1.8094262295081969,0.0008660508083142,-0.0015692486509665,-0.0005000247410753
2021-07-16,4830.0,4900.0,4795.0,4890.0,52900.0,4890.0,4920.0,4919.0,4854.6,4687.8,4267.0,False,False,False,False,False,False,True,True,False,False,False,-0.002044989775051125,-0.012269938650306749,,,0.0072392638036809,0.0413496932515337,,,0.0011377049646601,,4480.0,5070.0,0.5990939977349944,0.0010299509743336,0.0001639001660193,5.565419369900739e-05
2021-07-19,4820.0,4860.0,4735.0,4790.0,110000.0,4790.0,4880.0,4902.5,4856.8,4692.0,4273.325,False,False,False,False,False,False,True,True,False,True,False,-0.003131524008350731,-0.012526096033402923,,,-0.0139457202505219,0.0204592901878914,,,0.0008951406649615,,4490.0,4865.0,2.0793950850661624,0.0004529731510459,-0.0005769778232877,-0.0002425642996985
2021-07-20,4765.0,4825.0,4765.0,4765.0,116300.0,4765.0,4842.0,4880.5,4857.4,4695.466666666666,4279.85,False,False,False,False,False,False,True,True,False,True,False,-0.01993704092339979,-0.01993704092339979,,,-0.0193913955928645,0.0145925148653376,,,0.0007383007723761,,4535.0,4620.0,1.0572727272727274,0.0001235228723184,-0.0003294502787275,-0.0001568398925854
2021-07-21,4835.0,4920.0,4830.0,4835.0,74200.0,4835.0,4819.0,4868.0,4859.2,4698.8,4287.125,False,False,False,False,False,False,True,True,False,False,False,-0.06308169596690796,-0.03619441571871768,,,-0.0050051706308169,0.0281695966907962,,,0.000709400981811,,4560.0,4600.0,0.6380051590713671,0.0003704313467237,0.0002469084744053,-2.889979056501448e-05
2021-07-26,4920.0,4940.0,4755.0,4780.0,100600.0,4780.0,4812.0,4862.0,4859.6,4701.866666666667,4294.025,False,False,False,False,False,False,True,True,False,True,False,-0.007322175732217573,,,,-0.016652719665272,0.0163458856345885,,,0.00065222323049,,4460.0,4545.0,1.3557951482479784,8.23113013417865e-05,-0.0002881200453819,-5.717775132108255e-05
2021-07-27,4850.0,4905.0,4830.0,4880.0,85000.0,4880.0,4810.0,4865.0,4865.8,4704.866666666667,4300.825,False,False,False,True,True,False,True,True,True,False,False,-0.010245901639344262,,,,0.0029098360655737,0.0358879781420764,,,0.0006376376234537,,4570.0,4600.0,0.8449304174950298,0.001274199514982,0.0011918882136402,-1.4585607036276507e-05
2021-07-28,4875.0,4890.0,4755.0,4775.0,95400.0,4775.0,4807.0,4843.5,4871.6,4706.866666666667,4306.65,False,False,False,False,False,False,True,True,False,True,False,-0.009424083769633508,,,,-0.0202303664921466,0.0142687609075043,,,0.0004249111227568,,4485.0,4520.0,1.1223529411764706,0.001190573938747,-8.362557623502187e-05,-0.0002127265006969
2021-07-29,4780.0,4780.0,4640.0,4670.0,140700.0,4670.0,4788.0,4815.0,4870.2,4707.466666666666,4312.15,False,False,False,False,False,False,False,True,False,True,False,0.0,,,,-0.0428693790149892,-0.0080228408279799,,,0.0001274570894464,,4525.0,4535.0,1.4748427672955975,-0.0002874625272063,-0.0014780364659534,-0.0002974540333103
2021-07-30,4670.0,4685.0,4470.0,4530.0,330900.0,4530.0,4727.0,4773.0,4858.6,4705.466666666666,4317.25,False,False,False,False,False,False,False,False,False,True,False,0.02869757174392936,,,,-0.0725386313465784,-0.0387343635025753,,,-0.0004250375449831,,4595.0,4505.0,2.35181236673774,-0.002387519038406,-0.0021000565111996,-0.0005524946344295
2021-08-02,4565.0,4770.0,4560.0,4745.0,83200.0,4745.0,4720.0,4766.0,4857.2,4705.133333333333,4322.675,False,False,False,False,False,False,False,False,False,False,False,,,,,-0.0236459430979978,0.0084018264840182,,,-7.084460943360376e-05,,4620.0,4590.0,0.2514354789966757,-0.0002882319031541,0.0020992871352518,0.0003541929355495
2021-08-03,4735.0,4865.0,4735.0,4830.0,50300.0,4830.0,4710.0,4760.0,4856.2,4706.533333333334,4328.2,False,False,False,False,False,False,False,True,False,False,False,,,,,-0.0054244306418219,0.0255624568668046,,,0.0002974588515256,,4710.0,4600.0,0.6045673076923077,-0.0002059223260985,8.230957705559726e-05,0.0003683034609592
2021-08-04,4815.0,4825.0,4685.0,4730.0,65500.0,4730.0,4701.0,4754.0,4849.0,4705.533333333334,4333.35,False,False,False,False,False,False,False,False,True,True,True,,,,,-0.0251585623678646,0.0051726568005636,,,-0.0002125157615856,,4740.0,4605.0,1.3021868787276345,-0.0014848422355124,-0.0012789199094138,-0.0005099746131113
2021-08-05,4700.0,4715.0,4645.0,4670.0,94400.0,4670.0,4701.0,4744.5,4842.0,4703.133333333333,4338.0,False,False,False,False,False,False,False,False,True,True,True,,,,,-0.036830835117773,-0.0070949321912919,,,-0.0005102980991396,,4785.0,4505.0,1.4412213740458015,-0.0014456836018174,3.9158633695008434e-05,-0.000297782337554
2021-08-06,4690.0,4740.0,4660.0,4660.0,40000.0,4660.0,4727.0,4727.0,4828.6,4699.933333333333,4342.375,False,False,False,False,False,False,False,False,True,True,True,,,,,-0.0361802575107296,-0.0085693848354792,,,-0.0006808607214286,,4655.0,4455.0,0.423728813559322,-0.0027751315080975,-0.00132944790628,-0.0001705626222889
